sTime,eTime,Change,Value,Mean_last_1,real_label
2023-03-24T17:58:55Z,2023-03-24T17:59:00Z,None,0.00026863371963539733,None,1
2023-03-24T17:58:55Z,2023-03-24T17:59:00Z,nan,0.0002713585033339836,nan,0
2023-03-24T17:58:55Z,2023-03-24T17:59:00Z,nan,0.00027342901499462875,nan,0
2023-03-24T17:58:55Z,2023-03-24T17:59:00Z,nan,0.00027598353726946014,nan,0
2023-03-24T17:58:55Z,2023-03-24T17:59:00Z,nan,0.00027863069781823693,nan,0
2023-03-24T17:58:55Z,2023-03-24T17:59:00Z,nan,0.0002810850815741151,nan,0
2023-03-24T17:58:55Z,2023-03-24T17:59:00Z,nan,0.0002838449934597622,nan,0
2023-03-24T17:58:55Z,2023-03-24T17:59:00Z,nan,0.0002866684634414916,nan,0
2023-03-24T17:58:55Z,2023-03-24T17:59:00Z,nan,0.00028839390336445785,nan,0
2023-03-24T17:58:55Z,2023-03-24T17:59:00Z,nan,0.0002916437681018647,nan,0
2023-03-24T17:58:55Z,2023-03-24T17:59:00Z,nan,0.00029455714088036367,nan,0
2023-03-24T17:58:55Z,2023-03-24T17:59:00Z,nan,0.0002956855702159354,nan,0
2023-03-24T17:58:55Z,2023-03-24T17:59:00Z,nan,0.0002970813919510868,nan,0
2023-03-24T17:58:55Z,2023-03-24T17:59:00Z,nan,0.0002986254206833446,nan,0
2023-03-24T17:58:55Z,2023-03-24T17:59:00Z,nan,0.000300536591899959,nan,0
2023-03-24T17:58:55Z,2023-03-24T17:59:00Z,nan,0.00030355203432155207,nan,0
2023-03-24T17:58:55Z,2023-03-24T17:59:00Z,nan,0.0003069720553428588,nan,0
2023-03-24T17:58:55Z,2023-03-24T17:59:00Z,nan,0.0003089459790804571,nan,0
2023-03-24T17:58:55Z,2023-03-24T17:59:00Z,nan,0.0003112012101814565,nan,0
2023-03-24T17:58:55Z,2023-03-24T17:59:00Z,nan,0.00031248671023576875,nan,0
2023-03-24T17:58:55Z,2023-03-24T17:59:00Z,nan,0.00031413894696304486,nan,0
2023-03-24T17:58:55Z,2023-03-24T17:59:00Z,nan,0.0003155494040729888,nan,0
2023-03-24T17:58:55Z,2023-03-24T17:59:00Z,nan,0.00031601012522430345,nan,0
2023-03-24T17:58:55Z,2023-03-24T17:59:00Z,nan,0.0003164377457922945,nan,0
2023-03-24T17:58:55Z,2023-03-24T17:59:00Z,nan,0.00031578959230716633,nan,0
2023-03-24T17:58:55Z,2023-03-24T17:59:00Z,nan,0.0003167961975894742,nan,0
2023-03-24T17:58:55Z,2023-03-24T17:59:00Z,nan,0.00031647561377999843,nan,0
2023-03-24T17:58:55Z,2023-03-24T17:59:00Z,nan,0.00031472378586098007,nan,0
2023-03-24T17:58:55Z,2023-03-24T17:59:00Z,nan,0.0003135193459418724,nan,0
2023-03-24T17:58:55Z,2023-03-24T17:59:00Z,nan,0.00031341365829100733,nan,0
2023-03-24T17:58:55Z,2023-03-24T17:59:00Z,nan,0.0003130410086324175,nan,0
2023-03-24T17:58:55Z,2023-03-24T17:59:00Z,nan,0.00031262370166994626,nan,0
2023-03-24T17:58:55Z,2023-03-24T17:59:00Z,nan,0.00031140937100567227,nan,0
2023-03-24T17:58:55Z,2023-03-24T17:59:00Z,nan,0.00031070597384771367,nan,0
2023-03-24T17:58:55Z,2023-03-24T17:59:00Z,nan,0.0003105380969572716,nan,0
2023-03-24T17:58:55Z,2023-03-24T17:59:00Z,nan,0.000310871607917635,nan,0
2023-03-24T17:58:55Z,2023-03-24T17:59:00Z,nan,0.0003087738913888612,nan,0
2023-03-24T17:58:55Z,2023-03-24T17:59:00Z,nan,0.0003074611920074887,nan,0
2023-03-24T17:58:55Z,2023-03-24T17:59:00Z,nan,0.0003067459561655868,nan,0
2023-03-24T17:58:55Z,2023-03-24T17:59:00Z,nan,0.00030544943899542466,nan,0
2023-03-24T17:58:55Z,2023-03-24T17:59:00Z,nan,0.0003044156595194999,nan,0
2023-03-24T17:58:55Z,2023-03-24T17:59:00Z,nan,0.00030300824601347094,nan,0
2023-03-24T17:58:55Z,2023-03-24T17:59:00Z,nan,0.00030198527374141935,nan,0
2023-03-24T17:58:55Z,2023-03-24T17:59:00Z,nan,0.00030071746253326406,nan,0
2023-03-24T17:58:55Z,2023-03-24T17:59:00Z,nan,0.0002999328194172329,nan,0
2023-03-24T17:58:55Z,2023-03-24T17:59:00Z,nan,0.0002983391205664945,nan,0
2023-03-24T17:58:55Z,2023-03-24T17:59:00Z,nan,0.0002969595320978029,nan,0
2023-03-24T17:58:55Z,2023-03-24T17:59:00Z,nan,0.00029696406999005535,nan,0
2023-03-24T17:58:55Z,2023-03-24T17:59:00Z,nan,0.00029534104059568726,nan,0
2023-03-24T17:58:55Z,2023-03-24T17:59:00Z,nan,0.0002944372230013029,nan,0
2023-03-24T17:58:55Z,2023-03-24T17:59:00Z,nan,0.0002937502816808886,nan,0
2023-03-24T17:58:55Z,2023-03-24T17:59:00Z,nan,0.0002929998393251434,nan,0
2023-03-24T17:58:55Z,2023-03-24T17:59:00Z,nan,0.0002908454209148556,nan,0
2023-03-24T17:58:55Z,2023-03-24T17:59:00Z,nan,0.0002887636818891206,nan,0
2023-03-24T17:58:55Z,2023-03-24T17:59:00Z,nan,0.0002868450604332949,nan,0
2023-03-24T17:58:55Z,2023-03-24T17:59:00Z,nan,0.00028607000694088274,nan,0
2023-03-24T17:58:55Z,2023-03-24T17:59:00Z,nan,0.0002830499124124884,nan,0
2023-03-24T17:58:55Z,2023-03-24T17:59:00Z,nan,0.0002813236184406291,nan,0
2023-03-24T17:58:55Z,2023-03-24T17:59:00Z,nan,0.00027967152993342115,nan,0
2023-03-24T17:58:55Z,2023-03-24T17:59:00Z,nan,0.0002779381906148018,nan,0
2023-03-24T17:58:55Z,2023-03-24T17:59:00Z,nan,0.0002769196076120324,nan,0
2023-03-24T17:58:55Z,2023-03-24T17:59:00Z,nan,0.0002751817991833064,nan,0
2023-03-24T17:58:55Z,2023-03-24T17:59:00Z,nan,0.00027410913670715994,nan,0
2023-03-24T17:58:55Z,2023-03-24T17:59:00Z,nan,0.0002724707462514228,nan,0
2023-03-24T17:58:55Z,2023-03-24T17:59:00Z,nan,0.0002712547357050358,nan,0
2023-03-24T17:58:55Z,2023-03-24T17:59:00Z,nan,0.0002697093771247615,nan,0
2023-03-24T17:58:55Z,2023-03-24T17:59:00Z,nan,0.00027039241536091455,nan,0
2023-03-24T17:58:55Z,2023-03-24T17:59:00Z,nan,0.00027049676928402803,nan,0
2023-03-24T17:58:55Z,2023-03-24T17:59:00Z,nan,0.0002697152729022377,nan,0
2023-03-24T17:58:55Z,2023-03-24T17:59:00Z,nan,0.0002701779984832954,nan,0
2023-03-24T17:58:55Z,2023-03-24T17:59:00Z,nan,0.000270006390848019,nan,0
2023-03-24T17:58:55Z,2023-03-24T17:59:00Z,nan,0.00026994559567921305,nan,0
2023-03-24T17:58:55Z,2023-03-24T17:59:00Z,nan,0.00026944575704784324,nan,0
2023-03-24T17:58:55Z,2023-03-24T17:59:00Z,nan,0.0002687320695728637,nan,0
2023-03-24T17:58:55Z,2023-03-24T17:59:00Z,nan,0.00026776749155403985,nan,0
2023-03-24T17:58:55Z,2023-03-24T17:59:00Z,nan,0.0002678971506049898,nan,0
2023-03-24T17:58:55Z,2023-03-24T17:59:00Z,nan,0.0002685490796390076,nan,0
2023-03-24T17:58:55Z,2023-03-24T17:59:00Z,nan,0.00026825853891798744,nan,0
2023-03-24T17:58:55Z,2023-03-24T17:59:00Z,nan,0.00026722834126004284,nan,0
2023-03-24T17:58:55Z,2023-03-24T17:59:00Z,nan,0.0002671762143646449,nan,0
2023-03-24T17:58:55Z,2023-03-24T17:59:00Z,nan,0.00026658763262162125,nan,0
2023-03-24T17:58:55Z,2023-03-24T17:59:00Z,nan,0.0002660495964624562,nan,0
2023-03-24T17:58:55Z,2023-03-24T17:59:00Z,nan,0.00026563255777868865,nan,0
2023-03-24T17:58:55Z,2023-03-24T17:59:00Z,nan,0.00026465907885418337,nan,0
2023-03-24T17:58:55Z,2023-03-24T17:59:00Z,nan,0.00026445475245040804,nan,0
2023-03-24T17:58:55Z,2023-03-24T17:59:00Z,nan,0.00026445013969165034,nan,0
2023-03-24T17:58:55Z,2023-03-24T17:59:00Z,nan,0.0002645590540908078,nan,0
2023-03-24T17:58:55Z,2023-03-24T17:59:00Z,nan,0.0002645551782194947,nan,0
2023-03-24T17:58:55Z,2023-03-24T17:59:00Z,nan,0.00026503686175962976,nan,0
2023-03-24T17:58:55Z,2023-03-24T17:59:00Z,nan,0.0002658848721645644,nan,0
2023-03-24T17:58:55Z,2023-03-24T17:59:00Z,nan,0.0002658453481579486,nan,0
2023-03-24T17:58:55Z,2023-03-24T17:59:00Z,nan,0.0002662100460220509,nan,0
2023-03-24T17:58:55Z,2023-03-24T17:59:00Z,nan,0.00026729743716184383,nan,0
2023-03-24T17:58:55Z,2023-03-24T17:59:00Z,nan,0.0002680092958987947,nan,0
2023-03-24T17:58:55Z,2023-03-24T17:59:00Z,nan,0.0002694129524399215,nan,0
2023-03-24T17:58:55Z,2023-03-24T17:59:00Z,nan,0.0002709505796712878,nan,0
2023-03-24T17:58:55Z,2023-03-24T17:59:00Z,nan,0.0002728909461508514,nan,0
2023-03-24T17:58:55Z,2023-03-24T17:59:00Z,nan,0.00027375264970727685,nan,0
2023-03-24T17:58:55Z,2023-03-24T17:59:00Z,nan,0.00027430281870395454,nan,0
2023-03-24T17:58:55Z,2023-03-24T17:59:00Z,nan,0.0002750900558118484,nan,0
2023-03-24T17:58:55Z,2023-03-24T17:59:00Z,nan,0.0002761964879151248,nan,0
2023-03-24T17:58:55Z,2023-03-24T17:59:00Z,nan,0.0002765635504428909,nan,0
2023-03-24T17:58:55Z,2023-03-24T17:59:00Z,nan,0.000276649479393856,nan,0
2023-03-24T17:58:55Z,2023-03-24T17:59:00Z,nan,0.0002765795197355983,nan,0
2023-03-24T17:58:55Z,2023-03-24T17:59:00Z,nan,0.0002772837359682466,nan,0
2023-03-24T17:58:55Z,2023-03-24T17:59:00Z,nan,0.00027758533808108093,nan,0
2023-03-24T17:58:55Z,2023-03-24T17:59:00Z,nan,0.00027752274982032567,nan,0
2023-03-24T17:58:55Z,2023-03-24T17:59:00Z,nan,0.0002762878104337452,nan,0
2023-03-24T17:58:55Z,2023-03-24T17:59:00Z,nan,0.00027680103839418515,nan,0
2023-03-24T17:58:55Z,2023-03-24T17:59:00Z,nan,0.0002768016775735001,nan,0
2023-03-24T17:58:55Z,2023-03-24T17:59:00Z,nan,0.0002774844896222813,nan,0
2023-03-24T17:58:55Z,2023-03-24T17:59:00Z,nan,0.00027709366587409974,nan,0
2023-03-24T17:58:55Z,2023-03-24T17:59:00Z,nan,0.00027644347624281,nan,0
2023-03-24T17:58:55Z,2023-03-24T17:59:00Z,nan,0.000276867244529287,nan,0
2023-03-24T17:58:55Z,2023-03-24T17:59:00Z,nan,0.0002774645606975866,nan,0
2023-03-24T17:58:55Z,2023-03-24T17:59:00Z,nan,0.00027702801686779467,nan,0
2023-03-24T17:58:55Z,2023-03-24T17:59:00Z,nan,0.0002784859239951332,nan,0
2023-03-24T17:58:55Z,2023-03-24T17:59:00Z,nan,0.00027884065957429577,nan,0
2023-03-24T17:58:55Z,2023-03-24T17:59:00Z,nan,0.00027950015653472465,nan,0
2023-03-24T17:58:55Z,2023-03-24T17:59:00Z,nan,0.00027975118591749566,nan,0
2023-03-24T17:58:55Z,2023-03-24T17:59:00Z,nan,0.00028182959005993005,nan,0
2023-03-24T17:58:55Z,2023-03-24T17:59:00Z,nan,0.0002829243458462231,nan,0
2023-03-24T17:58:55Z,2023-03-24T17:59:00Z,nan,0.00028362724914541903,nan,0
2023-03-24T17:58:55Z,2023-03-24T17:59:00Z,nan,0.00028370915271517296,nan,0
2023-03-24T17:58:55Z,2023-03-24T17:59:00Z,nan,0.0002844625579435933,nan,0
2023-03-24T17:58:55Z,2023-03-24T17:59:00Z,nan,0.0002850684124314091,nan,0
2023-03-24T17:58:55Z,2023-03-24T17:59:00Z,nan,0.00028637715542674524,nan,0
2023-03-24T17:58:55Z,2023-03-24T17:59:00Z,nan,0.00028636193653776607,nan,0
2023-03-24T17:58:55Z,2023-03-24T17:59:00Z,nan,0.00028737578005783845,nan,0
2023-03-24T17:58:55Z,2023-03-24T17:59:00Z,nan,0.0002884110508477232,nan,0
2023-03-24T17:58:55Z,2023-03-24T17:59:00Z,nan,0.0002882319427409717,nan,0
2023-03-24T17:58:55Z,2023-03-24T17:59:00Z,nan,0.0002888035344659086,nan,0
2023-03-24T17:58:55Z,2023-03-24T17:59:00Z,nan,0.0002882994291950024,nan,0
2023-03-24T17:58:55Z,2023-03-24T17:59:00Z,nan,0.0002882786631893447,nan,0
2023-03-24T17:58:55Z,2023-03-24T17:59:00Z,nan,0.0002886672301628038,nan,0
2023-03-24T17:58:55Z,2023-03-24T17:59:00Z,nan,0.00028933143795808585,nan,0
2023-03-24T17:58:55Z,2023-03-24T17:59:00Z,nan,0.00028905713580196506,nan,0
2023-03-24T17:58:55Z,2023-03-24T17:59:00Z,nan,0.000289144228374862,nan,0
2023-03-24T17:58:55Z,2023-03-24T17:59:00Z,nan,0.0002898339497611972,nan,0
2023-03-24T17:58:55Z,2023-03-24T17:59:00Z,nan,0.00029000715928852584,nan,0
2023-03-24T17:58:55Z,2023-03-24T17:59:00Z,nan,0.000289923546626342,nan,0
2023-03-24T17:58:55Z,2023-03-24T17:59:00Z,nan,0.0002904185219807023,nan,0
2023-03-24T17:58:55Z,2023-03-24T17:59:00Z,nan,0.0002900893382889194,nan,0
2023-03-24T17:58:55Z,2023-03-24T17:59:00Z,nan,0.0002913164078038739,nan,0
2023-03-24T17:58:55Z,2023-03-24T17:59:00Z,nan,0.0002910506080589987,nan,0
2023-03-24T17:58:55Z,2023-03-24T17:59:00Z,nan,0.0002907814920977412,nan,0
2023-03-24T17:58:55Z,2023-03-24T17:59:00Z,nan,0.0002897401360344331,nan,0
2023-03-24T17:58:55Z,2023-03-24T17:59:00Z,nan,0.00028891298873237386,nan,0
2023-03-24T17:58:55Z,2023-03-24T17:59:00Z,nan,0.000290338765979433,nan,0
2023-03-24T17:58:55Z,2023-03-24T17:59:00Z,nan,0.0002917116398789224,nan,0
2023-03-24T17:58:55Z,2023-03-24T17:59:00Z,nan,0.0002918474813719964,nan,0
2023-03-24T17:58:55Z,2023-03-24T17:59:00Z,nan,0.0002926237532562065,nan,0
2023-03-24T17:58:55Z,2023-03-24T17:59:00Z,nan,0.00029306244581056747,nan,0
2023-03-24T17:58:55Z,2023-03-24T17:59:00Z,nan,0.00029313361010548274,nan,0
2023-03-24T17:58:55Z,2023-03-24T17:59:00Z,nan,0.0002933409416547677,nan,0
2023-03-24T17:58:55Z,2023-03-24T17:59:00Z,nan,0.0002946906846652334,nan,0
2023-03-24T17:58:55Z,2023-03-24T17:59:00Z,nan,0.00029457700079841317,nan,0
2023-03-24T17:58:55Z,2023-03-24T17:59:00Z,nan,0.0002952906140805948,nan,0
2023-03-24T17:58:55Z,2023-03-24T17:59:00Z,nan,0.0002959922670783806,nan,0
2023-03-24T17:58:55Z,2023-03-24T17:59:00Z,nan,0.00029669807294424117,nan,0
2023-03-24T17:58:55Z,2023-03-24T17:59:00Z,nan,0.0002970589015705307,nan,0
2023-03-24T17:58:55Z,2023-03-24T17:59:00Z,nan,0.0002974523438235598,nan,0
2023-03-24T17:58:55Z,2023-03-24T17:59:00Z,nan,0.00029735009505641737,nan,0
2023-03-24T17:58:55Z,2023-03-24T17:59:00Z,nan,0.00029793724082692065,nan,0
2023-03-24T17:58:55Z,2023-03-24T17:59:00Z,nan,0.0002968341711015108,nan,0
2023-03-24T17:58:55Z,2023-03-24T17:59:00Z,nan,0.00029602527841615043,nan,0
2023-03-24T17:58:55Z,2023-03-24T17:59:00Z,nan,0.0002960411973734026,nan,0
2023-03-24T17:58:55Z,2023-03-24T17:59:00Z,nan,0.0002951895226035192,nan,0
2023-03-24T17:58:55Z,2023-03-24T17:59:00Z,nan,0.00029469912541686547,nan,0
2023-03-24T17:58:55Z,2023-03-24T17:59:00Z,nan,0.00029317510882403497,nan,0
2023-03-24T17:58:55Z,2023-03-24T17:59:00Z,nan,0.00029237318099004626,nan,0
2023-03-24T17:58:55Z,2023-03-24T17:59:00Z,nan,0.00029220088269648324,nan,0
2023-03-24T17:58:55Z,2023-03-24T17:59:00Z,nan,0.0002930018830131757,nan,0
2023-03-24T17:58:55Z,2023-03-24T17:59:00Z,nan,0.00029340188718099094,nan,0
2023-03-24T17:58:55Z,2023-03-24T17:59:00Z,nan,0.00029347116632881174,nan,0
2023-03-24T17:58:55Z,2023-03-24T17:59:00Z,nan,0.0002942020138918116,nan,0
2023-03-24T17:58:55Z,2023-03-24T17:59:00Z,nan,0.000294318918537411,nan,0
2023-03-24T17:58:55Z,2023-03-24T17:59:00Z,nan,0.00029491700366224836,nan,0
2023-03-24T17:58:55Z,2023-03-24T17:59:00Z,nan,0.00029552791192785866,nan,0
2023-03-24T17:58:55Z,2023-03-24T17:59:00Z,nan,0.00029592737576327735,nan,0
2023-03-24T17:58:55Z,2023-03-24T17:59:00Z,nan,0.00029475691687772155,nan,0
2023-03-24T17:58:55Z,2023-03-24T17:59:00Z,nan,0.00029553194981906674,nan,0
2023-03-24T17:58:55Z,2023-03-24T17:59:00Z,nan,0.00029733929706150515,nan,0
2023-03-24T17:58:55Z,2023-03-24T17:59:00Z,nan,0.0002989109873427749,nan,0
2023-03-24T17:58:55Z,2023-03-24T17:59:00Z,nan,0.0002991342460202045,nan,0
2023-03-24T17:58:55Z,2023-03-24T17:59:00Z,nan,0.0002987542290278702,nan,0
2023-03-24T17:58:55Z,2023-03-24T17:59:00Z,nan,0.00030021808819575765,nan,0
2023-03-24T17:58:55Z,2023-03-24T17:59:00Z,nan,0.00030162312606029886,nan,0
2023-03-24T17:58:55Z,2023-03-24T17:59:00Z,nan,0.00030209299647061545,nan,0
2023-03-24T17:58:55Z,2023-03-24T17:59:00Z,nan,0.00030265806979958097,nan,0
2023-03-24T17:58:55Z,2023-03-24T17:59:00Z,nan,0.0003032508250668759,nan,0
2023-03-24T17:58:55Z,2023-03-24T17:59:00Z,nan,0.00030413150922497086,nan,0
2023-03-24T17:58:55Z,2023-03-24T17:59:00Z,nan,0.0003043245726804536,nan,0
2023-03-24T17:58:55Z,2023-03-24T17:59:00Z,nan,0.0003050713456219286,nan,0
2023-03-24T17:58:55Z,2023-03-24T17:59:00Z,nan,0.000305096279655422,nan,0
2023-03-24T17:58:55Z,2023-03-24T17:59:00Z,nan,0.00030524760387219365,nan,0
2023-03-24T17:58:55Z,2023-03-24T17:59:00Z,nan,0.00030655280514293564,nan,0
2023-03-24T17:58:55Z,2023-03-24T17:59:00Z,nan,0.00030829336270937275,nan,0
2023-03-24T17:58:55Z,2023-03-24T17:59:00Z,nan,0.00030815742008863595,nan,0
2023-03-24T17:58:55Z,2023-03-24T17:59:00Z,nan,0.000308055682929919,nan,0
2023-03-24T17:58:55Z,2023-03-24T17:59:00Z,nan,0.0003077085960323649,nan,0
2023-03-24T17:58:55Z,2023-03-24T17:59:00Z,nan,0.0003074076546480155,nan,0
2023-03-24T17:58:55Z,2023-03-24T17:59:00Z,nan,0.00030613047756666064,nan,0
2023-03-24T17:58:55Z,2023-03-24T17:59:00Z,nan,0.00030582227430129487,nan,0
2023-03-24T17:58:55Z,2023-03-24T17:59:00Z,nan,0.00030573275816308805,nan,0
2023-03-24T17:58:55Z,2023-03-24T17:59:00Z,nan,0.0003061326158180904,nan,0
2023-03-24T17:58:55Z,2023-03-24T17:59:00Z,nan,0.0003056344145143507,nan,0
2023-03-24T17:58:55Z,2023-03-24T17:59:00Z,nan,0.000305042846192153,nan,0
2023-03-24T17:58:55Z,2023-03-24T17:59:00Z,nan,0.00030436746524794753,nan,0
2023-03-24T17:58:55Z,2023-03-24T17:59:00Z,nan,0.00030314436222153476,nan,0
2023-03-24T17:58:55Z,2023-03-24T17:59:00Z,nan,0.00030192758123179697,nan,0
2023-03-24T17:58:55Z,2023-03-24T17:59:00Z,nan,0.00030151932545589063,nan,0
2023-03-24T17:58:55Z,2023-03-24T17:59:00Z,nan,0.00030025360555322676,nan,0
2023-03-24T17:58:55Z,2023-03-24T17:59:00Z,nan,0.000298764719718004,nan,0
2023-03-24T17:58:55Z,2023-03-24T17:59:00Z,nan,0.0002973629742834043,nan,0
2023-03-24T17:58:55Z,2023-03-24T17:59:00Z,nan,0.00029602828662295106,nan,0
2023-03-24T17:58:55Z,2023-03-24T17:59:00Z,nan,0.0002962754780218104,nan,0
2023-03-24T17:58:55Z,2023-03-24T17:59:00Z,nan,0.000294464507990914,nan,0
2023-03-24T17:58:55Z,2023-03-24T17:59:00Z,nan,0.0002922926790804114,nan,0
2023-03-24T17:58:55Z,2023-03-24T17:59:00Z,nan,0.00029113633555370884,nan,0
2023-03-24T17:58:55Z,2023-03-24T17:59:00Z,nan,0.0002898730804132784,nan,0
2023-03-24T17:58:55Z,2023-03-24T17:59:00Z,nan,0.0002887067810348566,nan,0
2023-03-24T17:58:55Z,2023-03-24T17:59:00Z,nan,0.000286636289684515,nan,0
2023-03-24T17:58:55Z,2023-03-24T17:59:00Z,nan,0.0002848967453351222,nan,0
2023-03-24T17:58:55Z,2023-03-24T17:59:00Z,nan,0.0002832762387918343,nan,0
2023-03-24T17:58:55Z,2023-03-24T17:59:00Z,nan,0.00028234433581364975,nan,0
2023-03-24T17:58:55Z,2023-03-24T17:59:00Z,nan,0.00028042422373816155,nan,0
2023-03-24T17:58:55Z,2023-03-24T17:59:00Z,nan,0.0002782979025414119,nan,0
2023-03-24T17:58:55Z,2023-03-24T17:59:00Z,nan,0.00027715808755388873,nan,0
2023-03-24T17:58:55Z,2023-03-24T17:59:00Z,nan,0.00027749979445734475,nan,0
2023-03-24T17:58:55Z,2023-03-24T17:59:00Z,nan,0.0002770982064246621,nan,0
2023-03-24T17:58:55Z,2023-03-24T17:59:00Z,nan,0.0002763097673126441,nan,0
2023-03-24T17:58:55Z,2023-03-24T17:59:00Z,nan,0.000276038294058391,nan,0
2023-03-24T17:58:55Z,2023-03-24T17:59:00Z,nan,0.00027604746259159493,nan,0
2023-03-24T17:58:55Z,2023-03-24T17:59:00Z,nan,0.00027553195920555854,nan,0
2023-03-24T17:58:55Z,2023-03-24T17:59:00Z,nan,0.00027544170788706534,nan,0
2023-03-24T17:58:55Z,2023-03-24T17:59:00Z,nan,0.0002748755349312264,nan,0
2023-03-24T17:58:55Z,2023-03-24T17:59:00Z,nan,0.00027554115112755434,nan,0
2023-03-24T17:58:55Z,2023-03-24T17:59:00Z,nan,0.00027606822015033343,nan,0
2023-03-24T17:58:55Z,2023-03-24T17:59:00Z,nan,0.00027546890735085695,nan,0
2023-03-24T17:58:55Z,2023-03-24T17:59:00Z,nan,0.00027553626304177174,nan,0
2023-03-24T17:58:55Z,2023-03-24T17:59:00Z,nan,0.00027457564125102395,nan,0
2023-03-24T17:58:55Z,2023-03-24T17:59:00Z,nan,0.0002740835285687714,nan,0
2023-03-24T17:58:55Z,2023-03-24T17:59:00Z,nan,0.0002749147323726724,nan,0
2023-03-24T17:58:55Z,2023-03-24T17:59:00Z,nan,0.0002755134623880955,nan,0
2023-03-24T17:58:55Z,2023-03-24T17:59:00Z,nan,0.0002769710324121747,nan,0
2023-03-24T17:58:55Z,2023-03-24T17:59:00Z,nan,0.00027724242910061867,nan,0
2023-03-24T17:58:55Z,2023-03-24T17:59:00Z,nan,0.00027762315121239504,nan,0
2023-03-24T17:58:55Z,2023-03-24T17:59:00Z,nan,0.0002780898572161827,nan,0
2023-03-24T17:58:55Z,2023-03-24T17:59:00Z,nan,0.00027931769457769534,nan,0
2023-03-24T17:58:55Z,2023-03-24T17:59:00Z,nan,0.00028047853834354365,nan,0
2023-03-24T17:58:55Z,2023-03-24T17:59:00Z,nan,0.0002811178978463733,nan,0
2023-03-24T17:58:55Z,2023-03-24T17:59:00Z,nan,0.0002809506314425806,nan,0
2023-03-24T17:58:55Z,2023-03-24T17:59:00Z,nan,0.00028106205922671517,nan,0
2023-03-24T17:58:55Z,2023-03-24T17:59:00Z,nan,0.00028247085852695775,nan,0
2023-03-24T17:58:55Z,2023-03-24T17:59:00Z,nan,0.0002823567024412767,nan,0
2023-03-24T17:58:55Z,2023-03-24T17:59:00Z,nan,0.00028254467670369186,nan,0
2023-03-24T17:58:55Z,2023-03-24T17:59:00Z,nan,0.000282217392419646,nan,0
2023-03-24T17:58:55Z,2023-03-24T17:59:00Z,nan,0.00028363029762472163,nan,0
2023-03-24T17:58:55Z,2023-03-24T17:59:00Z,nan,0.00028422164552558093,nan,0
2023-03-24T17:58:55Z,2023-03-24T17:59:00Z,nan,0.0002846857417100871,nan,0
2023-03-24T17:58:55Z,2023-03-24T17:59:00Z,nan,0.00028390961467426363,nan,0
2023-03-24T17:58:55Z,2023-03-24T17:59:00Z,nan,0.0002836729804653026,nan,0
2023-03-24T17:58:55Z,2023-03-24T17:59:00Z,nan,0.00028386656768340367,nan,0
2023-03-24T17:58:55Z,2023-03-24T17:59:00Z,nan,0.00028447556648702945,nan,0
2023-03-24T17:58:55Z,2023-03-24T17:59:00Z,nan,0.0002828829614804523,nan,0
2023-03-24T17:58:55Z,2023-03-24T17:59:00Z,nan,0.00028274866080227616,nan,0
2023-03-24T17:58:55Z,2023-03-24T17:59:00Z,nan,0.0002827562226519619,nan,0
2023-03-24T17:58:55Z,2023-03-24T17:59:00Z,nan,0.0002816379674693573,nan,0
2023-03-24T17:58:55Z,2023-03-24T17:59:00Z,nan,0.00028085582971958557,nan,0
2023-03-24T17:58:55Z,2023-03-24T17:59:00Z,nan,0.0002811186604128984,nan,0
2023-03-24T17:58:55Z,2023-03-24T17:59:00Z,nan,0.0002805475956289934,nan,0
2023-03-24T17:58:55Z,2023-03-24T17:59:00Z,nan,0.0002811593640053937,nan,0
2023-03-24T17:58:55Z,2023-03-24T17:59:00Z,nan,0.00028045395731294794,nan,0
2023-03-24T17:58:55Z,2023-03-24T17:59:00Z,nan,0.0002809838797740319,nan,0
2023-03-24T17:58:55Z,2023-03-24T17:59:00Z,nan,0.0002819783060513212,nan,0
2023-03-24T17:58:55Z,2023-03-24T17:59:00Z,nan,0.00028222344949437885,nan,0
2023-03-24T17:58:55Z,2023-03-24T17:59:00Z,nan,0.0002824481929607079,nan,0
2023-03-24T17:58:55Z,2023-03-24T17:59:00Z,nan,0.00028247923081827956,nan,0
2023-03-24T17:58:55Z,2023-03-24T17:59:00Z,nan,0.0002817984404454738,nan,0
2023-03-24T17:58:55Z,2023-03-24T17:59:00Z,nan,0.00028089060745164015,nan,0
2023-03-24T17:58:55Z,2023-03-24T17:59:00Z,nan,0.00027999053256640735,nan,0
2023-03-24T17:58:55Z,2023-03-24T17:59:00Z,nan,0.00028003801398437695,nan,0
2023-03-24T17:58:55Z,2023-03-24T17:59:00Z,nan,0.0002800344993742332,nan,0
2023-03-24T17:58:55Z,2023-03-24T17:59:00Z,nan,0.0002795787751722736,nan,0
2023-03-24T17:58:55Z,2023-03-24T17:59:00Z,nan,0.00027890087204113966,nan,0
2023-03-24T17:58:55Z,2023-03-24T17:59:00Z,nan,0.0002795505449062245,nan,0
2023-03-24T17:58:55Z,2023-03-24T17:59:00Z,nan,0.00028023226063560717,nan,0
2023-03-24T17:58:55Z,2023-03-24T17:59:00Z,nan,0.00027988829333848995,nan,0
2023-03-24T17:58:55Z,2023-03-24T17:59:00Z,nan,0.0002798680477320448,nan,0
2023-03-24T17:58:55Z,2023-03-24T17:59:00Z,nan,0.0002793101212707031,nan,0
2023-03-24T17:58:55Z,2023-03-24T17:59:00Z,nan,0.0002792143321560356,nan,0
2023-03-24T17:58:55Z,2023-03-24T17:59:00Z,nan,0.00027809749625534947,nan,0
2023-03-24T17:58:55Z,2023-03-24T17:59:00Z,nan,0.0002777945210442963,nan,0
2023-03-24T17:58:55Z,2023-03-24T17:59:00Z,nan,0.00027642558242239206,nan,0
2023-03-24T17:58:55Z,2023-03-24T17:59:00Z,nan,0.00027605072313954435,nan,0
2023-03-24T17:58:55Z,2023-03-24T17:59:00Z,nan,0.00027657670408871274,nan,0
2023-03-24T17:58:55Z,2023-03-24T17:59:00Z,nan,0.00027664384904466067,nan,0
2023-03-24T17:58:55Z,2023-03-24T17:59:00Z,nan,0.00027689047224489517,nan,0
2023-03-24T17:58:55Z,2023-03-24T17:59:00Z,nan,0.000276840304540513,nan,0
2023-03-24T17:58:55Z,2023-03-24T17:59:00Z,nan,0.00027614046329463987,nan,0
2023-03-24T17:58:55Z,2023-03-24T17:59:00Z,nan,0.0002762304747625715,nan,0
2023-03-24T17:58:55Z,2023-03-24T17:59:00Z,nan,0.000277153923449248,nan,0
2023-03-24T17:58:55Z,2023-03-24T17:59:00Z,nan,0.00027742906423185393,nan,0
2023-03-24T17:58:55Z,2023-03-24T17:59:00Z,nan,0.0002786941281960902,nan,0
2023-03-24T17:58:55Z,2023-03-24T17:59:00Z,nan,0.00027942800273057073,nan,0
2023-03-24T17:58:55Z,2023-03-24T17:59:00Z,nan,0.0002793241597451121,nan,0
2023-03-24T17:58:55Z,2023-03-24T17:59:00Z,nan,0.0002792200869472372,nan,0
2023-03-24T17:58:55Z,2023-03-24T17:59:00Z,nan,0.0002791321004594041,nan,0
2023-03-24T17:58:55Z,2023-03-24T17:59:00Z,nan,0.0002783871536459444,nan,0
2023-03-24T17:58:55Z,2023-03-24T17:59:00Z,nan,0.00027812712142434755,nan,0
2023-03-24T17:58:55Z,2023-03-24T17:59:00Z,nan,0.0002779014957123644,nan,0
2023-03-24T17:58:55Z,2023-03-24T17:59:00Z,nan,0.00027731733872737944,nan,0
2023-03-24T17:58:55Z,2023-03-24T17:59:00Z,nan,0.00027670116633081313,nan,0
2023-03-24T17:58:55Z,2023-03-24T17:59:00Z,nan,0.0002762147815638733,nan,0
2023-03-24T17:58:55Z,2023-03-24T17:59:00Z,nan,0.00027571517829723765,nan,0
2023-03-24T17:58:55Z,2023-03-24T17:59:00Z,nan,0.00027488471401933783,nan,0
2023-03-24T17:58:55Z,2023-03-24T17:59:00Z,nan,0.0002740012670970054,nan,0
2023-03-24T17:58:55Z,2023-03-24T17:59:00Z,nan,0.000273613930385221,nan,0
2023-03-24T17:58:55Z,2023-03-24T17:59:00Z,nan,0.0002732006770014885,nan,0
2023-03-24T17:58:55Z,2023-03-24T17:59:00Z,nan,0.0002737575423657815,nan,0
2023-03-24T17:58:55Z,2023-03-24T17:59:00Z,nan,0.0002739090329734911,nan,0
2023-03-24T17:58:55Z,2023-03-24T17:59:00Z,nan,0.00027333499655442126,nan,0
2023-03-24T17:58:55Z,2023-03-24T17:59:00Z,nan,0.00027242530904033696,nan,0
2023-03-24T17:58:55Z,2023-03-24T17:59:00Z,nan,0.00027365394078108206,nan,0
2023-03-24T17:58:55Z,2023-03-24T17:59:00Z,nan,0.00027420943185605426,nan,0
2023-03-24T17:58:55Z,2023-03-24T17:59:00Z,nan,0.0002745611412511876,nan,0
2023-03-24T17:58:55Z,2023-03-24T17:59:00Z,nan,0.00027523616453004084,nan,0
2023-03-24T17:58:55Z,2023-03-24T17:59:00Z,nan,0.00027674530215170465,nan,0
2023-03-24T17:58:55Z,2023-03-24T17:59:00Z,nan,0.0002774470746618126,nan,0
2023-03-24T17:58:55Z,2023-03-24T17:59:00Z,nan,0.00027926448492093656,nan,0
2023-03-24T17:58:55Z,2023-03-24T17:59:00Z,nan,0.0002793689395036849,nan,0
2023-03-24T17:58:55Z,2023-03-24T17:59:00Z,nan,0.0002798038892851054,nan,0
2023-03-24T17:58:55Z,2023-03-24T17:59:00Z,nan,0.00027967586591659023,nan,0
2023-03-24T17:58:55Z,2023-03-24T17:59:00Z,nan,0.0002802775813659182,nan,0
2023-03-24T17:58:55Z,2023-03-24T17:59:00Z,nan,0.00028053342605247256,nan,0
2023-03-24T17:58:55Z,2023-03-24T17:59:00Z,nan,0.00028022767351780454,nan,0
2023-03-24T17:58:55Z,2023-03-24T17:59:00Z,nan,0.0002825569951167682,nan,0
2023-03-24T17:58:55Z,2023-03-24T17:59:00Z,nan,0.00028282466454692534,nan,0
2023-03-24T17:58:55Z,2023-03-24T17:59:00Z,nan,0.0002832034824048554,nan,0
2023-03-24T17:58:55Z,2023-03-24T17:59:00Z,nan,0.0002831788943358122,nan,0
2023-03-24T17:58:55Z,2023-03-24T17:59:00Z,nan,0.00028307923182780407,nan,0
2023-03-24T17:58:55Z,2023-03-24T17:59:00Z,nan,0.0002826672221166088,nan,0
2023-03-24T17:58:55Z,2023-03-24T17:59:00Z,nan,0.00028204762161865656,nan,0
2023-03-24T17:58:55Z,2023-03-24T17:59:00Z,nan,0.00028100992870552343,nan,0
2023-03-24T17:58:55Z,2023-03-24T17:59:00Z,nan,0.0002805555541066605,nan,0
2023-03-24T17:58:55Z,2023-03-24T17:59:00Z,nan,0.0002792971804469313,nan,0
2023-03-24T17:58:55Z,2023-03-24T17:59:00Z,nan,0.000279201953007521,nan,0
2023-03-24T17:58:55Z,2023-03-24T17:59:00Z,nan,0.0002790482181758942,nan,0
2023-03-24T17:58:55Z,2023-03-24T17:59:00Z,nan,0.00027865393923444696,nan,0
2023-03-24T17:58:55Z,2023-03-24T17:59:00Z,nan,0.00027767994788942897,nan,0
2023-03-24T17:58:55Z,2023-03-24T17:59:00Z,nan,0.0002766359828349493,nan,0
2023-03-24T17:58:55Z,2023-03-24T17:59:00Z,nan,0.00027705613211343236,nan,0
2023-03-24T17:58:55Z,2023-03-24T17:59:00Z,nan,0.00027733811491788225,nan,0
2023-03-24T17:58:55Z,2023-03-24T17:59:00Z,nan,0.00027836994143118663,nan,0
2023-03-24T17:58:55Z,2023-03-24T17:59:00Z,nan,0.0002794427780190257,nan,0
2023-03-24T17:58:55Z,2023-03-24T17:59:00Z,nan,0.00027894713078266165,nan,0
2023-03-24T17:58:55Z,2023-03-24T17:59:00Z,nan,0.0002787377184589971,nan,0
2023-03-24T17:58:55Z,2023-03-24T17:59:00Z,nan,0.0002784873436070651,nan,0
2023-03-24T17:58:55Z,2023-03-24T17:59:00Z,nan,0.00027976169589668403,nan,0
2023-03-24T17:58:55Z,2023-03-24T17:59:00Z,nan,0.00027989861013003243,nan,0
2023-03-24T17:58:55Z,2023-03-24T17:59:00Z,nan,0.0002803428518716806,nan,0
2023-03-24T17:58:55Z,2023-03-24T17:59:00Z,nan,0.0002814418699406825,nan,0
2023-03-24T17:58:55Z,2023-03-24T17:59:00Z,nan,0.00028248817864215555,nan,0
2023-03-24T17:58:55Z,2023-03-24T17:59:00Z,nan,0.00028230068907650373,nan,0
2023-03-24T17:58:55Z,2023-03-24T17:59:00Z,nan,0.00028335949937395105,nan,0
2023-03-24T17:58:55Z,2023-03-24T17:59:00Z,nan,0.0002836818722627792,nan,0
2023-03-24T17:58:55Z,2023-03-24T17:59:00Z,nan,0.0002839367997775571,nan,0
2023-03-24T17:58:55Z,2023-03-24T17:59:00Z,nan,0.0002836279810449918,nan,0
2023-03-24T17:58:55Z,2023-03-24T17:59:00Z,nan,0.00028468802614381363,nan,0
2023-03-24T17:58:55Z,2023-03-24T17:59:00Z,nan,0.00028505468221431073,nan,0
2023-03-24T17:58:55Z,2023-03-24T17:59:00Z,nan,0.0002861693631837764,nan,0
2023-03-24T17:58:55Z,2023-03-24T17:59:00Z,nan,0.00028709075205071,nan,0
2023-03-24T17:58:55Z,2023-03-24T17:59:00Z,nan,0.00028605350666777304,nan,0
2023-03-24T17:58:55Z,2023-03-24T17:59:00Z,nan,0.0002859083673666979,nan,0
2023-03-24T17:58:55Z,2023-03-24T17:59:00Z,nan,0.00028616762727990216,nan,0
2023-03-24T17:58:55Z,2023-03-24T17:59:00Z,nan,0.00028590868603479454,nan,0
2023-03-24T17:58:55Z,2023-03-24T17:59:00Z,nan,0.0002847085943631584,nan,0
2023-03-24T17:58:55Z,2023-03-24T17:59:00Z,nan,0.00028649118930221127,nan,0
2023-03-24T17:58:55Z,2023-03-24T17:59:00Z,nan,0.00028730479088412945,nan,0
2023-03-24T17:58:55Z,2023-03-24T17:59:00Z,nan,0.000288183198794383,nan,0
2023-03-24T17:58:55Z,2023-03-24T17:59:00Z,nan,0.0002894148165422897,nan,0
2023-03-24T17:58:55Z,2023-03-24T17:59:00Z,nan,0.00028953175964899604,nan,0
2023-03-24T17:58:55Z,2023-03-24T17:59:00Z,nan,0.00028912526684855686,nan,0
2023-03-24T17:58:55Z,2023-03-24T17:59:00Z,nan,0.0002884988016330753,nan,0
2023-03-24T17:58:55Z,2023-03-24T17:59:00Z,nan,0.00028797099384588896,nan,0
2023-03-24T17:58:55Z,2023-03-24T17:59:00Z,nan,0.00028840289663664736,nan,0
2023-03-24T17:58:55Z,2023-03-24T17:59:00Z,nan,0.00028916306412227796,nan,0
2023-03-24T17:58:55Z,2023-03-24T17:59:00Z,nan,0.0002887724945739615,nan,0
2023-03-24T17:58:55Z,2023-03-24T17:59:00Z,nan,0.0002876874844992157,nan,0
2023-03-24T17:58:55Z,2023-03-24T17:59:00Z,nan,0.000287217024377641,nan,0
2023-03-24T17:58:55Z,2023-03-24T17:59:00Z,nan,0.00028650663484786466,nan,0
2023-03-24T17:58:55Z,2023-03-24T17:59:00Z,nan,0.00028640210501847823,nan,0
2023-03-24T17:58:55Z,2023-03-24T17:59:00Z,nan,0.0002858689436088453,nan,0
2023-03-24T17:58:55Z,2023-03-24T17:59:00Z,nan,0.00028451393775856526,nan,0
2023-03-24T17:58:55Z,2023-03-24T17:59:00Z,nan,0.00028384787994301325,nan,0
2023-03-24T17:58:55Z,2023-03-24T17:59:00Z,nan,0.0002832339335084499,nan,0
2023-03-24T17:58:55Z,2023-03-24T17:59:00Z,nan,0.00028284668511360393,nan,0
2023-03-24T17:58:55Z,2023-03-24T17:59:00Z,nan,0.00028216107091337333,nan,0
2023-03-24T17:58:55Z,2023-03-24T17:59:00Z,nan,0.0002811988237988841,nan,0
2023-03-24T17:58:55Z,2023-03-24T17:59:00Z,nan,0.00028215527179633216,nan,0
2023-03-24T17:58:55Z,2023-03-24T17:59:00Z,nan,0.0002820057909012041,nan,0
2023-03-24T17:58:55Z,2023-03-24T17:59:00Z,nan,0.00028125151808839125,nan,0
2023-03-24T17:58:55Z,2023-03-24T17:59:00Z,nan,0.0002820079883517776,nan,0
2023-03-24T17:58:55Z,2023-03-24T17:59:00Z,nan,0.00028204384616336436,nan,0
2023-03-24T17:58:55Z,2023-03-24T17:59:00Z,nan,0.0002818793204540459,nan,0
2023-03-24T17:58:55Z,2023-03-24T17:59:00Z,nan,0.0002813742493817975,nan,0
2023-03-24T17:58:55Z,2023-03-24T17:59:00Z,nan,0.000280137518578649,nan,0
2023-03-24T17:58:55Z,2023-03-24T17:59:00Z,nan,0.00027920403192726413,nan,0
2023-03-24T17:58:55Z,2023-03-24T17:59:00Z,nan,0.00027979713655944255,nan,0
2023-03-24T17:58:55Z,2023-03-24T17:59:00Z,nan,0.0002796592006278204,nan,0
2023-03-24T17:58:55Z,2023-03-24T17:59:00Z,nan,0.00028028883233831644,nan,0
2023-03-24T17:58:55Z,2023-03-24T17:59:00Z,nan,0.00027954195073860943,nan,0
2023-03-24T17:58:55Z,2023-03-24T17:59:00Z,nan,0.0002799823361417817,nan,0
2023-03-24T17:58:55Z,2023-03-24T17:59:00Z,nan,0.000279287357372742,nan,0
2023-03-24T17:58:55Z,2023-03-24T17:59:00Z,nan,0.00027872702817057654,nan,0
2023-03-24T17:58:55Z,2023-03-24T17:59:00Z,nan,0.0002773178848279579,nan,0
2023-03-24T17:58:55Z,2023-03-24T17:59:00Z,nan,0.0002770330713883396,nan,0
2023-03-24T17:58:55Z,2023-03-24T17:59:00Z,nan,0.0002772975309194298,nan,0
2023-03-24T17:58:55Z,2023-03-24T17:59:00Z,nan,0.00027840048689462866,nan,0
2023-03-24T17:58:55Z,2023-03-24T17:59:00Z,nan,0.0002791645898811633,nan,0
2023-03-24T17:58:55Z,2023-03-24T17:59:00Z,nan,0.0002788255748328065,nan,0
2023-03-24T17:58:55Z,2023-03-24T17:59:00Z,nan,0.00027869221504303875,nan,0
2023-03-24T17:58:55Z,2023-03-24T17:59:00Z,nan,0.0002792803620205978,nan,0
2023-03-24T17:58:55Z,2023-03-24T17:59:00Z,nan,0.00027909357966557504,nan,0
2023-03-24T17:58:55Z,2023-03-24T17:59:00Z,nan,0.00027902738607946386,nan,0
2023-03-24T17:58:55Z,2023-03-24T17:59:00Z,nan,0.0002799648032271879,nan,0
2023-03-24T17:58:55Z,2023-03-24T17:59:00Z,nan,0.0002805132904365357,nan,0
2023-03-24T17:58:55Z,2023-03-24T17:59:00Z,nan,0.0002801971293411297,nan,0
2023-03-24T17:58:55Z,2023-03-24T17:59:00Z,nan,0.00028100076406801974,nan,0
2023-03-24T17:58:55Z,2023-03-24T17:59:00Z,nan,0.00028252898494417883,nan,0
2023-03-24T17:58:55Z,2023-03-24T17:59:00Z,nan,0.00028278221998707454,nan,0
2023-03-24T17:58:55Z,2023-03-24T17:59:00Z,nan,0.00028345563838723636,nan,0
2023-03-24T17:58:55Z,2023-03-24T17:59:00Z,nan,0.00028435787772717816,nan,0
2023-03-24T17:58:55Z,2023-03-24T17:59:00Z,nan,0.00028555938127945956,nan,0
2023-03-24T17:58:55Z,2023-03-24T17:59:00Z,nan,0.00028651545700229315,nan,0
2023-03-24T17:58:55Z,2023-03-24T17:59:00Z,nan,0.0002875330202269127,nan,0
2023-03-24T17:58:55Z,2023-03-24T17:59:00Z,nan,0.0002877716372080003,nan,0
2023-03-24T17:58:55Z,2023-03-24T17:59:00Z,nan,0.0002878743880294773,nan,0
2023-03-24T17:58:55Z,2023-03-24T17:59:00Z,nan,0.00028854523894785897,nan,0
2023-03-24T17:58:55Z,2023-03-24T17:59:00Z,nan,0.00028928861743277804,nan,0
2023-03-24T17:58:55Z,2023-03-24T17:59:00Z,nan,0.0002895588027596751,nan,0
2023-03-24T17:58:55Z,2023-03-24T17:59:00Z,nan,0.0002895363325315108,nan,0
2023-03-24T17:58:55Z,2023-03-24T17:59:00Z,nan,0.00028990572661588093,nan,0
2023-03-24T17:58:55Z,2023-03-24T17:59:00Z,nan,0.00029032132070752083,nan,0
2023-03-24T17:58:55Z,2023-03-24T17:59:00Z,nan,0.0002907302062654746,nan,0
2023-03-24T17:58:55Z,2023-03-24T17:59:00Z,nan,0.00029098523458361686,nan,0
2023-03-24T17:58:55Z,2023-03-24T17:59:00Z,nan,0.0002910464566857298,nan,0
2023-03-24T17:58:55Z,2023-03-24T17:59:00Z,nan,0.0002920230136021829,nan,0
2023-03-24T17:58:55Z,2023-03-24T17:59:00Z,nan,0.0002921730698998458,nan,0
2023-03-24T17:58:55Z,2023-03-24T17:59:00Z,nan,0.0002902834200390869,nan,0
2023-03-24T17:58:55Z,2023-03-24T17:59:00Z,nan,0.0002898744011092001,nan,0
2023-03-24T17:58:55Z,2023-03-24T17:59:00Z,nan,0.0002905028508648965,nan,0
2023-03-24T17:58:55Z,2023-03-24T17:59:00Z,nan,0.00029150000992287284,nan,0
2023-03-24T17:58:55Z,2023-03-24T17:59:00Z,nan,0.00029156987116940505,nan,0
2023-03-24T17:58:55Z,2023-03-24T17:59:00Z,nan,0.000290196061239057,nan,0
2023-03-24T17:58:55Z,2023-03-24T17:59:00Z,nan,0.0002891942415814862,nan,0
2023-03-24T17:58:55Z,2023-03-24T17:59:00Z,nan,0.00028913703963114626,nan,0
2023-03-24T17:58:55Z,2023-03-24T17:59:00Z,nan,0.00028971933647935097,nan,0
2023-03-24T17:58:55Z,2023-03-24T17:59:00Z,nan,0.00028902437350492786,nan,0
2023-03-24T17:58:55Z,2023-03-24T17:59:00Z,nan,0.00028881226842091185,nan,0
2023-03-24T17:58:55Z,2023-03-24T17:59:00Z,nan,0.00028903556593214125,nan,0
2023-03-24T17:58:55Z,2023-03-24T17:59:00Z,nan,0.00028762498650311265,nan,0
2023-03-24T17:58:55Z,2023-03-24T17:59:00Z,nan,0.0002872748228661984,nan,0
2023-03-24T17:58:55Z,2023-03-24T17:59:00Z,nan,0.00028729570199059675,nan,0
2023-03-24T17:58:55Z,2023-03-24T17:59:00Z,nan,0.00028736890477139423,nan,0
2023-03-24T17:58:55Z,2023-03-24T17:59:00Z,nan,0.0002860829183029744,nan,0
2023-03-24T17:58:55Z,2023-03-24T17:59:00Z,nan,0.00028656996693678886,nan,0
2023-03-24T17:58:55Z,2023-03-24T17:59:00Z,nan,0.00028622015731354403,nan,0
2023-03-24T17:58:55Z,2023-03-24T17:59:00Z,nan,0.0002846696532839953,nan,0
2023-03-24T17:58:55Z,2023-03-24T17:59:00Z,nan,0.0002835518200064284,nan,0
2023-03-24T17:58:55Z,2023-03-24T17:59:00Z,nan,0.00028179864153440496,nan,0
2023-03-24T17:58:55Z,2023-03-24T17:59:00Z,nan,0.0002818243748863313,nan,0
2023-03-24T17:58:55Z,2023-03-24T17:59:00Z,nan,0.0002823859590893992,nan,0
2023-03-24T17:58:55Z,2023-03-24T17:59:00Z,nan,0.00028125393039404937,nan,0
2023-03-24T17:58:55Z,2023-03-24T17:59:00Z,nan,0.00028026165561557606,nan,0
2023-03-24T17:58:55Z,2023-03-24T17:59:00Z,nan,0.00027906971800529054,nan,0
2023-03-24T17:58:55Z,2023-03-24T17:59:00Z,nan,0.00027969734763303247,nan,0
2023-03-24T17:58:55Z,2023-03-24T17:59:00Z,nan,0.000280501177100801,nan,0
2023-03-24T17:58:55Z,2023-03-24T17:59:00Z,nan,0.00028093672471539915,nan,0
2023-03-24T17:58:55Z,2023-03-24T17:59:00Z,nan,0.00028099591937610533,nan,0
2023-03-24T17:58:55Z,2023-03-24T17:59:00Z,nan,0.0002808859073328261,nan,0
2023-03-24T17:58:55Z,2023-03-24T17:59:00Z,nan,0.0002811263962309637,nan,0
2023-03-24T17:58:55Z,2023-03-24T17:59:00Z,nan,0.00028150035836948644,nan,0
2023-03-24T17:58:55Z,2023-03-24T17:59:00Z,nan,0.00028158690601937076,nan,0
2023-03-24T17:58:55Z,2023-03-24T17:59:00Z,nan,0.00028134432676787496,nan,0
2023-03-24T17:58:55Z,2023-03-24T17:59:00Z,nan,0.00028176206674768314,nan,0
2023-03-24T17:58:55Z,2023-03-24T17:59:00Z,nan,0.0002816087937719793,nan,0
2023-03-24T17:58:55Z,2023-03-24T17:59:00Z,nan,0.00028086470373373494,nan,0
2023-03-24T17:58:55Z,2023-03-24T17:59:00Z,nan,0.00027986618635627826,nan,0
2023-03-24T17:58:55Z,2023-03-24T17:59:00Z,nan,0.00028029432134314176,nan,0
2023-03-24T17:58:55Z,2023-03-24T17:59:00Z,nan,0.0002810340178897374,nan,0
2023-03-24T17:58:55Z,2023-03-24T17:59:00Z,nan,0.0002821365723339732,nan,0
2023-03-24T17:58:55Z,2023-03-24T17:59:00Z,nan,0.00028300613762794743,nan,0
2023-03-24T17:58:55Z,2023-03-24T17:59:00Z,nan,0.0002838087970773145,nan,0
2023-03-24T17:58:55Z,2023-03-24T17:59:00Z,nan,0.0002842361004616409,nan,0
2023-03-24T17:58:55Z,2023-03-24T17:59:00Z,nan,0.000285168524513433,nan,0
2023-03-24T17:58:55Z,2023-03-24T17:59:00Z,nan,0.00028573660054903734,nan,0
2023-03-24T17:58:55Z,2023-03-24T17:59:00Z,nan,0.00028679103635624245,nan,0
2023-03-24T17:58:55Z,2023-03-24T17:59:00Z,nan,0.0002876464739230046,nan,0
2023-03-24T17:58:55Z,2023-03-24T17:59:00Z,nan,0.0002880503447086462,nan,0
2023-03-24T17:58:55Z,2023-03-24T17:59:00Z,nan,0.00028781153023570665,nan,0
2023-03-24T17:58:55Z,2023-03-24T17:59:00Z,nan,0.0002883300753503201,nan,0
2023-03-24T17:58:55Z,2023-03-24T17:59:00Z,nan,0.000288333573869326,nan,0
2023-03-24T17:58:55Z,2023-03-24T17:59:00Z,nan,0.00028829184897526437,nan,0
2023-03-24T17:58:55Z,2023-03-24T17:59:00Z,nan,0.0002885540893269778,nan,0
2023-03-24T17:58:55Z,2023-03-24T17:59:00Z,nan,0.00028961381587542867,nan,0
2023-03-24T17:58:55Z,2023-03-24T17:59:00Z,nan,0.0002899048885845524,nan,0
2023-03-24T17:58:55Z,2023-03-24T17:59:00Z,nan,0.0002893736730668371,nan,0
2023-03-24T17:58:55Z,2023-03-24T17:59:00Z,nan,0.0002888950558263347,nan,0
2023-03-24T17:58:55Z,2023-03-24T17:59:00Z,nan,0.00028988820159224184,nan,0
2023-03-24T17:58:55Z,2023-03-24T17:59:00Z,nan,0.0002910600379518661,nan,0
2023-03-24T17:58:55Z,2023-03-24T17:59:00Z,nan,0.0002930069083298445,nan,0
2023-03-24T17:58:55Z,2023-03-24T17:59:00Z,nan,0.00029329413452013607,nan,0
2023-03-24T17:58:55Z,2023-03-24T17:59:00Z,nan,0.0002931015857111044,nan,0
2023-03-24T17:58:55Z,2023-03-24T17:59:00Z,nan,0.00029354954997885016,nan,0
2023-03-24T17:58:55Z,2023-03-24T17:59:00Z,nan,0.00029454951496317005,nan,0
2023-03-24T17:58:55Z,2023-03-24T17:59:00Z,nan,0.00029484249090960075,nan,0
2023-03-24T17:58:55Z,2023-03-24T17:59:00Z,nan,0.00029675849272600225,nan,0
2023-03-24T17:58:55Z,2023-03-24T17:59:00Z,nan,0.00029861139253910366,nan,0
2023-03-24T17:58:55Z,2023-03-24T17:59:00Z,nan,0.00029958071876141,nan,0
2023-03-24T17:58:55Z,2023-03-24T17:59:00Z,nan,0.00030066093260428585,nan,0
2023-03-24T17:58:55Z,2023-03-24T17:59:00Z,nan,0.0003027935198703819,nan,0
2023-03-24T17:58:55Z,2023-03-24T17:59:00Z,nan,0.00030426560595465013,nan,0
2023-03-24T17:58:55Z,2023-03-24T17:59:00Z,nan,0.0003063337184540446,nan,0
2023-03-24T17:58:55Z,2023-03-24T17:59:00Z,nan,0.00030758126674262335,nan,0
2023-03-24T17:58:55Z,2023-03-24T17:59:00Z,nan,0.00030862028637337224,nan,0
2023-03-24T17:58:55Z,2023-03-24T17:59:00Z,nan,0.00030931935364345855,nan,0
2023-03-24T17:58:55Z,2023-03-24T17:59:00Z,nan,0.00030978495235076906,nan,0
2023-03-24T17:58:55Z,2023-03-24T17:59:00Z,nan,0.0003097673502473904,nan,0
2023-03-24T17:58:55Z,2023-03-24T17:59:00Z,nan,0.0003101450669867325,nan,0
2023-03-24T17:58:55Z,2023-03-24T17:59:00Z,nan,0.00031051575738861323,nan,0
2023-03-24T17:58:55Z,2023-03-24T17:59:00Z,nan,0.00031044264458730673,nan,0
2023-03-24T17:58:55Z,2023-03-24T17:59:00Z,nan,0.00031029727191651173,nan,0
2023-03-24T17:58:55Z,2023-03-24T17:59:00Z,nan,0.0003110204829937141,nan,0
2023-03-24T17:58:55Z,2023-03-24T17:59:00Z,nan,0.00031190988566724367,nan,0
2023-03-24T17:58:55Z,2023-03-24T17:59:00Z,nan,0.0003122239286413756,nan,0
2023-03-24T17:58:55Z,2023-03-24T17:59:00Z,nan,0.0003127781500526433,nan,0
2023-03-24T17:58:55Z,2023-03-24T17:59:00Z,nan,0.00031294518984938325,nan,0
2023-03-24T17:58:55Z,2023-03-24T17:59:00Z,nan,0.00031297381697092085,nan,0
2023-03-24T17:58:55Z,2023-03-24T17:59:00Z,nan,0.0003126153013834228,nan,0
2023-03-24T17:58:55Z,2023-03-24T17:59:00Z,nan,0.0003143482566307544,nan,0
2023-03-24T17:58:55Z,2023-03-24T17:59:00Z,nan,0.00031341624789317626,nan,0
2023-03-24T17:58:55Z,2023-03-24T17:59:00Z,nan,0.00031309275798195417,nan,0
2023-03-24T17:58:55Z,2023-03-24T17:59:00Z,nan,0.0003128750523245328,nan,0
2023-03-24T17:58:55Z,2023-03-24T17:59:00Z,nan,0.0003124030604992784,nan,0
2023-03-24T17:58:55Z,2023-03-24T17:59:00Z,nan,0.00031243399587268627,nan,0
2023-03-24T17:58:55Z,2023-03-24T17:59:00Z,nan,0.0003110804278232214,nan,0
2023-03-24T17:58:55Z,2023-03-24T17:59:00Z,nan,0.00031151507992286645,nan,0
2023-03-24T17:58:55Z,2023-03-24T17:59:00Z,nan,0.0003128140044369006,nan,0
2023-03-24T17:58:55Z,2023-03-24T17:59:00Z,nan,0.0003129499562266876,nan,0
2023-03-24T17:58:55Z,2023-03-24T17:59:00Z,nan,0.00031228712758628145,nan,0
2023-03-24T17:58:55Z,2023-03-24T17:59:00Z,nan,0.00031141448175757257,nan,0
2023-03-24T17:58:55Z,2023-03-24T17:59:00Z,nan,0.0003121581064681288,nan,0
2023-03-24T17:58:55Z,2023-03-24T17:59:00Z,nan,0.000309888431349793,nan,0
2023-03-24T17:58:55Z,2023-03-24T17:59:00Z,nan,0.00030951467471425196,nan,0
2023-03-24T17:58:55Z,2023-03-24T17:59:00Z,nan,0.00030786367534186323,nan,0
2023-03-24T17:58:55Z,2023-03-24T17:59:00Z,nan,0.0003068582135987316,nan,0
2023-03-24T17:58:55Z,2023-03-24T17:59:00Z,nan,0.00030583849140750487,nan,0
2023-03-24T17:58:55Z,2023-03-24T17:59:00Z,nan,0.00030507778526887814,nan,0
2023-03-24T17:58:55Z,2023-03-24T17:59:00Z,nan,0.0003035199334246688,nan,0
2023-03-24T17:58:55Z,2023-03-24T17:59:00Z,nan,0.0003036885031491573,nan,0
2023-03-24T17:58:55Z,2023-03-24T17:59:00Z,nan,0.0003042791607050278,nan,0
2023-03-24T17:58:55Z,2023-03-24T17:59:00Z,nan,0.00030593071376837914,nan,0
2023-03-24T17:58:55Z,2023-03-24T17:59:00Z,nan,0.0003060727814077091,nan,1
2023-03-24T17:58:55Z,2023-03-24T17:59:00Z,nan,0.0003081296068275349,nan,1
2023-03-24T17:58:55Z,2023-03-24T17:59:00Z,nan,0.00030786152455520004,nan,1
2023-03-24T17:58:55Z,2023-03-24T17:59:00Z,nan,0.0003063671376857204,nan,1
2023-03-24T17:58:55Z,2023-03-24T17:59:00Z,nan,0.00030674214434480194,nan,1
2023-03-24T17:58:55Z,2023-03-24T17:59:00Z,nan,0.00030667826640305723,nan,1
2023-03-24T17:58:55Z,2023-03-24T17:59:00Z,nan,0.0003059189228261371,nan,1
2023-03-24T17:58:55Z,2023-03-24T17:59:00Z,nan,0.0003056386480657733,nan,1
2023-03-24T17:58:55Z,2023-03-24T17:59:00Z,nan,0.000305239440711438,nan,1
2023-03-24T17:58:55Z,2023-03-24T17:59:00Z,nan,0.00030514243899481473,nan,1
2023-03-24T17:58:55Z,2023-03-24T17:59:00Z,nan,0.0003053255694827546,nan,1
2023-03-24T17:58:55Z,2023-03-24T17:59:00Z,nan,0.00030545970541015336,nan,1
2023-03-24T17:58:55Z,2023-03-24T17:59:00Z,nan,0.0003058867181483496,nan,1
2023-03-24T17:58:55Z,2023-03-24T17:59:00Z,nan,0.0003054941669379038,nan,1
2023-03-24T17:58:55Z,2023-03-24T17:59:00Z,nan,0.0003057780535209091,nan,1
2023-03-24T17:58:55Z,2023-03-24T17:59:00Z,nan,0.0003057776173312966,nan,1
2023-03-24T17:58:55Z,2023-03-24T17:59:00Z,nan,0.0003055269778325572,nan,1
2023-03-24T17:58:55Z,2023-03-24T17:59:00Z,nan,0.0003036860971352626,nan,1
2023-03-24T17:58:55Z,2023-03-24T17:59:00Z,nan,0.0003020849962972436,nan,1
2023-03-24T17:58:55Z,2023-03-24T17:59:00Z,nan,0.00030232699722205206,nan,1
2023-03-24T17:58:55Z,2023-03-24T17:59:00Z,nan,0.0003019527989843843,nan,1
2023-03-24T17:58:55Z,2023-03-24T17:59:00Z,nan,0.0003015706298728428,nan,1
2023-03-24T17:58:55Z,2023-03-24T17:59:00Z,nan,0.0003005004199466943,nan,1
2023-03-24T17:58:55Z,2023-03-24T17:59:00Z,nan,0.0002993217549140723,nan,1
2023-03-24T17:58:55Z,2023-03-24T17:59:00Z,nan,0.00029904133924659756,nan,1
2023-03-24T17:58:55Z,2023-03-24T17:59:00Z,nan,0.0002976347503498785,nan,1
2023-03-24T17:58:55Z,2023-03-24T17:59:00Z,nan,0.0002974450971243321,nan,1
2023-03-24T17:58:55Z,2023-03-24T17:59:00Z,nan,0.0002966933232800991,nan,1
2023-03-24T17:58:55Z,2023-03-24T17:59:00Z,nan,0.0002971632023983401,nan,1
2023-03-24T17:58:55Z,2023-03-24T17:59:00Z,nan,0.0002970730294365693,nan,1
2023-03-24T17:58:55Z,2023-03-24T17:59:00Z,nan,0.00029589545535117914,nan,1
2023-03-24T17:58:55Z,2023-03-24T17:59:00Z,nan,0.0002947824825163479,nan,1
2023-03-24T17:58:55Z,2023-03-24T17:59:00Z,nan,0.00029438628783715813,nan,1
2023-03-24T17:58:55Z,2023-03-24T17:59:00Z,nan,0.0002938801202079869,nan,1
2023-03-24T17:58:55Z,2023-03-24T17:59:00Z,nan,0.00029274811696844097,nan,1
2023-03-24T17:58:55Z,2023-03-24T17:59:00Z,nan,0.00029176051035803,nan,1
2023-03-24T17:58:55Z,2023-03-24T17:59:00Z,nan,0.00029122825434541586,nan,1
2023-03-24T17:58:55Z,2023-03-24T17:59:00Z,nan,0.0002898167466963256,nan,1
2023-03-24T17:58:55Z,2023-03-24T17:59:00Z,nan,0.0002892700834709312,nan,1
2023-03-24T17:58:55Z,2023-03-24T17:59:00Z,nan,0.00028926655348303213,nan,1
2023-03-24T17:58:55Z,2023-03-24T17:59:00Z,nan,0.00028730159225058116,nan,1
2023-03-24T17:58:55Z,2023-03-24T17:59:00Z,nan,0.00028624501071737227,nan,1
2023-03-24T17:58:55Z,2023-03-24T17:59:00Z,nan,0.0002859367160585724,nan,1
2023-03-24T17:58:55Z,2023-03-24T17:59:00Z,nan,0.0002851865622516117,nan,1
2023-03-24T17:58:55Z,2023-03-24T17:59:00Z,nan,0.00028462688068226313,nan,1
2023-03-24T17:58:55Z,2023-03-24T17:59:00Z,nan,0.00028271026284763004,nan,1
2023-03-24T17:58:55Z,2023-03-24T17:59:00Z,nan,0.0002815653333762906,nan,1
2023-03-24T17:58:55Z,2023-03-24T17:59:00Z,nan,0.00027998583554179966,nan,1
2023-03-24T17:58:55Z,2023-03-24T17:59:00Z,nan,0.00027799698899476946,nan,1
2023-03-24T17:58:55Z,2023-03-24T17:59:00Z,nan,0.00027618373574455105,nan,1
2023-03-24T17:58:55Z,2023-03-24T17:59:00Z,nan,0.00027536266076292785,nan,1
2023-03-24T17:58:55Z,2023-03-24T17:59:00Z,nan,0.0002741571868852047,nan,1
2023-03-24T17:58:55Z,2023-03-24T17:59:00Z,nan,0.00027340063534455234,nan,1
2023-03-24T17:58:55Z,2023-03-24T17:59:00Z,nan,0.0002733184495615785,nan,1
2023-03-24T17:58:55Z,2023-03-24T17:59:00Z,nan,0.00027393339505170974,nan,1
2023-03-24T17:58:55Z,2023-03-24T17:59:00Z,nan,0.0002742447209048661,nan,1
2023-03-24T17:58:55Z,2023-03-24T17:59:00Z,nan,0.000274490994761733,nan,1
2023-03-24T17:58:55Z,2023-03-24T17:59:00Z,nan,0.00027600265330719227,nan,1
2023-03-24T17:58:55Z,2023-03-24T17:59:00Z,nan,0.0002775226180007283,nan,1
2023-03-24T17:58:55Z,2023-03-24T17:59:00Z,nan,0.00028031648067344974,nan,1
2023-03-24T17:58:55Z,2023-03-24T17:59:00Z,nan,0.0002829139359667439,nan,1
2023-03-24T17:58:55Z,2023-03-24T17:59:00Z,nan,0.00028434758874579903,nan,0
2023-03-24T17:58:55Z,2023-03-24T17:59:00Z,nan,0.0002861164651218425,nan,0
2023-03-24T17:58:55Z,2023-03-24T17:59:00Z,nan,0.00028758561003673465,nan,0
2023-03-24T17:58:55Z,2023-03-24T17:59:00Z,nan,0.00028747341928335424,nan,0
2023-03-24T17:58:55Z,2023-03-24T17:59:00Z,nan,0.0002892695945038665,nan,0
2023-03-24T17:58:55Z,2023-03-24T17:59:00Z,nan,0.0002915255309913757,nan,0
2023-03-24T17:58:55Z,2023-03-24T17:59:00Z,nan,0.00029231315401769795,nan,0
2023-03-24T17:58:55Z,2023-03-24T17:59:00Z,nan,0.000293718330306889,nan,0
2023-03-24T17:58:55Z,2023-03-24T17:59:00Z,nan,0.00029559987428649695,nan,0
2023-03-24T17:58:55Z,2023-03-24T17:59:00Z,nan,0.0002977409323944203,nan,0
2023-03-24T17:58:55Z,2023-03-24T17:59:00Z,nan,0.0003003851462758937,nan,0
2023-03-24T17:58:55Z,2023-03-24T17:59:00Z,nan,0.0003019246137788507,nan,0
2023-03-24T17:58:55Z,2023-03-24T17:59:00Z,nan,0.000303104732364707,nan,0
2023-03-24T17:58:55Z,2023-03-24T17:59:00Z,nan,0.0003044946344972293,nan,0
2023-03-24T17:58:55Z,2023-03-24T17:59:00Z,nan,0.0003060119534334554,nan,0
2023-03-24T17:58:55Z,2023-03-24T17:59:00Z,nan,0.0003073872235405937,nan,0
2023-03-24T17:58:55Z,2023-03-24T17:59:00Z,nan,0.00030947897951921126,nan,0
2023-03-24T17:58:55Z,2023-03-24T17:59:00Z,nan,0.00030937651270667766,nan,0
2023-03-24T17:58:55Z,2023-03-24T17:59:00Z,nan,0.00030924195445795964,nan,0
2023-03-24T17:58:55Z,2023-03-24T17:59:00Z,nan,0.0003087917543318466,nan,0
2023-03-24T17:58:55Z,2023-03-24T17:59:00Z,nan,0.00030970414854054326,nan,0
2023-03-24T17:58:55Z,2023-03-24T17:59:00Z,nan,0.00030945180858464876,nan,0
2023-03-24T17:58:55Z,2023-03-24T17:59:00Z,nan,0.0003102660745708338,nan,0
2023-03-24T17:58:55Z,2023-03-24T17:59:00Z,nan,0.00030992616548774354,nan,0
2023-03-24T17:58:55Z,2023-03-24T17:59:00Z,nan,0.0003104109865002823,nan,0
2023-03-24T17:58:55Z,2023-03-24T17:59:00Z,nan,0.0003085993761078975,nan,0
2023-03-24T17:58:55Z,2023-03-24T17:59:00Z,nan,0.000307657121594241,nan,0
2023-03-24T17:58:55Z,2023-03-24T17:59:00Z,nan,0.00030682630367037954,nan,0
2023-03-24T17:58:55Z,2023-03-24T17:59:00Z,nan,0.0003072901476999431,nan,0
2023-03-24T17:58:55Z,2023-03-24T17:59:00Z,nan,0.0003070090635426563,nan,0
2023-03-24T17:58:55Z,2023-03-24T17:59:00Z,nan,0.0003075046679943127,nan,0
2023-03-24T17:58:55Z,2023-03-24T17:59:00Z,nan,0.00030734253981874027,nan,0
2023-03-24T17:58:55Z,2023-03-24T17:59:00Z,nan,0.0003078269520772338,nan,0
2023-03-24T17:58:55Z,2023-03-24T17:59:00Z,nan,0.0003082244326252018,nan,0
2023-03-24T17:58:55Z,2023-03-24T17:59:00Z,nan,0.00030939584437539866,nan,0
2023-03-24T17:58:55Z,2023-03-24T17:59:00Z,nan,0.0003089741160534552,nan,0
2023-03-24T17:58:55Z,2023-03-24T17:59:00Z,nan,0.0003106074103256134,nan,0
2023-03-24T17:58:55Z,2023-03-24T17:59:00Z,nan,0.00031079891106552217,nan,0
2023-03-24T17:58:55Z,2023-03-24T17:59:00Z,nan,0.0003110955932218382,nan,0
2023-03-24T17:58:55Z,2023-03-24T17:59:00Z,nan,0.00031121186088057135,nan,0
2023-03-24T17:58:55Z,2023-03-24T17:59:00Z,nan,0.0003111861251468011,nan,0
2023-03-24T17:58:55Z,2023-03-24T17:59:00Z,nan,0.00031118367999007714,nan,0
2023-03-24T17:58:55Z,2023-03-24T17:59:00Z,nan,0.0003110379080610259,nan,0
2023-03-24T17:58:55Z,2023-03-24T17:59:00Z,nan,0.000311378943268191,nan,0
2023-03-24T17:58:55Z,2023-03-24T17:59:00Z,nan,0.0003098520092349999,nan,0
2023-03-24T17:58:55Z,2023-03-24T17:59:00Z,nan,0.0003086244779097425,nan,0
2023-03-24T17:58:55Z,2023-03-24T17:59:00Z,nan,0.00030684122815495177,nan,0
2023-03-24T17:58:55Z,2023-03-24T17:59:00Z,nan,0.0003060078871081813,nan,0
2023-03-24T17:58:55Z,2023-03-24T17:59:00Z,nan,0.0003060902500760032,nan,0
2023-03-24T17:58:55Z,2023-03-24T17:59:00Z,nan,0.0003060699170451737,nan,0
2023-03-24T17:58:55Z,2023-03-24T17:59:00Z,nan,0.0003055225316677801,nan,0
2023-03-24T17:58:55Z,2023-03-24T17:59:00Z,nan,0.00030597005089095283,nan,0
2023-03-24T17:58:55Z,2023-03-24T17:59:00Z,nan,0.000306405790082735,nan,0
2023-03-24T17:58:55Z,2023-03-24T17:59:00Z,nan,0.00030641916385950425,nan,0
2023-03-24T17:58:55Z,2023-03-24T17:59:00Z,nan,0.0003065734511904193,nan,0
2023-03-24T17:58:55Z,2023-03-24T17:59:00Z,nan,0.0003074228456298565,nan,0
2023-03-24T17:58:55Z,2023-03-24T17:59:00Z,nan,0.00030775963829181676,nan,0
2023-03-24T17:58:55Z,2023-03-24T17:59:00Z,nan,0.00030829712522014894,nan,0
2023-03-24T17:58:55Z,2023-03-24T17:59:00Z,nan,0.0003077294425664822,nan,0
2023-03-24T17:58:55Z,2023-03-24T17:59:00Z,nan,0.00030750278799449347,nan,0
2023-03-24T17:58:55Z,2023-03-24T17:59:00Z,nan,0.0003066597967344989,nan,0
2023-03-24T17:58:55Z,2023-03-24T17:59:00Z,nan,0.0003067386340729392,nan,0
2023-03-24T17:58:55Z,2023-03-24T17:59:00Z,nan,0.000305981576015077,nan,0
2023-03-24T17:58:55Z,2023-03-24T17:59:00Z,nan,0.00030688572663623015,nan,0
2023-03-24T17:58:55Z,2023-03-24T17:59:00Z,nan,0.0003073078964084122,nan,0
2023-03-24T17:58:55Z,2023-03-24T17:59:00Z,nan,0.0003083819817391344,nan,0
2023-03-24T17:58:55Z,2023-03-24T17:59:00Z,nan,0.0003088048948500209,nan,0
2023-03-24T17:58:55Z,2023-03-24T17:59:00Z,nan,0.00030809456800943443,nan,0
2023-03-24T17:58:55Z,2023-03-24T17:59:00Z,nan,0.0003081030672193522,nan,0
2023-03-24T17:58:55Z,2023-03-24T17:59:00Z,nan,0.0003078222043721998,nan,0
2023-03-24T17:58:55Z,2023-03-24T17:59:00Z,nan,0.0003102308419426108,nan,0
2023-03-24T17:58:55Z,2023-03-24T17:59:00Z,nan,0.00031106559863125266,nan,0
2023-03-24T17:58:55Z,2023-03-24T17:59:00Z,nan,0.0003109095019933545,nan,0
2023-03-24T17:58:55Z,2023-03-24T17:59:00Z,nan,0.00031213146391281864,nan,0
2023-03-24T17:58:55Z,2023-03-24T17:59:00Z,nan,0.0003115334551038067,nan,0
2023-03-24T17:58:55Z,2023-03-24T17:59:00Z,nan,0.0003129502234136081,nan,0
2023-03-24T17:58:55Z,2023-03-24T17:59:00Z,nan,0.00031384351254513834,nan,0
2023-03-24T17:58:55Z,2023-03-24T17:59:00Z,nan,0.0003142245780131628,nan,0
2023-03-24T17:58:55Z,2023-03-24T17:59:00Z,nan,0.00031490594590173154,nan,0
2023-03-24T17:58:55Z,2023-03-24T17:59:00Z,nan,0.0003141818309662923,nan,0
2023-03-24T17:58:55Z,2023-03-24T17:59:00Z,nan,0.000317182288396303,nan,0
2023-03-24T17:58:55Z,2023-03-24T17:59:00Z,nan,0.00031755648909640805,nan,0
2023-03-24T17:58:55Z,2023-03-24T17:59:00Z,nan,0.0003161350188740211,nan,0
2023-03-24T17:58:55Z,2023-03-24T17:59:00Z,nan,0.00031568536371033795,nan,0
2023-03-24T17:58:55Z,2023-03-24T17:59:00Z,nan,0.00031595038828577117,nan,1
2023-03-24T17:58:55Z,2023-03-24T17:59:00Z,nan,0.00031678285605530535,nan,1
2023-03-24T17:58:55Z,2023-03-24T17:59:00Z,nan,0.00031603106709591794,nan,1
2023-03-24T17:58:55Z,2023-03-24T17:59:00Z,nan,0.0003166554978663634,nan,1
2023-03-24T17:58:55Z,2023-03-24T17:59:00Z,nan,0.00031834750646085483,nan,1
2023-03-24T17:58:55Z,2023-03-24T17:59:00Z,nan,0.00032042822736386064,nan,1
2023-03-24T17:58:55Z,2023-03-24T17:59:00Z,nan,0.0003219182121715592,nan,1
2023-03-24T17:58:55Z,2023-03-24T17:59:00Z,nan,0.00032279427575273765,nan,1
2023-03-24T17:58:55Z,2023-03-24T17:59:00Z,nan,0.00032349250126947134,nan,1
2023-03-24T17:58:55Z,2023-03-24T17:59:00Z,nan,0.0003245033537504763,nan,1
2023-03-24T17:58:55Z,2023-03-24T17:59:00Z,nan,0.000325155615161193,nan,1
2023-03-24T17:58:55Z,2023-03-24T17:59:00Z,nan,0.0003265716827825155,nan,1
2023-03-24T17:58:55Z,2023-03-24T17:59:00Z,nan,0.0003277041989304646,nan,1
2023-03-24T17:58:55Z,2023-03-24T17:59:00Z,nan,0.00033050294462054274,nan,1
2023-03-24T17:58:55Z,2023-03-24T17:59:00Z,nan,0.00033323351485517715,nan,1
2023-03-24T17:58:55Z,2023-03-24T17:59:00Z,nan,0.00033444128703795573,nan,1
2023-03-24T17:58:55Z,2023-03-24T17:59:00Z,nan,0.0003345526105575288,nan,1
2023-03-24T17:58:55Z,2023-03-24T17:59:00Z,nan,0.0003359849254602132,nan,1
2023-03-24T17:58:55Z,2023-03-24T17:59:00Z,nan,0.00033585170628392085,nan,1
2023-03-24T17:58:55Z,2023-03-24T17:59:00Z,nan,0.0003373974108046645,nan,1
2023-03-24T17:58:55Z,2023-03-24T17:59:00Z,nan,0.00033789067095483003,nan,1
2023-03-24T17:58:55Z,2023-03-24T17:59:00Z,nan,0.00033875999994935563,nan,1
2023-03-24T17:58:55Z,2023-03-24T17:59:00Z,nan,0.00034020964435118624,nan,1
2023-03-24T17:58:55Z,2023-03-24T17:59:00Z,nan,0.00034078775591750334,nan,1
2023-03-24T17:58:55Z,2023-03-24T17:59:00Z,nan,0.00034109365191417243,nan,1
2023-03-24T17:58:55Z,2023-03-24T17:59:00Z,nan,0.0003407275607911708,nan,1
2023-03-24T17:58:55Z,2023-03-24T17:59:00Z,nan,0.00034117521822902056,nan,1
2023-03-24T17:58:55Z,2023-03-24T17:59:00Z,nan,0.0003410793037550403,nan,1
2023-03-24T17:58:55Z,2023-03-24T17:59:00Z,nan,0.0003402058908722127,nan,1
2023-03-24T17:58:55Z,2023-03-24T17:59:00Z,nan,0.0003398752419577382,nan,1
2023-03-24T17:58:55Z,2023-03-24T17:59:00Z,nan,0.0003396925840321688,nan,1
2023-03-24T17:58:55Z,2023-03-24T17:59:00Z,nan,0.0003392332622995435,nan,1
2023-03-24T17:58:55Z,2023-03-24T17:59:00Z,nan,0.0003387846778751816,nan,1
2023-03-24T17:58:55Z,2023-03-24T17:59:00Z,nan,0.0003388944248168671,nan,1
2023-03-24T17:58:55Z,2023-03-24T17:59:00Z,nan,0.00033941064349729674,nan,1
2023-03-24T17:58:55Z,2023-03-24T17:59:00Z,nan,0.00033846483954617294,nan,1
2023-03-24T17:58:55Z,2023-03-24T17:59:00Z,nan,0.00033569081713132124,nan,1
2023-03-24T17:58:55Z,2023-03-24T17:59:00Z,nan,0.0003337214504408097,nan,1
2023-03-24T17:58:55Z,2023-03-24T17:59:00Z,nan,0.0003316671214218423,nan,1
2023-03-24T17:58:55Z,2023-03-24T17:59:00Z,nan,0.00033034728516388484,nan,1
2023-03-24T17:58:55Z,2023-03-24T17:59:00Z,nan,0.0003294193761325163,nan,1
2023-03-24T17:58:55Z,2023-03-24T17:59:00Z,nan,0.0003287359435045332,nan,1
2023-03-24T17:58:55Z,2023-03-24T17:59:00Z,nan,0.0003278729674083747,nan,1
2023-03-24T17:58:55Z,2023-03-24T17:59:00Z,nan,0.0003280955345656207,nan,1
2023-03-24T17:58:55Z,2023-03-24T17:59:00Z,nan,0.000326953720840533,nan,1
2023-03-24T17:58:55Z,2023-03-24T17:59:00Z,nan,0.00032620538662943304,nan,1
2023-03-24T17:58:55Z,2023-03-24T17:59:00Z,nan,0.000326208169498484,nan,1
2023-03-24T17:58:55Z,2023-03-24T17:59:00Z,nan,0.00032758170629670815,nan,1
2023-03-24T17:58:55Z,2023-03-24T17:59:00Z,nan,0.00032726550645572553,nan,1
2023-03-24T17:58:55Z,2023-03-24T17:59:00Z,nan,0.00032613471520519634,nan,1
2023-03-24T17:58:55Z,2023-03-24T17:59:00Z,nan,0.00032559079842335185,nan,1
2023-03-24T17:58:55Z,2023-03-24T17:59:00Z,nan,0.0003253954497183788,nan,1
2023-03-24T17:58:55Z,2023-03-24T17:59:00Z,nan,0.00032520120256987657,nan,1
2023-03-24T17:58:55Z,2023-03-24T17:59:00Z,nan,0.00032379917624117594,nan,1
2023-03-24T17:58:55Z,2023-03-24T17:59:00Z,nan,0.0003229992754992992,nan,1
2023-03-24T17:58:55Z,2023-03-24T17:59:00Z,nan,0.0003214763768002773,nan,1
2023-03-24T17:58:55Z,2023-03-24T17:59:00Z,nan,0.0003205091859999282,nan,1
2023-03-24T17:58:55Z,2023-03-24T17:59:00Z,nan,0.00031959660670194997,nan,1
2023-03-24T17:58:55Z,2023-03-24T17:59:00Z,nan,0.0003182047799334953,nan,1
2023-03-24T17:58:55Z,2023-03-24T17:59:00Z,nan,0.00031825286620435503,nan,1
2023-03-24T17:58:55Z,2023-03-24T17:59:00Z,nan,0.0003185959586379496,nan,1
2023-03-24T17:58:55Z,2023-03-24T17:59:00Z,nan,0.0003198892375627869,nan,1
2023-03-24T17:58:55Z,2023-03-24T17:59:00Z,nan,0.00031944998966041153,nan,1
2023-03-24T17:58:55Z,2023-03-24T17:59:00Z,nan,0.000319952142756468,nan,1
2023-03-24T17:58:55Z,2023-03-24T17:59:00Z,nan,0.00032078127025583373,nan,1
2023-03-24T17:58:55Z,2023-03-24T17:59:00Z,nan,0.00032128099291591205,nan,1
2023-03-24T17:58:55Z,2023-03-24T17:59:00Z,nan,0.00032321552194146023,nan,1
2023-03-24T17:58:55Z,2023-03-24T17:59:00Z,nan,0.0003238812298971807,nan,1
2023-03-24T17:58:55Z,2023-03-24T17:59:00Z,nan,0.00032374612594400054,nan,1
2023-03-24T17:58:55Z,2023-03-24T17:59:00Z,nan,0.0003232986119681402,nan,1
2023-03-24T17:58:55Z,2023-03-24T17:59:00Z,nan,0.00032404410231196874,nan,1
2023-03-24T17:58:55Z,2023-03-24T17:59:00Z,nan,0.00032407400212350107,nan,1
2023-03-24T17:58:55Z,2023-03-24T17:59:00Z,nan,0.0003254539037797904,nan,1
2023-03-24T17:58:55Z,2023-03-24T17:59:00Z,nan,0.0003267362311052789,nan,1
2023-03-24T17:58:55Z,2023-03-24T17:59:00Z,nan,0.00032810073693130814,nan,1
2023-03-24T17:58:55Z,2023-03-24T17:59:00Z,nan,0.00032915276473405894,nan,1
2023-03-24T17:58:55Z,2023-03-24T17:59:00Z,nan,0.00032941361840029877,nan,1
2023-03-24T17:58:55Z,2023-03-24T17:59:00Z,nan,0.00032998742938093875,nan,1
2023-03-24T17:58:55Z,2023-03-24T17:59:00Z,nan,0.00033031461716864926,nan,1
2023-03-24T17:58:55Z,2023-03-24T17:59:00Z,nan,0.0003298349052590183,nan,1
2023-03-24T17:58:55Z,2023-03-24T17:59:00Z,nan,0.00033069894456182967,nan,1
2023-03-24T17:58:55Z,2023-03-24T17:59:00Z,nan,0.000332748686830985,nan,1
2023-03-24T17:58:55Z,2023-03-24T17:59:00Z,nan,0.00033377796833200903,nan,1
2023-03-24T17:58:55Z,2023-03-24T17:59:00Z,nan,0.00033435540056354847,nan,0
2023-03-24T17:58:55Z,2023-03-24T17:59:00Z,nan,0.0003342161573292257,nan,0
2023-03-24T17:58:55Z,2023-03-24T17:59:00Z,nan,0.0003338094425133094,nan,0
2023-03-24T17:58:55Z,2023-03-24T17:59:00Z,nan,0.0003343578744540869,nan,0
2023-03-24T17:58:55Z,2023-03-24T17:59:00Z,nan,0.00033337064075928183,nan,0
2023-03-24T17:58:55Z,2023-03-24T17:59:00Z,nan,0.0003343629842974391,nan,0
2023-03-24T17:58:55Z,2023-03-24T17:59:00Z,nan,0.000333269253948245,nan,0
2023-03-24T17:58:55Z,2023-03-24T17:59:00Z,nan,0.00033420968084543583,nan,0
2023-03-24T17:58:55Z,2023-03-24T17:59:00Z,nan,0.0003349536203708963,nan,0
2023-03-24T17:58:55Z,2023-03-24T17:59:00Z,nan,0.0003345095219057425,nan,0
2023-03-24T17:58:55Z,2023-03-24T17:59:00Z,nan,0.00033563980626989226,nan,0
2023-03-24T17:58:55Z,2023-03-24T17:59:00Z,nan,0.00033630455636548797,nan,0
2023-03-24T17:58:55Z,2023-03-24T17:59:00Z,nan,0.00033703958247693834,nan,0
2023-03-24T17:58:55Z,2023-03-24T17:59:00Z,nan,0.0003370577037405517,nan,0
2023-03-24T17:58:55Z,2023-03-24T17:59:00Z,nan,0.00033660155978871485,nan,0
2023-03-24T17:58:55Z,2023-03-24T17:59:00Z,nan,0.00033681532835278276,nan,0
2023-03-24T17:58:55Z,2023-03-24T17:59:00Z,nan,0.00033620371177513604,nan,0
2023-03-24T17:58:55Z,2023-03-24T17:59:00Z,nan,0.0003358360099662679,nan,0
2023-03-24T17:58:55Z,2023-03-24T17:59:00Z,nan,0.00033570723444541027,nan,0
2023-03-24T17:58:55Z,2023-03-24T17:59:00Z,nan,0.0003344646772125071,nan,0
2023-03-24T17:58:55Z,2023-03-24T17:59:00Z,nan,0.00033450531258325683,nan,0
2023-03-24T17:58:55Z,2023-03-24T17:59:00Z,nan,0.0003341686059083371,nan,0
2023-03-24T17:58:55Z,2023-03-24T17:59:00Z,nan,0.00033386584632812783,nan,0
2023-03-24T17:58:55Z,2023-03-24T17:59:00Z,nan,0.00033377352936881776,nan,0
2023-03-24T17:58:55Z,2023-03-24T17:59:00Z,nan,0.0003333240632941458,nan,0
2023-03-24T17:58:55Z,2023-03-24T17:59:00Z,nan,0.00033232091534766625,nan,0
2023-03-24T17:58:55Z,2023-03-24T17:59:00Z,nan,0.00033136328043753945,nan,0
2023-03-24T17:58:55Z,2023-03-24T17:59:00Z,nan,0.00033096213844968143,nan,0
2023-03-24T17:58:55Z,2023-03-24T17:59:00Z,nan,0.0003314106724056501,nan,0
2023-03-24T17:58:55Z,2023-03-24T17:59:00Z,nan,0.0003307182199737466,nan,0
2023-03-24T17:58:55Z,2023-03-24T17:59:00Z,nan,0.0003309279147770373,nan,0
2023-03-24T17:58:55Z,2023-03-24T17:59:00Z,nan,0.0003308390380076253,nan,0
2023-03-24T17:58:55Z,2023-03-24T17:59:00Z,nan,0.0003314812108577788,nan,0
2023-03-24T17:58:55Z,2023-03-24T17:59:00Z,nan,0.0003319161027806568,nan,0
2023-03-24T17:58:55Z,2023-03-24T17:59:00Z,nan,0.0003310859357374544,nan,0
2023-03-24T17:58:55Z,2023-03-24T17:59:00Z,nan,0.000331654626943123,nan,0
2023-03-24T17:58:55Z,2023-03-24T17:59:00Z,nan,0.0003313074594416891,nan,1
2023-03-24T17:58:55Z,2023-03-24T17:59:00Z,nan,0.000332246652074285,nan,1
2023-03-24T17:58:55Z,2023-03-24T17:59:00Z,nan,0.0003337183708979963,nan,1
2023-03-24T17:58:55Z,2023-03-24T17:59:00Z,nan,0.00033208074221060163,nan,1
2023-03-24T17:58:55Z,2023-03-24T17:59:00Z,nan,0.0003327846838535382,nan,1
2023-03-24T17:58:55Z,2023-03-24T17:59:00Z,nan,0.0003334226866481659,nan,1
2023-03-24T17:58:55Z,2023-03-24T17:59:00Z,nan,0.0003347561733283616,nan,1
2023-03-24T17:58:55Z,2023-03-24T17:59:00Z,nan,0.00033429356243853785,nan,1
2023-03-24T17:58:55Z,2023-03-24T17:59:00Z,nan,0.00033408874375259046,nan,1
2023-03-24T17:58:55Z,2023-03-24T17:59:00Z,nan,0.00033530175350702515,nan,1
2023-03-24T17:58:55Z,2023-03-24T17:59:00Z,nan,0.0003350592709737015,nan,1
2023-03-24T17:58:55Z,2023-03-24T17:59:00Z,nan,0.0003358528142560688,nan,1
2023-03-24T17:58:55Z,2023-03-24T17:59:00Z,nan,0.0003357951375966125,nan,1
2023-03-24T17:58:55Z,2023-03-24T17:59:00Z,nan,0.00033669636793638247,nan,1
2023-03-24T17:58:55Z,2023-03-24T17:59:00Z,nan,0.000338044971226541,nan,1
2023-03-24T17:58:55Z,2023-03-24T17:59:00Z,nan,0.00033851573499612,nan,1
2023-03-24T17:58:55Z,2023-03-24T17:59:00Z,nan,0.00033781578927567606,nan,1
2023-03-24T17:58:55Z,2023-03-24T17:59:00Z,nan,0.0003361074943317214,nan,1
2023-03-24T17:58:55Z,2023-03-24T17:59:00Z,nan,0.0003354593216368092,nan,1
2023-03-24T17:58:55Z,2023-03-24T17:59:00Z,nan,0.0003354886193354305,nan,1
2023-03-24T17:58:55Z,2023-03-24T17:59:00Z,nan,0.0003357205448885771,nan,1
2023-03-24T17:58:55Z,2023-03-24T17:59:00Z,nan,0.0003362417039970149,nan,1
2023-03-24T17:58:55Z,2023-03-24T17:59:00Z,nan,0.00033616750586975376,nan,1
2023-03-24T17:58:55Z,2023-03-24T17:59:00Z,nan,0.0003358259172025062,nan,1
2023-03-24T17:58:55Z,2023-03-24T17:59:00Z,nan,0.00033628969062010676,nan,0
2023-03-24T17:58:55Z,2023-03-24T17:59:00Z,nan,0.0003358755295562949,nan,0
2023-03-24T17:58:55Z,2023-03-24T17:59:00Z,nan,0.0003368791083826131,nan,0
2023-03-24T17:58:55Z,2023-03-24T17:59:00Z,nan,0.0003369301079595507,nan,0
2023-03-24T17:58:55Z,2023-03-24T17:59:00Z,nan,0.00033601163626179764,nan,0
2023-03-24T17:58:55Z,2023-03-24T17:59:00Z,nan,0.0003344992729132121,nan,0
2023-03-24T17:58:55Z,2023-03-24T17:59:00Z,nan,0.0003358425133246063,nan,0
2023-03-24T17:58:55Z,2023-03-24T17:59:00Z,nan,0.00033608651324777597,nan,0
2023-03-24T17:58:55Z,2023-03-24T17:59:00Z,nan,0.0003363294935410956,nan,0
2023-03-24T17:58:55Z,2023-03-24T17:59:00Z,nan,0.00033547832995530803,nan,0
2023-03-24T17:58:55Z,2023-03-24T17:59:00Z,nan,0.00033498115092852574,nan,0
2023-03-24T17:58:55Z,2023-03-24T17:59:00Z,nan,0.0003341263428487385,nan,0
2023-03-24T17:58:55Z,2023-03-24T17:59:00Z,nan,0.00033472084373316677,nan,0
2023-03-24T17:58:55Z,2023-03-24T17:59:00Z,nan,0.0003323063686588498,nan,0
2023-03-24T17:58:55Z,2023-03-24T17:59:00Z,nan,0.0003313499069532804,nan,0
2023-03-24T17:58:55Z,2023-03-24T17:59:00Z,nan,0.0003315756994956721,nan,0
2023-03-24T17:58:55Z,2023-03-24T17:59:00Z,nan,0.00033145246795561565,nan,0
2023-03-24T17:58:55Z,2023-03-24T17:59:00Z,nan,0.00033154267603455363,nan,0
2023-03-24T17:58:55Z,2023-03-24T17:59:00Z,nan,0.00033155356710937514,nan,0
2023-03-24T17:58:55Z,2023-03-24T17:59:00Z,nan,0.00033086010148711313,nan,0
2023-03-24T17:58:55Z,2023-03-24T17:59:00Z,nan,0.00033154531261113136,nan,0
2023-03-24T17:58:55Z,2023-03-24T17:59:00Z,nan,0.00033150012463996147,nan,0
2023-03-24T17:58:55Z,2023-03-24T17:59:00Z,nan,0.00033066157637845077,nan,0
2023-03-24T17:58:55Z,2023-03-24T17:59:00Z,nan,0.0003309419083771165,nan,0
2023-03-24T17:58:55Z,2023-03-24T17:59:00Z,nan,0.0003308883520736869,nan,0
2023-03-24T17:58:55Z,2023-03-24T17:59:00Z,nan,0.000331875599149173,nan,0
2023-03-24T17:58:55Z,2023-03-24T17:59:00Z,nan,0.00033219871380281093,nan,0
2023-03-24T17:58:55Z,2023-03-24T17:59:00Z,nan,0.00033188968215100434,nan,0
2023-03-24T17:58:55Z,2023-03-24T17:59:00Z,nan,0.00033317076327742486,nan,0
2023-03-24T17:58:55Z,2023-03-24T17:59:00Z,nan,0.0003345688457095367,nan,0
2023-03-24T17:58:55Z,2023-03-24T17:59:00Z,nan,0.00033393710687475137,nan,0
2023-03-24T17:58:55Z,2023-03-24T17:59:00Z,nan,0.0003332318033057352,nan,0
2023-03-24T17:58:55Z,2023-03-24T17:59:00Z,nan,0.00033148404367439066,nan,0
2023-03-24T17:58:55Z,2023-03-24T17:59:00Z,nan,0.0003308995536133926,nan,0
2023-03-24T17:58:55Z,2023-03-24T17:59:00Z,nan,0.00033135397245398447,nan,0
2023-03-24T17:58:55Z,2023-03-24T17:59:00Z,nan,0.0003308073227637776,nan,0
2023-03-24T17:58:55Z,2023-03-24T17:59:00Z,nan,0.0003291583717524974,nan,0
2023-03-24T17:58:55Z,2023-03-24T17:59:00Z,nan,0.0003299175523902854,nan,0
2023-03-24T17:58:55Z,2023-03-24T17:59:00Z,nan,0.00032804396393053606,nan,0
2023-03-24T17:58:55Z,2023-03-24T17:59:00Z,nan,0.00032814535155736683,nan,0
2023-03-24T17:58:55Z,2023-03-24T17:59:00Z,nan,0.0003280606518453838,nan,0
2023-03-24T17:58:55Z,2023-03-24T17:59:00Z,nan,0.00032954762590109275,nan,0
2023-03-24T17:58:55Z,2023-03-24T17:59:00Z,nan,0.00032741896711404797,nan,0
2023-03-24T17:58:55Z,2023-03-24T17:59:00Z,nan,0.000328030036838018,nan,0
2023-03-24T17:58:55Z,2023-03-24T17:59:00Z,nan,0.000327868414325186,nan,0
2023-03-24T17:58:55Z,2023-03-24T17:59:00Z,nan,0.0003280511143581767,nan,0
2023-03-24T17:58:55Z,2023-03-24T17:59:00Z,nan,0.00032879586896116344,nan,0
2023-03-24T17:58:55Z,2023-03-24T17:59:00Z,nan,0.00033001170977916026,nan,0
2023-03-24T17:58:55Z,2023-03-24T17:59:00Z,nan,0.00033095035504243886,nan,0
2023-03-24T17:58:55Z,2023-03-24T17:59:00Z,nan,0.000333251794018621,nan,0
2023-03-24T17:58:55Z,2023-03-24T17:59:00Z,nan,0.00033463964321016673,nan,0
2023-03-24T17:58:55Z,2023-03-24T17:59:00Z,nan,0.00033761814121999726,nan,0
2023-03-24T17:58:55Z,2023-03-24T17:59:00Z,nan,0.0003384399246832584,nan,0
2023-03-24T17:58:55Z,2023-03-24T17:59:00Z,nan,0.00033921925904999747,nan,0
2023-03-24T17:58:55Z,2023-03-24T17:59:00Z,nan,0.00034085812473761063,nan,0
2023-03-24T17:58:55Z,2023-03-24T17:59:00Z,nan,0.00034228780290365376,nan,0
2023-03-24T17:58:55Z,2023-03-24T17:59:00Z,nan,0.0003438450490328492,nan,0
2023-03-24T17:58:55Z,2023-03-24T17:59:00Z,nan,0.00034521611423300757,nan,0
2023-03-24T17:58:55Z,2023-03-24T17:59:00Z,nan,0.0003463891903365249,nan,0
2023-03-24T17:58:55Z,2023-03-24T17:59:00Z,nan,0.0003461784348878945,nan,0
2023-03-24T17:58:55Z,2023-03-24T17:59:00Z,nan,0.00034639524312039284,nan,0
2023-03-24T17:58:55Z,2023-03-24T17:59:00Z,nan,0.00034503746228757055,nan,0
2023-03-24T17:58:55Z,2023-03-24T17:59:00Z,nan,0.0003456200784758288,nan,0
2023-03-24T17:58:55Z,2023-03-24T17:59:00Z,nan,0.00034529289951068965,nan,0
2023-03-24T17:58:55Z,2023-03-24T17:59:00Z,nan,0.0003444484840739516,nan,0
2023-03-24T17:58:55Z,2023-03-24T17:59:00Z,nan,0.0003444840137913102,nan,0
2023-03-24T17:58:55Z,2023-03-24T17:59:00Z,nan,0.0003450718515285769,nan,0
2023-03-24T17:58:55Z,2023-03-24T17:59:00Z,nan,0.0003446191463677365,nan,0
2023-03-24T17:58:55Z,2023-03-24T17:59:00Z,nan,0.00034542557879357015,nan,0
2023-03-24T17:58:55Z,2023-03-24T17:59:00Z,nan,0.00034582298576765796,nan,0
2023-03-24T17:58:55Z,2023-03-24T17:59:00Z,nan,0.00034626429239898604,nan,0
2023-03-24T17:58:55Z,2023-03-24T17:59:00Z,nan,0.0003470107425168217,nan,0
2023-03-24T17:58:55Z,2023-03-24T17:59:00Z,nan,0.00034563725367754765,nan,0
2023-03-24T17:58:55Z,2023-03-24T17:59:00Z,nan,0.00034555331340637433,nan,0
2023-03-24T17:58:55Z,2023-03-24T17:59:00Z,nan,0.00034752554238303026,nan,0
2023-03-24T17:58:55Z,2023-03-24T17:59:00Z,nan,0.0003469350313723867,nan,0
2023-03-24T17:58:55Z,2023-03-24T17:59:00Z,nan,0.0003470407858030373,nan,0
2023-03-24T17:58:55Z,2023-03-24T17:59:00Z,nan,0.0003467315423059756,nan,0
2023-03-24T17:58:55Z,2023-03-24T17:59:00Z,nan,0.0003478934421393497,nan,0
2023-03-24T17:58:55Z,2023-03-24T17:59:00Z,nan,0.0003469137577863469,nan,0
2023-03-24T17:58:55Z,2023-03-24T17:59:00Z,nan,0.00034629100778007117,nan,0
2023-03-24T17:58:55Z,2023-03-24T17:59:00Z,nan,0.0003455463519264562,nan,0
2023-03-24T17:58:55Z,2023-03-24T17:59:00Z,nan,0.00034354479658840124,nan,0
2023-03-24T17:58:55Z,2023-03-24T17:59:00Z,nan,0.00034112252501326313,nan,0
2023-03-24T17:58:55Z,2023-03-24T17:59:00Z,nan,0.00033904216045462686,nan,0
2023-03-24T17:58:55Z,2023-03-24T17:59:00Z,nan,0.00033717897967209767,nan,0
2023-03-24T17:58:55Z,2023-03-24T17:59:00Z,nan,0.0003357243880538177,nan,0
2023-03-24T17:58:55Z,2023-03-24T17:59:00Z,nan,0.00033446487847573543,nan,0
2023-03-24T17:58:55Z,2023-03-24T17:59:00Z,nan,0.0003342578220052847,nan,0
2023-03-24T17:58:55Z,2023-03-24T17:59:00Z,nan,0.0003342455599409487,nan,0
2023-03-24T17:58:55Z,2023-03-24T17:59:00Z,nan,0.00033194784812307185,nan,0
2023-03-24T17:58:55Z,2023-03-24T17:59:00Z,nan,0.0003332913314310295,nan,0
2023-03-24T17:58:55Z,2023-03-24T17:59:00Z,nan,0.00033494435681788177,nan,0
2023-03-24T17:58:55Z,2023-03-24T17:59:00Z,nan,0.00033470981528916575,nan,0
2023-03-24T17:58:55Z,2023-03-24T17:59:00Z,nan,0.00033548537726035306,nan,0
2023-03-24T17:58:55Z,2023-03-24T17:59:00Z,nan,0.00033465229889478344,nan,0
2023-03-24T17:58:55Z,2023-03-24T17:59:00Z,nan,0.00033435794574956256,nan,0
2023-03-24T17:58:55Z,2023-03-24T17:59:00Z,nan,0.0003345247889968513,nan,0
2023-03-24T17:58:55Z,2023-03-24T17:59:00Z,nan,0.00033444955778433994,nan,0
2023-03-24T17:58:55Z,2023-03-24T17:59:00Z,nan,0.0003334854074716642,nan,0
2023-03-24T17:58:55Z,2023-03-24T17:59:00Z,nan,0.00033417516335535336,nan,0
2023-03-24T17:58:55Z,2023-03-24T17:59:00Z,nan,0.00033343403074519314,nan,0
2023-03-24T17:58:55Z,2023-03-24T17:59:00Z,nan,0.00033326522053307456,nan,0
2023-03-24T17:58:55Z,2023-03-24T17:59:00Z,nan,0.00033389392754105653,nan,0
2023-03-24T17:58:55Z,2023-03-24T17:59:00Z,nan,0.0003347083646397524,nan,0
2023-03-24T17:58:55Z,2023-03-24T17:59:00Z,nan,0.00033489263124283875,nan,0
2023-03-24T17:58:55Z,2023-03-24T17:59:00Z,nan,0.00033437726353467375,nan,0
2023-03-24T17:58:55Z,2023-03-24T17:59:00Z,nan,0.000334569156953198,nan,0
2023-03-24T17:58:55Z,2023-03-24T17:59:00Z,nan,0.0003368709510715399,nan,0
2023-03-24T17:58:55Z,2023-03-24T17:59:00Z,nan,0.0003374567406913949,nan,0
2023-03-24T17:58:55Z,2023-03-24T17:59:00Z,nan,0.0003399508481705402,nan,0
2023-03-24T17:58:55Z,2023-03-24T17:59:00Z,nan,0.00034312667459075546,nan,0
2023-03-24T17:58:55Z,2023-03-24T17:59:00Z,nan,0.0003446149012078894,nan,0
2023-03-24T17:58:55Z,2023-03-24T17:59:00Z,nan,0.0003462793811626565,nan,0
2023-03-24T17:58:55Z,2023-03-24T17:59:00Z,nan,0.0003467077773331455,nan,0
2023-03-24T17:58:55Z,2023-03-24T17:59:00Z,nan,0.00034689154959425465,nan,0
2023-03-24T17:58:55Z,2023-03-24T17:59:00Z,nan,0.000348341336463382,nan,0
2023-03-24T17:58:55Z,2023-03-24T17:59:00Z,nan,0.0003488925131425808,nan,0
2023-03-24T17:58:55Z,2023-03-24T17:59:00Z,nan,0.00035011379617730685,nan,0
2023-03-24T17:58:55Z,2023-03-24T17:59:00Z,nan,0.0003525190406585628,nan,0
2023-03-24T17:58:55Z,2023-03-24T17:59:00Z,nan,0.00035314775158430976,nan,0
2023-03-24T17:58:55Z,2023-03-24T17:59:00Z,nan,0.00035369682307086463,nan,0
2023-03-24T17:58:55Z,2023-03-24T17:59:00Z,nan,0.0003541761721101355,nan,0
2023-03-24T17:58:55Z,2023-03-24T17:59:00Z,nan,0.000355191950305662,nan,0
2023-03-24T17:58:55Z,2023-03-24T17:59:00Z,nan,0.00035642289174456156,nan,0
2023-03-24T17:58:55Z,2023-03-24T17:59:00Z,nan,0.0003557117322624727,nan,0
2023-03-24T17:58:55Z,2023-03-24T17:59:00Z,nan,0.0003592022674557616,nan,0
2023-03-24T17:58:55Z,2023-03-24T17:59:00Z,nan,0.0003595883865424499,nan,0
2023-03-24T17:58:55Z,2023-03-24T17:59:00Z,nan,0.0003597571752934913,nan,0
2023-03-24T17:58:55Z,2023-03-24T17:59:00Z,nan,0.0003597971006646238,nan,0
2023-03-24T17:58:55Z,2023-03-24T17:59:00Z,nan,0.0003594900279540033,nan,0
2023-03-24T17:58:55Z,2023-03-24T17:59:00Z,nan,0.0003591164823985787,nan,0
2023-03-24T17:58:55Z,2023-03-24T17:59:00Z,nan,0.00036055143659074443,nan,0
2023-03-24T17:58:55Z,2023-03-24T17:59:00Z,nan,0.0003601188173558232,nan,0
2023-03-24T17:58:55Z,2023-03-24T17:59:00Z,nan,0.0003582040365047164,nan,0
2023-03-24T17:58:55Z,2023-03-24T17:59:00Z,nan,0.0003568052800705187,nan,0
2023-03-24T17:58:55Z,2023-03-24T17:59:00Z,nan,0.00035644248210923697,nan,0
2023-03-24T17:58:55Z,2023-03-24T17:59:00Z,nan,0.00035638300222624284,nan,0
2023-03-24T17:58:55Z,2023-03-24T17:59:00Z,nan,0.00035388487365607945,nan,0
2023-03-24T17:58:55Z,2023-03-24T17:59:00Z,nan,0.00035329055478675584,nan,0
2023-03-24T17:58:55Z,2023-03-24T17:59:00Z,nan,0.0003512036737311344,nan,0
2023-03-24T17:58:55Z,2023-03-24T17:59:00Z,nan,0.00034905009858078606,nan,0
2023-03-24T17:58:55Z,2023-03-24T17:59:00Z,nan,0.0003485901227873381,nan,0
2023-03-24T17:58:55Z,2023-03-24T17:59:00Z,nan,0.00034693158371538807,nan,0
2023-03-24T17:58:55Z,2023-03-24T17:59:00Z,nan,0.0003450401628332775,nan,0
2023-03-24T17:58:55Z,2023-03-24T17:59:00Z,nan,0.00034422476915469996,nan,0
2023-03-24T17:58:55Z,2023-03-24T17:59:00Z,nan,0.0003430159211647071,nan,0
2023-03-24T17:58:55Z,2023-03-24T17:59:00Z,nan,0.0003409312108588833,nan,0
2023-03-24T17:58:55Z,2023-03-24T17:59:00Z,nan,0.0003407364202971051,nan,0
2023-03-24T17:58:55Z,2023-03-24T17:59:00Z,nan,0.00034069344322175356,nan,0
2023-03-24T17:58:55Z,2023-03-24T17:59:00Z,nan,0.0003411060628186122,nan,0
2023-03-24T17:58:55Z,2023-03-24T17:59:00Z,nan,0.0003408488120384803,nan,0
2023-03-24T17:58:55Z,2023-03-24T17:59:00Z,nan,0.00034161818686475573,nan,0
2023-03-24T17:58:55Z,2023-03-24T17:59:00Z,nan,0.00034263006300177233,nan,0
2023-03-24T17:58:55Z,2023-03-24T17:59:00Z,nan,0.00034388891593667767,nan,0
2023-03-24T17:58:55Z,2023-03-24T17:59:00Z,nan,0.0003461425298314953,nan,0
2023-03-24T17:58:55Z,2023-03-24T17:59:00Z,nan,0.00034848844338578635,nan,0
2023-03-24T17:58:55Z,2023-03-24T17:59:00Z,nan,0.0003497684095649895,nan,0
2023-03-24T17:58:55Z,2023-03-24T17:59:00Z,nan,0.0003499123733968933,nan,0
2023-03-24T17:58:55Z,2023-03-24T17:59:00Z,nan,0.0003511833428757493,nan,0
2023-03-24T17:58:55Z,2023-03-24T17:59:00Z,nan,0.00035223285403751547,nan,0
2023-03-24T17:58:55Z,2023-03-24T17:59:00Z,nan,0.00035313182618422424,nan,0
2023-03-24T17:58:55Z,2023-03-24T17:59:00Z,nan,0.00035181787837966933,nan,0
2023-03-24T17:58:55Z,2023-03-24T17:59:00Z,nan,0.00035110417448358603,nan,0
2023-03-24T17:58:55Z,2023-03-24T17:59:00Z,nan,0.00035121877371751615,nan,0
2023-03-24T17:58:55Z,2023-03-24T17:59:00Z,nan,0.00035167363207362347,nan,0
2023-03-24T17:58:55Z,2023-03-24T17:59:00Z,nan,0.0003517077748996138,nan,0
2023-03-24T17:58:55Z,2023-03-24T17:59:00Z,nan,0.00035146921219295877,nan,0
2023-03-24T17:58:55Z,2023-03-24T17:59:00Z,nan,0.0003509908690389498,nan,0
2023-03-24T17:58:55Z,2023-03-24T17:59:00Z,nan,0.0003526500920842223,nan,0
2023-03-24T17:58:55Z,2023-03-24T17:59:00Z,nan,0.0003562555627049597,nan,0
2023-03-24T17:58:55Z,2023-03-24T17:59:00Z,nan,0.0003567033549556988,nan,0
2023-03-24T17:58:55Z,2023-03-24T17:59:00Z,nan,0.00035650875496266173,nan,0
2023-03-24T17:58:55Z,2023-03-24T17:59:00Z,nan,0.0003579311801547354,nan,0
2023-03-24T17:58:55Z,2023-03-24T17:59:00Z,nan,0.0003596418890627762,nan,0
2023-03-24T17:58:55Z,2023-03-24T17:59:00Z,nan,0.0003599685954847057,nan,0
2023-03-24T17:58:55Z,2023-03-24T17:59:00Z,nan,0.0003613442720472238,nan,0
2023-03-24T17:58:55Z,2023-03-24T17:59:00Z,nan,0.00036218163671770763,nan,0
2023-03-24T17:58:55Z,2023-03-24T17:59:00Z,nan,0.00036214663110579575,nan,0
2023-03-24T17:58:55Z,2023-03-24T17:59:00Z,nan,0.0003626431277234546,nan,0
2023-03-24T17:58:55Z,2023-03-24T17:59:00Z,nan,0.0003636625969384151,nan,0
2023-03-24T17:58:55Z,2023-03-24T17:59:00Z,nan,0.00036304962731875586,nan,0
2023-03-24T17:58:55Z,2023-03-24T17:59:00Z,nan,0.00036362906316921527,nan,0
2023-03-24T17:58:55Z,2023-03-24T17:59:00Z,nan,0.00036408057929503026,nan,0
2023-03-24T17:58:55Z,2023-03-24T17:59:00Z,nan,0.0003642136752584593,nan,0
2023-03-24T17:58:55Z,2023-03-24T17:59:00Z,nan,0.00036383769240567896,nan,0
2023-03-24T17:58:55Z,2023-03-24T17:59:00Z,nan,0.00036393080787655026,nan,0
2023-03-24T17:58:55Z,2023-03-24T17:59:00Z,nan,0.0003635329606077114,nan,0
2023-03-24T17:58:55Z,2023-03-24T17:59:00Z,nan,0.0003628334431802997,nan,0
2023-03-24T17:58:55Z,2023-03-24T17:59:00Z,nan,0.00036247786795323114,nan,0
2023-03-24T17:58:55Z,2023-03-24T17:59:00Z,nan,0.0003627536026096264,nan,0
2023-03-24T17:58:55Z,2023-03-24T17:59:00Z,nan,0.00036281041756343585,nan,0
2023-03-24T17:58:55Z,2023-03-24T17:59:00Z,nan,0.0003635453758938629,nan,0
2023-03-24T17:58:55Z,2023-03-24T17:59:00Z,nan,0.00036239351682365844,nan,0
2023-03-24T17:58:55Z,2023-03-24T17:59:00Z,nan,0.00036336805240497384,nan,0
2023-03-24T17:58:55Z,2023-03-24T17:59:00Z,nan,0.0003629008041317992,nan,0
2023-03-24T17:58:55Z,2023-03-24T17:59:00Z,nan,0.0003609336166708531,nan,0
2023-03-24T17:58:55Z,2023-03-24T17:59:00Z,nan,0.00036156071479655726,nan,0
2023-03-24T17:58:55Z,2023-03-24T17:59:00Z,nan,0.00036241311654344114,nan,0
2023-03-24T17:58:55Z,2023-03-24T17:59:00Z,nan,0.0003633206401355806,nan,0
2023-03-24T17:58:55Z,2023-03-24T17:59:00Z,nan,0.000363678283356941,nan,0
2023-03-24T17:58:55Z,2023-03-24T17:59:00Z,nan,0.0003636378984982532,nan,0
2023-03-24T17:58:55Z,2023-03-24T17:59:00Z,nan,0.0003647644874001796,nan,0
2023-03-24T17:58:55Z,2023-03-24T17:59:00Z,nan,0.0003654780778240366,nan,0
2023-03-24T17:58:55Z,2023-03-24T17:59:00Z,nan,0.00036402451644469453,nan,0
2023-03-24T17:58:55Z,2023-03-24T17:59:00Z,nan,0.00036480177594415853,nan,0
2023-03-24T17:58:55Z,2023-03-24T17:59:00Z,nan,0.0003646227799483471,nan,0
2023-03-24T17:58:55Z,2023-03-24T17:59:00Z,nan,0.00036486886869448827,nan,0
2023-03-24T17:58:55Z,2023-03-24T17:59:00Z,nan,0.00036431263167738113,nan,0
2023-03-24T17:58:55Z,2023-03-24T17:59:00Z,nan,0.0003639338045537143,nan,0
2023-03-24T17:58:55Z,2023-03-24T17:59:00Z,nan,0.00036182901203461303,nan,0
2023-03-24T17:58:55Z,2023-03-24T17:59:00Z,nan,0.0003612460216293616,nan,0
2023-03-24T17:58:55Z,2023-03-24T17:59:00Z,nan,0.0003605360770451572,nan,0
2023-03-24T17:58:55Z,2023-03-24T17:59:00Z,nan,0.00036031211483711595,nan,0
2023-03-24T17:58:55Z,2023-03-24T17:59:00Z,nan,0.0003619050922455526,nan,0
2023-03-24T17:58:55Z,2023-03-24T17:59:00Z,nan,0.0003641656018122061,nan,0
2023-03-24T17:58:55Z,2023-03-24T17:59:00Z,nan,0.00036551414178851317,nan,0
2023-03-24T17:58:55Z,2023-03-24T17:59:00Z,nan,0.00036886915703589044,nan,0
2023-03-24T17:58:55Z,2023-03-24T17:59:00Z,nan,0.0003719485048654262,nan,0
2023-03-24T17:58:55Z,2023-03-24T17:59:00Z,nan,0.00037394166818073365,nan,0
2023-03-24T17:58:55Z,2023-03-24T17:59:00Z,nan,0.00037457937351819624,nan,0
2023-03-24T17:58:55Z,2023-03-24T17:59:00Z,nan,0.00037684318948802236,nan,0
2023-03-24T17:58:55Z,2023-03-24T17:59:00Z,nan,0.00037804648403498385,nan,0
2023-03-24T17:58:55Z,2023-03-24T17:59:00Z,nan,0.00037844616506441147,nan,0
2023-03-24T17:58:55Z,2023-03-24T17:59:00Z,nan,0.0003794523944873873,nan,0
2023-03-24T17:58:55Z,2023-03-24T17:59:00Z,nan,0.0003818493816548786,nan,0
2023-03-24T17:58:55Z,2023-03-24T17:59:00Z,nan,0.0003832201119815038,nan,0
2023-03-24T17:58:55Z,2023-03-24T17:59:00Z,nan,0.0003838977402198673,nan,0
2023-03-24T17:58:55Z,2023-03-24T17:59:00Z,nan,0.000384993329038885,nan,0
2023-03-24T17:58:55Z,2023-03-24T17:59:00Z,nan,0.0003875266415643466,nan,0
2023-03-24T17:58:55Z,2023-03-24T17:59:00Z,nan,0.0003884902533652309,nan,0
2023-03-24T17:58:55Z,2023-03-24T17:59:00Z,nan,0.00038973263739853874,nan,0
2023-03-24T17:58:55Z,2023-03-24T17:59:00Z,nan,0.0003904110218769545,nan,0
2023-03-24T17:58:55Z,2023-03-24T17:59:00Z,nan,0.00038912535157913374,nan,0
2023-03-24T17:58:55Z,2023-03-24T17:59:00Z,nan,0.00039028247908684755,nan,0
2023-03-24T17:58:55Z,2023-03-24T17:59:00Z,nan,0.00038883637134124426,nan,0
2023-03-24T17:58:55Z,2023-03-24T17:59:00Z,nan,0.0003881225780732814,nan,0
2023-03-24T17:58:55Z,2023-03-24T17:59:00Z,nan,0.00038777845914830946,nan,0
2023-03-24T17:58:55Z,2023-03-24T17:59:00Z,nan,0.0003866218689807067,nan,0
2023-03-24T17:58:55Z,2023-03-24T17:59:00Z,nan,0.0003872805265639479,nan,0
2023-03-24T17:58:55Z,2023-03-24T17:59:00Z,nan,0.00038707860165416525,nan,0
2023-03-24T17:58:55Z,2023-03-24T17:59:00Z,nan,0.0003877191705975286,nan,0
2023-03-24T17:58:55Z,2023-03-24T17:59:00Z,nan,0.00038595947106776656,nan,0
2023-03-24T17:58:55Z,2023-03-24T17:59:00Z,nan,0.0003861900467521147,nan,0
2023-03-24T17:58:55Z,2023-03-24T17:59:00Z,nan,0.0003868101425933944,nan,0
2023-03-24T17:58:55Z,2023-03-24T17:59:00Z,nan,0.00038730756873076055,nan,0
2023-03-24T17:58:55Z,2023-03-24T17:59:00Z,nan,0.0003882808256309372,nan,0
2023-03-24T17:58:55Z,2023-03-24T17:59:00Z,nan,0.0003873478647594317,nan,0
2023-03-24T17:58:55Z,2023-03-24T17:59:00Z,nan,0.00038725027694539815,nan,0
2023-03-24T17:58:55Z,2023-03-24T17:59:00Z,nan,0.00038512439683029674,nan,0
2023-03-24T17:58:55Z,2023-03-24T17:59:00Z,nan,0.00038376309946342254,nan,0
2023-03-24T17:58:55Z,2023-03-24T17:59:00Z,nan,0.0003855393887846327,nan,0
2023-03-24T17:58:55Z,2023-03-24T17:59:00Z,nan,0.00038692435543367704,nan,0
2023-03-24T17:58:55Z,2023-03-24T17:59:00Z,nan,0.00038591860328772437,nan,0
2023-03-24T17:58:55Z,2023-03-24T17:59:00Z,nan,0.00038415379879789115,nan,0
2023-03-24T17:58:55Z,2023-03-24T17:59:00Z,nan,0.0003864735556154513,nan,0
2023-03-24T17:58:55Z,2023-03-24T17:59:00Z,nan,0.00038762097264154633,nan,0
2023-03-24T17:58:55Z,2023-03-24T17:59:00Z,nan,0.00038715576827571657,nan,0
2023-03-24T17:58:55Z,2023-03-24T17:59:00Z,nan,0.0003860733609578325,nan,0
2023-03-24T17:58:55Z,2023-03-24T17:59:00Z,nan,0.0003853116123313124,nan,0
2023-03-24T17:58:55Z,2023-03-24T17:59:00Z,nan,0.00038489011984372987,nan,0
2023-03-24T17:58:55Z,2023-03-24T17:59:00Z,nan,0.0003839674322278163,nan,0
2023-03-24T17:58:55Z,2023-03-24T17:59:00Z,nan,0.0003831262639363085,nan,0
2023-03-24T17:58:55Z,2023-03-24T17:59:00Z,nan,0.0003829450863494144,nan,0
2023-03-24T17:58:55Z,2023-03-24T17:59:00Z,nan,0.0003824149466306373,nan,0
2023-03-24T17:58:55Z,2023-03-24T17:59:00Z,nan,0.0003822363755688496,nan,0
2023-03-24T17:58:55Z,2023-03-24T17:59:00Z,nan,0.0003822978525437404,nan,0
2023-03-24T17:58:55Z,2023-03-24T17:59:00Z,nan,0.00038092246204141675,nan,0
2023-03-24T17:58:55Z,2023-03-24T17:59:00Z,nan,0.0003805137108826247,nan,0
2023-03-24T17:58:55Z,2023-03-24T17:59:00Z,nan,0.000379590572558701,nan,0
2023-03-24T17:58:55Z,2023-03-24T17:59:00Z,nan,0.0003784874292648029,nan,0
2023-03-24T17:58:55Z,2023-03-24T17:59:00Z,nan,0.0003773225565759725,nan,0
2023-03-24T17:58:55Z,2023-03-24T17:59:00Z,nan,0.0003768696809722351,nan,0
2023-03-24T17:58:55Z,2023-03-24T17:59:00Z,nan,0.0003778877923830137,nan,0
2023-03-24T17:58:55Z,2023-03-24T17:59:00Z,nan,0.00037878562562215263,nan,0
2023-03-24T17:58:55Z,2023-03-24T17:59:00Z,nan,0.0003787934113412037,nan,0
2023-03-24T17:58:55Z,2023-03-24T17:59:00Z,nan,0.00037761758171263944,nan,0
2023-03-24T17:58:55Z,2023-03-24T17:59:00Z,nan,0.00037769210663983704,nan,0
2023-03-24T17:58:55Z,2023-03-24T17:59:00Z,nan,0.00037954884409014517,nan,0
2023-03-24T17:58:55Z,2023-03-24T17:59:00Z,nan,0.0003795685226046395,nan,0
2023-03-24T17:58:55Z,2023-03-24T17:59:00Z,nan,0.00037979194160213056,nan,0
2023-03-24T17:58:55Z,2023-03-24T17:59:00Z,nan,0.00037992383037683397,nan,0
2023-03-24T17:58:55Z,2023-03-24T17:59:00Z,nan,0.0003811300525422704,nan,0
2023-03-24T17:58:55Z,2023-03-24T17:59:00Z,nan,0.0003827922528419673,nan,0
2023-03-24T17:58:55Z,2023-03-24T17:59:00Z,nan,0.00038384657590575117,nan,0
2023-03-24T17:58:55Z,2023-03-24T17:59:00Z,nan,0.00038552692743292757,nan,0
2023-03-24T17:58:55Z,2023-03-24T17:59:00Z,nan,0.00038735439365462384,nan,0
2023-03-24T17:58:55Z,2023-03-24T17:59:00Z,nan,0.0003857942490002779,nan,0
2023-03-24T17:58:55Z,2023-03-24T17:59:00Z,nan,0.00038597239918936185,nan,0
2023-03-24T17:58:55Z,2023-03-24T17:59:00Z,nan,0.0003853928915406096,nan,0
2023-03-24T17:58:55Z,2023-03-24T17:59:00Z,nan,0.00038407881779797874,nan,0
2023-03-24T17:58:55Z,2023-03-24T17:59:00Z,nan,0.0003816070860627075,nan,0
2023-03-24T17:58:55Z,2023-03-24T17:59:00Z,nan,0.0003804737210707444,nan,0
2023-03-24T17:58:55Z,2023-03-24T17:59:00Z,nan,0.00038061115222937325,nan,0
2023-03-24T17:58:55Z,2023-03-24T17:59:00Z,nan,0.00038029871231051076,nan,0
2023-03-24T17:58:55Z,2023-03-24T17:59:00Z,nan,0.0003833885854995875,nan,0
2023-03-24T17:58:55Z,2023-03-24T17:59:00Z,nan,0.0003846090417098913,nan,0
2023-03-24T17:58:55Z,2023-03-24T17:59:00Z,nan,0.00038530541468990726,nan,0
2023-03-24T17:58:55Z,2023-03-24T17:59:00Z,nan,0.0003843631650513776,nan,0
2023-03-24T17:58:55Z,2023-03-24T17:59:00Z,nan,0.00038486916813734224,nan,0
2023-03-24T17:58:55Z,2023-03-24T17:59:00Z,nan,0.00038260803986146905,nan,0
2023-03-24T17:58:55Z,2023-03-24T17:59:00Z,nan,0.00038165479677468447,nan,0
2023-03-24T17:58:55Z,2023-03-24T17:59:00Z,nan,0.0003810163531920481,nan,0
2023-03-24T17:58:55Z,2023-03-24T17:59:00Z,nan,0.0003799151206605945,nan,0
2023-03-24T17:58:55Z,2023-03-24T17:59:00Z,nan,0.000378286833588112,nan,0
2023-03-24T17:58:55Z,2023-03-24T17:59:00Z,nan,0.00037851305034942377,nan,0
2023-03-24T17:58:55Z,2023-03-24T17:59:00Z,nan,0.0003791262332119259,nan,0
2023-03-24T17:58:55Z,2023-03-24T17:59:00Z,nan,0.00038007020438980747,nan,0
2023-03-24T17:58:55Z,2023-03-24T17:59:00Z,nan,0.00038124238328789855,nan,0
2023-03-24T17:58:55Z,2023-03-24T17:59:00Z,nan,0.0003804217619664429,nan,0
2023-03-24T17:58:55Z,2023-03-24T17:59:00Z,nan,0.0003791453683815186,nan,0
2023-03-24T17:58:55Z,2023-03-24T17:59:00Z,nan,0.00037821542971505715,nan,0
2023-03-24T17:58:55Z,2023-03-24T17:59:00Z,nan,0.0003777659334769664,nan,0
2023-03-24T17:58:55Z,2023-03-24T17:59:00Z,nan,0.0003755918504898339,nan,0
2023-03-24T17:58:55Z,2023-03-24T17:59:00Z,nan,0.0003760033260137557,nan,0
2023-03-24T17:58:55Z,2023-03-24T17:59:00Z,nan,0.0003768828230857815,nan,0
2023-03-24T17:58:55Z,2023-03-24T17:59:00Z,nan,0.0003759281086721516,nan,0
2023-03-24T17:58:55Z,2023-03-24T17:59:00Z,nan,0.0003736902876049247,nan,0
2023-03-24T17:58:55Z,2023-03-24T17:59:00Z,nan,0.00037280372492530663,nan,0
2023-03-24T17:58:55Z,2023-03-24T17:59:00Z,nan,0.00037122316228930765,nan,0
2023-03-24T17:58:55Z,2023-03-24T17:59:00Z,nan,0.000370652170146677,nan,0
2023-03-24T17:58:55Z,2023-03-24T17:59:00Z,nan,0.00036999490384097115,nan,0
2023-03-24T17:58:55Z,2023-03-24T17:59:00Z,nan,0.0003678920180312057,nan,0
2023-03-24T17:58:55Z,2023-03-24T17:59:00Z,nan,0.0003689996523814039,nan,0
2023-03-24T17:58:55Z,2023-03-24T17:59:00Z,nan,0.00036974116340580184,nan,0
2023-03-24T17:58:55Z,2023-03-24T17:59:00Z,nan,0.0003705036443266939,nan,1
2023-03-24T17:58:55Z,2023-03-24T17:59:00Z,nan,0.0003696356991047299,nan,1
2023-03-24T17:58:55Z,2023-03-24T17:59:00Z,nan,0.0003687520649050196,nan,1
2023-03-24T17:58:55Z,2023-03-24T17:59:00Z,nan,0.00036894148129143034,nan,1
2023-03-24T17:58:55Z,2023-03-24T17:59:00Z,nan,0.0003669662339378799,nan,1
2023-03-24T17:58:55Z,2023-03-24T17:59:00Z,nan,0.0003680427909795727,nan,1
2023-03-24T17:58:55Z,2023-03-24T17:59:00Z,nan,0.00036628496761834654,nan,1
2023-03-24T17:58:55Z,2023-03-24T17:59:00Z,nan,0.0003642654205695699,nan,1
2023-03-24T17:58:55Z,2023-03-24T17:59:00Z,nan,0.00036172120424402763,nan,1
2023-03-24T17:58:55Z,2023-03-24T17:59:00Z,nan,0.0003615064063796248,nan,1
2023-03-24T17:58:55Z,2023-03-24T17:59:00Z,nan,0.0003598968400208033,nan,1
2023-03-24T17:58:55Z,2023-03-24T17:59:00Z,nan,0.0003599352094959404,nan,1
2023-03-24T17:58:55Z,2023-03-24T17:59:00Z,nan,0.000358535890883826,nan,1
2023-03-24T17:58:55Z,2023-03-24T17:59:00Z,nan,0.0003570518913186254,nan,1
2023-03-24T17:58:55Z,2023-03-24T17:59:00Z,nan,0.00035623837351458177,nan,1
2023-03-24T17:58:55Z,2023-03-24T17:59:00Z,nan,0.0003559420361010656,nan,1
2023-03-24T17:58:55Z,2023-03-24T17:59:00Z,nan,0.0003544198284049702,nan,1
2023-03-24T17:58:55Z,2023-03-24T17:59:00Z,nan,0.0003539854192538332,nan,1
2023-03-24T17:58:55Z,2023-03-24T17:59:00Z,nan,0.0003527531666816435,nan,1
2023-03-24T17:58:55Z,2023-03-24T17:59:00Z,nan,0.0003517708122784756,nan,1
2023-03-24T17:58:55Z,2023-03-24T17:59:00Z,nan,0.000350131155378477,nan,1
2023-03-24T17:58:55Z,2023-03-24T17:59:00Z,nan,0.0003483573503583914,nan,1
2023-03-24T17:58:55Z,2023-03-24T17:59:00Z,nan,0.0003463196384223386,nan,1
2023-03-24T17:58:55Z,2023-03-24T17:59:00Z,nan,0.0003440210225560158,nan,1
2023-03-24T17:58:55Z,2023-03-24T17:59:00Z,nan,0.0003453436008655563,nan,1
2023-03-24T17:58:55Z,2023-03-24T17:59:00Z,nan,0.0003431107482222335,nan,1
2023-03-24T17:58:55Z,2023-03-24T17:59:00Z,nan,0.0003404036982044477,nan,1
2023-03-24T17:58:55Z,2023-03-24T17:59:00Z,nan,0.00033949246854392056,nan,1
2023-03-24T17:58:55Z,2023-03-24T17:59:00Z,nan,0.0003388205068383668,nan,1
2023-03-24T17:58:55Z,2023-03-24T17:59:00Z,nan,0.00033744971977856756,nan,1
2023-03-24T17:58:55Z,2023-03-24T17:59:00Z,nan,0.00033590746009951354,nan,1
2023-03-24T17:58:55Z,2023-03-24T17:59:00Z,nan,0.00033464126169103836,nan,1
2023-03-24T17:58:55Z,2023-03-24T17:59:00Z,nan,0.0003329129312708035,nan,1
2023-03-24T17:58:55Z,2023-03-24T17:59:00Z,nan,0.00033218371106636394,nan,1
2023-03-24T17:58:55Z,2023-03-24T17:59:00Z,nan,0.00033491516641435623,nan,1
2023-03-24T17:58:55Z,2023-03-24T17:59:00Z,nan,0.0003350555952888582,nan,1
2023-03-24T17:58:55Z,2023-03-24T17:59:00Z,nan,0.0003355831764284952,nan,1
2023-03-24T17:58:55Z,2023-03-24T17:59:00Z,nan,0.00033585179776367285,nan,1
2023-03-24T17:58:55Z,2023-03-24T17:59:00Z,nan,0.0003368032683055582,nan,1
2023-03-24T17:58:55Z,2023-03-24T17:59:00Z,nan,0.0003374826708941845,nan,1
2023-03-24T17:58:55Z,2023-03-24T17:59:00Z,nan,0.0003391604793437073,nan,1
2023-03-24T17:58:55Z,2023-03-24T17:59:00Z,nan,0.00034099414446692465,nan,1
2023-03-24T17:58:55Z,2023-03-24T17:59:00Z,nan,0.00034169686737456416,nan,1
2023-03-24T17:58:55Z,2023-03-24T17:59:00Z,nan,0.0003418578758071151,nan,1
2023-03-24T17:58:55Z,2023-03-24T17:59:00Z,nan,0.0003423054053907078,nan,1
2023-03-24T17:58:55Z,2023-03-24T17:59:00Z,nan,0.00034321662971880794,nan,1
2023-03-24T17:58:55Z,2023-03-24T17:59:00Z,nan,0.0003427746056162244,nan,1
2023-03-24T17:58:55Z,2023-03-24T17:59:00Z,nan,0.00034369476459954326,nan,1
2023-03-24T17:58:55Z,2023-03-24T17:59:00Z,nan,0.0003434405585102409,nan,1
2023-03-24T17:58:55Z,2023-03-24T17:59:00Z,nan,0.00034296626468254384,nan,1
2023-03-24T17:58:55Z,2023-03-24T17:59:00Z,nan,0.0003425554032820796,nan,1
2023-03-24T17:58:55Z,2023-03-24T17:59:00Z,nan,0.00034234892701661237,nan,1
2023-03-24T17:58:55Z,2023-03-24T17:59:00Z,nan,0.00034337747313831825,nan,1
2023-03-24T17:58:55Z,2023-03-24T17:59:00Z,nan,0.00034297589229934143,nan,1
2023-03-24T17:58:55Z,2023-03-24T17:59:00Z,nan,0.0003438383498769896,nan,1
2023-03-24T17:58:55Z,2023-03-24T17:59:00Z,nan,0.00034359734147421475,nan,1
2023-03-24T17:58:55Z,2023-03-24T17:59:00Z,nan,0.00034373109171687135,nan,1
2023-03-24T17:58:55Z,2023-03-24T17:59:00Z,nan,0.0003430989643100722,nan,1
2023-03-24T17:58:55Z,2023-03-24T17:59:00Z,nan,0.0003431665040870077,nan,1
2023-03-24T17:58:55Z,2023-03-24T17:59:00Z,nan,0.0003430335263560572,nan,1
2023-03-24T17:58:55Z,2023-03-24T17:59:00Z,nan,0.0003416385623935187,nan,1
2023-03-24T17:58:55Z,2023-03-24T17:59:00Z,nan,0.00033937421939038827,nan,1
2023-03-24T17:58:55Z,2023-03-24T17:59:00Z,nan,0.0003391688603201504,nan,1
2023-03-24T17:58:55Z,2023-03-24T17:59:00Z,nan,0.0003403861254384859,nan,1
2023-03-24T17:58:55Z,2023-03-24T17:59:00Z,nan,0.0003408270202102968,nan,1
2023-03-24T17:58:55Z,2023-03-24T17:59:00Z,nan,0.0003409968276612015,nan,1
2023-03-24T17:58:55Z,2023-03-24T17:59:00Z,nan,0.0003403905022106295,nan,1
2023-03-24T17:58:55Z,2023-03-24T17:59:00Z,nan,0.00033993603620786255,nan,1
2023-03-24T17:58:55Z,2023-03-24T17:59:00Z,nan,0.0003381341365158267,nan,1
2023-03-24T17:58:55Z,2023-03-24T17:59:00Z,nan,0.0003390085228774479,nan,1
2023-03-24T17:58:55Z,2023-03-24T17:59:00Z,nan,0.0003386927076582521,nan,1
2023-03-24T17:58:55Z,2023-03-24T17:59:00Z,nan,0.00034000093987997655,nan,1
2023-03-24T17:58:55Z,2023-03-24T17:59:00Z,nan,0.0003385336102243558,nan,1
2023-03-24T17:58:55Z,2023-03-24T17:59:00Z,nan,0.00033837848126133527,nan,1
2023-03-24T17:58:55Z,2023-03-24T17:59:00Z,nan,0.0003394296040249798,nan,1
2023-03-24T17:58:55Z,2023-03-24T17:59:00Z,nan,0.0003389301237164292,nan,1
2023-03-24T17:58:55Z,2023-03-24T17:59:00Z,nan,0.0003364104826550727,nan,1
2023-03-24T17:58:55Z,2023-03-24T17:59:00Z,nan,0.00033268027063111444,nan,1
2023-03-24T17:58:55Z,2023-03-24T17:59:00Z,nan,0.00033065622684477764,nan,1
2023-03-24T17:58:55Z,2023-03-24T17:59:00Z,nan,0.0003293463613609624,nan,1
2023-03-24T17:58:55Z,2023-03-24T17:59:00Z,nan,0.0003287752065909159,nan,1
2023-03-24T17:58:55Z,2023-03-24T17:59:00Z,nan,0.00032470082968469495,nan,1
2023-03-24T17:58:55Z,2023-03-24T17:59:00Z,nan,0.0003270198628585761,nan,1
2023-03-24T17:58:55Z,2023-03-24T17:59:00Z,nan,0.00032917487306887154,nan,1
2023-03-24T17:58:55Z,2023-03-24T17:59:00Z,nan,0.00033258057276652504,nan,0
2023-03-24T17:58:55Z,2023-03-24T17:59:00Z,nan,0.00033491032132759697,nan,0
2023-03-24T17:58:55Z,2023-03-24T17:59:00Z,nan,0.0003391536122281142,nan,0
2023-03-24T17:58:55Z,2023-03-24T17:59:00Z,nan,0.00034270766459955755,nan,0
2023-03-24T17:58:55Z,2023-03-24T17:59:00Z,nan,0.0003451525468944495,nan,0
2023-03-24T17:58:55Z,2023-03-24T17:59:00Z,nan,0.00034644465995337033,nan,0
2023-03-24T17:58:55Z,2023-03-24T17:59:00Z,nan,0.00034693728622191717,nan,0
2023-03-24T17:58:55Z,2023-03-24T17:59:00Z,nan,0.0003477231445139002,nan,0
2023-03-24T17:58:55Z,2023-03-24T17:59:00Z,nan,0.0003488205343457914,nan,0
2023-03-24T17:58:55Z,2023-03-24T17:59:00Z,nan,0.00035214028350275683,nan,0
2023-03-24T17:58:55Z,2023-03-24T17:59:00Z,nan,0.0003550224905290341,nan,0
2023-03-24T17:58:55Z,2023-03-24T17:59:00Z,nan,0.0003579035341519401,nan,0
2023-03-24T17:58:55Z,2023-03-24T17:59:00Z,nan,0.0003586334570935886,nan,0
2023-03-24T17:58:55Z,2023-03-24T17:59:00Z,nan,0.00036271463425874913,nan,0
2023-03-24T17:58:55Z,2023-03-24T17:59:00Z,nan,0.0003650350328236739,nan,0
2023-03-24T17:58:55Z,2023-03-24T17:59:00Z,nan,0.00036643373596660124,nan,0
2023-03-24T17:58:55Z,2023-03-24T17:59:00Z,nan,0.00036725889071687485,nan,0
2023-03-24T17:58:55Z,2023-03-24T17:59:00Z,nan,0.0003695413415567098,nan,0
2023-03-24T17:58:55Z,2023-03-24T17:59:00Z,nan,0.0003704781367445161,nan,0
2023-03-24T17:58:55Z,2023-03-24T17:59:00Z,nan,0.00037204558962534523,nan,0
2023-03-24T17:58:55Z,2023-03-24T17:59:00Z,nan,0.0003743247951214486,nan,0
2023-03-24T17:58:55Z,2023-03-24T17:59:00Z,nan,0.00037583488288628624,nan,0
2023-03-24T17:58:55Z,2023-03-24T17:59:00Z,nan,0.000377717102878309,nan,0
2023-03-24T17:58:55Z,2023-03-24T17:59:00Z,nan,0.000380389651745657,nan,0
2023-03-24T17:58:55Z,2023-03-24T17:59:00Z,nan,0.00038234429010656405,nan,0
2023-03-24T17:58:55Z,2023-03-24T17:59:00Z,nan,0.0003843557538581894,nan,0
2023-03-24T17:58:55Z,2023-03-24T17:59:00Z,nan,0.0003857092083760578,nan,0
2023-03-24T17:58:55Z,2023-03-24T17:59:00Z,nan,0.0003879768328606193,nan,0
2023-03-24T17:58:55Z,2023-03-24T17:59:00Z,nan,0.0003892619102886426,nan,0
2023-03-24T17:58:55Z,2023-03-24T17:59:00Z,nan,0.0003924672164115941,nan,0
2023-03-24T17:58:55Z,2023-03-24T17:59:00Z,nan,0.000393291979512701,nan,0
2023-03-24T17:58:55Z,2023-03-24T17:59:00Z,nan,0.0003934157992754304,nan,0
2023-03-24T17:58:55Z,2023-03-24T17:59:00Z,nan,0.00039225920676482537,nan,0
2023-03-24T17:58:55Z,2023-03-24T17:59:00Z,nan,0.000388837303283989,nan,0
2023-03-24T17:58:55Z,2023-03-24T17:59:00Z,nan,0.00038796102544455703,nan,0
2023-03-24T17:58:55Z,2023-03-24T17:59:00Z,nan,0.0003873430816441137,nan,0
2023-03-24T17:58:55Z,2023-03-24T17:59:00Z,nan,0.00038671239220962073,nan,0
2023-03-24T17:58:55Z,2023-03-24T17:59:00Z,nan,0.0003883120635325598,nan,0
2023-03-24T17:58:55Z,2023-03-24T17:59:00Z,nan,0.0003855054110440869,nan,0
2023-03-24T17:58:55Z,2023-03-24T17:59:00Z,nan,0.0003836418995707445,nan,0
2023-03-24T17:58:55Z,2023-03-24T17:59:00Z,nan,0.00038233487482963887,nan,0
2023-03-24T17:58:55Z,2023-03-24T17:59:00Z,nan,0.00038115451690645625,nan,0
2023-03-24T17:58:55Z,2023-03-24T17:59:00Z,nan,0.00038131325835244993,nan,0
2023-03-24T17:58:55Z,2023-03-24T17:59:00Z,nan,0.0003818816049175231,nan,0
2023-03-24T17:58:55Z,2023-03-24T17:59:00Z,nan,0.0003825377240820149,nan,0
2023-03-24T17:58:55Z,2023-03-24T17:59:00Z,nan,0.00038101203353997664,nan,0
2023-03-24T17:58:55Z,2023-03-24T17:59:00Z,nan,0.0003791242111211205,nan,0
2023-03-24T17:58:55Z,2023-03-24T17:59:00Z,nan,0.00037945559365581597,nan,0
2023-03-24T17:58:55Z,2023-03-24T17:59:00Z,nan,0.0003800143677967786,nan,0
2023-03-24T17:58:55Z,2023-03-24T17:59:00Z,nan,0.0003810697331919076,nan,0
2023-03-24T17:58:55Z,2023-03-24T17:59:00Z,nan,0.00038240699603957255,nan,0
2023-03-24T17:58:55Z,2023-03-24T17:59:00Z,nan,0.0003822428865124476,nan,0
2023-03-24T17:58:55Z,2023-03-24T17:59:00Z,nan,0.00038392750170219286,nan,0
2023-03-24T17:58:55Z,2023-03-24T17:59:00Z,nan,0.00038274874986159445,nan,0
2023-03-24T17:58:55Z,2023-03-24T17:59:00Z,nan,0.0003840426055593725,nan,0
2023-03-24T17:58:55Z,2023-03-24T17:59:00Z,nan,0.0003832848430934573,nan,0
2023-03-24T17:58:55Z,2023-03-24T17:59:00Z,nan,0.00038158859596183964,nan,0
2023-03-24T17:58:55Z,2023-03-24T17:59:00Z,nan,0.0003818598854665471,nan,0
2023-03-24T17:58:55Z,2023-03-24T17:59:00Z,nan,0.0003807326930404587,nan,0
2023-03-24T17:58:55Z,2023-03-24T17:59:00Z,nan,0.00038068345294211105,nan,0
2023-03-24T17:58:55Z,2023-03-24T17:59:00Z,nan,0.00038110777298185007,nan,0
2023-03-24T17:58:55Z,2023-03-24T17:59:00Z,nan,0.00037924879773224837,nan,0
2023-03-24T17:58:55Z,2023-03-24T17:59:00Z,nan,0.00037678174811141485,nan,0
2023-03-24T17:58:55Z,2023-03-24T17:59:00Z,nan,0.0003745490404600708,nan,0
2023-03-24T17:58:55Z,2023-03-24T17:59:00Z,nan,0.0003723366088475459,nan,0
2023-03-24T17:58:55Z,2023-03-24T17:59:00Z,nan,0.00037067061597959337,nan,0
2023-03-24T17:58:55Z,2023-03-24T17:59:00Z,nan,0.00037002531293277454,nan,0
2023-03-24T17:58:55Z,2023-03-24T17:59:00Z,nan,0.0003700808628126774,nan,0
2023-03-24T17:58:55Z,2023-03-24T17:59:00Z,nan,0.0003681475910132499,nan,0
2023-03-24T17:58:55Z,2023-03-24T17:59:00Z,nan,0.00036815608866367034,nan,0
2023-03-24T17:58:55Z,2023-03-24T17:59:00Z,nan,0.0003679463039678388,nan,0
2023-03-24T17:58:55Z,2023-03-24T17:59:00Z,nan,0.00036930350315113845,nan,0
2023-03-24T17:58:55Z,2023-03-24T17:59:00Z,nan,0.00036943267952503525,nan,0
2023-03-24T17:58:55Z,2023-03-24T17:59:00Z,nan,0.00036924902723980247,nan,0
2023-03-24T17:58:55Z,2023-03-24T17:59:00Z,nan,0.0003685945462727302,nan,0
2023-03-24T17:58:55Z,2023-03-24T17:59:00Z,nan,0.0003680748110885666,nan,0
2023-03-24T17:58:55Z,2023-03-24T17:59:00Z,nan,0.0003682118663926715,nan,0
2023-03-24T17:58:55Z,2023-03-24T17:59:00Z,nan,0.0003698396772909166,nan,0
2023-03-24T17:58:55Z,2023-03-24T17:59:00Z,nan,0.00037043237223188097,nan,0
2023-03-24T17:58:55Z,2023-03-24T17:59:00Z,nan,0.00037059252853536624,nan,0
2023-03-24T17:58:55Z,2023-03-24T17:59:00Z,nan,0.0003711983178266627,nan,0
2023-03-24T17:58:55Z,2023-03-24T17:59:00Z,nan,0.00037250580147245185,nan,0
2023-03-24T17:58:55Z,2023-03-24T17:59:00Z,nan,0.0003722807473338945,nan,0
2023-03-24T17:58:55Z,2023-03-24T17:59:00Z,nan,0.0003714805125971112,nan,0
2023-03-24T17:58:55Z,2023-03-24T17:59:00Z,nan,0.00037082890003461234,nan,0
2023-03-24T17:58:55Z,2023-03-24T17:59:00Z,nan,0.0003683103075080399,nan,0
2023-03-24T17:58:55Z,2023-03-24T17:59:00Z,nan,0.00036571874541818834,nan,0
2023-03-24T17:58:55Z,2023-03-24T17:59:00Z,nan,0.00036427220513163863,nan,0
2023-03-24T17:58:55Z,2023-03-24T17:59:00Z,nan,0.0003622263893284754,nan,0
2023-03-24T17:58:55Z,2023-03-24T17:59:00Z,nan,0.00036365055940943206,nan,0
2023-03-24T17:58:55Z,2023-03-24T17:59:00Z,nan,0.0003632251664870158,nan,0
2023-03-24T17:58:55Z,2023-03-24T17:59:00Z,nan,0.0003636684162005118,nan,0
2023-03-24T17:58:55Z,2023-03-24T17:59:00Z,nan,0.00036509664020373305,nan,0
2023-03-24T17:58:55Z,2023-03-24T17:59:00Z,nan,0.0003639041830156259,nan,0
2023-03-24T17:58:55Z,2023-03-24T17:59:00Z,nan,0.0003630234210072063,nan,0
2023-03-24T17:58:55Z,2023-03-24T17:59:00Z,nan,0.0003612314473217341,nan,0
2023-03-24T17:58:55Z,2023-03-24T17:59:00Z,nan,0.00036047855170570235,nan,0
2023-03-24T17:58:55Z,2023-03-24T17:59:00Z,nan,0.00036059032974282396,nan,0
2023-03-24T17:58:55Z,2023-03-24T17:59:00Z,nan,0.0003612458023895618,nan,0
2023-03-24T17:58:55Z,2023-03-24T17:59:00Z,nan,0.0003625204797364948,nan,0
2023-03-24T17:58:55Z,2023-03-24T17:59:00Z,nan,0.0003642717257517886,nan,0
2023-03-24T17:58:55Z,2023-03-24T17:59:00Z,nan,0.00036453372069614697,nan,0
2023-03-24T17:58:55Z,2023-03-24T17:59:00Z,nan,0.00036389613160113917,nan,0
2023-03-24T17:58:55Z,2023-03-24T17:59:00Z,nan,0.0003635830511254568,nan,0
2023-03-24T17:58:55Z,2023-03-24T17:59:00Z,nan,0.0003638366692801549,nan,0
2023-03-24T17:58:55Z,2023-03-24T17:59:00Z,nan,0.00036399332454856696,nan,0
2023-03-24T17:58:55Z,2023-03-24T17:59:00Z,nan,0.0003648502195245017,nan,0
2023-03-24T17:58:55Z,2023-03-24T17:59:00Z,nan,0.0003644880725151611,nan,0
2023-03-24T17:58:55Z,2023-03-24T17:59:00Z,nan,0.0003652611878746099,nan,0
2023-03-24T17:58:55Z,2023-03-24T17:59:00Z,nan,0.0003630523575526823,nan,0
2023-03-24T17:58:55Z,2023-03-24T17:59:00Z,nan,0.0003621262844101295,nan,0
2023-03-24T17:58:55Z,2023-03-24T17:59:00Z,nan,0.00036262866517934985,nan,0
2023-03-24T17:58:55Z,2023-03-24T17:59:00Z,nan,0.0003623504431529128,nan,0
2023-03-24T17:58:55Z,2023-03-24T17:59:00Z,nan,0.00036146381318807863,nan,0
2023-03-24T17:58:55Z,2023-03-24T17:59:00Z,nan,0.00036009045054414743,nan,0
2023-03-24T17:58:55Z,2023-03-24T17:59:00Z,nan,0.00035918400432581024,nan,0
2023-03-24T17:58:55Z,2023-03-24T17:59:00Z,nan,0.0003574824479172729,nan,0
2023-03-24T17:58:55Z,2023-03-24T17:59:00Z,nan,0.0003556287445510427,nan,0
2023-03-24T17:58:55Z,2023-03-24T17:59:00Z,nan,0.00035355336216644483,nan,0
2023-03-24T17:58:55Z,2023-03-24T17:59:00Z,nan,0.0003525735072840069,nan,0
2023-03-24T17:58:55Z,2023-03-24T17:59:00Z,nan,0.0003524692686307078,nan,0
2023-03-24T17:58:55Z,2023-03-24T17:59:00Z,nan,0.0003559271589119219,nan,0
2023-03-24T17:58:55Z,2023-03-24T17:59:00Z,nan,0.00035644811022493333,nan,0
2023-03-24T17:58:55Z,2023-03-24T17:59:00Z,nan,0.000356969372787266,nan,0
2023-03-24T17:58:55Z,2023-03-24T17:59:00Z,nan,0.0003575165476805813,nan,0
2023-03-24T17:58:55Z,2023-03-24T17:59:00Z,nan,0.00035653926349254886,nan,0
2023-03-24T17:58:55Z,2023-03-24T17:59:00Z,nan,0.00035505762373040704,nan,0
2023-03-24T17:58:55Z,2023-03-24T17:59:00Z,nan,0.0003559374998701056,nan,0
2023-03-24T17:58:55Z,2023-03-24T17:59:00Z,nan,0.00035484117392214947,nan,0
2023-03-24T17:58:55Z,2023-03-24T17:59:00Z,nan,0.0003552417171977049,nan,0
2023-03-24T17:58:55Z,2023-03-24T17:59:00Z,nan,0.00035486616051224625,nan,0
2023-03-24T17:58:55Z,2023-03-24T17:59:00Z,nan,0.00035532899310860845,nan,0
2023-03-24T17:58:55Z,2023-03-24T17:59:00Z,nan,0.00035623247848325573,nan,0
2023-03-24T17:58:55Z,2023-03-24T17:59:00Z,nan,0.0003572300678240778,nan,0
2023-03-24T17:58:55Z,2023-03-24T17:59:00Z,nan,0.00035687583111971357,nan,0
2023-03-24T17:58:55Z,2023-03-24T17:59:00Z,nan,0.0003565069564756469,nan,0
2023-03-24T17:58:55Z,2023-03-24T17:59:00Z,nan,0.0003550126152556902,nan,0
2023-03-24T17:58:55Z,2023-03-24T17:59:00Z,nan,0.0003560594870471513,nan,0
2023-03-24T17:58:55Z,2023-03-24T17:59:00Z,nan,0.00035645155054940097,nan,0
2023-03-24T17:58:55Z,2023-03-24T17:59:00Z,nan,0.0003567116713650157,nan,0
2023-03-24T17:58:55Z,2023-03-24T17:59:00Z,nan,0.00035641577656801715,nan,0
2023-03-24T17:58:55Z,2023-03-24T17:59:00Z,nan,0.00035627543307511524,nan,0
2023-03-24T17:58:55Z,2023-03-24T17:59:00Z,nan,0.00035612083524056977,nan,0
2023-03-24T17:58:55Z,2023-03-24T17:59:00Z,nan,0.00035643825467967453,nan,0
2023-03-24T17:58:55Z,2023-03-24T17:59:00Z,nan,0.0003547187888384214,nan,0
2023-03-24T17:58:55Z,2023-03-24T17:59:00Z,nan,0.00035384173092020417,nan,0
2023-03-24T17:58:55Z,2023-03-24T17:59:00Z,nan,0.00035346073322072675,nan,0
2023-03-24T17:58:55Z,2023-03-24T17:59:00Z,nan,0.00035294402254164173,nan,0
2023-03-24T17:58:55Z,2023-03-24T17:59:00Z,nan,0.00035329898352037104,nan,0
2023-03-24T17:58:55Z,2023-03-24T17:59:00Z,nan,0.00035358105526556876,nan,0
2023-03-24T17:58:55Z,2023-03-24T17:59:00Z,nan,0.0003535645629892213,nan,0
2023-03-24T17:58:55Z,2023-03-24T17:59:00Z,nan,0.0003553162160587382,nan,0
2023-03-24T17:58:55Z,2023-03-24T17:59:00Z,nan,0.0003582950570020923,nan,0
2023-03-24T17:58:55Z,2023-03-24T17:59:00Z,nan,0.00035681660366853024,nan,0
2023-03-24T17:58:55Z,2023-03-24T17:59:00Z,nan,0.0003579010464802239,nan,0
2023-03-24T17:58:55Z,2023-03-24T17:59:00Z,nan,0.0003580603200463172,nan,0
2023-03-24T17:58:55Z,2023-03-24T17:59:00Z,nan,0.0003586015908353766,nan,0
2023-03-24T17:58:55Z,2023-03-24T17:59:00Z,nan,0.0003570210189750196,nan,0
2023-03-24T17:58:55Z,2023-03-24T17:59:00Z,nan,0.000357236202391901,nan,0
2023-03-24T17:58:55Z,2023-03-24T17:59:00Z,nan,0.00035752459669886324,nan,0
2023-03-24T17:58:55Z,2023-03-24T17:59:00Z,nan,0.00035828661502029487,nan,0
2023-03-24T17:58:55Z,2023-03-24T17:59:00Z,nan,0.00035912435843691996,nan,0
2023-03-24T17:58:55Z,2023-03-24T17:59:00Z,nan,0.00036182109378741844,nan,0
2023-03-24T17:58:55Z,2023-03-24T17:59:00Z,nan,0.0003608079609541871,nan,0
2023-03-24T17:58:55Z,2023-03-24T17:59:00Z,nan,0.00036145269254406795,nan,0
2023-03-24T17:58:55Z,2023-03-24T17:59:00Z,nan,0.0003634724265139318,nan,0
2023-03-24T17:58:55Z,2023-03-24T17:59:00Z,nan,0.00036381365427632013,nan,0
2023-03-24T17:58:55Z,2023-03-24T17:59:00Z,nan,0.00036345067255989734,nan,0
2023-03-24T17:58:55Z,2023-03-24T17:59:00Z,nan,0.00036437354266367574,nan,0
2023-03-24T17:58:55Z,2023-03-24T17:59:00Z,nan,0.0003641365482393318,nan,0
2023-03-24T17:58:55Z,2023-03-24T17:59:00Z,nan,0.0003642542174078893,nan,0
2023-03-24T17:58:55Z,2023-03-24T17:59:00Z,nan,0.00036402077253081276,nan,0
2023-03-24T17:58:55Z,2023-03-24T17:59:00Z,nan,0.00036630866331255525,nan,0
2023-03-24T17:58:55Z,2023-03-24T17:59:00Z,nan,0.00036579506164206903,nan,0
2023-03-24T17:58:55Z,2023-03-24T17:59:00Z,nan,0.00036519085842071954,nan,0
2023-03-24T17:58:55Z,2023-03-24T17:59:00Z,nan,0.00036444949734690425,nan,0
2023-03-24T17:58:55Z,2023-03-24T17:59:00Z,nan,0.0003640797340124111,nan,0
2023-03-24T17:58:55Z,2023-03-24T17:59:00Z,nan,0.0003640746580018575,nan,0
2023-03-24T17:58:55Z,2023-03-24T17:59:00Z,nan,0.00036215762760262985,nan,0
2023-03-24T17:58:55Z,2023-03-24T17:59:00Z,nan,0.0003594527124928933,nan,0
2023-03-24T17:58:55Z,2023-03-24T17:59:00Z,nan,0.00036108500401028443,nan,0
2023-03-24T17:58:55Z,2023-03-24T17:59:00Z,nan,0.0003616628644893167,nan,0
2023-03-24T17:58:55Z,2023-03-24T17:59:00Z,nan,0.00036306935824097333,nan,0
2023-03-24T17:58:55Z,2023-03-24T17:59:00Z,nan,0.00036353134467194203,nan,0
2023-03-24T17:58:55Z,2023-03-24T17:59:00Z,nan,0.0003639938703680062,nan,0
2023-03-24T17:58:55Z,2023-03-24T17:59:00Z,nan,0.00036406935879666237,nan,0
2023-03-24T17:58:55Z,2023-03-24T17:59:00Z,nan,0.0003635222158220131,nan,0
2023-03-24T17:58:55Z,2023-03-24T17:59:00Z,nan,0.00036230868046588843,nan,0
2023-03-24T17:58:55Z,2023-03-24T17:59:00Z,nan,0.0003605073684615662,nan,0
2023-03-24T17:58:55Z,2023-03-24T17:59:00Z,nan,0.00036170321972059567,nan,0
2023-03-24T17:58:55Z,2023-03-24T17:59:00Z,nan,0.0003610913594559927,nan,0
2023-03-24T17:58:55Z,2023-03-24T17:59:00Z,nan,0.00036062953468543835,nan,0
2023-03-24T17:58:55Z,2023-03-24T17:59:00Z,nan,0.00036004808190468314,nan,0
2023-03-24T17:58:55Z,2023-03-24T17:59:00Z,nan,0.0003609098516448382,nan,0
2023-03-24T17:58:55Z,2023-03-24T17:59:00Z,nan,0.00036020739158442057,nan,0
2023-03-24T17:58:55Z,2023-03-24T17:59:00Z,nan,0.0003605442881306084,nan,0
2023-03-24T17:58:55Z,2023-03-24T17:59:00Z,nan,0.0003617254363061341,nan,0
2023-03-24T17:58:55Z,2023-03-24T17:59:00Z,nan,0.0003628737103809421,nan,0
2023-03-24T17:58:55Z,2023-03-24T17:59:00Z,nan,0.0003600615943494145,nan,0
2023-03-24T17:58:55Z,2023-03-24T17:59:00Z,nan,0.0003610280573373233,nan,0
2023-03-24T17:58:55Z,2023-03-24T17:59:00Z,nan,0.0003620190807642336,nan,0
2023-03-24T17:58:55Z,2023-03-24T17:59:00Z,nan,0.00036155682821430147,nan,0
2023-03-24T17:58:55Z,2023-03-24T17:59:00Z,nan,0.0003610812058500765,nan,0
2023-03-24T17:58:55Z,2023-03-24T17:59:00Z,nan,0.00036274986512173515,nan,0
2023-03-24T17:58:55Z,2023-03-24T17:59:00Z,nan,0.00036125660488270535,nan,0
2023-03-24T17:58:55Z,2023-03-24T17:59:00Z,nan,0.00036109466259937577,nan,0
2023-03-24T17:58:55Z,2023-03-24T17:59:00Z,nan,0.00035899896842392967,nan,0
2023-03-24T17:58:55Z,2023-03-24T17:59:00Z,nan,0.00035912135457822974,nan,0
2023-03-24T17:58:55Z,2023-03-24T17:59:00Z,nan,0.00035874112707085556,nan,0
2023-03-24T17:58:55Z,2023-03-24T17:59:00Z,nan,0.0003583870354901985,nan,0
2023-03-24T17:58:55Z,2023-03-24T17:59:00Z,nan,0.00035815398781480033,nan,0
2023-03-24T17:58:55Z,2023-03-24T17:59:00Z,nan,0.0003580425974636439,nan,0
2023-03-24T17:58:55Z,2023-03-24T17:59:00Z,nan,0.00035928745680514733,nan,0
2023-03-24T17:58:55Z,2023-03-24T17:59:00Z,nan,0.00035960138867451545,nan,0
2023-03-24T17:58:55Z,2023-03-24T17:59:00Z,nan,0.0003609300765865698,nan,0
2023-03-24T17:58:55Z,2023-03-24T17:59:00Z,nan,0.00036110799641694445,nan,0
2023-03-24T17:58:55Z,2023-03-24T17:59:00Z,nan,0.00035981165070638523,nan,0
2023-03-24T17:58:55Z,2023-03-24T17:59:00Z,nan,0.0003600785491345177,nan,0
2023-03-24T17:58:55Z,2023-03-24T17:59:00Z,nan,0.00036024075864773644,nan,0
2023-03-24T17:58:55Z,2023-03-24T17:59:00Z,nan,0.00036076276269335524,nan,0
2023-03-24T17:58:55Z,2023-03-24T17:59:00Z,nan,0.00036066476213088554,nan,0
2023-03-24T17:58:55Z,2023-03-24T17:59:00Z,nan,0.00036027418812047964,nan,0
2023-03-24T17:58:55Z,2023-03-24T17:59:00Z,nan,0.00036103902636798826,nan,0
2023-03-24T17:58:55Z,2023-03-24T17:59:00Z,nan,0.0003611151759788496,nan,0
2023-03-24T17:58:55Z,2023-03-24T17:59:00Z,nan,0.0003611480264238678,nan,0
2023-03-24T17:58:55Z,2023-03-24T17:59:00Z,nan,0.00036086133857342036,nan,0
2023-03-24T17:58:55Z,2023-03-24T17:59:00Z,nan,0.0003614585777641338,nan,0
2023-03-24T17:58:55Z,2023-03-24T17:59:00Z,nan,0.0003615472588261009,nan,0
2023-03-24T17:58:55Z,2023-03-24T17:59:00Z,nan,0.0003619393450658946,nan,0
2023-03-24T17:58:55Z,2023-03-24T17:59:00Z,nan,0.00036162372548567315,nan,0
2023-03-24T17:58:55Z,2023-03-24T17:59:00Z,nan,0.0003626864033764001,nan,0
2023-03-24T17:58:55Z,2023-03-24T17:59:00Z,nan,0.00036272539626963445,nan,0
2023-03-24T17:58:55Z,2023-03-24T17:59:00Z,nan,0.00036109041712074284,nan,0
2023-03-24T17:58:55Z,2023-03-24T17:59:00Z,nan,0.000361675853738481,nan,0
2023-03-24T17:58:55Z,2023-03-24T17:59:00Z,nan,0.0003615389807151034,nan,0
2023-03-24T17:58:55Z,2023-03-24T17:59:00Z,nan,0.0003623593001587345,nan,0
2023-03-24T17:58:55Z,2023-03-24T17:59:00Z,nan,0.0003593013739391574,nan,0
2023-03-24T17:58:55Z,2023-03-24T17:59:00Z,nan,0.0003587851198610615,nan,0
2023-03-24T17:58:55Z,2023-03-24T17:59:00Z,nan,0.0003578996266900512,nan,0
2023-03-24T17:58:55Z,2023-03-24T17:59:00Z,nan,0.0003573332393702348,nan,0
2023-03-24T17:58:55Z,2023-03-24T17:59:00Z,nan,0.00035953629389710835,nan,0
2023-03-24T17:58:55Z,2023-03-24T17:59:00Z,nan,0.00035886587171750757,nan,0
2023-03-24T17:58:55Z,2023-03-24T17:59:00Z,nan,0.00035797895913962016,nan,0
2023-03-24T17:58:55Z,2023-03-24T17:59:00Z,nan,0.00035788455067897046,nan,0
2023-03-24T17:58:55Z,2023-03-24T17:59:00Z,nan,0.00036103037885973685,nan,0
2023-03-24T17:58:55Z,2023-03-24T17:59:00Z,nan,0.000364190483745347,nan,0
2023-03-24T17:58:55Z,2023-03-24T17:59:00Z,nan,0.0003672670347463784,nan,0
2023-03-24T17:58:55Z,2023-03-24T17:59:00Z,nan,0.00036721215116221665,nan,0
2023-03-24T17:58:55Z,2023-03-24T17:59:00Z,nan,0.0003710872051293271,nan,0
2023-03-24T17:58:55Z,2023-03-24T17:59:00Z,nan,0.0003744344694653686,nan,0
2023-03-24T17:58:55Z,2023-03-24T17:59:00Z,nan,0.0003761583700963538,nan,0
2023-03-24T17:58:55Z,2023-03-24T17:59:00Z,nan,0.00037813562260537013,nan,0
2023-03-24T17:58:55Z,2023-03-24T17:59:00Z,nan,0.00037962713003469493,nan,0
2023-03-24T17:58:55Z,2023-03-24T17:59:00Z,nan,0.0003809653659337943,nan,0
2023-03-24T17:58:55Z,2023-03-24T17:59:00Z,nan,0.0003803065402664871,nan,0
2023-03-24T17:58:55Z,2023-03-24T17:59:00Z,nan,0.0003775702358262551,nan,0
2023-03-24T17:58:55Z,2023-03-24T17:59:00Z,nan,0.0003762343242655758,nan,0
2023-03-24T17:58:55Z,2023-03-24T17:59:00Z,nan,0.0003736382952059658,nan,0
2023-03-24T17:58:55Z,2023-03-24T17:59:00Z,nan,0.0003704799569291971,nan,0
2023-03-24T17:58:55Z,2023-03-24T17:59:00Z,nan,0.00036774084582632497,nan,0
2023-03-24T17:58:55Z,2023-03-24T17:59:00Z,nan,0.00036733558915852166,nan,0
2023-03-24T17:58:55Z,2023-03-24T17:59:00Z,nan,0.0003687618451418432,nan,0
2023-03-24T17:58:55Z,2023-03-24T17:59:00Z,nan,0.00036874870708998646,nan,0
2023-03-24T17:58:55Z,2023-03-24T17:59:00Z,nan,0.0003696252178419276,nan,0
2023-03-24T17:58:55Z,2023-03-24T17:59:00Z,nan,0.00036883288329779817,nan,0
2023-03-24T17:58:55Z,2023-03-24T17:59:00Z,nan,0.0003679068441832735,nan,0
2023-03-24T17:58:55Z,2023-03-24T17:59:00Z,nan,0.0003674899364699793,nan,0
2023-03-24T17:58:55Z,2023-03-24T17:59:00Z,nan,0.0003690502893083853,nan,0
2023-03-24T17:58:55Z,2023-03-24T17:59:00Z,nan,0.0003718311834646784,nan,0
2023-03-24T17:58:55Z,2023-03-24T17:59:00Z,nan,0.0003715865389537229,nan,0
2023-03-24T17:58:55Z,2023-03-24T17:59:00Z,nan,0.00037204228075837846,nan,0
2023-03-24T17:58:55Z,2023-03-24T17:59:00Z,nan,0.00037289381280172307,nan,0
2023-03-24T17:58:55Z,2023-03-24T17:59:00Z,nan,0.00037703545434121126,nan,0
2023-03-24T17:58:55Z,2023-03-24T17:59:00Z,nan,0.00037732062352500826,nan,0
2023-03-24T17:58:55Z,2023-03-24T17:59:00Z,nan,0.00037847439343360087,nan,0
2023-03-24T17:58:55Z,2023-03-24T17:59:00Z,nan,0.00038027855429574646,nan,0
2023-03-24T17:58:55Z,2023-03-24T17:59:00Z,nan,0.0003805338891866146,nan,0
2023-03-24T17:58:55Z,2023-03-24T17:59:00Z,nan,0.00038092094042063826,nan,0
2023-03-24T17:58:55Z,2023-03-24T17:59:00Z,nan,0.00038316247196123554,nan,0
2023-03-24T17:58:55Z,2023-03-24T17:59:00Z,nan,0.0003841815913933277,nan,0
2023-03-24T17:58:55Z,2023-03-24T17:59:00Z,nan,0.0003825190364754288,nan,0
2023-03-24T17:58:55Z,2023-03-24T17:59:00Z,nan,0.0003814787465603554,nan,0
2023-03-24T17:58:55Z,2023-03-24T17:59:00Z,nan,0.0003784232921426229,nan,0
2023-03-24T17:58:55Z,2023-03-24T17:59:00Z,nan,0.00037872939378051683,nan,0
2023-03-24T17:58:55Z,2023-03-24T17:59:00Z,nan,0.0003791576529539499,nan,0
2023-03-24T17:58:55Z,2023-03-24T17:59:00Z,nan,0.00037627753017279944,nan,0
2023-03-24T17:58:55Z,2023-03-24T17:59:00Z,nan,0.0003747808445903878,nan,0
2023-03-24T17:58:55Z,2023-03-24T17:59:00Z,nan,0.0003737655467398293,nan,0
2023-03-24T17:58:55Z,2023-03-24T17:59:00Z,nan,0.0003743881147968005,nan,0
2023-03-24T17:58:55Z,2023-03-24T17:59:00Z,nan,0.00037572096218515784,nan,0
2023-03-24T17:58:55Z,2023-03-24T17:59:00Z,nan,0.00037543862761318686,nan,0
2023-03-24T17:58:55Z,2023-03-24T17:59:00Z,nan,0.00037627679562541114,nan,0
2023-03-24T17:58:55Z,2023-03-24T17:59:00Z,nan,0.00037578009937749753,nan,0
2023-03-24T17:58:55Z,2023-03-24T17:59:00Z,nan,0.0003756665109569886,nan,0
2023-03-24T17:58:55Z,2023-03-24T17:59:00Z,nan,0.0003759181380314074,nan,0
2023-03-24T17:58:55Z,2023-03-24T17:59:00Z,nan,0.00037725919228114805,nan,0
2023-03-24T17:58:55Z,2023-03-24T17:59:00Z,nan,0.0003754726093243984,nan,0
2023-03-24T17:58:55Z,2023-03-24T17:59:00Z,nan,0.00037606156562573426,nan,0
2023-03-24T17:58:55Z,2023-03-24T17:59:00Z,nan,0.0003779342486626814,nan,0
2023-03-24T17:58:55Z,2023-03-24T17:59:00Z,nan,0.00037776252006040524,nan,0
2023-03-24T17:58:55Z,2023-03-24T17:59:00Z,nan,0.00037979758123496404,nan,0
2023-03-24T17:58:55Z,2023-03-24T17:59:00Z,nan,0.0003815881710921791,nan,0
2023-03-24T17:58:55Z,2023-03-24T17:59:00Z,nan,0.0003830448530281484,nan,0
2023-03-24T17:58:55Z,2023-03-24T17:59:00Z,nan,0.0003850712001141897,nan,0
2023-03-24T17:58:55Z,2023-03-24T17:59:00Z,nan,0.0003866206998424796,nan,0
2023-03-24T17:58:55Z,2023-03-24T17:59:00Z,nan,0.00038648175306187603,nan,0
2023-03-24T17:58:55Z,2023-03-24T17:59:00Z,nan,0.0003875269261175534,nan,0
2023-03-24T17:58:55Z,2023-03-24T17:59:00Z,nan,0.0003875798276012069,nan,0
2023-03-24T17:58:55Z,2023-03-24T17:59:00Z,nan,0.00038693259358530026,nan,0
2023-03-24T17:58:55Z,2023-03-24T17:59:00Z,nan,0.00038724313899001986,nan,0
2023-03-24T17:58:55Z,2023-03-24T17:59:00Z,nan,0.00038747160061232015,nan,0
2023-03-24T17:58:55Z,2023-03-24T17:59:00Z,nan,0.0003867835798734917,nan,0
2023-03-24T17:58:55Z,2023-03-24T17:59:00Z,nan,0.0003839990734794216,nan,0
2023-03-24T17:58:55Z,2023-03-24T17:59:00Z,nan,0.00038127782274296714,nan,0
2023-03-24T17:58:55Z,2023-03-24T17:59:00Z,nan,0.0003809586590355904,nan,0
2023-03-24T17:58:55Z,2023-03-24T17:59:00Z,nan,0.0003808417921638296,nan,0
2023-03-24T17:58:55Z,2023-03-24T17:59:00Z,nan,0.00038230348363334666,nan,0
2023-03-24T17:58:55Z,2023-03-24T17:59:00Z,nan,0.00038486317320066853,nan,0
2023-03-24T17:58:55Z,2023-03-24T17:59:00Z,nan,0.0003863851956142959,nan,0
2023-03-24T17:58:55Z,2023-03-24T17:59:00Z,nan,0.00038721997209123147,nan,0
2023-03-24T17:58:55Z,2023-03-24T17:59:00Z,nan,0.00038533674019876454,nan,0
2023-03-24T17:58:55Z,2023-03-24T17:59:00Z,nan,0.0003864042964055127,nan,0
2023-03-24T17:58:55Z,2023-03-24T17:59:00Z,nan,0.00038758074756924663,nan,0
2023-03-24T17:58:55Z,2023-03-24T17:59:00Z,nan,0.0003889622212300149,nan,0
2023-03-24T17:58:55Z,2023-03-24T17:59:00Z,nan,0.0003883564184118077,nan,0
2023-03-24T17:58:55Z,2023-03-24T17:59:00Z,nan,0.00038809630198812883,nan,0
2023-03-24T17:58:55Z,2023-03-24T17:59:00Z,nan,0.00038776688033084284,nan,0
2023-03-24T17:58:55Z,2023-03-24T17:59:00Z,nan,0.0003880595208831845,nan,0
2023-03-24T17:58:55Z,2023-03-24T17:59:00Z,nan,0.00038944959480922297,nan,0
2023-03-24T17:58:55Z,2023-03-24T17:59:00Z,nan,0.000391693781739846,nan,0
2023-03-24T17:58:55Z,2023-03-24T17:59:00Z,nan,0.0003907546905524609,nan,0
2023-03-24T17:58:55Z,2023-03-24T17:59:00Z,nan,0.0003872777629023757,nan,0
2023-03-24T17:58:55Z,2023-03-24T17:59:00Z,nan,0.0003876714388655387,nan,0
2023-03-24T17:58:55Z,2023-03-24T17:59:00Z,nan,0.0003875261806292128,nan,0
2023-03-24T17:58:55Z,2023-03-24T17:59:00Z,nan,0.000386960251883091,nan,0
2023-03-24T17:58:55Z,2023-03-24T17:59:00Z,nan,0.00038725881350267513,nan,0
2023-03-24T17:58:55Z,2023-03-24T17:59:00Z,nan,0.0003885864121838973,nan,0
2023-03-24T17:58:55Z,2023-03-24T17:59:00Z,nan,0.0003867259001500105,nan,0
2023-03-24T17:58:55Z,2023-03-24T17:59:00Z,nan,0.0003867299048387063,nan,0
2023-03-24T17:58:55Z,2023-03-24T17:59:00Z,nan,0.00038373897904529644,nan,0
2023-03-24T17:58:55Z,2023-03-24T17:59:00Z,nan,0.0003832428723983579,nan,0
2023-03-24T17:58:55Z,2023-03-24T17:59:00Z,nan,0.0003841562129495823,nan,0
2023-03-24T17:58:55Z,2023-03-24T17:59:00Z,nan,0.00038580050699156917,nan,0
2023-03-24T17:58:55Z,2023-03-24T17:59:00Z,nan,0.00038558253208026194,nan,0
2023-03-24T17:58:55Z,2023-03-24T17:59:00Z,nan,0.0003850219389517942,nan,0
2023-03-24T17:58:55Z,2023-03-24T17:59:00Z,nan,0.00038475982320751207,nan,0
2023-03-24T17:58:55Z,2023-03-24T17:59:00Z,nan,0.00038568099452149115,nan,0
2023-03-24T17:58:55Z,2023-03-24T17:59:00Z,nan,0.00038639043085918494,nan,0
2023-03-24T17:58:55Z,2023-03-24T17:59:00Z,nan,0.0003868342556997424,nan,0
2023-03-24T17:58:55Z,2023-03-24T17:59:00Z,nan,0.0003906883564074814,nan,0
2023-03-24T17:58:55Z,2023-03-24T17:59:00Z,nan,0.00039148642573506013,nan,0
2023-03-24T17:58:55Z,2023-03-24T17:59:00Z,nan,0.00039241389568669494,nan,0
2023-03-24T17:58:55Z,2023-03-24T17:59:00Z,nan,0.00039315530914220116,nan,0
2023-03-24T17:58:55Z,2023-03-24T17:59:00Z,nan,0.00039305408026111687,nan,0
2023-03-24T17:58:55Z,2023-03-24T17:59:00Z,nan,0.00039151101384932976,nan,0
2023-03-24T17:58:55Z,2023-03-24T17:59:00Z,nan,0.0003915432487438947,nan,0
2023-03-24T17:58:55Z,2023-03-24T17:59:00Z,nan,0.0003926407060237726,nan,0
2023-03-24T17:58:55Z,2023-03-24T17:59:00Z,nan,0.0003946861046948631,nan,0
2023-03-24T17:58:55Z,2023-03-24T17:59:00Z,nan,0.0003945280187211083,nan,0
2023-03-24T17:58:55Z,2023-03-24T17:59:00Z,nan,0.00039349605638185065,nan,0
2023-03-24T17:58:55Z,2023-03-24T17:59:00Z,nan,0.00039356402931795133,nan,0
2023-03-24T17:58:55Z,2023-03-24T17:59:00Z,nan,0.0003947717755622256,nan,0
2023-03-24T17:58:55Z,2023-03-24T17:59:00Z,nan,0.00039603543715640486,nan,0
2023-03-24T17:58:55Z,2023-03-24T17:59:00Z,nan,0.00039639699365888654,nan,0
2023-03-24T17:58:55Z,2023-03-24T17:59:00Z,nan,0.0003954070365720045,nan,0
2023-03-24T17:58:55Z,2023-03-24T17:59:00Z,nan,0.0003977217095778751,nan,0
2023-03-24T17:58:55Z,2023-03-24T17:59:00Z,nan,0.00039748543603882136,nan,0
2023-03-24T17:58:55Z,2023-03-24T17:59:00Z,nan,0.00039748615638073714,nan,0
2023-03-24T17:58:55Z,2023-03-24T17:59:00Z,nan,0.0003970459801049008,nan,0
2023-03-24T17:58:55Z,2023-03-24T17:59:00Z,nan,0.0003975520071617472,nan,0
2023-03-24T17:58:55Z,2023-03-24T17:59:00Z,nan,0.0003965604456073682,nan,0
2023-03-24T17:58:55Z,2023-03-24T17:59:00Z,nan,0.0003968712435029362,nan,0
2023-03-24T17:58:55Z,2023-03-24T17:59:00Z,nan,0.00039628471718289505,nan,1
2023-03-24T17:58:55Z,2023-03-24T17:59:00Z,nan,0.00039759689329933956,nan,1
2023-03-24T17:58:55Z,2023-03-24T17:59:00Z,nan,0.00039807698906620744,nan,1
2023-03-24T17:58:55Z,2023-03-24T17:59:00Z,nan,0.0004003654443770988,nan,1
2023-03-24T17:58:55Z,2023-03-24T17:59:00Z,nan,0.0003982194411258525,nan,1
2023-03-24T17:58:55Z,2023-03-24T17:59:00Z,nan,0.00039760608078652287,nan,1
2023-03-24T17:58:55Z,2023-03-24T17:59:00Z,nan,0.0003968175883480328,nan,1
2023-03-24T17:58:55Z,2023-03-24T17:59:00Z,nan,0.00039774765152609403,nan,1
2023-03-24T17:58:55Z,2023-03-24T17:59:00Z,nan,0.00039962951367477804,nan,1
2023-03-24T17:58:55Z,2023-03-24T17:59:00Z,nan,0.00040096836455278274,nan,1
2023-03-24T17:58:55Z,2023-03-24T17:59:00Z,nan,0.0004010001521075319,nan,1
2023-03-24T17:58:55Z,2023-03-24T17:59:00Z,nan,0.00040202932507930336,nan,1
2023-03-24T17:58:55Z,2023-03-24T17:59:00Z,nan,0.0004041743895468227,nan,0
2023-03-24T17:58:55Z,2023-03-24T17:59:00Z,nan,0.0004003967909904333,nan,0
2023-03-24T17:58:55Z,2023-03-24T17:59:00Z,nan,0.0004020023583654741,nan,0
2023-03-24T17:58:55Z,2023-03-24T17:59:00Z,nan,0.00040055208124983323,nan,0
2023-03-24T17:58:55Z,2023-03-24T17:59:00Z,nan,0.00039996818537582694,nan,0
2023-03-24T17:58:55Z,2023-03-24T17:59:00Z,nan,0.0003998387742464302,nan,0
2023-03-24T17:58:55Z,2023-03-24T17:59:00Z,nan,0.0004000533171077888,nan,0
2023-03-24T17:58:55Z,2023-03-24T17:59:00Z,nan,0.0004028012596009797,nan,0
2023-03-24T17:58:55Z,2023-03-24T17:59:00Z,nan,0.00040478550211857573,nan,0
2023-03-24T17:58:55Z,2023-03-24T17:59:00Z,nan,0.00040503166025749427,nan,0
2023-03-24T17:58:55Z,2023-03-24T17:59:00Z,nan,0.00040631201803808213,nan,0
2023-03-24T17:58:55Z,2023-03-24T17:59:00Z,nan,0.00040630838067123317,nan,0
2023-03-24T17:58:55Z,2023-03-24T17:59:00Z,nan,0.00040657205889055856,nan,0
2023-03-24T17:58:55Z,2023-03-24T17:59:00Z,nan,0.0004056076657275741,nan,0
2023-03-24T17:58:55Z,2023-03-24T17:59:00Z,nan,0.0004067160953306557,nan,0
2023-03-24T17:58:55Z,2023-03-24T17:59:00Z,nan,0.0004070081769757596,nan,0
2023-03-24T17:58:55Z,2023-03-24T17:59:00Z,nan,0.00040799369651617123,nan,0
2023-03-24T17:58:55Z,2023-03-24T17:59:00Z,nan,0.00040718582835038065,nan,0
2023-03-24T17:58:55Z,2023-03-24T17:59:00Z,nan,0.00040877074359634615,nan,0
2023-03-24T17:58:55Z,2023-03-24T17:59:00Z,nan,0.0004088249288154783,nan,0
2023-03-24T17:58:55Z,2023-03-24T17:59:00Z,nan,0.0004087074409922389,nan,0
2023-03-24T17:58:55Z,2023-03-24T17:59:00Z,nan,0.0004094982319357064,nan,0
2023-03-24T17:58:55Z,2023-03-24T17:59:00Z,nan,0.00041018522303232474,nan,0
2023-03-24T17:58:55Z,2023-03-24T17:59:00Z,nan,0.00040910820695172094,nan,0
2023-03-24T17:58:55Z,2023-03-24T17:59:00Z,nan,0.0004098198118121547,nan,0
2023-03-24T17:58:55Z,2023-03-24T17:59:00Z,nan,0.00040922296826225807,nan,0
2023-03-24T17:58:55Z,2023-03-24T17:59:00Z,nan,0.00040947964304557873,nan,0
2023-03-24T17:58:55Z,2023-03-24T17:59:00Z,nan,0.0004096193795166699,nan,0
2023-03-24T17:58:55Z,2023-03-24T17:59:00Z,nan,0.0004126555681190583,nan,0
2023-03-24T17:58:55Z,2023-03-24T17:59:00Z,nan,0.0004135886592782571,nan,0
2023-03-24T17:58:55Z,2023-03-24T17:59:00Z,nan,0.0004139112308941938,nan,0
2023-03-24T17:58:55Z,2023-03-24T17:59:00Z,nan,0.0004129149272365445,nan,0
2023-03-24T17:58:55Z,2023-03-24T17:59:00Z,nan,0.00041411625743524604,nan,0
2023-03-24T17:58:55Z,2023-03-24T17:59:00Z,nan,0.0004167120935066042,nan,0
2023-03-24T17:58:55Z,2023-03-24T17:59:00Z,nan,0.0004173491077855332,nan,0
2023-03-24T17:58:55Z,2023-03-24T17:59:00Z,nan,0.0004148206697637019,nan,0
2023-03-24T17:58:55Z,2023-03-24T17:59:00Z,nan,0.00041426743732881775,nan,0
2023-03-24T17:58:55Z,2023-03-24T17:59:00Z,nan,0.0004161339266573047,nan,0
2023-03-24T17:58:55Z,2023-03-24T17:59:00Z,nan,0.00041551963080488884,nan,0
2023-03-24T17:58:55Z,2023-03-24T17:59:00Z,nan,0.0004203412812142989,nan,0
2023-03-24T17:58:55Z,2023-03-24T17:59:00Z,nan,0.0004220201889827579,nan,0
2023-03-24T17:58:55Z,2023-03-24T17:59:00Z,nan,0.0004242857418782865,nan,0
2023-03-24T17:58:55Z,2023-03-24T17:59:00Z,nan,0.0004278803150882684,nan,0
2023-03-24T17:58:55Z,2023-03-24T17:59:00Z,nan,0.0004263705292771465,nan,0
2023-03-24T17:58:55Z,2023-03-24T17:59:00Z,nan,0.0004256891746930498,nan,0
2023-03-24T17:58:55Z,2023-03-24T17:59:00Z,nan,0.00042452104170365656,nan,0
2023-03-24T17:58:55Z,2023-03-24T17:59:00Z,nan,0.00042274306940643844,nan,0
2023-03-24T17:58:55Z,2023-03-24T17:59:00Z,nan,0.0004212608702798737,nan,0
2023-03-24T17:58:55Z,2023-03-24T17:59:00Z,nan,0.00042247594135715234,nan,0
2023-03-24T17:58:55Z,2023-03-24T17:59:00Z,nan,0.00042162086484579024,nan,0
2023-03-24T17:58:55Z,2023-03-24T17:59:00Z,nan,0.00042258229915729796,nan,0
2023-03-24T17:58:55Z,2023-03-24T17:59:00Z,nan,0.0004243726275677537,nan,0
2023-03-24T17:58:55Z,2023-03-24T17:59:00Z,nan,0.00042269273471606957,nan,0
2023-03-24T17:58:55Z,2023-03-24T17:59:00Z,nan,0.00042215587017200684,nan,0
2023-03-24T17:58:55Z,2023-03-24T17:59:00Z,nan,0.00042402761463748565,nan,0
2023-03-24T17:58:55Z,2023-03-24T17:59:00Z,nan,0.0004237732999469396,nan,0
2023-03-24T17:58:55Z,2023-03-24T17:59:00Z,nan,0.0004240264713961617,nan,0
2023-03-24T17:58:55Z,2023-03-24T17:59:00Z,nan,0.00042489976984051876,nan,0
2023-03-24T17:58:55Z,2023-03-24T17:59:00Z,nan,0.00042470095063990016,nan,0
2023-03-24T17:58:55Z,2023-03-24T17:59:00Z,nan,0.0004259353991213655,nan,0
2023-03-24T17:58:55Z,2023-03-24T17:59:00Z,nan,0.00042476660528368795,nan,0
2023-03-24T17:58:55Z,2023-03-24T17:59:00Z,nan,0.0004226738666095797,nan,0
2023-03-24T17:58:55Z,2023-03-24T17:59:00Z,nan,0.00042207696956693966,nan,0
2023-03-24T17:58:55Z,2023-03-24T17:59:00Z,nan,0.00042364306357917526,nan,0
2023-03-24T17:58:55Z,2023-03-24T17:59:00Z,nan,0.0004233466682010192,nan,0
2023-03-24T17:58:55Z,2023-03-24T17:59:00Z,nan,0.00042347417647574213,nan,0
2023-03-24T17:58:55Z,2023-03-24T17:59:00Z,nan,0.00042422764829545405,nan,0
2023-03-24T17:58:55Z,2023-03-24T17:59:00Z,nan,0.0004217081519456523,nan,0
2023-03-24T17:58:55Z,2023-03-24T17:59:00Z,nan,0.0004181554429661288,nan,0
2023-03-24T17:58:55Z,2023-03-24T17:59:00Z,nan,0.0004143105036026573,nan,0
2023-03-24T17:58:55Z,2023-03-24T17:59:00Z,nan,0.0004160964194233743,nan,0
2023-03-24T17:58:55Z,2023-03-24T17:59:00Z,nan,0.00041723285265379926,nan,1
2023-03-24T17:58:55Z,2023-03-24T17:59:00Z,nan,0.00041721632698068036,nan,1
2023-03-24T17:58:55Z,2023-03-24T17:59:00Z,nan,0.00041369426864914995,nan,1
2023-03-24T17:58:55Z,2023-03-24T17:59:00Z,nan,0.00041149393416200835,nan,1
2023-03-24T17:58:55Z,2023-03-24T17:59:00Z,nan,0.0004060764192660482,nan,1
2023-03-24T17:58:55Z,2023-03-24T17:59:00Z,nan,0.0004023432410776517,nan,1
2023-03-24T17:58:55Z,2023-03-24T17:59:00Z,nan,0.00039900285374405,nan,1
2023-03-24T17:58:55Z,2023-03-24T17:59:00Z,nan,0.00039564156759805836,nan,1
2023-03-24T17:58:55Z,2023-03-24T17:59:00Z,nan,0.00039156934044952846,nan,1
2023-03-24T17:58:55Z,2023-03-24T17:59:00Z,nan,0.00038715314918419603,nan,1
2023-03-24T17:58:55Z,2023-03-24T17:59:00Z,nan,0.00038467669327973785,nan,1
2023-03-24T17:58:55Z,2023-03-24T17:59:00Z,nan,0.00038146073738653033,nan,1
2023-03-24T17:58:55Z,2023-03-24T17:59:00Z,nan,0.00037888977223863365,nan,1
2023-03-24T17:58:55Z,2023-03-24T17:59:00Z,nan,0.00037470368542039605,nan,1
2023-03-24T17:58:55Z,2023-03-24T17:59:00Z,nan,0.0003703080756924394,nan,1
2023-03-24T17:58:55Z,2023-03-24T17:59:00Z,nan,0.000364227663503072,nan,1
2023-03-24T17:58:55Z,2023-03-24T17:59:00Z,nan,0.0003597791177399173,nan,1
2023-03-24T17:58:55Z,2023-03-24T17:59:00Z,nan,0.00035692686055573657,nan,1
2023-03-24T17:58:55Z,2023-03-24T17:59:00Z,nan,0.00035247312509097877,nan,1
2023-03-24T17:58:55Z,2023-03-24T17:59:00Z,nan,0.00034729283056527977,nan,1
2023-03-24T17:58:55Z,2023-03-24T17:59:00Z,nan,0.00034285971805682054,nan,1
2023-03-24T17:58:55Z,2023-03-24T17:59:00Z,nan,0.0003398641961495409,nan,1
2023-03-24T17:58:55Z,2023-03-24T17:59:00Z,nan,0.0003367938186491359,nan,1
2023-03-24T17:58:55Z,2023-03-24T17:59:00Z,nan,0.00033337470069933086,nan,1
2023-03-24T17:58:55Z,2023-03-24T17:59:00Z,nan,0.0003301865160764922,nan,1
2023-03-24T17:58:55Z,2023-03-24T17:59:00Z,nan,0.00032965115434787566,nan,1
2023-03-24T17:58:55Z,2023-03-24T17:59:00Z,nan,0.0003289921340440329,nan,1
2023-03-24T17:58:55Z,2023-03-24T17:59:00Z,nan,0.00032822790416012893,nan,1
2023-03-24T17:58:55Z,2023-03-24T17:59:00Z,nan,0.00032743299369636733,nan,1
2023-03-24T17:58:55Z,2023-03-24T17:59:00Z,nan,0.00032569299987689996,nan,1
2023-03-24T17:58:55Z,2023-03-24T17:59:00Z,nan,0.0003254781652381711,nan,1
2023-03-24T17:58:55Z,2023-03-24T17:59:00Z,nan,0.0003235156441169552,nan,1
2023-03-24T17:58:55Z,2023-03-24T17:59:00Z,nan,0.0003235012694949207,nan,1
2023-03-24T17:58:55Z,2023-03-24T17:59:00Z,nan,0.00032264892534950116,nan,1
2023-03-24T17:58:55Z,2023-03-24T17:59:00Z,nan,0.00032196283416826573,nan,1
2023-03-24T17:58:55Z,2023-03-24T17:59:00Z,nan,0.00031962418154643063,nan,1
2023-03-24T17:58:55Z,2023-03-24T17:59:00Z,nan,0.00031874760609401377,nan,1
2023-03-24T17:58:55Z,2023-03-24T17:59:00Z,nan,0.00031621542068587454,nan,1
2023-03-24T17:58:55Z,2023-03-24T17:59:00Z,nan,0.00031153315561423803,nan,1
2023-03-24T17:58:55Z,2023-03-24T17:59:00Z,nan,0.00031105273507624047,nan,1
2023-03-24T17:58:55Z,2023-03-24T17:59:00Z,nan,0.0003133917730323835,nan,1
2023-03-24T17:58:55Z,2023-03-24T17:59:00Z,nan,0.000315662333305742,nan,1
2023-03-24T17:58:55Z,2023-03-24T17:59:00Z,nan,0.0003183526055555793,nan,1
2023-03-24T17:58:55Z,2023-03-24T17:59:00Z,nan,0.00032313368547787913,nan,1
2023-03-24T17:58:55Z,2023-03-24T17:59:00Z,nan,0.00032612405239089995,nan,1
2023-03-24T17:58:55Z,2023-03-24T17:59:00Z,nan,0.00033033444863442496,nan,1
2023-03-24T17:58:55Z,2023-03-24T17:59:00Z,nan,0.0003329309790338384,nan,1
2023-03-24T17:58:55Z,2023-03-24T17:59:00Z,nan,0.0003370208550618418,nan,1
2023-03-24T17:58:55Z,2023-03-24T17:59:00Z,nan,0.0003403100260845387,nan,1
2023-03-24T17:58:55Z,2023-03-24T17:59:00Z,nan,0.0003425460385376274,nan,0
2023-03-24T17:58:55Z,2023-03-24T17:59:00Z,nan,0.00034485662912630893,nan,0
2023-03-24T17:58:55Z,2023-03-24T17:59:00Z,nan,0.0003494809319408919,nan,0
2023-03-24T17:58:55Z,2023-03-24T17:59:00Z,nan,0.0003515626015727198,nan,0
2023-03-24T17:58:55Z,2023-03-24T17:59:00Z,nan,0.00035492976963544877,nan,0
2023-03-24T17:58:55Z,2023-03-24T17:59:00Z,nan,0.00035834934427907047,nan,0
2023-03-24T17:58:55Z,2023-03-24T17:59:00Z,nan,0.00036404236027859886,nan,0
2023-03-24T17:58:55Z,2023-03-24T17:59:00Z,nan,0.00036871618158483706,nan,0
2023-03-24T17:58:55Z,2023-03-24T17:59:00Z,nan,0.0003731286600526931,nan,0
2023-03-24T17:58:55Z,2023-03-24T17:59:00Z,nan,0.00037788252617107477,nan,0
2023-03-24T17:58:55Z,2023-03-24T17:59:00Z,nan,0.00038165777019982756,nan,0
2023-03-24T17:58:55Z,2023-03-24T17:59:00Z,nan,0.00038467903488991325,nan,0
2023-03-24T17:58:55Z,2023-03-24T17:59:00Z,nan,0.0003867636203500211,nan,0
2023-03-24T17:58:55Z,2023-03-24T17:59:00Z,nan,0.00038844374082031534,nan,0
2023-03-24T17:58:55Z,2023-03-24T17:59:00Z,nan,0.00039200700511512056,nan,0
2023-03-24T17:58:55Z,2023-03-24T17:59:00Z,nan,0.0003941406521222797,nan,0
2023-03-24T17:58:55Z,2023-03-24T17:59:00Z,nan,0.00040001472144344743,nan,0
2023-03-24T17:58:55Z,2023-03-24T17:59:00Z,nan,0.00040197214768519416,nan,0
2023-03-24T17:58:55Z,2023-03-24T17:59:00Z,nan,0.00040524239574521773,nan,0
2023-03-24T17:58:55Z,2023-03-24T17:59:00Z,nan,0.0004073329188836044,nan,0
2023-03-24T17:58:55Z,2023-03-24T17:59:00Z,nan,0.0004104438703152702,nan,0
2023-03-24T17:58:55Z,2023-03-24T17:59:00Z,nan,0.0004121255830384606,nan,0
2023-03-24T17:58:55Z,2023-03-24T17:59:00Z,nan,0.00041405309414434835,nan,0
2023-03-24T17:58:55Z,2023-03-24T17:59:00Z,nan,0.0004134514205294471,nan,0
2023-03-24T17:58:55Z,2023-03-24T17:59:00Z,nan,0.00041520512908918675,nan,0
2023-03-24T17:58:55Z,2023-03-24T17:59:00Z,nan,0.0004131160110016086,nan,0
2023-03-24T17:58:55Z,2023-03-24T17:59:00Z,nan,0.0004081634414813955,nan,0
2023-03-24T17:58:55Z,2023-03-24T17:59:00Z,nan,0.00040854418571907483,nan,0
2023-03-24T17:58:55Z,2023-03-24T17:59:00Z,nan,0.00040796238197143804,nan,0
2023-03-24T17:58:55Z,2023-03-24T17:59:00Z,nan,0.0004072379944130592,nan,0
2023-03-24T17:58:55Z,2023-03-24T17:59:00Z,nan,0.0004053236707867141,nan,0
2023-03-24T17:58:55Z,2023-03-24T17:59:00Z,nan,0.00040535796005327485,nan,0
2023-03-24T17:58:55Z,2023-03-24T17:59:00Z,nan,0.0004058497215681328,nan,0
2023-03-24T17:58:55Z,2023-03-24T17:59:00Z,nan,0.000407345033355868,nan,0
2023-03-24T17:58:55Z,2023-03-24T17:59:00Z,nan,0.00040619526962806156,nan,0
2023-03-24T17:58:55Z,2023-03-24T17:59:00Z,nan,0.00040419646278213846,nan,0
2023-03-24T17:58:55Z,2023-03-24T17:59:00Z,nan,0.0004055848159990983,nan,0
2023-03-24T17:58:55Z,2023-03-24T17:59:00Z,nan,0.00040810896588539024,nan,0
2023-03-24T17:58:55Z,2023-03-24T17:59:00Z,nan,0.00040953870417395177,nan,0
2023-03-24T17:58:55Z,2023-03-24T17:59:00Z,nan,0.00040872822548858215,nan,0
2023-03-24T17:58:55Z,2023-03-24T17:59:00Z,nan,0.0004083817703161628,nan,0
2023-03-24T17:58:55Z,2023-03-24T17:59:00Z,nan,0.00041112930822936693,nan,0
2023-03-24T17:58:55Z,2023-03-24T17:59:00Z,nan,0.0004117163351475629,nan,0
2023-03-24T17:58:55Z,2023-03-24T17:59:00Z,nan,0.0004121055062075281,nan,0
2023-03-24T17:58:55Z,2023-03-24T17:59:00Z,nan,0.00041321526177919476,nan,0
2023-03-24T17:58:55Z,2023-03-24T17:59:00Z,nan,0.00041337870931029897,nan,0
2023-03-24T17:58:55Z,2023-03-24T17:59:00Z,nan,0.00041225368029090587,nan,0
2023-03-24T17:58:55Z,2023-03-24T17:59:00Z,nan,0.00041410719684772544,nan,0
2023-03-24T17:58:55Z,2023-03-24T17:59:00Z,nan,0.0004136332773291567,nan,0
2023-03-24T17:58:55Z,2023-03-24T17:59:00Z,nan,0.00041381234504957913,nan,0
2023-03-24T17:58:55Z,2023-03-24T17:59:00Z,nan,0.00041262914596015094,nan,0
2023-03-24T17:58:55Z,2023-03-24T17:59:00Z,nan,0.0004136163879301724,nan,0
2023-03-24T17:58:55Z,2023-03-24T17:59:00Z,nan,0.00041458911193249874,nan,0
2023-03-24T17:58:55Z,2023-03-24T17:59:00Z,nan,0.0004165617907548053,nan,0
2023-03-24T17:58:55Z,2023-03-24T17:59:00Z,nan,0.00041689037965799656,nan,0
2023-03-24T17:58:55Z,2023-03-24T17:59:00Z,nan,0.0004184369901474602,nan,0
2023-03-24T17:58:55Z,2023-03-24T17:59:00Z,nan,0.0004200611297719419,nan,0
2023-03-24T17:58:55Z,2023-03-24T17:59:00Z,nan,0.000421985169155556,nan,0
2023-03-24T17:58:55Z,2023-03-24T17:59:00Z,nan,0.00042235441054624923,nan,0
2023-03-24T17:58:55Z,2023-03-24T17:59:00Z,nan,0.0004205550502696524,nan,0
2023-03-24T17:58:55Z,2023-03-24T17:59:00Z,nan,0.00041887570310379933,nan,0
2023-03-24T17:58:55Z,2023-03-24T17:59:00Z,nan,0.0004187506407599216,nan,0
2023-03-24T17:58:55Z,2023-03-24T17:59:00Z,nan,0.00041952062191350555,nan,0
2023-03-24T17:58:55Z,2023-03-24T17:59:00Z,nan,0.00041807662770005163,nan,0
2023-03-24T17:58:55Z,2023-03-24T17:59:00Z,nan,0.00041598408347387174,nan,0
2023-03-24T17:58:55Z,2023-03-24T17:59:00Z,nan,0.00041733145514830073,nan,0
2023-03-24T17:58:55Z,2023-03-24T17:59:00Z,nan,0.0004200235549145566,nan,0
2023-03-24T17:58:55Z,2023-03-24T17:59:00Z,nan,0.00042286658333855925,nan,0
2023-03-24T17:58:55Z,2023-03-24T17:59:00Z,nan,0.0004227775533698634,nan,0
2023-03-24T17:58:55Z,2023-03-24T17:59:00Z,nan,0.00042402159128229424,nan,0
2023-03-24T17:58:55Z,2023-03-24T17:59:00Z,nan,0.00042474958600500633,nan,0
2023-03-24T17:58:55Z,2023-03-24T17:59:00Z,nan,0.00042535276669009633,nan,0
2023-03-24T17:58:55Z,2023-03-24T17:59:00Z,nan,0.00042666543420033834,nan,0
2023-03-24T17:58:55Z,2023-03-24T17:59:00Z,nan,0.00042829650296206115,nan,0
2023-03-24T17:58:55Z,2023-03-24T17:59:00Z,nan,0.0004292022202798491,nan,0
2023-03-24T17:58:55Z,2023-03-24T17:59:00Z,nan,0.00043191853673311324,nan,0
2023-03-24T17:58:55Z,2023-03-24T17:59:00Z,nan,0.00043228868855627945,nan,0
2023-03-24T17:58:55Z,2023-03-24T17:59:00Z,nan,0.0004326992888530078,nan,0
2023-03-24T17:58:55Z,2023-03-24T17:59:00Z,nan,0.0004313631680737393,nan,0
2023-03-24T17:58:55Z,2023-03-24T17:59:00Z,nan,0.0004319309383196845,nan,0
2023-03-24T17:58:55Z,2023-03-24T17:59:00Z,nan,0.0004314785065351737,nan,0
2023-03-24T17:58:55Z,2023-03-24T17:59:00Z,nan,0.00043171343447603156,nan,0
2023-03-24T17:58:55Z,2023-03-24T17:59:00Z,nan,0.00043314533166730046,nan,0
2023-03-24T17:58:55Z,2023-03-24T17:59:00Z,nan,0.0004317893637897666,nan,0
2023-03-24T17:58:55Z,2023-03-24T17:59:00Z,nan,0.0004306630401694654,nan,0
2023-03-24T17:58:55Z,2023-03-24T17:59:00Z,nan,0.00043053179625506275,nan,0
2023-03-24T17:58:55Z,2023-03-24T17:59:00Z,nan,0.000431528135185369,nan,0
2023-03-24T17:58:55Z,2023-03-24T17:59:00Z,nan,0.0004314639442088944,nan,0
2023-03-24T17:58:55Z,2023-03-24T17:59:00Z,nan,0.0004294937473921734,nan,0
2023-03-24T17:58:55Z,2023-03-24T17:59:00Z,nan,0.00042754635330893674,nan,0
2023-03-24T17:58:55Z,2023-03-24T17:59:00Z,nan,0.0004256245937483932,nan,0
2023-03-24T17:58:55Z,2023-03-24T17:59:00Z,nan,0.00042521449521933113,nan,0
2023-03-24T17:58:55Z,2023-03-24T17:59:00Z,nan,0.0004246097965288459,nan,0
2023-03-24T17:58:55Z,2023-03-24T17:59:00Z,nan,0.00042404847400859805,nan,0
2023-03-24T17:58:55Z,2023-03-24T17:59:00Z,nan,0.00042223601691276924,nan,0
2023-03-24T17:58:55Z,2023-03-24T17:59:00Z,nan,0.00042460098037479005,nan,0
2023-03-24T17:58:55Z,2023-03-24T17:59:00Z,nan,0.00042803564230279364,nan,0
2023-03-24T17:58:55Z,2023-03-24T17:59:00Z,nan,0.00043284753079086556,nan,0
2023-03-24T17:58:55Z,2023-03-24T17:59:00Z,nan,0.00043570988325991486,nan,0
2023-03-24T17:58:55Z,2023-03-24T17:59:00Z,nan,0.00043869674628100127,nan,0
2023-03-24T17:58:55Z,2023-03-24T17:59:00Z,nan,0.0004404722509404395,nan,0
2023-03-24T17:58:55Z,2023-03-24T17:59:00Z,nan,0.0004430703524936948,nan,0
2023-03-24T17:58:55Z,2023-03-24T17:59:00Z,nan,0.00044349119309088363,nan,0
2023-03-24T17:58:55Z,2023-03-24T17:59:00Z,nan,0.0004454466573198597,nan,0
2023-03-24T17:58:55Z,2023-03-24T17:59:00Z,nan,0.0004483272843788253,nan,0
2023-03-24T17:58:55Z,2023-03-24T17:59:00Z,nan,0.00045002745421869237,nan,0
2023-03-24T17:58:55Z,2023-03-24T17:59:00Z,nan,0.0004514841957112071,nan,0
2023-03-24T17:58:55Z,2023-03-24T17:59:00Z,nan,0.0004553140695338139,nan,0
2023-03-24T17:58:55Z,2023-03-24T17:59:00Z,nan,0.00046168566213413987,nan,0
2023-03-24T17:58:55Z,2023-03-24T17:59:00Z,nan,0.00046319392255346324,nan,0
2023-03-24T17:58:55Z,2023-03-24T17:59:00Z,nan,0.0004657914481323157,nan,0
2023-03-24T17:58:55Z,2023-03-24T17:59:00Z,nan,0.0004673730054445115,nan,0
2023-03-24T17:58:55Z,2023-03-24T17:59:00Z,nan,0.00046989633430725004,nan,0
2023-03-24T17:58:55Z,2023-03-24T17:59:00Z,nan,0.00047407082242822317,nan,0
2023-03-24T17:58:55Z,2023-03-24T17:59:00Z,nan,0.0004750352434967801,nan,0
2023-03-24T17:58:55Z,2023-03-24T17:59:00Z,nan,0.00047553064728047244,nan,0
2023-03-24T17:58:55Z,2023-03-24T17:59:00Z,nan,0.0004785448397466719,nan,0
2023-03-24T17:58:55Z,2023-03-24T17:59:00Z,nan,0.00047967873902996855,nan,0
2023-03-24T17:58:55Z,2023-03-24T17:59:00Z,nan,0.0004805603117796386,nan,0
2023-03-24T17:58:55Z,2023-03-24T17:59:00Z,nan,0.0004821979954214859,nan,0
2023-03-24T17:58:55Z,2023-03-24T17:59:00Z,nan,0.000489708081356449,nan,0
2023-03-24T17:58:55Z,2023-03-24T17:59:00Z,nan,0.0004922849730120429,nan,0
2023-03-24T17:58:55Z,2023-03-24T17:59:00Z,nan,0.0004920424788090201,nan,0
2023-03-24T17:58:55Z,2023-03-24T17:59:00Z,nan,0.0004932859683737102,nan,0
2023-03-24T17:58:55Z,2023-03-24T17:59:00Z,nan,0.0004933836622236318,nan,0
2023-03-24T17:58:55Z,2023-03-24T17:59:00Z,nan,0.0004952360859521209,nan,0
2023-03-24T17:58:55Z,2023-03-24T17:59:00Z,nan,0.0004942573011643465,nan,0
2023-03-24T17:58:55Z,2023-03-24T17:59:00Z,nan,0.0004936542871688007,nan,0
2023-03-24T17:58:55Z,2023-03-24T17:59:00Z,nan,0.0004929202650593136,nan,0
2023-03-24T17:58:55Z,2023-03-24T17:59:00Z,nan,0.0004927478599817567,nan,0
2023-03-24T17:58:55Z,2023-03-24T17:59:00Z,nan,0.0004926359752026212,nan,0
2023-03-24T17:58:55Z,2023-03-24T17:59:00Z,nan,0.0004913581470668359,nan,0
2023-03-24T17:58:55Z,2023-03-24T17:59:00Z,nan,0.0004893382202092899,nan,0
2023-03-24T17:58:55Z,2023-03-24T17:59:00Z,nan,0.0004856531449769551,nan,0
2023-03-24T17:58:55Z,2023-03-24T17:59:00Z,nan,0.0004833341794077217,nan,0
2023-03-24T17:58:55Z,2023-03-24T17:59:00Z,nan,0.0004811193821401744,nan,0
2023-03-24T17:58:55Z,2023-03-24T17:59:00Z,nan,0.0004812680854260493,nan,0
2023-03-24T17:58:55Z,2023-03-24T17:59:00Z,nan,0.0004783092284416051,nan,0
2023-03-24T17:58:55Z,2023-03-24T17:59:00Z,nan,0.00047578497886695704,nan,0
2023-03-24T17:58:55Z,2023-03-24T17:59:00Z,nan,0.0004717305617081427,nan,0
2023-03-24T17:58:55Z,2023-03-24T17:59:00Z,nan,0.0004694458617217436,nan,0
2023-03-24T17:58:55Z,2023-03-24T17:59:00Z,nan,0.00046714930522577107,nan,0
2023-03-24T17:58:55Z,2023-03-24T17:59:00Z,nan,0.00046601912573479353,nan,0
2023-03-24T17:58:55Z,2023-03-24T17:59:00Z,nan,0.0004645444171041161,nan,0
2023-03-24T17:58:55Z,2023-03-24T17:59:00Z,nan,0.0004636957670890396,nan,0
2023-03-24T17:58:55Z,2023-03-24T17:59:00Z,nan,0.00046420895383680573,nan,0
2023-03-24T17:58:55Z,2023-03-24T17:59:00Z,nan,0.00046381187409753243,nan,0
2023-03-24T17:58:55Z,2023-03-24T17:59:00Z,nan,0.00046575487842393095,nan,0
2023-03-24T17:58:55Z,2023-03-24T17:59:00Z,nan,0.0004641356190427487,nan,0
2023-03-24T17:58:55Z,2023-03-24T17:59:00Z,nan,0.00046281695730203507,nan,0
2023-03-24T17:58:55Z,2023-03-24T17:59:00Z,nan,0.0004607099447736224,nan,0
2023-03-24T17:58:55Z,2023-03-24T17:59:00Z,nan,0.0004593553610165011,nan,0
2023-03-24T17:58:55Z,2023-03-24T17:59:00Z,nan,0.0004583631707321555,nan,0
2023-03-24T17:58:55Z,2023-03-24T17:59:00Z,nan,0.0004585326983518424,nan,0
2023-03-24T17:58:55Z,2023-03-24T17:59:00Z,nan,0.00045790330219415496,nan,0
2023-03-24T17:58:55Z,2023-03-24T17:59:00Z,nan,0.000458584516176548,nan,0
2023-03-24T17:58:55Z,2023-03-24T17:59:00Z,nan,0.00045761086252248893,nan,0
2023-03-24T17:58:55Z,2023-03-24T17:59:00Z,nan,0.00045644378330121546,nan,0
2023-03-24T17:58:55Z,2023-03-24T17:59:00Z,nan,0.00045620609907709566,nan,0
2023-03-24T17:58:55Z,2023-03-24T17:59:00Z,nan,0.00045550859431697706,nan,0
2023-03-24T17:58:55Z,2023-03-24T17:59:00Z,nan,0.0004551041125922008,nan,0
2023-03-24T17:58:55Z,2023-03-24T17:59:00Z,nan,0.0004516101158230658,nan,0
2023-03-24T17:58:55Z,2023-03-24T17:59:00Z,nan,0.0004506989574126339,nan,0
2023-03-24T17:58:55Z,2023-03-24T17:59:00Z,nan,0.0004521744390429462,nan,0
2023-03-24T17:58:55Z,2023-03-24T17:59:00Z,nan,0.0004519406750564106,nan,0
2023-03-24T17:58:55Z,2023-03-24T17:59:00Z,nan,0.0004524940656138491,nan,0
2023-03-24T17:58:55Z,2023-03-24T17:59:00Z,nan,0.0004552484518982034,nan,0
2023-03-24T17:58:55Z,2023-03-24T17:59:00Z,nan,0.0004586400576839104,nan,0
2023-03-24T17:58:55Z,2023-03-24T17:59:00Z,nan,0.0004596400036127966,nan,0
2023-03-24T17:58:55Z,2023-03-24T17:59:00Z,nan,0.0004610208464021853,nan,0
2023-03-24T17:58:55Z,2023-03-24T17:59:00Z,nan,0.0004624853275709768,nan,0
2023-03-24T17:58:55Z,2023-03-24T17:59:00Z,nan,0.0004634852842228164,nan,0
2023-03-24T17:58:55Z,2023-03-24T17:59:00Z,nan,0.00046336549214037715,nan,0
2023-03-24T17:58:55Z,2023-03-24T17:59:00Z,nan,0.0004624828501513317,nan,0
2023-03-24T17:58:55Z,2023-03-24T17:59:00Z,nan,0.00046196567215568967,nan,0
2023-03-24T17:58:55Z,2023-03-24T17:59:00Z,nan,0.000461841091567421,nan,0
2023-03-24T17:58:55Z,2023-03-24T17:59:00Z,nan,0.00046227461014528,nan,0
2023-03-24T17:58:55Z,2023-03-24T17:59:00Z,nan,0.000463718467840806,nan,0
2023-03-24T17:58:55Z,2023-03-24T17:59:00Z,nan,0.0004631995995443814,nan,0
2023-03-24T17:58:55Z,2023-03-24T17:59:00Z,nan,0.0004654424726528371,nan,0
2023-03-24T17:58:55Z,2023-03-24T17:59:00Z,nan,0.0004672855663169353,nan,0
2023-03-24T17:58:55Z,2023-03-24T17:59:00Z,nan,0.0004661435974646384,nan,0
2023-03-24T17:58:55Z,2023-03-24T17:59:00Z,nan,0.00046860017841579067,nan,0
2023-03-24T17:58:55Z,2023-03-24T17:59:00Z,nan,0.00046870148378553466,nan,0
2023-03-24T17:58:55Z,2023-03-24T17:59:00Z,nan,0.0004704103029326553,nan,0
2023-03-24T17:58:55Z,2023-03-24T17:59:00Z,nan,0.00047090341065397627,nan,0
2023-03-24T17:58:55Z,2023-03-24T17:59:00Z,nan,0.00047416752915353637,nan,0
2023-03-24T17:58:55Z,2023-03-24T17:59:00Z,nan,0.0004751319686790633,nan,0
2023-03-24T17:58:55Z,2023-03-24T17:59:00Z,nan,0.0004766506278375006,nan,0
2023-03-24T17:58:55Z,2023-03-24T17:59:00Z,nan,0.00047933406023146363,nan,0
2023-03-24T17:58:55Z,2023-03-24T17:59:00Z,nan,0.0004785175877481606,nan,0
2023-03-24T17:58:55Z,2023-03-24T17:59:00Z,nan,0.0004781130921120797,nan,0
2023-03-24T17:58:55Z,2023-03-24T17:59:00Z,nan,0.00047848685054540974,nan,0
2023-03-24T17:58:55Z,2023-03-24T17:59:00Z,nan,0.000477796233493299,nan,0
2023-03-24T17:58:55Z,2023-03-24T17:59:00Z,nan,0.00047946247013549417,nan,0
2023-03-24T17:58:55Z,2023-03-24T17:59:00Z,nan,0.00047863767466887374,nan,0
2023-03-24T17:58:55Z,2023-03-24T17:59:00Z,nan,0.0004786372019128791,nan,0
2023-03-24T17:58:55Z,2023-03-24T17:59:00Z,nan,0.0004778144685797734,nan,0
2023-03-24T17:58:55Z,2023-03-24T17:59:00Z,nan,0.00047787325322522965,nan,0
2023-03-24T17:58:55Z,2023-03-24T17:59:00Z,nan,0.0004772302238570321,nan,0
2023-03-24T17:58:55Z,2023-03-24T17:59:00Z,nan,0.0004776164371669791,nan,0
2023-03-24T17:58:55Z,2023-03-24T17:59:00Z,nan,0.000477822102158199,nan,0
2023-03-24T17:58:55Z,2023-03-24T17:59:00Z,nan,0.00047814157461701897,nan,0
2023-03-24T17:58:55Z,2023-03-24T17:59:00Z,nan,0.0004795079344556186,nan,0
2023-03-24T17:58:55Z,2023-03-24T17:59:00Z,nan,0.00047990594974061567,nan,0
2023-03-24T17:58:55Z,2023-03-24T17:59:00Z,nan,0.0004807110183535533,nan,0
2023-03-24T17:58:55Z,2023-03-24T17:59:00Z,nan,0.00048199918360147164,nan,0
2023-03-24T17:58:55Z,2023-03-24T17:59:00Z,nan,0.0004809323938923836,nan,0
2023-03-24T17:58:55Z,2023-03-24T17:59:00Z,nan,0.0004802839143238625,nan,0
2023-03-24T17:58:55Z,2023-03-24T17:59:00Z,nan,0.0004829316900682642,nan,0
2023-03-24T17:58:55Z,2023-03-24T17:59:00Z,nan,0.00048548451242591415,nan,0
2023-03-24T17:58:55Z,2023-03-24T17:59:00Z,nan,0.000487602059667578,nan,0
2023-03-24T17:58:55Z,2023-03-24T17:59:00Z,nan,0.0004888637825517536,nan,0
2023-03-24T17:58:55Z,2023-03-24T17:59:00Z,nan,0.0004887640983841061,nan,0
2023-03-24T17:58:55Z,2023-03-24T17:59:00Z,nan,0.0004886513242130479,nan,0
2023-03-24T17:58:55Z,2023-03-24T17:59:00Z,nan,0.0004907713966059125,nan,0
2023-03-24T17:58:55Z,2023-03-24T17:59:00Z,nan,0.0004910558901596769,nan,0
2023-03-24T17:58:55Z,2023-03-24T17:59:00Z,nan,0.0004942479485422868,nan,0
2023-03-24T17:58:55Z,2023-03-24T17:59:00Z,nan,0.0004933249305624602,nan,0
2023-03-24T17:58:55Z,2023-03-24T17:59:00Z,nan,0.0004941633174996499,nan,0
2023-03-24T17:58:55Z,2023-03-24T17:59:00Z,nan,0.0004947156243525888,nan,0
2023-03-24T17:58:55Z,2023-03-24T17:59:00Z,nan,0.0004962187580015636,nan,0
2023-03-24T17:58:55Z,2023-03-24T17:59:00Z,nan,0.0004978799260081609,nan,0
2023-03-24T17:58:55Z,2023-03-24T17:59:00Z,nan,0.0004963536224755555,nan,0
2023-03-24T17:58:55Z,2023-03-24T17:59:00Z,nan,0.0004952992979760179,nan,0
2023-03-24T17:58:55Z,2023-03-24T17:59:00Z,nan,0.0004951702344725575,nan,0
2023-03-24T17:58:55Z,2023-03-24T17:59:00Z,nan,0.0004965718097973004,nan,0
2023-03-24T17:58:55Z,2023-03-24T17:59:00Z,nan,0.0004948638436529551,nan,0
2023-03-24T17:58:55Z,2023-03-24T17:59:00Z,nan,0.0004959659619716783,nan,0
2023-03-24T17:58:55Z,2023-03-24T17:59:00Z,nan,0.0004989262901317322,nan,0
2023-03-24T17:58:55Z,2023-03-24T17:59:00Z,nan,0.0004984817796604848,nan,0
2023-03-24T17:58:55Z,2023-03-24T17:59:00Z,nan,0.0004994263743907566,nan,0
2023-03-24T17:58:55Z,2023-03-24T17:59:00Z,nan,0.0004990947056408411,nan,0
2023-03-24T17:58:55Z,2023-03-24T17:59:00Z,nan,0.0004997764880980287,nan,0
2023-03-24T17:58:55Z,2023-03-24T17:59:00Z,nan,0.0004983051364261416,nan,0
2023-03-24T17:58:55Z,2023-03-24T17:59:00Z,nan,0.0004994444953012444,nan,0
2023-03-24T17:58:55Z,2023-03-24T17:59:00Z,nan,0.0004986636881055909,nan,0
2023-03-24T17:58:55Z,2023-03-24T17:59:00Z,nan,0.0004984073361827855,nan,0
2023-03-24T17:58:55Z,2023-03-24T17:59:00Z,nan,0.000499524642373406,nan,0
2023-03-24T17:58:55Z,2023-03-24T17:59:00Z,nan,0.000499019984961912,nan,0
2023-03-24T17:58:55Z,2023-03-24T17:59:00Z,nan,0.0004984913858481163,nan,0
2023-03-24T17:58:55Z,2023-03-24T17:59:00Z,nan,0.0004984693725066175,nan,0
2023-03-24T17:58:55Z,2023-03-24T17:59:00Z,nan,0.0004960984514338467,nan,0
2023-03-24T17:58:55Z,2023-03-24T17:59:00Z,nan,0.0004970952636895756,nan,0
2023-03-24T17:58:55Z,2023-03-24T17:59:00Z,nan,0.0004980615441587952,nan,0
2023-03-24T17:58:55Z,2023-03-24T17:59:00Z,nan,0.0004962260925909668,nan,0
2023-03-24T17:58:55Z,2023-03-24T17:59:00Z,nan,0.0004929091929730816,nan,0
2023-03-24T17:58:55Z,2023-03-24T17:59:00Z,nan,0.0004910682601430783,nan,0
2023-03-24T17:58:55Z,2023-03-24T17:59:00Z,nan,0.0004918862995244937,nan,0
2023-03-24T17:58:55Z,2023-03-24T17:59:00Z,nan,0.0004921584781428873,nan,0
2023-03-24T17:58:55Z,2023-03-24T17:59:00Z,nan,0.0004921658904892071,nan,0
2023-03-24T17:58:55Z,2023-03-24T17:59:00Z,nan,0.0004923944745198895,nan,0
2023-03-24T17:58:55Z,2023-03-24T17:59:00Z,nan,0.0004904837182510162,nan,0
2023-03-24T17:58:55Z,2023-03-24T17:59:00Z,nan,0.0004923273189300577,nan,0
2023-03-24T17:58:55Z,2023-03-24T17:59:00Z,nan,0.0004907580131391148,nan,0
2023-03-24T17:58:55Z,2023-03-24T17:59:00Z,nan,0.0004905960119566475,nan,0
2023-03-24T17:58:55Z,2023-03-24T17:59:00Z,nan,0.0004890088544640369,nan,0
2023-03-24T17:58:55Z,2023-03-24T17:59:00Z,nan,0.0004859033689826018,nan,0
2023-03-24T17:58:55Z,2023-03-24T17:59:00Z,nan,0.00048619278123341827,nan,0
2023-03-24T17:58:55Z,2023-03-24T17:59:00Z,nan,0.0004893674649225884,nan,0
2023-03-24T17:58:55Z,2023-03-24T17:59:00Z,nan,0.0004883347517919295,nan,0
2023-03-24T17:58:55Z,2023-03-24T17:59:00Z,nan,0.00048698280053736237,nan,0
2023-03-24T17:58:55Z,2023-03-24T17:59:00Z,nan,0.0004887225290672526,nan,0
2023-03-24T17:58:55Z,2023-03-24T17:59:00Z,nan,0.0004900079391354493,nan,0
2023-03-24T17:58:55Z,2023-03-24T17:59:00Z,nan,0.0004879927304138735,nan,0
2023-03-24T17:58:55Z,2023-03-24T17:59:00Z,nan,0.0004915809507880535,nan,0
2023-03-24T17:58:55Z,2023-03-24T17:59:00Z,nan,0.0004900805813058654,nan,0
2023-03-24T17:58:55Z,2023-03-24T17:59:00Z,nan,0.0004910490738032144,nan,0
2023-03-24T17:58:55Z,2023-03-24T17:59:00Z,nan,0.0004928109843585378,nan,0
2023-03-24T17:58:55Z,2023-03-24T17:59:00Z,nan,0.0004930656914793676,nan,0
2023-03-24T17:58:55Z,2023-03-24T17:59:00Z,nan,0.000493932921052668,nan,0
2023-03-24T17:58:55Z,2023-03-24T17:59:00Z,nan,0.0004949447154171145,nan,0
2023-03-24T17:58:55Z,2023-03-24T17:59:00Z,nan,0.0004953484748888769,nan,0
2023-03-24T17:58:55Z,2023-03-24T17:59:00Z,nan,0.0004940161876582995,nan,0
2023-03-24T17:58:55Z,2023-03-24T17:59:00Z,nan,0.0004944466328234267,nan,0
2023-03-24T17:58:55Z,2023-03-24T17:59:00Z,nan,0.0004957091931890722,nan,0
2023-03-24T17:58:55Z,2023-03-24T17:59:00Z,nan,0.000496700983085563,nan,0
2023-03-24T17:58:55Z,2023-03-24T17:59:00Z,nan,0.000496414530615337,nan,0
2023-03-24T17:58:55Z,2023-03-24T17:59:00Z,nan,0.0004964584130620321,nan,0
2023-03-24T17:58:55Z,2023-03-24T17:59:00Z,nan,0.000496171798195527,nan,0
2023-03-24T17:58:55Z,2023-03-24T17:59:00Z,nan,0.0004949679797733512,nan,0
2023-03-24T17:58:55Z,2023-03-24T17:59:00Z,nan,0.0004960586270898574,nan,0
2023-03-24T17:58:55Z,2023-03-24T17:59:00Z,nan,0.0004970089498117118,nan,0
2023-03-24T17:58:55Z,2023-03-24T17:59:00Z,nan,0.000497151910163488,nan,0
2023-03-24T17:58:55Z,2023-03-24T17:59:00Z,nan,0.0004978913650074119,nan,0
2023-03-24T17:58:55Z,2023-03-24T17:59:00Z,nan,0.000500291996862194,nan,0
2023-03-24T17:58:55Z,2023-03-24T17:59:00Z,nan,0.0005002814455909742,nan,0
2023-03-24T17:58:55Z,2023-03-24T17:59:00Z,nan,0.0004990411946221255,nan,0
2023-03-24T17:58:55Z,2023-03-24T17:59:00Z,nan,0.0005002382987817119,nan,0
2023-03-24T17:58:55Z,2023-03-24T17:59:00Z,nan,0.0004997420003544412,nan,0
2023-03-24T17:58:55Z,2023-03-24T17:59:00Z,nan,0.0005015918856331258,nan,0
2023-03-24T17:58:55Z,2023-03-24T17:59:00Z,nan,0.0005010772971690398,nan,0
2023-03-24T17:58:55Z,2023-03-24T17:59:00Z,nan,0.0004989988776526446,nan,0
2023-03-24T17:58:55Z,2023-03-24T17:59:00Z,nan,0.0004996054377607505,nan,0
2023-03-24T17:58:55Z,2023-03-24T17:59:00Z,nan,0.0004978231699200166,nan,0
2023-03-24T17:58:55Z,2023-03-24T17:59:00Z,nan,0.0004974175975021133,nan,0
2023-03-24T17:58:55Z,2023-03-24T17:59:00Z,nan,0.0004972299343039133,nan,0
2023-03-24T17:58:55Z,2023-03-24T17:59:00Z,nan,0.00049729954177652,nan,0
2023-03-24T17:58:55Z,2023-03-24T17:59:00Z,nan,0.0004976566977570003,nan,0
2023-03-24T17:58:55Z,2023-03-24T17:59:00Z,nan,0.0004969222413836317,nan,0
2023-03-24T17:58:55Z,2023-03-24T17:59:00Z,nan,0.0004948060406988924,nan,0
2023-03-24T17:58:55Z,2023-03-24T17:59:00Z,nan,0.0004897667458993649,nan,0
2023-03-24T17:58:55Z,2023-03-24T17:59:00Z,nan,0.0004876470578878689,nan,0
2023-03-24T17:58:55Z,2023-03-24T17:59:00Z,nan,0.0004847361014400775,nan,0
2023-03-24T17:58:55Z,2023-03-24T17:59:00Z,nan,0.0004831198664487577,nan,0
2023-03-24T17:58:55Z,2023-03-24T17:59:00Z,nan,0.00048513217704374283,nan,0
2023-03-24T17:58:55Z,2023-03-24T17:59:00Z,nan,0.00048604261809149287,nan,0
2023-03-24T17:58:55Z,2023-03-24T17:59:00Z,nan,0.0004851253911777197,nan,0
2023-03-24T17:58:55Z,2023-03-24T17:59:00Z,nan,0.000484490415449901,nan,0
2023-03-24T17:58:55Z,2023-03-24T17:59:00Z,nan,0.00048420607568681174,nan,0
2023-03-24T17:58:55Z,2023-03-24T17:59:00Z,nan,0.00048361338288660576,nan,0
2023-03-24T17:58:55Z,2023-03-24T17:59:00Z,nan,0.0004802855679957485,nan,0
2023-03-24T17:58:55Z,2023-03-24T17:59:00Z,nan,0.00048007782292746584,nan,0
2023-03-24T17:58:55Z,2023-03-24T17:59:00Z,nan,0.0004794372205706199,nan,0
2023-03-24T17:58:55Z,2023-03-24T17:59:00Z,nan,0.0004830216567078407,nan,0
2023-03-24T17:58:55Z,2023-03-24T17:59:00Z,nan,0.0004812525281946813,nan,0
2023-03-24T17:58:55Z,2023-03-24T17:59:00Z,nan,0.00048144372317987153,nan,0
2023-03-24T17:58:55Z,2023-03-24T17:59:00Z,nan,0.0004818039612784403,nan,0
2023-03-24T17:58:55Z,2023-03-24T17:59:00Z,nan,0.0004824930829296678,nan,0
2023-03-24T17:58:55Z,2023-03-24T17:59:00Z,nan,0.0004830767248742206,nan,0
2023-03-24T17:58:55Z,2023-03-24T17:59:00Z,nan,0.00048437289878820657,nan,0
2023-03-24T17:58:55Z,2023-03-24T17:59:00Z,nan,0.0004831192941233141,nan,0
2023-03-24T17:58:55Z,2023-03-24T17:59:00Z,nan,0.000485001047123469,nan,0
2023-03-24T17:58:55Z,2023-03-24T17:59:00Z,nan,0.0004857691619300153,nan,0
2023-03-24T17:58:55Z,2023-03-24T17:59:00Z,nan,0.0004856620720075392,nan,0
2023-03-24T17:58:55Z,2023-03-24T17:59:00Z,nan,0.00048602852164702186,nan,0
2023-03-24T17:58:55Z,2023-03-24T17:59:00Z,nan,0.000483753038563802,nan,0
2023-03-24T17:58:55Z,2023-03-24T17:59:00Z,nan,0.00048566365526245785,nan,0
2023-03-24T17:58:55Z,2023-03-24T17:59:00Z,nan,0.0004887502856046923,nan,0
2023-03-24T17:58:55Z,2023-03-24T17:59:00Z,nan,0.0004888024040765099,nan,0
2023-03-24T17:58:55Z,2023-03-24T17:59:00Z,nan,0.0004888894815654284,nan,0
2023-03-24T17:58:55Z,2023-03-24T17:59:00Z,nan,0.00049230129724648,nan,0
2023-03-24T17:58:55Z,2023-03-24T17:59:00Z,nan,0.0004910993642549577,nan,0
2023-03-24T17:58:55Z,2023-03-24T17:59:00Z,nan,0.0004935631292403846,nan,0
2023-03-24T17:58:55Z,2023-03-24T17:59:00Z,nan,0.0004947603501558269,nan,0
2023-03-24T17:58:55Z,2023-03-24T17:59:00Z,nan,0.00049775748677903,nan,0
2023-03-24T17:58:55Z,2023-03-24T17:59:00Z,nan,0.0005002988239448228,nan,0
2023-03-24T17:58:55Z,2023-03-24T17:59:00Z,nan,0.0005036003535512823,nan,0
2023-03-24T17:58:55Z,2023-03-24T17:59:00Z,nan,0.0005047246979854266,nan,0
2023-03-24T17:58:55Z,2023-03-24T17:59:00Z,nan,0.0005075281512980952,nan,0
2023-03-24T17:58:55Z,2023-03-24T17:59:00Z,nan,0.0005077452660984496,nan,0
2023-03-24T17:58:55Z,2023-03-24T17:59:00Z,nan,0.0005094437968280381,nan,0
2023-03-24T17:58:55Z,2023-03-24T17:59:00Z,nan,0.0005119758794721264,nan,0
2023-03-24T17:58:55Z,2023-03-24T17:59:00Z,nan,0.000512358421651704,nan,0
2023-03-24T17:58:55Z,2023-03-24T17:59:00Z,nan,0.0005108970307197613,nan,0
2023-03-24T17:58:55Z,2023-03-24T17:59:00Z,nan,0.0005146207286301954,nan,0
2023-03-24T17:58:55Z,2023-03-24T17:59:00Z,nan,0.0005134644721753196,nan,0
2023-03-24T17:58:55Z,2023-03-24T17:59:00Z,nan,0.0005168521154449349,nan,1
2023-03-24T17:58:55Z,2023-03-24T17:59:00Z,nan,0.0005195450012428862,nan,1
2023-03-24T17:58:55Z,2023-03-24T17:59:00Z,nan,0.0005238166965739223,nan,1
2023-03-24T17:58:55Z,2023-03-24T17:59:00Z,nan,0.0005199225318335333,nan,1
2023-03-24T17:58:55Z,2023-03-24T17:59:00Z,nan,0.0005194225517486575,nan,1
2023-03-24T17:58:55Z,2023-03-24T17:59:00Z,nan,0.000517717108743922,nan,1
2023-03-24T17:58:55Z,2023-03-24T17:59:00Z,nan,0.0005209689109612686,nan,1
2023-03-24T17:58:55Z,2023-03-24T17:59:00Z,nan,0.0005212213208557831,nan,1
2023-03-24T17:58:55Z,2023-03-24T17:59:00Z,nan,0.0005234370351789669,nan,1
2023-03-24T17:58:55Z,2023-03-24T17:59:00Z,nan,0.0005223253594624912,nan,1
2023-03-24T17:58:55Z,2023-03-24T17:59:00Z,nan,0.0005251839792969018,nan,1
2023-03-24T17:58:55Z,2023-03-24T17:59:00Z,nan,0.0005249163178934,nan,1
2023-03-24T17:58:55Z,2023-03-24T17:59:00Z,nan,0.0005243911049668407,nan,1
2023-03-24T17:58:55Z,2023-03-24T17:59:00Z,nan,0.0005233839296177384,nan,1
2023-03-24T17:58:55Z,2023-03-24T17:59:00Z,nan,0.0005224518256716275,nan,1
2023-03-24T17:58:55Z,2023-03-24T17:59:00Z,nan,0.0005229279269988135,nan,1
2023-03-24T17:58:55Z,2023-03-24T17:59:00Z,nan,0.000521559308550593,nan,1
2023-03-24T17:58:55Z,2023-03-24T17:59:00Z,nan,0.0005232443200402913,nan,1
2023-03-24T17:58:55Z,2023-03-24T17:59:00Z,nan,0.0005238803737840592,nan,1
2023-03-24T17:58:55Z,2023-03-24T17:59:00Z,nan,0.0005226636301144739,nan,1
2023-03-24T17:58:55Z,2023-03-24T17:59:00Z,nan,0.0005212457633180604,nan,1
2023-03-24T17:58:55Z,2023-03-24T17:59:00Z,nan,0.0005216584438613752,nan,1
2023-03-24T17:58:55Z,2023-03-24T17:59:00Z,nan,0.000519816503508077,nan,1
2023-03-24T17:58:55Z,2023-03-24T17:59:00Z,nan,0.0005212961477213196,nan,1
2023-03-24T17:58:55Z,2023-03-24T17:59:00Z,nan,0.0005222898316957515,nan,0
2023-03-24T17:58:55Z,2023-03-24T17:59:00Z,nan,0.000522535667123244,nan,0
2023-03-24T17:58:55Z,2023-03-24T17:59:00Z,nan,0.0005234141464766376,nan,0
2023-03-24T17:58:55Z,2023-03-24T17:59:00Z,nan,0.0005234443497229829,nan,0
2023-03-24T17:58:55Z,2023-03-24T17:59:00Z,nan,0.0005201691144821336,nan,0
2023-03-24T17:58:55Z,2023-03-24T17:59:00Z,nan,0.0005197019339776561,nan,0
2023-03-24T17:58:55Z,2023-03-24T17:59:00Z,nan,0.0005186628706628947,nan,0
2023-03-24T17:58:55Z,2023-03-24T17:59:00Z,nan,0.0005159355271118713,nan,0
2023-03-24T17:58:55Z,2023-03-24T17:59:00Z,nan,0.00051414104234515,nan,0
2023-03-24T17:58:55Z,2023-03-24T17:59:00Z,nan,0.0005141722746728513,nan,0
2023-03-24T17:58:55Z,2023-03-24T17:59:00Z,nan,0.0005109509997347331,nan,0
2023-03-24T17:58:55Z,2023-03-24T17:59:00Z,nan,0.0005146320792717437,nan,0
2023-03-24T17:58:55Z,2023-03-24T17:59:00Z,nan,0.0005146570807330094,nan,0
2023-03-24T17:58:55Z,2023-03-24T17:59:00Z,nan,0.0005132698572592023,nan,1
2023-03-24T17:58:55Z,2023-03-24T17:59:00Z,nan,0.0005129538817937125,nan,1
2023-03-24T17:58:55Z,2023-03-24T17:59:00Z,nan,0.0005146345450865658,nan,1
2023-03-24T17:58:55Z,2023-03-24T17:59:00Z,nan,0.0005147383347088012,nan,1
2023-03-24T17:58:55Z,2023-03-24T17:59:00Z,nan,0.0005157771111261811,nan,1
2023-03-24T17:58:55Z,2023-03-24T17:59:00Z,nan,0.0005159436902692797,nan,1
2023-03-24T17:58:55Z,2023-03-24T17:59:00Z,nan,0.0005165241371945362,nan,1
2023-03-24T17:58:55Z,2023-03-24T17:59:00Z,nan,0.0005159783753180871,nan,1
2023-03-24T17:58:55Z,2023-03-24T17:59:00Z,nan,0.0005157262488972171,nan,1
2023-03-24T17:58:55Z,2023-03-24T17:59:00Z,nan,0.0005142235496113107,nan,1
2023-03-24T17:58:55Z,2023-03-24T17:59:00Z,nan,0.0005132775136883255,nan,1
2023-03-24T17:58:55Z,2023-03-24T17:59:00Z,nan,0.0005149703946005631,nan,1
2023-03-24T17:58:55Z,2023-03-24T17:59:00Z,nan,0.0005148412869450023,nan,1
2023-03-24T17:58:55Z,2023-03-24T17:59:00Z,nan,0.0005152416440408963,nan,1
2023-03-24T17:58:55Z,2023-03-24T17:59:00Z,nan,0.0005187408038944014,nan,1
2023-03-24T17:58:55Z,2023-03-24T17:59:00Z,nan,0.0005183604755385414,nan,1
2023-03-24T17:58:55Z,2023-03-24T17:59:00Z,nan,0.0005167810370034588,nan,1
2023-03-24T17:58:55Z,2023-03-24T17:59:00Z,nan,0.0005175740507702521,nan,1
2023-03-24T17:58:55Z,2023-03-24T17:59:00Z,nan,0.0005199104465579359,nan,1
2023-03-24T17:58:55Z,2023-03-24T17:59:00Z,nan,0.0005196326337310224,nan,1
2023-03-24T17:58:55Z,2023-03-24T17:59:00Z,nan,0.0005193203621351257,nan,1
2023-03-24T17:58:55Z,2023-03-24T17:59:00Z,nan,0.0005189730063761944,nan,1
2023-03-24T17:58:55Z,2023-03-24T17:59:00Z,nan,0.0005166309130898313,nan,1
2023-03-24T17:58:55Z,2023-03-24T17:59:00Z,nan,0.000516450577177246,nan,1
2023-03-24T17:58:55Z,2023-03-24T17:59:00Z,nan,0.0005138070284468779,nan,1
2023-03-24T17:58:55Z,2023-03-24T17:59:00Z,nan,0.0005084921591066503,nan,1
2023-03-24T17:58:55Z,2023-03-24T17:59:00Z,nan,0.0005053649158517956,nan,1
2023-03-24T17:58:55Z,2023-03-24T17:59:00Z,nan,0.0005043110184323231,nan,1
2023-03-24T17:58:55Z,2023-03-24T17:59:00Z,nan,0.0005054223889383727,nan,1
2023-03-24T17:58:55Z,2023-03-24T17:59:00Z,nan,0.0005046333933049423,nan,1
2023-03-24T17:58:55Z,2023-03-24T17:59:00Z,nan,0.0005044897288580868,nan,1
2023-03-24T17:58:55Z,2023-03-24T17:59:00Z,nan,0.000505957061299471,nan,1
2023-03-24T17:58:55Z,2023-03-24T17:59:00Z,nan,0.0005063390156558868,nan,1
2023-03-24T17:58:55Z,2023-03-24T17:59:00Z,nan,0.0005093698581871977,nan,1
2023-03-24T17:58:55Z,2023-03-24T17:59:00Z,nan,0.000507159325141438,nan,1
2023-03-24T17:58:55Z,2023-03-24T17:59:00Z,nan,0.0005091450498676755,nan,1
2023-03-24T17:58:55Z,2023-03-24T17:59:00Z,nan,0.0005090940384248087,nan,1
2023-03-24T17:58:55Z,2023-03-24T17:59:00Z,nan,0.0005055142137783032,nan,1
2023-03-24T17:58:55Z,2023-03-24T17:59:00Z,nan,0.0005038819969522551,nan,1
2023-03-24T17:58:55Z,2023-03-24T17:59:00Z,nan,0.000501562280287073,nan,1
2023-03-24T17:58:55Z,2023-03-24T17:59:00Z,nan,0.0005028897085886938,nan,1
2023-03-24T17:58:55Z,2023-03-24T17:59:00Z,nan,0.0004999414761267234,nan,1
2023-03-24T17:58:55Z,2023-03-24T17:59:00Z,nan,0.0004970489738131187,nan,1
2023-03-24T17:58:55Z,2023-03-24T17:59:00Z,nan,0.0004943481742179356,nan,1
2023-03-24T17:58:55Z,2023-03-24T17:59:00Z,nan,0.0004930636319477063,nan,1
2023-03-24T17:58:55Z,2023-03-24T17:59:00Z,nan,0.0004915447151763617,nan,1
2023-03-24T17:58:55Z,2023-03-24T17:59:00Z,nan,0.0004894719245056861,nan,1
2023-03-24T17:58:55Z,2023-03-24T17:59:00Z,nan,0.00048743978479539674,nan,1
2023-03-24T17:58:55Z,2023-03-24T17:59:00Z,nan,0.0004901524358104791,nan,1
2023-03-24T17:58:55Z,2023-03-24T17:59:00Z,nan,0.0004936106267739802,nan,1
2023-03-24T17:58:55Z,2023-03-24T17:59:00Z,nan,0.0004891276821198269,nan,1
2023-03-24T17:58:55Z,2023-03-24T17:59:00Z,nan,0.0004896650039600015,nan,1
2023-03-24T17:58:55Z,2023-03-24T17:59:00Z,nan,0.0004897597553590015,nan,1
2023-03-24T17:58:55Z,2023-03-24T17:59:00Z,nan,0.0004890355378217523,nan,1
2023-03-24T17:58:55Z,2023-03-24T17:59:00Z,nan,0.00048763436449356193,nan,1
2023-03-24T17:58:55Z,2023-03-24T17:59:00Z,nan,0.000488438274661955,nan,1
2023-03-24T17:58:55Z,2023-03-24T17:59:00Z,nan,0.0004891643954310705,nan,1
2023-03-24T17:58:55Z,2023-03-24T17:59:00Z,nan,0.0004898853502319434,nan,1
2023-03-24T17:58:55Z,2023-03-24T17:59:00Z,nan,0.0004885085903648104,nan,1
2023-03-24T17:58:55Z,2023-03-24T17:59:00Z,nan,0.0004886223814869705,nan,1
2023-03-24T17:58:55Z,2023-03-24T17:59:00Z,nan,0.000492325887613277,nan,1
2023-03-24T17:58:55Z,2023-03-24T17:59:00Z,nan,0.0004916357681365838,nan,1
2023-03-24T17:58:55Z,2023-03-24T17:59:00Z,nan,0.0004909863621514053,nan,1
2023-03-24T17:58:55Z,2023-03-24T17:59:00Z,nan,0.0004909707879722771,nan,1
2023-03-24T17:58:55Z,2023-03-24T17:59:00Z,nan,0.000487133964771969,nan,1
2023-03-24T17:58:55Z,2023-03-24T17:59:00Z,nan,0.00048598586657888,nan,1
2023-03-24T17:58:55Z,2023-03-24T17:59:00Z,nan,0.00048716955164321177,nan,1
2023-03-24T17:58:55Z,2023-03-24T17:59:00Z,nan,0.00048438752742303783,nan,1
2023-03-24T17:58:55Z,2023-03-24T17:59:00Z,nan,0.0004835090132858616,nan,1
2023-03-24T17:58:55Z,2023-03-24T17:59:00Z,nan,0.00048154491633238707,nan,1
2023-03-24T17:58:55Z,2023-03-24T17:59:00Z,nan,0.00048041010523875983,nan,1
2023-03-24T17:58:55Z,2023-03-24T17:59:00Z,nan,0.00047734753898063306,nan,1
2023-03-24T17:58:55Z,2023-03-24T17:59:00Z,nan,0.0004776842736279119,nan,1
2023-03-24T17:58:55Z,2023-03-24T17:59:00Z,nan,0.0004778145026099267,nan,1
2023-03-24T17:58:55Z,2023-03-24T17:59:00Z,nan,0.0004779554612466736,nan,1
2023-03-24T17:58:55Z,2023-03-24T17:59:00Z,nan,0.0004777967311935878,nan,1
2023-03-24T17:58:55Z,2023-03-24T17:59:00Z,nan,0.000477775922053832,nan,1
2023-03-24T17:58:55Z,2023-03-24T17:59:00Z,nan,0.0004786146614158277,nan,1
2023-03-24T17:58:55Z,2023-03-24T17:59:00Z,nan,0.0004791432357837119,nan,1
2023-03-24T17:58:55Z,2023-03-24T17:59:00Z,nan,0.0004822217453673565,nan,1
2023-03-24T17:58:55Z,2023-03-24T17:59:00Z,nan,0.0004826521800276843,nan,1
2023-03-24T17:58:55Z,2023-03-24T17:59:00Z,nan,0.0004861514603088408,nan,1
2023-03-24T17:58:55Z,2023-03-24T17:59:00Z,nan,0.0004889945952918448,nan,1
2023-03-24T17:58:55Z,2023-03-24T17:59:00Z,nan,0.0004923856484380209,nan,1
2023-03-24T17:58:55Z,2023-03-24T17:59:00Z,nan,0.0004931984773096598,nan,0
2023-03-24T17:58:55Z,2023-03-24T17:59:00Z,nan,0.0004912734985006045,nan,0
2023-03-24T17:58:55Z,2023-03-24T17:59:00Z,nan,0.0004947485275224647,nan,0
2023-03-24T17:58:55Z,2023-03-24T17:59:00Z,nan,0.0004967295966244718,nan,0
2023-03-24T17:58:55Z,2023-03-24T17:59:00Z,nan,0.000500045268279167,nan,0
2023-03-24T17:58:55Z,2023-03-24T17:59:00Z,nan,0.0005016114388298284,nan,0
2023-03-24T17:58:55Z,2023-03-24T17:59:00Z,nan,0.0005024679762326805,nan,0
2023-03-24T17:58:55Z,2023-03-24T17:59:00Z,nan,0.0005048038689966741,nan,0
2023-03-24T17:58:55Z,2023-03-24T17:59:00Z,nan,0.0005050591101880179,nan,0
2023-03-24T17:58:55Z,2023-03-24T17:59:00Z,nan,0.0005050813260129029,nan,0
2023-03-24T17:58:55Z,2023-03-24T17:59:00Z,nan,0.0005064452501893697,nan,0
2023-03-24T17:58:55Z,2023-03-24T17:59:00Z,nan,0.0005081084297555812,nan,0
2023-03-24T17:58:55Z,2023-03-24T17:59:00Z,nan,0.0005056836854297193,nan,0
2023-03-24T17:58:55Z,2023-03-24T17:59:00Z,nan,0.0005046409473569998,nan,0
2023-03-24T17:58:55Z,2023-03-24T17:59:00Z,nan,0.0005060331338041224,nan,0
2023-03-24T17:58:55Z,2023-03-24T17:59:00Z,nan,0.0005056949557243028,nan,0
2023-03-24T17:58:55Z,2023-03-24T17:59:00Z,nan,0.0005064170200817314,nan,0
2023-03-24T17:58:55Z,2023-03-24T17:59:00Z,nan,0.0005052267502109028,nan,0
2023-03-24T17:58:55Z,2023-03-24T17:59:00Z,nan,0.000502240962170989,nan,0
2023-03-24T17:58:55Z,2023-03-24T17:59:00Z,nan,0.0004984864578504555,nan,0
2023-03-24T17:58:55Z,2023-03-24T17:59:00Z,nan,0.0004962743115371402,nan,0
2023-03-24T17:58:55Z,2023-03-24T17:59:00Z,nan,0.0004947966982592637,nan,0
2023-03-24T17:58:55Z,2023-03-24T17:59:00Z,nan,0.0004950028789154586,nan,0
2023-03-24T17:58:55Z,2023-03-24T17:59:00Z,nan,0.0004923122264798637,nan,0
2023-03-24T17:58:55Z,2023-03-24T17:59:00Z,nan,0.0004896948953444285,nan,0
2023-03-24T17:58:55Z,2023-03-24T17:59:00Z,nan,0.0004893622281227248,nan,0
2023-03-24T17:58:55Z,2023-03-24T17:59:00Z,nan,0.00048708123462082927,nan,0
2023-03-24T17:58:55Z,2023-03-24T17:59:00Z,nan,0.0004854641846843199,nan,0
2023-03-24T17:58:55Z,2023-03-24T17:59:00Z,nan,0.00048410280807347227,nan,0
2023-03-24T17:58:55Z,2023-03-24T17:59:00Z,nan,0.00048083872809009763,nan,0
2023-03-24T17:58:55Z,2023-03-24T17:59:00Z,nan,0.00048009360261478626,nan,0
2023-03-24T17:58:55Z,2023-03-24T17:59:00Z,nan,0.0004766855581597361,nan,0
2023-03-24T17:58:55Z,2023-03-24T17:59:00Z,nan,0.00047587726619183055,nan,0
2023-03-24T17:58:55Z,2023-03-24T17:59:00Z,nan,0.00047253562094755916,nan,0
2023-03-24T17:58:55Z,2023-03-24T17:59:00Z,nan,0.00047126833426629184,nan,0
2023-03-24T17:58:55Z,2023-03-24T17:59:00Z,nan,0.00047163744299392156,nan,0
2023-03-24T17:58:55Z,2023-03-24T17:59:00Z,nan,0.000471579085423129,nan,0
2023-03-24T17:58:55Z,2023-03-24T17:59:00Z,nan,0.00047271998269917743,nan,0
2023-03-24T17:58:55Z,2023-03-24T17:59:00Z,nan,0.0004731131702596687,nan,0
2023-03-24T17:58:55Z,2023-03-24T17:59:00Z,nan,0.00047369199142259673,nan,0
2023-03-24T17:58:55Z,2023-03-24T17:59:00Z,nan,0.00047382462005752347,nan,0
2023-03-24T17:58:55Z,2023-03-24T17:59:00Z,nan,0.00047415658754112745,nan,0
2023-03-24T17:58:55Z,2023-03-24T17:59:00Z,nan,0.00047525169200745437,nan,0
2023-03-24T17:58:55Z,2023-03-24T17:59:00Z,nan,0.0004745474505588504,nan,0
2023-03-24T17:58:55Z,2023-03-24T17:59:00Z,nan,0.00047460161593337863,nan,0
2023-03-24T17:58:55Z,2023-03-24T17:59:00Z,nan,0.0004744433743302912,nan,0
2023-03-24T17:58:55Z,2023-03-24T17:59:00Z,nan,0.0004739635729572008,nan,0
2023-03-24T17:58:55Z,2023-03-24T17:59:00Z,nan,0.00047411432903766087,nan,0
2023-03-24T17:58:55Z,2023-03-24T17:59:00Z,nan,0.0004750803659096878,nan,0
2023-03-24T17:58:55Z,2023-03-24T17:59:00Z,nan,0.00047679998551945947,nan,0
2023-03-24T17:58:55Z,2023-03-24T17:59:00Z,nan,0.0004796572099743775,nan,0
2023-03-24T17:58:55Z,2023-03-24T17:59:00Z,nan,0.00048164823138180737,nan,0
2023-03-24T17:58:55Z,2023-03-24T17:59:00Z,nan,0.0004838265683284006,nan,0
2023-03-24T17:58:55Z,2023-03-24T17:59:00Z,nan,0.00048322576775312355,nan,0
2023-03-24T17:58:55Z,2023-03-24T17:59:00Z,nan,0.00048324858782205566,nan,0
2023-03-24T17:58:55Z,2023-03-24T17:59:00Z,nan,0.0004869658054165926,nan,0
2023-03-24T17:58:55Z,2023-03-24T17:59:00Z,nan,0.0004887530187952285,nan,0
2023-03-24T17:58:55Z,2023-03-24T17:59:00Z,nan,0.000491604344335042,nan,0
2023-03-24T17:58:55Z,2023-03-24T17:59:00Z,nan,0.0004951053738464845,nan,0
2023-03-24T17:58:55Z,2023-03-24T17:59:00Z,nan,0.0004972988546784905,nan,0
2023-03-24T17:58:55Z,2023-03-24T17:59:00Z,nan,0.0004978901571523207,nan,0
2023-03-24T17:58:55Z,2023-03-24T17:59:00Z,nan,0.0004994839246366846,nan,0
2023-03-24T17:58:55Z,2023-03-24T17:59:00Z,nan,0.00050255822235338,nan,0
2023-03-24T17:58:55Z,2023-03-24T17:59:00Z,nan,0.0005032966673788791,nan,0
2023-03-24T17:58:55Z,2023-03-24T17:59:00Z,nan,0.0005042196543035226,nan,0
2023-03-24T17:58:55Z,2023-03-24T17:59:00Z,nan,0.0005075571748689492,nan,0
2023-03-24T17:58:55Z,2023-03-24T17:59:00Z,nan,0.0005092107859326253,nan,0
2023-03-24T17:58:55Z,2023-03-24T17:59:00Z,nan,0.0005125479406632348,nan,0
2023-03-24T17:58:55Z,2023-03-24T17:59:00Z,nan,0.0005156631795647168,nan,0
2023-03-24T17:58:55Z,2023-03-24T17:59:00Z,nan,0.0005189804009936317,nan,0
2023-03-24T17:58:55Z,2023-03-24T17:59:00Z,nan,0.0005204925495067138,nan,0
2023-03-24T17:58:55Z,2023-03-24T17:59:00Z,nan,0.0005205928651170246,nan,0
2023-03-24T17:58:55Z,2023-03-24T17:59:00Z,nan,0.0005186938385018062,nan,0
2023-03-24T17:58:55Z,2023-03-24T17:59:00Z,nan,0.0005184329738914354,nan,0
2023-03-24T17:58:55Z,2023-03-24T17:59:00Z,nan,0.0005190839002623632,nan,0
2023-03-24T17:58:55Z,2023-03-24T17:59:00Z,nan,0.0005225171753141367,nan,0
2023-03-24T17:58:55Z,2023-03-24T17:59:00Z,nan,0.0005241354585828062,nan,0
2023-03-24T17:58:55Z,2023-03-24T17:59:00Z,nan,0.0005227203254695121,nan,0
2023-03-24T17:58:55Z,2023-03-24T17:59:00Z,nan,0.0005211383888102324,nan,0
2023-03-24T17:58:55Z,2023-03-24T17:59:00Z,nan,0.0005216030637941619,nan,0
2023-03-24T17:58:55Z,2023-03-24T17:59:00Z,nan,0.00052138068476672,nan,0
2023-03-24T17:58:55Z,2023-03-24T17:59:00Z,nan,0.0005206473509104893,nan,0
2023-03-24T17:58:55Z,2023-03-24T17:59:00Z,nan,0.0005201131590182223,nan,0
2023-03-24T17:58:55Z,2023-03-24T17:59:00Z,nan,0.0005205283742108148,nan,0
2023-03-24T17:58:55Z,2023-03-24T17:59:00Z,nan,0.0005184112087576724,nan,0
2023-03-24T17:58:55Z,2023-03-24T17:59:00Z,nan,0.0005187687912236549,nan,0
2023-03-24T17:58:55Z,2023-03-24T17:59:00Z,nan,0.000517195731608209,nan,0
2023-03-24T17:58:55Z,2023-03-24T17:59:00Z,nan,0.0005183551834290927,nan,0
2023-03-24T17:58:55Z,2023-03-24T17:59:00Z,nan,0.0005184218146379753,nan,0
2023-03-24T17:58:55Z,2023-03-24T17:59:00Z,nan,0.0005185182934501921,nan,0
2023-03-24T17:58:55Z,2023-03-24T17:59:00Z,nan,0.0005191550515918938,nan,0
2023-03-24T17:58:55Z,2023-03-24T17:59:00Z,nan,0.0005193101931574164,nan,0
2023-03-24T17:58:55Z,2023-03-24T17:59:00Z,nan,0.0005186714939118242,nan,0
2023-03-24T17:58:55Z,2023-03-24T17:59:00Z,nan,0.0005180578316215953,nan,0
2023-03-24T17:58:55Z,2023-03-24T17:59:00Z,nan,0.0005169724883384419,nan,0
2023-03-24T17:58:55Z,2023-03-24T17:59:00Z,nan,0.0005159162260079119,nan,0
2023-03-24T17:58:55Z,2023-03-24T17:59:00Z,nan,0.0005160526783562538,nan,0
2023-03-24T17:58:55Z,2023-03-24T17:59:00Z,nan,0.0005140329981295153,nan,0
2023-03-24T17:58:55Z,2023-03-24T17:59:00Z,nan,0.0005120005012087199,nan,0
2023-03-24T17:58:55Z,2023-03-24T17:59:00Z,nan,0.0005127646605994303,nan,0
2023-03-24T17:58:55Z,2023-03-24T17:59:00Z,nan,0.0005137400892872391,nan,0
2023-03-24T17:58:55Z,2023-03-24T17:59:00Z,nan,0.0005135106687582823,nan,0
2023-03-24T17:58:55Z,2023-03-24T17:59:00Z,nan,0.0005107555742631589,nan,0
2023-03-24T17:58:55Z,2023-03-24T17:59:00Z,nan,0.000509101429075863,nan,0
2023-03-24T17:58:55Z,2023-03-24T17:59:00Z,nan,0.0005077642644602308,nan,0
2023-03-24T17:58:55Z,2023-03-24T17:59:00Z,nan,0.0005075788407221491,nan,0
2023-03-24T17:58:55Z,2023-03-24T17:59:00Z,nan,0.0005076666068947892,nan,0
2023-03-24T17:58:55Z,2023-03-24T17:59:00Z,nan,0.0005078484831460052,nan,0
2023-03-24T17:58:55Z,2023-03-24T17:59:00Z,nan,0.0005097220557372295,nan,0
2023-03-24T17:58:55Z,2023-03-24T17:59:00Z,nan,0.0005131754521157714,nan,0
2023-03-24T17:58:55Z,2023-03-24T17:59:00Z,nan,0.0005127456427111186,nan,0
2023-03-24T17:58:55Z,2023-03-24T17:59:00Z,nan,0.0005123758881667383,nan,0
2023-03-24T17:58:55Z,2023-03-24T17:59:00Z,nan,0.0005126720648643209,nan,0
2023-03-24T17:58:55Z,2023-03-24T17:59:00Z,nan,0.0005128363076580019,nan,0
2023-03-24T17:58:55Z,2023-03-24T17:59:00Z,nan,0.0005143917796329375,nan,0
2023-03-24T17:58:55Z,2023-03-24T17:59:00Z,nan,0.000517261620857996,nan,0
2023-03-24T17:58:55Z,2023-03-24T17:59:00Z,nan,0.0005198817864500707,nan,0
2023-03-24T17:58:55Z,2023-03-24T17:59:00Z,nan,0.0005229303688041108,nan,0
2023-03-24T17:58:55Z,2023-03-24T17:59:00Z,nan,0.0005233020014353963,nan,0
2023-03-24T17:58:55Z,2023-03-24T17:59:00Z,nan,0.0005237296298914243,nan,0
2023-03-24T17:58:55Z,2023-03-24T17:59:00Z,nan,0.0005209874210064071,nan,0
2023-03-24T17:58:55Z,2023-03-24T17:59:00Z,nan,0.000520983792027923,nan,0
2023-03-24T17:58:55Z,2023-03-24T17:59:00Z,nan,0.0005199137653560266,nan,0
2023-03-24T17:58:55Z,2023-03-24T17:59:00Z,nan,0.0005167416092756212,nan,0
2023-03-24T17:58:55Z,2023-03-24T17:59:00Z,nan,0.0005143587987540055,nan,0
2023-03-24T17:58:55Z,2023-03-24T17:59:00Z,nan,0.0005134860041789788,nan,0
2023-03-24T17:58:55Z,2023-03-24T17:59:00Z,nan,0.0005118876424272595,nan,0
2023-03-24T17:58:55Z,2023-03-24T17:59:00Z,nan,0.0005058425195074496,nan,0
2023-03-24T17:58:55Z,2023-03-24T17:59:00Z,nan,0.0005000846321055875,nan,0
2023-03-24T17:58:55Z,2023-03-24T17:59:00Z,nan,0.0004949771549280831,nan,0
2023-03-24T17:58:55Z,2023-03-24T17:59:00Z,nan,0.0004894262496105632,nan,0
2023-03-24T17:58:55Z,2023-03-24T17:59:00Z,nan,0.0004843699338853802,nan,0
2023-03-24T17:58:55Z,2023-03-24T17:59:00Z,nan,0.0004804071604774322,nan,0
2023-03-24T17:58:55Z,2023-03-24T17:59:00Z,nan,0.00048032589262925386,nan,0
2023-03-24T17:58:55Z,2023-03-24T17:59:00Z,nan,0.00047927462890958534,nan,0
2023-03-24T17:58:55Z,2023-03-24T17:59:00Z,nan,0.00047711024270084775,nan,0
2023-03-24T17:58:55Z,2023-03-24T17:59:00Z,nan,0.00047832934083534204,nan,0
2023-03-24T17:58:55Z,2023-03-24T17:59:00Z,nan,0.00047734802707639494,nan,0
2023-03-24T17:58:55Z,2023-03-24T17:59:00Z,nan,0.00047720958693235204,nan,0
2023-03-24T17:58:55Z,2023-03-24T17:59:00Z,nan,0.00047823950559776557,nan,0
2023-03-24T17:58:55Z,2023-03-24T17:59:00Z,nan,0.0004767918760703097,nan,0
2023-03-24T17:58:55Z,2023-03-24T17:59:00Z,nan,0.00047689576510281294,nan,0
2023-03-24T17:58:55Z,2023-03-24T17:59:00Z,nan,0.0004771814957414271,nan,0
2023-03-24T17:58:55Z,2023-03-24T17:59:00Z,nan,0.00047750690883853117,nan,0
2023-03-24T17:58:55Z,2023-03-24T17:59:00Z,nan,0.00047363332548558716,nan,0
2023-03-24T17:58:55Z,2023-03-24T17:59:00Z,nan,0.0004690581173449752,nan,0
2023-03-24T17:58:55Z,2023-03-24T17:59:00Z,nan,0.0004701524546483206,nan,0
2023-03-24T17:58:55Z,2023-03-24T17:59:00Z,nan,0.00046976472570813547,nan,0
2023-03-24T17:58:55Z,2023-03-24T17:59:00Z,nan,0.0004695506023200171,nan,0
2023-03-24T17:58:55Z,2023-03-24T17:59:00Z,nan,0.0004705139245095347,nan,0
2023-03-24T17:58:55Z,2023-03-24T17:59:00Z,nan,0.0004703068259115039,nan,0
2023-03-24T17:58:55Z,2023-03-24T17:59:00Z,nan,0.00046898482611596674,nan,0
2023-03-24T17:58:55Z,2023-03-24T17:59:00Z,nan,0.0004703875326247703,nan,0
2023-03-24T17:58:55Z,2023-03-24T17:59:00Z,nan,0.00047379239438014633,nan,0
2023-03-24T17:58:55Z,2023-03-24T17:59:00Z,nan,0.00047713221342496966,nan,0
2023-03-24T17:58:55Z,2023-03-24T17:59:00Z,nan,0.0004798476055357349,nan,0
2023-03-24T17:58:55Z,2023-03-24T17:59:00Z,nan,0.0004844748674881154,nan,0
2023-03-24T17:58:55Z,2023-03-24T17:59:00Z,nan,0.00048650912586605894,nan,0
2023-03-24T17:58:55Z,2023-03-24T17:59:00Z,nan,0.000487501370539206,nan,0
2023-03-24T17:58:55Z,2023-03-24T17:59:00Z,nan,0.0004890232303789672,nan,0
2023-03-24T17:58:55Z,2023-03-24T17:59:00Z,nan,0.0004917312183457799,nan,0
2023-03-24T17:58:55Z,2023-03-24T17:59:00Z,nan,0.0004912581703318494,nan,0
2023-03-24T17:58:55Z,2023-03-24T17:59:00Z,nan,0.0004918777224370677,nan,0
2023-03-24T17:58:55Z,2023-03-24T17:59:00Z,nan,0.0004942683707116758,nan,0
2023-03-24T17:58:55Z,2023-03-24T17:59:00Z,nan,0.000495919392485926,nan,0
2023-03-24T17:58:55Z,2023-03-24T17:59:00Z,nan,0.0004984240088305445,nan,0
2023-03-24T17:58:55Z,2023-03-24T17:59:00Z,nan,0.0004959568168105109,nan,0
2023-03-24T17:58:55Z,2023-03-24T17:59:00Z,nan,0.0004938788646822391,nan,0
2023-03-24T17:58:55Z,2023-03-24T17:59:00Z,nan,0.0004917920253046316,nan,0
2023-03-24T17:58:55Z,2023-03-24T17:59:00Z,nan,0.0004940086036492482,nan,0
2023-03-24T17:58:55Z,2023-03-24T17:59:00Z,nan,0.000494608370069787,nan,0
2023-03-24T17:58:55Z,2023-03-24T17:59:00Z,nan,0.0004960998984086119,nan,0
2023-03-24T17:58:55Z,2023-03-24T17:59:00Z,nan,0.0004977742995177073,nan,0
2023-03-24T17:58:55Z,2023-03-24T17:59:00Z,nan,0.0004982802539407575,nan,0
2023-03-24T17:58:55Z,2023-03-24T17:59:00Z,nan,0.0005021964726655405,nan,0
2023-03-24T17:58:55Z,2023-03-24T17:59:00Z,nan,0.0005010126327805173,nan,0
2023-03-24T17:58:55Z,2023-03-24T17:59:00Z,nan,0.0005010560896227317,nan,0
2023-03-24T17:58:55Z,2023-03-24T17:59:00Z,nan,0.000500202986016701,nan,0
2023-03-24T17:58:55Z,2023-03-24T17:59:00Z,nan,0.0004985547068826216,nan,0
2023-03-24T17:58:55Z,2023-03-24T17:59:00Z,nan,0.0004954082709785998,nan,0
2023-03-24T17:58:55Z,2023-03-24T17:59:00Z,nan,0.000497933450179975,nan,0
2023-03-24T17:58:55Z,2023-03-24T17:59:00Z,nan,0.0004978230323176842,nan,0
2023-03-24T17:58:55Z,2023-03-24T17:59:00Z,nan,0.0004970370003313878,nan,0
2023-03-24T17:58:55Z,2023-03-24T17:59:00Z,nan,0.0004967343518616465,nan,0
2023-03-24T17:58:55Z,2023-03-24T17:59:00Z,nan,0.000497148094468302,nan,0
2023-03-24T17:58:55Z,2023-03-24T17:59:00Z,nan,0.0004995925957552017,nan,0
2023-03-24T17:58:55Z,2023-03-24T17:59:00Z,nan,0.0005016335724850079,nan,0
2023-03-24T17:58:55Z,2023-03-24T17:59:00Z,nan,0.0005003539685019983,nan,0
2023-03-24T17:58:55Z,2023-03-24T17:59:00Z,nan,0.0004990411336084588,nan,0
2023-03-24T17:58:55Z,2023-03-24T17:59:00Z,nan,0.0004995467354578651,nan,0
2023-03-24T17:58:55Z,2023-03-24T17:59:00Z,nan,0.0005010942411918864,nan,0
2023-03-24T17:58:55Z,2023-03-24T17:59:00Z,nan,0.0005022409462917341,nan,0
2023-03-24T17:58:55Z,2023-03-24T17:59:00Z,nan,0.0005026719713741001,nan,0
2023-03-24T17:58:55Z,2023-03-24T17:59:00Z,nan,0.0005030616573178695,nan,0
2023-03-24T17:58:55Z,2023-03-24T17:59:00Z,nan,0.0005018029652753887,nan,0
2023-03-24T17:58:55Z,2023-03-24T17:59:00Z,nan,0.0005015700158169888,nan,0
2023-03-24T17:58:55Z,2023-03-24T17:59:00Z,nan,0.0004994177904034386,nan,0
2023-03-24T17:58:55Z,2023-03-24T17:59:00Z,nan,0.000500128820499266,nan,0
2023-03-24T17:58:55Z,2023-03-24T17:59:00Z,nan,0.0004985881588556428,nan,0
2023-03-24T17:58:55Z,2023-03-24T17:59:00Z,nan,0.0004994455518670787,nan,0
2023-03-24T17:58:55Z,2023-03-24T17:59:00Z,nan,0.000497120548470044,nan,0
2023-03-24T17:58:55Z,2023-03-24T17:59:00Z,nan,0.0004937063023002761,nan,0
2023-03-24T17:58:55Z,2023-03-24T17:59:00Z,nan,0.0004947373030515043,nan,0
2023-03-24T17:58:55Z,2023-03-24T17:59:00Z,nan,0.0004952890625287348,nan,0
2023-03-24T17:58:55Z,2023-03-24T17:59:00Z,nan,0.0004976029018884271,nan,0
2023-03-24T17:58:55Z,2023-03-24T17:59:00Z,nan,0.0004931743014396618,nan,0
2023-03-24T17:58:55Z,2023-03-24T17:59:00Z,nan,0.0004945426325375138,nan,0
2023-03-24T17:58:55Z,2023-03-24T17:59:00Z,nan,0.000495234666228439,nan,0
2023-03-24T17:58:55Z,2023-03-24T17:59:00Z,nan,0.0004929342420989368,nan,0
2023-03-24T17:58:55Z,2023-03-24T17:59:00Z,nan,0.0004922986945951527,nan,0
2023-03-24T17:58:55Z,2023-03-24T17:59:00Z,nan,0.0004908597276336748,nan,0
2023-03-24T17:58:55Z,2023-03-24T17:59:00Z,nan,0.0004905016155998724,nan,0
2023-03-24T17:58:55Z,2023-03-24T17:59:00Z,nan,0.0004912993632426465,nan,0
2023-03-24T17:58:55Z,2023-03-24T17:59:00Z,nan,0.0004905682982587327,nan,0
2023-03-24T17:58:55Z,2023-03-24T17:59:00Z,nan,0.0004906433367966707,nan,0
2023-03-24T17:58:55Z,2023-03-24T17:59:00Z,nan,0.0004916271199357301,nan,0
2023-03-24T17:58:55Z,2023-03-24T17:59:00Z,nan,0.0004908071754999928,nan,0
2023-03-24T17:58:55Z,2023-03-24T17:59:00Z,nan,0.0004912774133951775,nan,0
2023-03-24T17:58:55Z,2023-03-24T17:59:00Z,nan,0.0004924288313516689,nan,0
2023-03-24T17:58:55Z,2023-03-24T17:59:00Z,nan,0.000494031905243231,nan,0
2023-03-24T17:58:55Z,2023-03-24T17:59:00Z,nan,0.0004960404404347917,nan,0
2023-03-24T17:58:55Z,2023-03-24T17:59:00Z,nan,0.000494665456003019,nan,0
2023-03-24T17:58:55Z,2023-03-24T17:59:00Z,nan,0.0004947825085357752,nan,0
2023-03-24T17:58:55Z,2023-03-24T17:59:00Z,nan,0.0004966163366214104,nan,0
2023-03-24T17:58:55Z,2023-03-24T17:59:00Z,nan,0.0004986024050867011,nan,0
2023-03-24T17:58:55Z,2023-03-24T17:59:00Z,nan,0.0004999814908527763,nan,0
2023-03-24T17:58:55Z,2023-03-24T17:59:00Z,nan,0.0005024229374026774,nan,0
2023-03-24T17:58:55Z,2023-03-24T17:59:00Z,nan,0.0005019217008806672,nan,0
2023-03-24T17:58:55Z,2023-03-24T17:59:00Z,nan,0.0005037900473471403,nan,0
2023-03-24T17:58:55Z,2023-03-24T17:59:00Z,nan,0.0005047074618662868,nan,0
2023-03-24T17:58:55Z,2023-03-24T17:59:00Z,nan,0.0005077827712713373,nan,0
2023-03-24T17:58:55Z,2023-03-24T17:59:00Z,nan,0.0005116822929679774,nan,0
2023-03-24T17:58:55Z,2023-03-24T17:59:00Z,nan,0.000513299646703021,nan,0
2023-03-24T17:58:55Z,2023-03-24T17:59:00Z,nan,0.0005127027566572714,nan,0
2023-03-24T17:58:55Z,2023-03-24T17:59:00Z,nan,0.0005135305044722023,nan,0
2023-03-24T17:58:55Z,2023-03-24T17:59:00Z,nan,0.0005137577753943777,nan,0
2023-03-24T17:58:55Z,2023-03-24T17:59:00Z,nan,0.0005140872286669467,nan,0
2023-03-24T17:58:55Z,2023-03-24T17:59:00Z,nan,0.0005149859489147514,nan,0
2023-03-24T17:58:55Z,2023-03-24T17:59:00Z,nan,0.0005143850202175717,nan,0
2023-03-24T17:58:55Z,2023-03-24T17:59:00Z,nan,0.0005164752330389228,nan,0
2023-03-24T17:58:55Z,2023-03-24T17:59:00Z,nan,0.0005161431651877895,nan,0
2023-03-24T17:58:55Z,2023-03-24T17:59:00Z,nan,0.0005193071631543496,nan,0
2023-03-24T17:58:55Z,2023-03-24T17:59:00Z,nan,0.0005207180671586281,nan,0
2023-03-24T17:58:55Z,2023-03-24T17:59:00Z,nan,0.0005224269878805454,nan,0
2023-03-24T17:58:55Z,2023-03-24T17:59:00Z,nan,0.0005235523144816375,nan,0
2023-03-24T17:58:55Z,2023-03-24T17:59:00Z,nan,0.0005244168535050998,nan,0
2023-03-24T17:58:55Z,2023-03-24T17:59:00Z,nan,0.0005264365003938778,nan,0
2023-03-24T17:58:55Z,2023-03-24T17:59:00Z,nan,0.0005289729216769262,nan,0
2023-03-24T17:58:55Z,2023-03-24T17:59:00Z,nan,0.0005333721191646321,nan,0
2023-03-24T17:58:55Z,2023-03-24T17:59:00Z,nan,0.0005359942772077761,nan,0
2023-03-24T17:58:55Z,2023-03-24T17:59:00Z,nan,0.0005407798886850514,nan,0
2023-03-24T17:58:55Z,2023-03-24T17:59:00Z,nan,0.0005436540484011502,nan,0
2023-03-24T17:58:55Z,2023-03-24T17:59:00Z,nan,0.0005448304466257034,nan,0
2023-03-24T17:58:55Z,2023-03-24T17:59:00Z,nan,0.0005441227087261806,nan,0
2023-03-24T17:58:55Z,2023-03-24T17:59:00Z,nan,0.0005453785803122845,nan,0
2023-03-24T17:58:55Z,2023-03-24T17:59:00Z,nan,0.0005460494849078388,nan,0
2023-03-24T17:58:55Z,2023-03-24T17:59:00Z,nan,0.0005465685107043759,nan,0
2023-03-24T17:58:55Z,2023-03-24T17:59:00Z,nan,0.0005478296187565888,nan,0
2023-03-24T17:58:55Z,2023-03-24T17:59:00Z,nan,0.0005492577453571582,nan,0
2023-03-24T17:58:55Z,2023-03-24T17:59:00Z,nan,0.0005489757434322224,nan,0
2023-03-24T17:58:55Z,2023-03-24T17:59:00Z,nan,0.0005487488910208139,nan,0
2023-03-24T17:58:55Z,2023-03-24T17:59:00Z,nan,0.000547327006018938,nan,0
2023-03-24T17:58:55Z,2023-03-24T17:59:00Z,nan,0.0005434123442020627,nan,0
2023-03-24T17:58:55Z,2023-03-24T17:59:00Z,nan,0.0005413221091796868,nan,0
2023-03-24T17:58:55Z,2023-03-24T17:59:00Z,nan,0.0005393555387140396,nan,0
2023-03-24T17:58:55Z,2023-03-24T17:59:00Z,nan,0.0005387113727185255,nan,0
2023-03-24T17:58:55Z,2023-03-24T17:59:00Z,nan,0.0005365531100999568,nan,0
2023-03-24T17:58:55Z,2023-03-24T17:59:00Z,nan,0.0005332013944926111,nan,0
2023-03-24T17:58:55Z,2023-03-24T17:59:00Z,nan,0.0005317426224561307,nan,0
2023-03-24T17:58:55Z,2023-03-24T17:59:00Z,nan,0.0005305962270572526,nan,0
2023-03-24T17:58:55Z,2023-03-24T17:59:00Z,nan,0.0005319729380474178,nan,0
2023-03-24T17:58:55Z,2023-03-24T17:59:00Z,nan,0.0005321187289031729,nan,0
2023-03-24T17:58:55Z,2023-03-24T17:59:00Z,nan,0.0005322837307368534,nan,0
2023-03-24T17:58:55Z,2023-03-24T17:59:00Z,nan,0.00053099454629002,nan,0
2023-03-24T17:58:55Z,2023-03-24T17:59:00Z,nan,0.0005317758390801832,nan,0
2023-03-24T17:58:55Z,2023-03-24T17:59:00Z,nan,0.0005290798220193333,nan,0
2023-03-24T17:58:55Z,2023-03-24T17:59:00Z,nan,0.0005254656066827973,nan,1
2023-03-24T17:58:55Z,2023-03-24T17:59:00Z,nan,0.0005247651824585678,nan,1
2023-03-24T17:58:55Z,2023-03-24T17:59:00Z,nan,0.0005234954337703441,nan,1
2023-03-24T17:58:55Z,2023-03-24T17:59:00Z,nan,0.0005223908660618485,nan,1
2023-03-24T17:58:55Z,2023-03-24T17:59:00Z,nan,0.0005213267125169253,nan,1
2023-03-24T17:58:55Z,2023-03-24T17:59:00Z,nan,0.0005191828399556925,nan,1
2023-03-24T17:58:55Z,2023-03-24T17:59:00Z,nan,0.0005166362546145078,nan,1
2023-03-24T17:58:55Z,2023-03-24T17:59:00Z,nan,0.0005136815807929586,nan,1
2023-03-24T17:58:55Z,2023-03-24T17:59:00Z,nan,0.0005117474908919634,nan,1
2023-03-24T17:58:55Z,2023-03-24T17:59:00Z,nan,0.0005106589329878694,nan,1
2023-03-24T17:58:55Z,2023-03-24T17:59:00Z,nan,0.0005069520295392412,nan,1
2023-03-24T17:58:55Z,2023-03-24T17:59:00Z,nan,0.0005046939709141781,nan,1
2023-03-24T17:58:55Z,2023-03-24T17:59:00Z,nan,0.0005042663941680986,nan,1
2023-03-24T17:58:55Z,2023-03-24T17:59:00Z,nan,0.0005026031649303447,nan,1
2023-03-24T17:58:55Z,2023-03-24T17:59:00Z,nan,0.0005019613163168538,nan,1
2023-03-24T17:58:55Z,2023-03-24T17:59:00Z,nan,0.0004994949593376425,nan,1
2023-03-24T17:58:55Z,2023-03-24T17:59:00Z,nan,0.0004979227853544686,nan,1
2023-03-24T17:58:55Z,2023-03-24T17:59:00Z,nan,0.000498880783014839,nan,1
2023-03-24T17:58:55Z,2023-03-24T17:59:00Z,nan,0.0004969368697707076,nan,1
2023-03-24T17:58:55Z,2023-03-24T17:59:00Z,nan,0.0004960947603157416,nan,1
2023-03-24T17:58:55Z,2023-03-24T17:59:00Z,nan,0.0004946308490248341,nan,1
2023-03-24T17:58:55Z,2023-03-24T17:59:00Z,nan,0.0004942818605774942,nan,1
2023-03-24T17:58:55Z,2023-03-24T17:59:00Z,nan,0.0004945177595937299,nan,1
2023-03-24T17:58:55Z,2023-03-24T17:59:00Z,nan,0.0004931934885893478,nan,1
2023-03-24T17:58:55Z,2023-03-24T17:59:00Z,nan,0.0004915680563132556,nan,1
2023-03-24T17:58:55Z,2023-03-24T17:59:00Z,nan,0.0004903049698067568,nan,1
2023-03-24T17:58:55Z,2023-03-24T17:59:00Z,nan,0.0004909387923570925,nan,1
2023-03-24T17:58:55Z,2023-03-24T17:59:00Z,nan,0.0004892997527307935,nan,1
2023-03-24T17:58:55Z,2023-03-24T17:59:00Z,nan,0.0004889172504089465,nan,1
2023-03-24T17:58:55Z,2023-03-24T17:59:00Z,nan,0.0004895730486667393,nan,1
2023-03-24T17:58:55Z,2023-03-24T17:59:00Z,nan,0.0004933618387782982,nan,1
2023-03-24T17:58:55Z,2023-03-24T17:59:00Z,nan,0.0004950966692938032,nan,1
2023-03-24T17:58:55Z,2023-03-24T17:59:00Z,nan,0.0004978131916855541,nan,1
2023-03-24T17:58:55Z,2023-03-24T17:59:00Z,nan,0.0004991974097368455,nan,1
2023-03-24T17:58:55Z,2023-03-24T17:59:00Z,nan,0.0004977051255859871,nan,1
2023-03-24T17:58:55Z,2023-03-24T17:59:00Z,nan,0.0004984947973107164,nan,1
2023-03-24T17:58:55Z,2023-03-24T17:59:00Z,nan,0.0004964059198392593,nan,1
2023-03-24T17:58:55Z,2023-03-24T17:59:00Z,nan,0.0004936251213191156,nan,1
2023-03-24T17:58:55Z,2023-03-24T17:59:00Z,nan,0.0004931220798909374,nan,1
2023-03-24T17:58:55Z,2023-03-24T17:59:00Z,nan,0.0004919258894288934,nan,1
2023-03-24T17:58:55Z,2023-03-24T17:59:00Z,nan,0.0004903862320856923,nan,1
2023-03-24T17:58:55Z,2023-03-24T17:59:00Z,nan,0.0004892902813991727,nan,1
2023-03-24T17:58:55Z,2023-03-24T17:59:00Z,nan,0.0004896552914279054,nan,1
2023-03-24T17:58:55Z,2023-03-24T17:59:00Z,nan,0.0004894151612256286,nan,1
2023-03-24T17:58:55Z,2023-03-24T17:59:00Z,nan,0.0004883665734383167,nan,1
2023-03-24T17:58:55Z,2023-03-24T17:59:00Z,nan,0.00048688155310640024,nan,1
2023-03-24T17:58:55Z,2023-03-24T17:59:00Z,nan,0.0004876800082638336,nan,1
2023-03-24T17:58:55Z,2023-03-24T17:59:00Z,nan,0.0004897258522498059,nan,1
2023-03-24T17:58:55Z,2023-03-24T17:59:00Z,nan,0.000489201983426933,nan,1
2023-03-24T17:58:55Z,2023-03-24T17:59:00Z,nan,0.000492279843490523,nan,1
2023-03-24T17:58:55Z,2023-03-24T17:59:00Z,nan,0.0004935941585599405,nan,1
2023-03-24T17:58:55Z,2023-03-24T17:59:00Z,nan,0.000494113038957435,nan,1
2023-03-24T17:58:55Z,2023-03-24T17:59:00Z,nan,0.0004925349043845827,nan,1
2023-03-24T17:58:55Z,2023-03-24T17:59:00Z,nan,0.0004909585891874149,nan,1
2023-03-24T17:58:55Z,2023-03-24T17:59:00Z,nan,0.0004903765172938905,nan,1
2023-03-24T17:58:55Z,2023-03-24T17:59:00Z,nan,0.0004901737598753482,nan,1
2023-03-24T17:58:55Z,2023-03-24T17:59:00Z,nan,0.0004890308948167543,nan,1
2023-03-24T17:58:55Z,2023-03-24T17:59:00Z,nan,0.0004901037124394608,nan,1
2023-03-24T17:58:55Z,2023-03-24T17:59:00Z,nan,0.0004898579869091483,nan,1
2023-03-24T17:58:55Z,2023-03-24T17:59:00Z,nan,0.0004887323872122245,nan,1
2023-03-24T17:58:55Z,2023-03-24T17:59:00Z,nan,0.00048608300708047705,nan,1
2023-03-24T17:58:55Z,2023-03-24T17:59:00Z,nan,0.0004861546075370921,nan,1
2023-03-24T17:58:55Z,2023-03-24T17:59:00Z,nan,0.0004846054355602239,nan,1
2023-03-24T17:58:55Z,2023-03-24T17:59:00Z,nan,0.00048191233472500594,nan,1
2023-03-24T17:58:55Z,2023-03-24T17:59:00Z,nan,0.0004787355633709745,nan,1
2023-03-24T17:58:55Z,2023-03-24T17:59:00Z,nan,0.00047564471165215675,nan,1
2023-03-24T17:58:55Z,2023-03-24T17:59:00Z,nan,0.0004734088250786447,nan,1
2023-03-24T17:58:55Z,2023-03-24T17:59:00Z,nan,0.00047435072901297565,nan,1
2023-03-24T17:58:55Z,2023-03-24T17:59:00Z,nan,0.0004758205894241514,nan,1
2023-03-24T17:58:55Z,2023-03-24T17:59:00Z,nan,0.0004761942378433128,nan,1
2023-03-24T17:58:55Z,2023-03-24T17:59:00Z,nan,0.0004766194655123495,nan,1
2023-03-24T17:58:55Z,2023-03-24T17:59:00Z,nan,0.00047766655873984846,nan,1
2023-03-24T17:58:55Z,2023-03-24T17:59:00Z,nan,0.00047929737203674175,nan,1
2023-03-24T17:58:55Z,2023-03-24T17:59:00Z,nan,0.00048087931266840763,nan,1
2023-03-24T17:58:55Z,2023-03-24T17:59:00Z,nan,0.00048172072657185427,nan,1
2023-03-24T17:58:55Z,2023-03-24T17:59:00Z,nan,0.0004813490089414009,nan,1
2023-03-24T17:58:55Z,2023-03-24T17:59:00Z,nan,0.00047995794359550207,nan,1
2023-03-24T17:58:55Z,2023-03-24T17:59:00Z,nan,0.0004794694765511777,nan,1
2023-03-24T17:58:55Z,2023-03-24T17:59:00Z,nan,0.00048120487475082396,nan,1
2023-03-24T17:58:55Z,2023-03-24T17:59:00Z,nan,0.00048471599567051255,nan,1
2023-03-24T17:58:55Z,2023-03-24T17:59:00Z,nan,0.00048772997522641645,nan,1
2023-03-24T17:58:55Z,2023-03-24T17:59:00Z,nan,0.0004903420188929112,nan,1
2023-03-24T17:58:55Z,2023-03-24T17:59:00Z,nan,0.0004904719548033689,nan,1
2023-03-24T17:58:55Z,2023-03-24T17:59:00Z,nan,0.0004922745905546919,nan,1
2023-03-24T17:58:55Z,2023-03-24T17:59:00Z,nan,0.000493815029783082,nan,1
2023-03-24T17:58:55Z,2023-03-24T17:59:00Z,nan,0.0004948430794830348,nan,1
2023-03-24T17:58:55Z,2023-03-24T17:59:00Z,nan,0.0004950895639403939,nan,1
2023-03-24T17:58:55Z,2023-03-24T17:59:00Z,nan,0.0004957660123792477,nan,1
2023-03-24T17:58:55Z,2023-03-24T17:59:00Z,nan,0.0004970717238372739,nan,1
2023-03-24T17:58:55Z,2023-03-24T17:59:00Z,nan,0.0004982259275426896,nan,1
2023-03-24T17:58:55Z,2023-03-24T17:59:00Z,nan,0.000498382368305523,nan,1
2023-03-24T17:58:55Z,2023-03-24T17:59:00Z,nan,0.0004986896086422946,nan,1
2023-03-24T17:58:55Z,2023-03-24T17:59:00Z,nan,0.0005005840997662994,nan,1
2023-03-24T17:58:55Z,2023-03-24T17:59:00Z,nan,0.0004995489558880848,nan,1
2023-03-24T17:58:55Z,2023-03-24T17:59:00Z,nan,0.0005007198110853528,nan,1
2023-03-24T17:58:55Z,2023-03-24T17:59:00Z,nan,0.0005004109941487351,nan,1
2023-03-24T17:58:55Z,2023-03-24T17:59:00Z,nan,0.0005033063669302586,nan,1
2023-03-24T17:58:55Z,2023-03-24T17:59:00Z,nan,0.0005034589275802648,nan,1
2023-03-24T17:58:55Z,2023-03-24T17:59:00Z,nan,0.0005045305384270038,nan,1
2023-03-24T17:58:55Z,2023-03-24T17:59:00Z,nan,0.0005057336548072805,nan,1
2023-03-24T17:58:55Z,2023-03-24T17:59:00Z,nan,0.0005057853174168402,nan,1
2023-03-24T17:58:55Z,2023-03-24T17:59:00Z,nan,0.0005061626278804491,nan,1
2023-03-24T17:58:55Z,2023-03-24T17:59:00Z,nan,0.0005075177411506744,nan,1
2023-03-24T17:58:55Z,2023-03-24T17:59:00Z,nan,0.0005095485227549963,nan,1
2023-03-24T17:58:55Z,2023-03-24T17:59:00Z,nan,0.0005119175012807588,nan,1
2023-03-24T17:58:55Z,2023-03-24T17:59:00Z,nan,0.0005127829343349596,nan,1
2023-03-24T17:58:55Z,2023-03-24T17:59:00Z,nan,0.0005120304207734426,nan,1
2023-03-24T17:58:55Z,2023-03-24T17:59:00Z,nan,0.0005093720853321926,nan,1
2023-03-24T17:58:55Z,2023-03-24T17:59:00Z,nan,0.0005092781752963282,nan,1
2023-03-24T17:58:55Z,2023-03-24T17:59:00Z,nan,0.0005133695460479571,nan,1
2023-03-24T17:58:55Z,2023-03-24T17:59:00Z,nan,0.0005158341848332913,nan,1
2023-03-24T17:58:55Z,2023-03-24T17:59:00Z,nan,0.000516557149847419,nan,1
2023-03-24T17:58:55Z,2023-03-24T17:59:00Z,nan,0.0005167659510564847,nan,1
2023-03-24T17:58:55Z,2023-03-24T17:59:00Z,nan,0.0005187563593095447,nan,1
2023-03-24T17:58:55Z,2023-03-24T17:59:00Z,nan,0.0005179370213732181,nan,1
2023-03-24T17:58:55Z,2023-03-24T17:59:00Z,nan,0.0005157793311625331,nan,1
2023-03-24T17:58:55Z,2023-03-24T17:59:00Z,nan,0.0005154775555574333,nan,1
2023-03-24T17:58:55Z,2023-03-24T17:59:00Z,nan,0.000515129446641492,nan,1
2023-03-24T17:58:55Z,2023-03-24T17:59:00Z,nan,0.00051668866884444,nan,1
2023-03-24T17:58:55Z,2023-03-24T17:59:00Z,nan,0.0005153668876408614,nan,1
2023-03-24T17:58:55Z,2023-03-24T17:59:00Z,nan,0.0005154029147711051,nan,1
2023-03-24T17:58:55Z,2023-03-24T17:59:00Z,nan,0.0005154858308921474,nan,1
2023-03-24T17:58:55Z,2023-03-24T17:59:00Z,nan,0.0005151621653539359,nan,1
2023-03-24T17:58:55Z,2023-03-24T17:59:00Z,nan,0.0005135355694378661,nan,1
2023-03-24T17:58:55Z,2023-03-24T17:59:00Z,nan,0.0005127449481980591,nan,1
2023-03-24T17:58:55Z,2023-03-24T17:59:00Z,nan,0.0005123997156995664,nan,1
2023-03-24T17:58:55Z,2023-03-24T17:59:00Z,nan,0.0005109238109077169,nan,1
2023-03-24T17:58:55Z,2023-03-24T17:59:00Z,nan,0.0005102429917958835,nan,1
2023-03-24T17:58:55Z,2023-03-24T17:59:00Z,nan,0.0005071884270950731,nan,1
2023-03-24T17:58:55Z,2023-03-24T17:59:00Z,nan,0.0005048200453797381,nan,1
2023-03-24T17:58:55Z,2023-03-24T17:59:00Z,nan,0.000500486857195421,nan,1
2023-03-24T17:58:55Z,2023-03-24T17:59:00Z,nan,0.0005017289672642344,nan,1
2023-03-24T17:58:55Z,2023-03-24T17:59:00Z,nan,0.0004976636766256884,nan,1
2023-03-24T17:58:55Z,2023-03-24T17:59:00Z,nan,0.0004985943733125195,nan,1
2023-03-24T17:58:55Z,2023-03-24T17:59:00Z,nan,0.0004953224500680503,nan,1
2023-03-24T17:58:55Z,2023-03-24T17:59:00Z,nan,0.000491865134861394,nan,1
2023-03-24T17:58:55Z,2023-03-24T17:59:00Z,nan,0.0004918111595060607,nan,1
2023-03-24T17:58:55Z,2023-03-24T17:59:00Z,nan,0.0004885705750878393,nan,1
2023-03-24T17:58:55Z,2023-03-24T17:59:00Z,nan,0.00048622995414554217,nan,1
2023-03-24T17:58:55Z,2023-03-24T17:59:00Z,nan,0.000483592709269686,nan,1
2023-03-24T17:58:55Z,2023-03-24T17:59:00Z,nan,0.0004809355310787299,nan,1
2023-03-24T17:58:55Z,2023-03-24T17:59:00Z,nan,0.00047949140942789124,nan,1
2023-03-24T17:58:55Z,2023-03-24T17:59:00Z,nan,0.00048113288846236623,nan,1
2023-03-24T17:58:55Z,2023-03-24T17:59:00Z,nan,0.00048174845157654753,nan,1
2023-03-24T17:58:55Z,2023-03-24T17:59:00Z,nan,0.0004794296754028063,nan,1
2023-03-24T17:58:55Z,2023-03-24T17:59:00Z,nan,0.00048107910765207674,nan,1
2023-03-24T17:58:55Z,2023-03-24T17:59:00Z,nan,0.00048020066167363213,nan,1
2023-03-24T17:58:55Z,2023-03-24T17:59:00Z,nan,0.00048010106677742227,nan,1
2023-03-24T17:58:55Z,2023-03-24T17:59:00Z,nan,0.000479481745543992,nan,1
2023-03-24T17:58:55Z,2023-03-24T17:59:00Z,nan,0.00047699745612486715,nan,1
2023-03-24T17:58:55Z,2023-03-24T17:59:00Z,nan,0.0004753644334731282,nan,1
2023-03-24T17:58:55Z,2023-03-24T17:59:00Z,nan,0.00047288991506238426,nan,1
2023-03-24T17:58:55Z,2023-03-24T17:59:00Z,nan,0.00047053375395151513,nan,1
2023-03-24T17:58:55Z,2023-03-24T17:59:00Z,nan,0.000468035681416022,nan,1
2023-03-24T17:58:55Z,2023-03-24T17:59:00Z,nan,0.0004682894407796605,nan,1
2023-03-24T17:58:55Z,2023-03-24T17:59:00Z,nan,0.0004692024114208485,nan,1
2023-03-24T17:58:55Z,2023-03-24T17:59:00Z,nan,0.0004666378882481286,nan,1
2023-03-24T17:58:55Z,2023-03-24T17:59:00Z,nan,0.0004615771732599571,nan,1
2023-03-24T17:58:55Z,2023-03-24T17:59:00Z,nan,0.0004573109445018595,nan,1
2023-03-24T17:58:55Z,2023-03-24T17:59:00Z,nan,0.00045592605439365933,nan,1
2023-03-24T17:58:55Z,2023-03-24T17:59:00Z,nan,0.00045473352280705586,nan,1
2023-03-24T17:58:55Z,2023-03-24T17:59:00Z,nan,0.00045240928905899904,nan,1
2023-03-24T17:58:55Z,2023-03-24T17:59:00Z,nan,0.0004479023227408399,nan,1
2023-03-24T17:58:55Z,2023-03-24T17:59:00Z,nan,0.0004435099490620923,nan,1
2023-03-24T17:58:55Z,2023-03-24T17:59:00Z,nan,0.0004396354328246242,nan,1
2023-03-24T17:58:55Z,2023-03-24T17:59:00Z,nan,0.0004368042397882881,nan,1
2023-03-24T17:58:55Z,2023-03-24T17:59:00Z,nan,0.000432452595675703,nan,1
2023-03-24T17:58:55Z,2023-03-24T17:59:00Z,nan,0.00042053042567762294,nan,1
2023-03-24T17:58:55Z,2023-03-24T17:59:00Z,nan,0.0004083444655057874,nan,1
2023-03-24T17:58:55Z,2023-03-24T17:59:00Z,nan,0.00039718101207865245,nan,1
2023-03-24T17:58:55Z,2023-03-24T17:59:00Z,nan,0.0003895584557783533,nan,1
2023-03-24T17:58:55Z,2023-03-24T17:59:00Z,nan,0.00037900671435547737,nan,1
2023-03-24T17:58:55Z,2023-03-24T17:59:00Z,nan,0.00037251316559693915,nan,1
2023-03-24T17:58:55Z,2023-03-24T17:59:00Z,nan,0.00037474701314968466,nan,1
2023-03-24T17:58:55Z,2023-03-24T17:59:00Z,nan,0.0003773824628695411,nan,1
2023-03-24T17:58:55Z,2023-03-24T17:59:00Z,nan,0.00038048495376973983,nan,1
2023-03-24T17:58:55Z,2023-03-24T17:59:00Z,nan,0.0003834867155977179,nan,1
2023-03-24T17:58:55Z,2023-03-24T17:59:00Z,nan,0.0003865693458438922,nan,1
2023-03-24T17:58:55Z,2023-03-24T17:59:00Z,nan,0.0003878918405477898,nan,1
2023-03-24T17:58:55Z,2023-03-24T17:59:00Z,nan,0.00039112479974785775,nan,0
2023-03-24T17:58:55Z,2023-03-24T17:59:00Z,nan,0.00039705195298832344,nan,0
2023-03-24T17:58:55Z,2023-03-24T17:59:00Z,nan,0.00039836854801693973,nan,0
2023-03-24T17:58:55Z,2023-03-24T17:59:00Z,nan,0.0004035515971170198,nan,0
2023-03-24T17:58:55Z,2023-03-24T17:59:00Z,nan,0.0004083400779774404,nan,0
2023-03-24T17:58:55Z,2023-03-24T17:59:00Z,nan,0.00041226474527462475,nan,0
2023-03-24T17:58:55Z,2023-03-24T17:59:00Z,nan,0.00041461124992873434,nan,0
2023-03-24T17:58:55Z,2023-03-24T17:59:00Z,nan,0.0004194879504064002,nan,0
2023-03-24T17:58:55Z,2023-03-24T17:59:00Z,nan,0.00042577905431539977,nan,0
2023-03-24T17:58:55Z,2023-03-24T17:59:00Z,nan,0.0004311838674284186,nan,0
2023-03-24T17:58:55Z,2023-03-24T17:59:00Z,nan,0.0004367359625475024,nan,0
2023-03-24T17:58:55Z,2023-03-24T17:59:00Z,nan,0.00044140141256974205,nan,0
2023-03-24T17:58:55Z,2023-03-24T17:59:00Z,nan,0.00044339097614317914,nan,0
2023-03-24T17:58:55Z,2023-03-24T17:59:00Z,nan,0.00045275281535772947,nan,0
2023-03-24T17:58:55Z,2023-03-24T17:59:00Z,nan,0.0004607648474340433,nan,0
2023-03-24T17:58:55Z,2023-03-24T17:59:00Z,nan,0.0004692277546411069,nan,0
2023-03-24T17:58:55Z,2023-03-24T17:59:00Z,nan,0.0004765450767506764,nan,0
2023-03-24T17:58:55Z,2023-03-24T17:59:00Z,nan,0.00048264865957134905,nan,0
2023-03-24T17:58:55Z,2023-03-24T17:59:00Z,nan,0.0004900497901055205,nan,0
2023-03-24T17:58:55Z,2023-03-24T17:59:00Z,nan,0.0004974745645993461,nan,0
2023-03-24T17:58:55Z,2023-03-24T17:59:00Z,nan,0.0005074553153687236,nan,0
2023-03-24T17:58:55Z,2023-03-24T17:59:00Z,nan,0.000514821806268538,nan,0
2023-03-24T17:58:55Z,2023-03-24T17:59:00Z,nan,0.0005230436936350051,nan,0
2023-03-24T17:58:55Z,2023-03-24T17:59:00Z,nan,0.0005316868105318046,nan,0
2023-03-24T17:58:55Z,2023-03-24T17:59:00Z,nan,0.0005439206483460166,nan,0
2023-03-24T17:58:55Z,2023-03-24T17:59:00Z,nan,0.000563177623272831,nan,0
2023-03-24T17:58:55Z,2023-03-24T17:59:00Z,nan,0.0005776830112316187,nan,0
2023-03-24T17:58:55Z,2023-03-24T17:59:00Z,nan,0.0005865818955992871,nan,0
2023-03-24T17:58:55Z,2023-03-24T17:59:00Z,nan,0.0005883538908738767,nan,0
2023-03-24T17:58:55Z,2023-03-24T17:59:00Z,nan,0.0005808430385624354,nan,0
2023-03-24T17:58:55Z,2023-03-24T17:59:00Z,nan,0.0005811519659810866,nan,0
2023-03-24T17:58:55Z,2023-03-24T17:59:00Z,nan,0.0005806078721369953,nan,0
2023-03-24T17:58:55Z,2023-03-24T17:59:00Z,nan,0.000580146644085303,nan,0
2023-03-24T17:58:55Z,2023-03-24T17:59:00Z,nan,0.0005796615371579266,nan,0
2023-03-24T17:58:55Z,2023-03-24T17:59:00Z,nan,0.0005793007772291747,nan,0
2023-03-24T17:58:55Z,2023-03-24T17:59:00Z,nan,0.0005799805414717985,nan,0
2023-03-24T17:58:55Z,2023-03-24T17:59:00Z,nan,0.0005804660859946449,nan,0
2023-03-24T17:58:55Z,2023-03-24T17:59:00Z,nan,0.0005783118938797132,nan,0
2023-03-24T17:58:55Z,2023-03-24T17:59:00Z,nan,0.0005790813846937107,nan,0
2023-03-24T17:58:55Z,2023-03-24T17:59:00Z,nan,0.0005762732261558245,nan,0
2023-03-24T17:58:55Z,2023-03-24T17:59:00Z,nan,0.0005721187531970416,nan,0
2023-03-24T17:58:55Z,2023-03-24T17:59:00Z,nan,0.0005711726624571373,nan,0
2023-03-24T17:58:55Z,2023-03-24T17:59:00Z,nan,0.0005719943307233592,nan,0
2023-03-24T17:58:55Z,2023-03-24T17:59:00Z,nan,0.0005689004643654325,nan,0
2023-03-24T17:58:55Z,2023-03-24T17:59:00Z,nan,0.0005672582921580223,nan,0
2023-03-24T17:58:55Z,2023-03-24T17:59:00Z,nan,0.0005683271762386498,nan,0
2023-03-24T17:58:55Z,2023-03-24T17:59:00Z,nan,0.0005694543569712112,nan,0
2023-03-24T17:58:55Z,2023-03-24T17:59:00Z,nan,0.0005700516143829878,nan,0
2023-03-24T17:58:55Z,2023-03-24T17:59:00Z,nan,0.0005686310084425909,nan,0
2023-03-24T17:58:55Z,2023-03-24T17:59:00Z,nan,0.0005661681122601058,nan,0
2023-03-24T17:58:55Z,2023-03-24T17:59:00Z,nan,0.0005642705199608979,nan,0
2023-03-24T17:58:55Z,2023-03-24T17:59:00Z,nan,0.0005638043525757431,nan,0
2023-03-24T17:58:55Z,2023-03-24T17:59:00Z,nan,0.0005618664304764131,nan,0
2023-03-24T17:58:55Z,2023-03-24T17:59:00Z,nan,0.0005588286309709451,nan,0
2023-03-24T17:58:55Z,2023-03-24T17:59:00Z,nan,0.0005546203546737598,nan,0
2023-03-24T17:58:55Z,2023-03-24T17:59:00Z,nan,0.0005542791532988722,nan,0
2023-03-24T17:58:55Z,2023-03-24T17:59:00Z,nan,0.0005518965977208512,nan,0
2023-03-24T17:58:55Z,2023-03-24T17:59:00Z,nan,0.0005538933080511824,nan,0
2023-03-24T17:58:55Z,2023-03-24T17:59:00Z,nan,0.0005559378035327542,nan,0
2023-03-24T17:58:55Z,2023-03-24T17:59:00Z,nan,0.0005539346161283955,nan,0
2023-03-24T17:58:55Z,2023-03-24T17:59:00Z,nan,0.0005544490029040364,nan,0
2023-03-24T17:58:55Z,2023-03-24T17:59:00Z,nan,0.0005532230906122643,nan,0
2023-03-24T17:58:55Z,2023-03-24T17:59:00Z,nan,0.0005519837140936464,nan,0
2023-03-24T17:58:55Z,2023-03-24T17:59:00Z,nan,0.000549997044159782,nan,0
2023-03-24T17:58:55Z,2023-03-24T17:59:00Z,nan,0.000550819368769426,nan,0
2023-03-24T17:58:55Z,2023-03-24T17:59:00Z,nan,0.0005511422142511919,nan,0
2023-03-24T17:58:55Z,2023-03-24T17:59:00Z,nan,0.000547408881312674,nan,0
2023-03-24T17:58:55Z,2023-03-24T17:59:00Z,nan,0.0005468687081921859,nan,0
2023-03-24T17:58:55Z,2023-03-24T17:59:00Z,nan,0.0005495220589668232,nan,0
2023-03-24T17:58:55Z,2023-03-24T17:59:00Z,nan,0.0005476376652302022,nan,0
2023-03-24T17:58:55Z,2023-03-24T17:59:00Z,nan,0.0005478304720143634,nan,0
2023-03-24T17:58:55Z,2023-03-24T17:59:00Z,nan,0.0005497603743201624,nan,0
2023-03-24T17:58:55Z,2023-03-24T17:59:00Z,nan,0.0005502923763626205,nan,0
2023-03-24T17:58:55Z,2023-03-24T17:59:00Z,nan,0.0005517130719569448,nan,0
2023-03-24T17:58:55Z,2023-03-24T17:59:00Z,nan,0.0005516832295924697,nan,0
2023-03-24T17:58:55Z,2023-03-24T17:59:00Z,nan,0.000554275980770195,nan,0
2023-03-24T17:58:55Z,2023-03-24T17:59:00Z,nan,0.000557038412499013,nan,0
2023-03-24T17:58:55Z,2023-03-24T17:59:00Z,nan,0.0005592463430710886,nan,0
2023-03-24T17:58:55Z,2023-03-24T17:59:00Z,nan,0.0005580902378705115,nan,0
2023-03-24T17:58:55Z,2023-03-24T17:59:00Z,nan,0.0005600272697654018,nan,0
2023-03-24T17:58:55Z,2023-03-24T17:59:00Z,nan,0.0005608016816452331,nan,0
2023-03-24T17:58:55Z,2023-03-24T17:59:00Z,nan,0.0005578560978232822,nan,0
2023-03-24T17:58:55Z,2023-03-24T17:59:00Z,nan,0.0005557147199991017,nan,0
2023-03-24T17:58:55Z,2023-03-24T17:59:00Z,nan,0.0005543657048259072,nan,0
2023-03-24T17:58:55Z,2023-03-24T17:59:00Z,nan,0.0005559425683157624,nan,0
2023-03-24T17:58:55Z,2023-03-24T17:59:00Z,nan,0.0005575878981976625,nan,0
2023-03-24T17:58:55Z,2023-03-24T17:59:00Z,nan,0.0005582548682326226,nan,0
2023-03-24T17:58:55Z,2023-03-24T17:59:00Z,nan,0.0005582286608358065,nan,0
2023-03-24T17:58:55Z,2023-03-24T17:59:00Z,nan,0.0005581263302498669,nan,0
2023-03-24T17:58:55Z,2023-03-24T17:59:00Z,nan,0.0005591292515106625,nan,0
2023-03-24T17:58:55Z,2023-03-24T17:59:00Z,nan,0.000560007260795594,nan,0
2023-03-24T17:58:55Z,2023-03-24T17:59:00Z,nan,0.0005600722782894229,nan,0
2023-03-24T17:58:55Z,2023-03-24T17:59:00Z,nan,0.0005593041629453654,nan,0
2023-03-24T17:58:55Z,2023-03-24T17:59:00Z,nan,0.0005569145629731625,nan,0
2023-03-24T17:58:55Z,2023-03-24T17:59:00Z,nan,0.0005543854739541112,nan,0
2023-03-24T17:58:55Z,2023-03-24T17:59:00Z,nan,0.0005551552694506575,nan,0
2023-03-24T17:58:55Z,2023-03-24T17:59:00Z,nan,0.0005562611703569567,nan,0
2023-03-24T17:58:55Z,2023-03-24T17:59:00Z,nan,0.0005533739168829611,nan,0
2023-03-24T17:58:55Z,2023-03-24T17:59:00Z,nan,0.0005488660206041914,nan,0
2023-03-24T17:58:55Z,2023-03-24T17:59:00Z,nan,0.0005475123415622588,nan,0
2023-03-24T17:58:55Z,2023-03-24T17:59:00Z,nan,0.0005459826687251684,nan,0
2023-03-24T17:58:55Z,2023-03-24T17:59:00Z,nan,0.0005441012075366455,nan,0
2023-03-24T17:58:55Z,2023-03-24T17:59:00Z,nan,0.0005429542831770554,nan,0
2023-03-24T17:58:55Z,2023-03-24T17:59:00Z,nan,0.0005400563066902929,nan,0
2023-03-24T17:58:55Z,2023-03-24T17:59:00Z,nan,0.0005358719532770913,nan,0
2023-03-24T17:58:55Z,2023-03-24T17:59:00Z,nan,0.0005340603233195355,nan,0
2023-03-24T17:58:55Z,2023-03-24T17:59:00Z,nan,0.0005303061215698226,nan,0
2023-03-24T17:58:55Z,2023-03-24T17:59:00Z,nan,0.0005281784646880997,nan,0
2023-03-24T17:58:55Z,2023-03-24T17:59:00Z,nan,0.0005287811512584375,nan,0
2023-03-24T17:58:55Z,2023-03-24T17:59:00Z,nan,0.000528958532016543,nan,0
2023-03-24T17:58:55Z,2023-03-24T17:59:00Z,nan,0.0005298617829939198,nan,0
2023-03-24T17:58:55Z,2023-03-24T17:59:00Z,nan,0.0005262948952208523,nan,0
2023-03-24T17:58:55Z,2023-03-24T17:59:00Z,nan,0.0005242672208883682,nan,0
2023-03-24T17:58:55Z,2023-03-24T17:59:00Z,nan,0.0005219693597193632,nan,0
2023-03-24T17:58:55Z,2023-03-24T17:59:00Z,nan,0.0005244815285883618,nan,0
2023-03-24T17:58:55Z,2023-03-24T17:59:00Z,nan,0.0005234902383639729,nan,0
2023-03-24T17:58:55Z,2023-03-24T17:59:00Z,nan,0.0005213300892768965,nan,0
2023-03-24T17:58:55Z,2023-03-24T17:59:00Z,nan,0.0005200559694615666,nan,0
2023-03-24T17:58:55Z,2023-03-24T17:59:00Z,nan,0.0005187200371391588,nan,0
2023-03-24T17:58:55Z,2023-03-24T17:59:00Z,nan,0.0005177175954152465,nan,0
2023-03-24T17:58:55Z,2023-03-24T17:59:00Z,nan,0.0005160616814613115,nan,0
2023-03-24T17:58:55Z,2023-03-24T17:59:00Z,nan,0.0005149859577661167,nan,0
2023-03-24T17:58:55Z,2023-03-24T17:59:00Z,nan,0.0005126396331194575,nan,0
2023-03-24T17:58:55Z,2023-03-24T17:59:00Z,nan,0.0005146525485205788,nan,0
2023-03-24T17:58:55Z,2023-03-24T17:59:00Z,nan,0.0005126217222842954,nan,0
2023-03-24T17:58:55Z,2023-03-24T17:59:00Z,nan,0.0005148596551747789,nan,0
2023-03-24T17:58:55Z,2023-03-24T17:59:00Z,nan,0.000518391974129053,nan,0
2023-03-24T17:58:55Z,2023-03-24T17:59:00Z,nan,0.0005187553525650397,nan,0
2023-03-24T17:58:55Z,2023-03-24T17:59:00Z,nan,0.0005176944776140498,nan,0
2023-03-24T17:58:55Z,2023-03-24T17:59:00Z,nan,0.0005181159238714178,nan,0
2023-03-24T17:58:55Z,2023-03-24T17:59:00Z,nan,0.0005194310660106085,nan,0
2023-03-24T17:58:55Z,2023-03-24T17:59:00Z,nan,0.0005178514026898795,nan,0
2023-03-24T17:58:55Z,2023-03-24T17:59:00Z,nan,0.0005193374422354875,nan,0
2023-03-24T17:58:55Z,2023-03-24T17:59:00Z,nan,0.0005232363881198773,nan,0
2023-03-24T17:58:55Z,2023-03-24T17:59:00Z,nan,0.0005267262710863508,nan,0
2023-03-24T17:58:55Z,2023-03-24T17:59:00Z,nan,0.0005270830308213948,nan,0
2023-03-24T17:58:55Z,2023-03-24T17:59:00Z,nan,0.000528270532661525,nan,0
2023-03-24T17:58:55Z,2023-03-24T17:59:00Z,nan,0.0005301967035126557,nan,0
2023-03-24T17:58:55Z,2023-03-24T17:59:00Z,nan,0.0005318373139092915,nan,0
2023-03-24T17:58:55Z,2023-03-24T17:59:00Z,nan,0.0005322277504719738,nan,0
2023-03-24T17:58:55Z,2023-03-24T17:59:00Z,nan,0.0005348611200071411,nan,0
2023-03-24T17:58:55Z,2023-03-24T17:59:00Z,nan,0.000535399390934691,nan,0
2023-03-24T17:58:55Z,2023-03-24T17:59:00Z,nan,0.0005381187234136454,nan,0
2023-03-24T17:58:55Z,2023-03-24T17:59:00Z,nan,0.0005374298784637111,nan,0
2023-03-24T17:58:55Z,2023-03-24T17:59:00Z,nan,0.0005374950017603655,nan,0
2023-03-24T17:58:55Z,2023-03-24T17:59:00Z,nan,0.0005372842859068793,nan,0
2023-03-24T17:58:55Z,2023-03-24T17:59:00Z,nan,0.0005375112127031903,nan,0
2023-03-24T17:58:55Z,2023-03-24T17:59:00Z,nan,0.0005380006264412907,nan,0
2023-03-24T17:58:55Z,2023-03-24T17:59:00Z,nan,0.0005401340298382142,nan,0
2023-03-24T17:58:55Z,2023-03-24T17:59:00Z,nan,0.0005430197427382028,nan,0
2023-03-24T17:58:55Z,2023-03-24T17:59:00Z,nan,0.0005407980097539265,nan,0
2023-03-24T17:58:55Z,2023-03-24T17:59:00Z,nan,0.0005407919910145835,nan,0
2023-03-24T17:58:55Z,2023-03-24T17:59:00Z,nan,0.0005438185412136191,nan,0
2023-03-24T17:58:55Z,2023-03-24T17:59:00Z,nan,0.000544729414963022,nan,0
2023-03-24T17:58:55Z,2023-03-24T17:59:00Z,nan,0.000546837497509548,nan,0
2023-03-24T17:58:55Z,2023-03-24T17:59:00Z,nan,0.00054677401388806,nan,0