sTime,eTime,Change,Value,Mean_last_11,real_label
2023-03-24T14:00:00Z,2023-03-24T14:00:00Z,None,0.0005872936514837364,None,0
2023-03-24T14:00:55Z,2023-03-24T14:01:00Z,None,0.0005850476551818735,None,0
2023-03-24T14:00:55Z,2023-03-24T14:01:00Z,None,0.0005843312261978016,None,0
2023-03-24T14:00:55Z,2023-03-24T14:01:00Z,None,0.0005840108920107159,None,0
2023-03-24T14:00:55Z,2023-03-24T14:01:00Z,None,0.0005819338940375,None,0
2023-03-24T14:00:55Z,2023-03-24T14:01:00Z,None,0.0005849264531042945,None,0
2023-03-24T14:00:55Z,2023-03-24T14:01:00Z,None,0.0005805051302264637,None,0
2023-03-24T14:00:55Z,2023-03-24T14:01:00Z,None,0.0005836103531392991,None,0
2023-03-24T14:00:55Z,2023-03-24T14:01:00Z,None,0.0005843665496856942,None,0
2023-03-24T14:00:55Z,2023-03-24T14:01:00Z,None,0.0005880481613083689,None,0
2023-03-24T14:00:55Z,2023-03-24T14:01:00Z,None,0.0005923833689405431,None,0
2023-03-24T14:00:55Z,2023-03-24T14:01:00Z,4.344648647618349e-06,0.000588752045285193,0.0005844073966375747,0
2023-03-24T14:00:55Z,2023-03-24T14:01:00Z,1.2245644643456809e-05,0.0005971620130267122,0.0005849163683832554,0
2023-03-24T14:01:55Z,2023-03-24T14:02:00Z,1.0583845362529534e-05,0.0005958706527561169,0.0005852868073935874,0
2023-03-24T14:01:55Z,2023-03-24T14:02:00Z,6.786724674111028e-06,0.0005933566107505895,0.0005865698860764785,0
2023-03-24T14:01:55Z,2023-03-24T14:02:00Z,1.1255242137034219e-05,0.0005990111042880528,0.0005877558621510186,0
2023-03-24T14:01:55Z,2023-03-24T14:02:00Z,2.2622866457530644e-05,0.0006115210002798581,0.0005888981338223275,0
2023-03-24T14:01:55Z,2023-03-24T14:02:00Z,3.378714011687532e-05,0.0006240937390575786,0.0005903065989407033,0
2023-03-24T14:01:55Z,2023-03-24T14:02:00Z,4.8962274885309986e-05,0.0006423704608313528,0.0005934081859460428,0
2023-03-24T14:01:55Z,2023-03-24T14:02:00Z,6.238593366601221e-05,0.0006598424582038828,0.0005974565245378706,0
2023-03-24T14:01:55Z,2023-03-24T14:02:00Z,7.574896904293795e-05,0.0006790058846953745,0.0006032569156524365,0
2023-03-24T14:01:55Z,2023-03-24T14:02:00Z,8.489344328299652e-05,0.0006953297886249845,0.000610436345341988,0
2023-03-24T14:01:55Z,2023-03-24T14:02:00Z,9.137618893174059e-05,0.0007104747858492118,0.0006190985969174712,0
2023-03-24T14:01:55Z,2023-03-24T14:02:00Z,8.607540056806886e-05,0.0007158317718195191,0.0006297563712514502,0
2023-03-24T14:01:55Z,2023-03-24T14:02:00Z,9.027218979141302e-05,0.0007313598383251133,0.0006410876485337003,0
2023-03-24T14:02:55Z,2023-03-24T14:03:00Z,8.609935495916185e-05,0.0007391831153992023,0.0006530837604400404,0
2023-03-24T14:02:55Z,2023-03-24T14:03:00Z,8.047185609321003e-05,0.0007473559392907028,0.0006668840831974928,0
2023-03-24T14:02:55Z,2023-03-24T14:03:00Z,6.632549957783277e-05,0.0007472267838864405,0.0006809012843086077,0
2023-03-24T14:02:55Z,2023-03-24T14:03:00Z,4.5780710286416637e-05,0.0007402654884961088,0.0006944847782096922,0
2023-03-24T14:02:55Z,2023-03-24T14:03:00Z,3.7672675258992156e-05,0.0007444707579515707,0.0007067980826925785,0
2023-03-24T14:02:55Z,2023-03-24T14:03:00Z,2.8977540300957096e-05,0.000745565125760011,0.0007165875854590539,0
2023-03-24T14:02:55Z,2023-03-24T14:03:00Z,1.7369149665009704e-05,0.0007424195650988325,0.0007250504154338228,0
2023-03-24T14:02:55Z,2023-03-24T14:03:00Z,3.830286959099084e-06,0.0007355366264993856,0.0007317063395402866,0
2023-03-24T14:02:55Z,2023-03-24T14:03:00Z,3.20090954004904e-07,0.0007360952262336664,0.0007364153171876713,0
2023-03-24T14:02:55Z,2023-03-24T14:03:00Z,2.5203806813780183e-06,0.0007364011205713106,0.0007389215012526886,0
2023-03-24T14:02:55Z,2023-03-24T14:03:00Z,2.00410802207241e-06,0.000738943738672031,0.0007409478466941034,0
2023-03-24T14:02:55Z,2023-03-24T14:03:00Z,7.857725376575323e-06,0.0007335942495421478,0.0007414519749187231,0
2023-03-24T14:03:55Z,2023-03-24T14:04:00Z,1.0291652350484883e-05,0.0007311363848955212,0.0007414280372460061,0
2023-03-24T14:03:55Z,2023-03-24T14:04:00Z,4.074879223919326e-06,0.0007359769890472311,0.0007400518682711504,0
2023-03-24T14:03:55Z,2023-03-24T14:04:00Z,2.740260566637485e-07,0.0007387168544287224,0.0007384428283720586,0
2023-03-24T14:03:55Z,2023-03-24T14:04:00Z,1.5209088044511538e-06,0.0007395348872316219,0.0007380139784271707,0
2023-03-24T14:03:55Z,2023-03-24T14:04:00Z,1.8616963827396962e-06,0.0007393002844576257,0.000737438588074886,0
2023-03-24T14:03:55Z,2023-03-24T14:04:00Z,3.557872200462414e-06,0.0007403934364225093,0.0007368355642220469,0
2023-03-24T14:03:55Z,2023-03-24T14:04:00Z,3.0948638540059413e-06,0.0007396185000119323,0.0007365236361579264,0
2023-03-24T14:03:55Z,2023-03-24T14:04:00Z,5.987704017902727e-06,0.0007429970211681415,0.0007370093171502387,0
2023-03-24T14:03:55Z,2023-03-24T14:04:00Z,1.6790851614143605e-06,0.0007390407296894797,0.0007373616445280653,0
2023-03-24T14:03:55Z,2023-03-24T14:04:00Z,5.119233836680748e-06,0.0007329020007510676,0.0007380212345877484,0
2023-03-24T14:03:55Z,2023-03-24T14:04:00Z,1.4088239740467053e-06,0.0007366221097154466,0.0007380309336894933,0
2023-03-24T14:03:55Z,2023-03-24T14:04:00Z,3.821156357985793e-06,0.0007341405524523995,0.0007379617088103853,0
2023-03-24T14:04:55Z,2023-03-24T14:05:00Z,4.1226229845596225e-06,0.0007426329042769374,0.0007385102812923778,0
2023-03-24T14:04:55Z,2023-03-24T14:05:00Z,1.9825136102374387e-06,0.0007363441240226573,0.0007383266376328947,0
2023-03-24T14:04:55Z,2023-03-24T14:05:00Z,1.2417504823767126e-05,0.000726300737793949,0.0007387182426177161,0
2023-03-24T14:04:55Z,2023-03-24T14:05:00Z,1.793086976788422e-05,0.0007204682965289355,0.0007383991662968197,0
2023-03-24T14:04:55Z,2023-03-24T14:05:00Z,2.6471829835672425e-05,0.0007106273817947796,0.000737099211630452,0
2023-03-24T14:04:55Z,2023-03-24T14:05:00Z,2.6721548557460256e-05,0.0007083851490836344,0.0007351066976410947,0
2023-03-24T14:04:55Z,2023-03-24T14:05:00Z,2.225740414563257e-05,0.0007099501816737468,0.0007322075858193794,0
2023-03-24T14:04:55Z,2023-03-24T14:05:00Z,2.4662397140818768e-05,0.0007040840014701098,0.0007287463986109286,0
2023-03-24T14:04:55Z,2023-03-24T14:05:00Z,3.141259622155908e-05,0.0006944247475877963,0.0007258373438093553,0
2023-03-24T14:04:55Z,2023-03-24T14:05:00Z,3.435875265530859e-05,0.0006885967912259511,0.0007229555438812596,0
2023-03-24T14:04:55Z,2023-03-24T14:05:00Z,3.9166190123114284e-05,0.0006795696175453804,0.0007187358076684947,0
2023-03-24T14:05:55Z,2023-03-24T14:06:00Z,3.9542498392283114e-05,0.0006746389331535665,0.0007141814315458497,0
2023-03-24T14:05:55Z,2023-03-24T14:06:00Z,4.388068577992508e-05,0.000663994417092769,0.000707875102872694,0
2023-03-24T14:05:55Z,2023-03-24T14:06:00Z,4.299027070644166e-05,0.0006587143130793434,0.0007017045837857851,0
2023-03-24T14:05:55Z,2023-03-24T14:06:00Z,4.2227876999576626e-05,0.0006532460747160903,0.0006954739517156669,0
2023-03-24T14:05:55Z,2023-03-24T14:06:00Z,4.312359298421159e-05,0.0006461749603864961,0.0006892985533707077,0
2023-03-24T14:05:55Z,2023-03-24T14:06:00Z,4.4856100611844504e-05,0.0006387043220509943,0.0006835604226628388,0
2023-03-24T14:05:55Z,2023-03-24T14:06:00Z,2.7660794305392282e-05,0.0006496786094877326,0.0006773394037931249,0
2023-03-24T14:05:55Z,2023-03-24T14:06:00Z,1.903336797620984e-05,0.00065118144985464,0.0006702148178308498,0
2023-03-24T14:05:55Z,2023-03-24T14:06:00Z,1.3546622212237485e-05,0.0006512276564203744,0.0006647742786326119,0
2023-03-24T14:05:55Z,2023-03-24T14:06:00Z,2.1903505784820476e-06,0.0006582595982808144,0.0006604499488592965,0
2023-03-24T14:05:55Z,2023-03-24T14:06:00Z,1.8734033204283792e-07,0.0006565256950466959,0.0006567130353787387,0
2023-03-24T14:05:55Z,2023-03-24T14:06:00Z,4.102221691738178e-06,0.0006586842551440204,0.0006545820334522822,0
2023-03-24T14:05:55Z,2023-03-24T14:06:00Z,2.535833341067934e-07,0.0006530242929757018,0.000652770709641595,0
2023-03-24T14:06:55Z,2023-03-24T14:07:00Z,6.279123241541631e-08,0.0006521769022143048,0.0006522396934467202,0
2023-03-24T14:06:55Z,2023-03-24T14:07:00Z,3.846776814437269e-06,0.0006555174682507933,0.000651670691436356,0
2023-03-24T14:06:55Z,2023-03-24T14:07:00Z,7.441296613756626e-06,0.0006590050707999342,0.0006515637741861776,0
2023-03-24T14:06:55Z,2023-03-24T14:07:00Z,4.9104721049900895e-06,0.0006574084970775974,0.0006524980249726073,0
2023-03-24T14:06:55Z,2023-03-24T14:07:00Z,1.4174645035264395e-07,0.0006546698462978539,0.0006545280998475013,0
2023-03-24T14:06:55Z,2023-03-24T14:07:00Z,5.765429819848031e-06,0.0006495356587866397,0.0006553010886064878,0
2023-03-24T14:06:55Z,2023-03-24T14:07:00Z,4.898420036484035e-06,0.0006507515082143251,0.0006556499282508091,0
2023-03-24T14:06:55Z,2023-03-24T14:07:00Z,1.3930607570677577e-05,0.000641550120916758,0.0006554807284874356,0
2023-03-24T14:06:55Z,2023-03-24T14:07:00Z,1.9253994987344903e-05,0.0006354759244934417,0.0006547299194807866,0
2023-03-24T14:06:55Z,2023-03-24T14:07:00Z,2.1854121387094357e-05,0.0006313782406806985,0.0006532323620677929,0
2023-03-24T14:06:55Z,2023-03-24T14:07:00Z,2.66439022300381e-05,0.0006242676267726969,0.000650911529002735,0
2023-03-24T14:06:55Z,2023-03-24T14:07:00Z,2.4488800059580137e-05,0.0006242581237136546,0.0006487469237732347,0
2023-03-24T14:07:55Z,2023-03-24T14:08:00Z,2.1545843360412957e-05,0.0006244101528686609,0.0006459559962290739,0
2023-03-24T14:07:55Z,2023-03-24T14:08:00Z,2.1720066276152456e-05,0.0006211099954992076,0.00064283006177536,0
2023-03-24T14:07:55Z,2023-03-24T14:08:00Z,2.76268796390646e-05,0.000611743690343168,0.0006393705699822326,0
2023-03-24T14:07:55Z,2023-03-24T14:08:00Z,2.2135467548143163e-05,0.0006136052522762505,0.0006357407198243936,0
2023-03-24T14:07:55Z,2023-03-24T14:08:00Z,1.8335234264854985e-05,0.00061311286996407,0.000631448104228925,0
2023-03-24T14:07:55Z,2023-03-24T14:08:00Z,1.400390453828353e-05,0.0006138511590396027,0.0006278550635778862,0
2023-03-24T14:07:55Z,2023-03-24T14:08:00Z,7.871025792366838e-06,0.0006162201739604939,0.0006240911997528607,0
2023-03-24T14:07:55Z,2023-03-24T14:08:00Z,9.031675110811929e-07,0.000620418136054064,0.0006213213035651452,0
2023-03-24T14:07:55Z,2023-03-24T14:08:00Z,5.871317858631734e-07,0.0006188085967259873,0.0006193957285118505,0
2023-03-24T14:07:55Z,2023-03-24T14:08:00Z,6.34342283699677e-06,0.0006246431408861837,0.000618299718049187,0
2023-03-24T14:07:55Z,2023-03-24T14:08:00Z,9.905625719025036e-06,0.000627659440763541,0.000617753815044516,0
2023-03-24T14:07:55Z,2023-03-24T14:08:00Z,6.980771397349932e-06,0.0006247730881591188,0.0006177923167617689,0
2023-03-24T14:08:55Z,2023-03-24T14:09:00Z,1.8799060212844592e-06,0.0006162373395299724,0.0006181172455512569,0
2023-03-24T14:08:55Z,2023-03-24T14:09:00Z,6.114519900075779e-06,0.0006123690349171723,0.0006184835548172481,0
2023-03-24T14:08:55Z,2023-03-24T14:09:00Z,2.385811818906192e-06,0.0006165471079170224,0.0006189329197359286,0
2023-03-24T14:08:55Z,2023-03-24T14:09:00Z,2.4015973794051316e-06,0.0006212108953794257,0.0006188092980000206,0
2023-03-24T14:08:55Z,2023-03-24T14:09:00Z,4.632318766956372e-06,0.0006237850405622721,0.0006191527217953158,0
2023-03-24T14:08:55Z,2023-03-24T14:09:00Z,4.785253389390405e-06,0.0006246739488186886,0.0006198886954292982,0
2023-03-24T14:08:55Z,2023-03-24T14:09:00Z,5.713869434695101e-06,0.0006263590515241712,0.0006206451820894761,0
2023-03-24T14:08:55Z,2023-03-24T14:09:00Z,6.944263465151978e-06,0.0006280150268310904,0.0006210707633659384,0
2023-03-24T14:08:55Z,2023-03-24T14:09:00Z,7.715623974844494e-06,0.0006295414328206014,0.0006218258088457569,0
2023-03-24T14:08:55Z,2023-03-24T14:09:00Z,4.616919850240937e-06,0.0006267799172904885,0.0006221629974402476,0
2023-03-24T14:08:55Z,2023-03-24T14:09:00Z,1.677702954747313e-06,0.0006240288996007008,0.0006223511966459535,0
2023-03-24T14:09:55Z,2023-03-24T14:10:00Z,1.9613427229128516e-06,0.0006245132222820034,0.0006225518795590905,0
2023-03-24T14:09:55Z,2023-03-24T14:10:00Z,5.964553520105957e-06,0.0006292955890862692,0.0006233310355661633,0
2023-03-24T14:09:55Z,2023-03-24T14:10:00Z,1.202639988615343e-05,0.0006365718541887998,0.0006245454543026464,0
2023-03-24T14:09:55Z,2023-03-24T14:10:00Z,1.4662206199755e-05,0.0006404825086193262,0.0006258203024195712,0
2023-03-24T14:09:55Z,2023-03-24T14:10:00Z,1.022601424695822e-05,0.0006375824125474668,0.0006273563983005086,0
2023-03-24T14:09:55Z,2023-03-24T14:10:00Z,1.4818223926609886e-05,0.0006438443690328237,0.0006290261451062138,0
2023-03-24T14:09:55Z,2023-03-24T14:10:00Z,1.1638322197498837e-05,0.0006419553136765906,0.0006303169914790918,0
2023-03-24T14:09:55Z,2023-03-24T14:10:00Z,9.846096630707654e-06,0.0006419116198606646,0.000632065523229957,0
2023-03-24T14:09:55Z,2023-03-24T14:10:00Z,1.2566857911779365e-05,0.0006460264098262863,0.0006334595519145069,0
2023-03-24T14:09:55Z,2023-03-24T14:10:00Z,1.6427820828533246e-05,0.0006511243914470465,0.0006346965706185133,0
2023-03-24T14:09:55Z,2023-03-24T14:10:00Z,2.2773199693360284e-05,0.0006593944195654534,0.0006366212198720932,0
2023-03-24T14:09:55Z,2023-03-24T14:10:00Z,2.666239247367335e-05,0.000665993161530401,0.0006393307690567276,0
2023-03-24T14:09:55Z,2023-03-24T14:10:00Z,3.886485510123483e-05,0.0006816837438863076,0.0006428188887850727,0
2023-03-24T14:10:55Z,2023-03-24T14:11:00Z,4.474132564915591e-05,0.0006912299716786419,0.000646488646029486,0
2023-03-24T14:10:55Z,2023-03-24T14:11:00Z,4.197003545180133e-05,0.0006929698704510381,0.0006509998349992367,0
2023-03-24T14:10:55Z,2023-03-24T14:11:00Z,3.479531048825209e-05,0.0006908698917934203,0.0006560745813051683,0
2023-03-24T14:10:55Z,2023-03-24T14:11:00Z,3.129130943577976e-05,0.0006929046365313051,0.0006616133270955254,0
2023-03-24T14:10:55Z,2023-03-24T14:11:00Z,2.092391261441335e-05,0.0006872397919859985,0.0006663158793715851,0
2023-03-24T14:10:55Z,2023-03-24T14:11:00Z,1.7540644735423495e-05,0.0006889514563924799,0.0006714108116570564,0
2023-03-24T14:10:55Z,2023-03-24T14:11:00Z,9.435076441869999e-06,0.0006853787053114599,0.0006759436288695899,0
2023-03-24T14:10:55Z,2023-03-24T14:11:00Z,5.141654855924543e-06,0.0006853777883821338,0.0006802361335262093,0
2023-03-24T14:10:55Z,2023-03-24T14:11:00Z,1.5059178631387452e-06,0.0006821556470495119,0.0006836615649126506,0
2023-03-24T14:10:55Z,2023-03-24T14:11:00Z,8.478278987018948e-06,0.0006777816228072996,0.0006862599017943185,0
2023-03-24T14:10:55Z,2023-03-24T14:11:00Z,2.1279785805597483e-05,0.0006665963645406321,0.0006878761503462296,0
2023-03-24T14:10:55Z,2023-03-24T14:11:00Z,2.6405266888771136e-05,0.0006610806713495577,0.0006874859382383289,0
2023-03-24T14:11:55Z,2023-03-24T14:12:00Z,3.51000427803056e-05,0.0006499225347442224,0.000685022577524528,0
2023-03-24T14:11:55Z,2023-03-24T14:12:00Z,3.840036352064681e-05,0.0006434332940937332,0.00068183365761438,0
2023-03-24T14:11:55Z,2023-03-24T14:12:00Z,4.2776079083737075e-05,0.0006349628428257231,0.0006777389219094602,0
2023-03-24T14:11:55Z,2023-03-24T14:12:00Z,4.658146455239619e-05,0.0006262103231133068,0.000672791787665703,0
2023-03-24T14:11:55Z,2023-03-24T14:12:00Z,4.2301013053153624e-05,0.0006252630796965218,0.0006675640927496754,0
2023-03-24T14:11:55Z,2023-03-24T14:12:00Z,3.048847675846784e-05,0.0006308015026632903,0.0006612899794217581,0
2023-03-24T14:11:55Z,2023-03-24T14:12:00Z,2.5101699255677587e-05,0.0006301767176045868,0.0006552784168602644,0
2023-03-24T14:11:55Z,2023-03-24T14:12:00Z,1.5761273218353852e-05,0.0006340595150700261,0.00064982078828838,0
2023-03-24T14:11:55Z,2023-03-24T14:12:00Z,9.477160375639775e-06,0.0006351457349682477,0.0006446228953438874,0
2023-03-24T14:11:55Z,2023-03-24T14:12:00Z,8.446624435069251e-06,0.0006318040601350907,0.00064025068457016,0
2023-03-24T14:11:55Z,2023-03-24T14:12:00Z,4.382722581331507e-06,0.0006327228990315901,0.0006371056216129216,0
2023-03-24T14:11:55Z,2023-03-24T14:12:00Z,3.1752039956315942e-06,0.0006373531644871065,0.0006341779604914749,0
2023-03-24T14:12:55Z,2023-03-24T14:13:00Z,5.238763498323557e-06,0.0006376967604185353,0.0006324579969202118,0
2023-03-24T14:12:55Z,2023-03-24T14:13:00Z,2.1780324748766613e-06,0.0006340280164344256,0.0006318499839595489,0
2023-03-24T14:12:55Z,2023-03-24T14:13:00Z,1.7183214941939506e-06,0.0006338416972130242,0.0006321233757188302,0
2023-03-24T14:12:55Z,2023-03-24T14:13:00Z,4.466802621914956e-07,0.0006333518253131336,0.0006329051450509421,0
2023-03-24T14:12:55Z,2023-03-24T14:13:00Z,2.0570672920746606e-07,0.0006339687135317998,0.0006337630068025923,0
2023-03-24T14:12:55Z,2023-03-24T14:13:00Z,1.5240835630559238e-07,0.0006338656307112711,0.0006340180390675767,0
2023-03-24T14:12:55Z,2023-03-24T14:13:00Z,1.1843171146163527e-06,0.0006355815557749143,0.000634397238660298,0
2023-03-24T14:12:55Z,2023-03-24T14:13:00Z,4.1828615870963e-06,0.0006385607118115188,0.0006343778502244225,0
2023-03-24T14:12:55Z,2023-03-24T14:13:00Z,1.1957368784158966e-05,0.0006463788010892481,0.0006344214323050891,0
2023-03-24T14:12:55Z,2023-03-24T14:13:00Z,9.574413980924343e-06,0.0006446715114536562,0.0006350970974727319,0
2023-03-24T14:12:55Z,2023-03-24T14:13:00Z,1.7576470988353728e-05,0.0006540391586668515,0.0006364626876784978,0
2023-03-24T14:12:55Z,2023-03-24T14:13:00Z,1.9815137909096644e-05,0.0006570096602842494,0.0006371945223751528,0
2023-03-24T14:13:55Z,2023-03-24T14:14:00Z,2.2356213238883542e-05,0.000661184975438868,0.0006388287621999845,0
2023-03-24T14:13:55Z,2023-03-24T14:14:00Z,3.1027175517600114e-05,0.0006721541021025669,0.0006411269265849667,0
2023-03-24T14:13:55Z,2023-03-24T14:14:00Z,3.695406911036615e-05,0.0006808153235179173,0.0006438612544075511,0
2023-03-24T14:13:55Z,2023-03-24T14:14:00Z,4.150379316123984e-05,0.0006892452752477343,0.0006477414820864945,0
2023-03-24T14:13:55Z,2023-03-24T14:14:00Z,4.001976134112011e-05,0.0006924459044262263,0.0006524261430851062,0
2023-03-24T14:13:55Z,2023-03-24T14:14:00Z,4.220551781121016e-05,0.0007001696253499626,0.0006579641075387525,0
2023-03-24T14:13:55Z,2023-03-24T14:14:00Z,4.384117192663946e-05,0.0007074917143305231,0.0006636505424038836,0
2023-03-24T14:13:55Z,2023-03-24T14:14:00Z,3.678223523224662e-05,0.0007065936689899747,0.0006698114337577281,0
2023-03-24T14:13:55Z,2023-03-24T14:14:00Z,2.6629261560206455e-05,0.0007025519866420619,0.0006759227250818555,0
2023-03-24T14:13:55Z,2023-03-24T14:14:00Z,1.658220046141972e-05,0.0006986971412969072,0.0006821149408354875,0
2023-03-24T14:13:55Z,2023-03-24T14:14:00Z,7.236108932065282e-06,0.0006942023325650737,0.0006869662236330084,0
2023-03-24T14:13:55Z,2023-03-24T14:14:00Z,3.6825416036066587e-06,0.0006948175133378809,0.0006911349717342743,0
2023-03-24T14:14:55Z,2023-03-24T14:15:00Z,9.608900959402495e-06,0.0006848278064874923,0.0006944367074468948,0
2023-03-24T14:14:55Z,2023-03-24T14:15:00Z,2.0731179455145475e-05,0.0006759718691152808,0.0006967030485704262,0
2023-03-24T14:14:55Z,2023-03-24T14:15:00Z,2.8027240186585377e-05,0.0006690770566807984,0.0006971042968673838,0
2023-03-24T14:14:55Z,2023-03-24T14:15:00Z,1.975970480578627e-05,0.0006760172514483519,0.0006957769562541382,0
2023-03-24T14:14:55Z,2023-03-24T14:15:00Z,6.430774019596658e-06,0.0006870092974599989,0.0006934400714795956,0
2023-03-24T14:14:55Z,2023-03-24T14:15:00Z,1.2532202991556067e-05,0.0006784926310978784,0.0006910248340894345,0
2023-03-24T14:14:55Z,2023-03-24T14:15:00Z,1.3301209709264778e-05,0.0006756753826931174,0.0006889765924023821,0
2023-03-24T14:14:55Z,2023-03-24T14:15:00Z,1.0867442407624548e-05,0.0006752990462055479,0.0006861664886131725,0
2023-03-24T14:14:55Z,2023-03-24T14:15:00Z,9.232873663952241e-06,0.0006742459545543257,0.000683478828218278,0
2023-03-24T14:14:55Z,2023-03-24T14:15:00Z,4.968238538601141e-06,0.0006761707801705408,0.000681139018709142,0
2023-03-24T14:14:55Z,2023-03-24T14:15:00Z,2.6617504673922708e-06,0.0006764816304406751,0.0006791433809080673,0
2023-03-24T14:14:55Z,2023-03-24T14:15:00Z,6.888176705619029e-06,0.0006703905308857142,0.0006772787075913332,0
2023-03-24T14:15:55Z,2023-03-24T14:16:00Z,3.5867026097930214e-06,0.0006728573873768586,0.0006764440899866516,0
2023-03-24T14:15:55Z,2023-03-24T14:16:00Z,3.5899429057983847e-06,0.0006794758990694931,0.0006758859561636948,0
2023-03-24T14:15:55Z,2023-03-24T14:16:00Z,1.4168052454528084e-05,0.0006904320416878289,0.0006762639892333008,0
2023-03-24T14:15:55Z,2023-03-24T14:16:00Z,1.1909589715273844e-05,0.0006885194437106888,0.000676609853995415,0
2023-03-24T14:15:55Z,2023-03-24T14:16:00Z,3.957533731909109e-08,0.000676991703755517,0.0006769521284181979,0
2023-03-24T14:15:55Z,2023-03-24T14:16:00Z,6.431205860790864e-06,0.00068438601554027,0.0006779548096794791,0
2023-03-24T14:15:55Z,2023-03-24T14:16:00Z,1.195373900827329e-05,0.0006900401807939924,0.0006780864417857191,0
2023-03-24T14:15:55Z,2023-03-24T14:16:00Z,1.2690780591962476e-05,0.0006916859193111537,0.0006789951387191912,0
2023-03-24T14:15:55Z,2023-03-24T14:16:00Z,1.929492939894777e-05,0.0006998694907421056,0.0006805745613431578,0
2023-03-24T14:15:55Z,2023-03-24T14:16:00Z,2.3008520549803817e-05,0.0007051345958070229,0.0006821260752572191,0
2023-03-24T14:15:55Z,2023-03-24T14:16:00Z,2.316753768254469e-05,0.0007076323989699068,0.0006844648612873621,0
2023-03-24T14:16:55Z,2023-03-24T14:17:00Z,2.3934687639220282e-05,0.0007118739554187133,0.0006879392677794931,0
2023-03-24T14:16:55Z,2023-03-24T14:17:00Z,2.1221038099614696e-05,0.0007126378070384127,0.000691416768938798,0
2023-03-24T14:16:55Z,2023-03-24T14:17:00Z,1.3240742069536545e-05,0.0007078973166432565,0.00069465657457372,0
2023-03-24T14:16:55Z,2023-03-24T14:17:00Z,7.876854868488583e-06,0.0007047540059772669,0.0006968771511087783,0
2023-03-24T14:16:55Z,2023-03-24T14:17:00Z,7.998827097114593e-06,0.0007068137654991497,0.0006988149384020351,0
2023-03-24T14:16:55Z,2023-03-24T14:17:00Z,6.955354824253858e-06,0.0007085465234484639,0.0007015911686242101,0
2023-03-24T14:16:55Z,2023-03-24T14:17:00Z,2.892331273819356e-06,0.0007067262748939175,0.0007038339436200981,0
2023-03-24T14:16:55Z,2023-03-24T14:17:00Z,1.1098302837238326e-06,0.0007045747476018214,0.0007056845778855452,0
2023-03-24T14:16:55Z,2023-03-24T14:17:00Z,6.737230763850886e-06,0.0007004513826799708,0.0007071886134438217,0
2023-03-24T14:16:55Z,2023-03-24T14:17:00Z,1.2543241731301376e-05,0.0006951158973984918,0.0007076591391297932,0
2023-03-24T14:16:55Z,2023-03-24T14:17:00Z,1.418588230158173e-05,0.0006930049355155061,0.0007071908178170878,0
2023-03-24T14:16:55Z,2023-03-24T14:17:00Z,1.4058449832046673e-05,0.0006918807178278997,0.0007059391676599464,0
2023-03-24T14:16:55Z,2023-03-24T14:17:00Z,1.9395223308282523e-05,0.0006846570423613431,0.0007040522656696257,0
2023-03-24T14:17:55Z,2023-03-24T14:18:00Z,1.9016228128672374e-05,0.0006829603286199022,0.0007019765567485745,0
2023-03-24T14:17:55Z,2023-03-24T14:18:00Z,7.844963813372443e-06,0.0006918075655070107,0.0006996525293203831,0
2023-03-24T14:17:55Z,2023-03-24T14:18:00Z,1.4512803059179864e-06,0.0006989244418905647,0.0006974731615846467,0
2023-03-24T14:17:55Z,2023-03-24T14:18:00Z,4.528211892013546e-06,0.0007005007534774463,0.0006959725415854327,0
2023-03-24T14:17:55Z,2023-03-24T14:18:00Z,1.1981222069979694e-05,0.0007069915554996226,0.0006950103334296429,0
2023-03-24T14:17:55Z,2023-03-24T14:18:00Z,1.3086390166915747e-05,0.0007074741714549115,0.0006943877812879958,0
2023-03-24T14:17:55Z,2023-03-24T14:18:00Z,1.951739787107781e-05,0.0007141468599488536,0.0006946294620777758,0
2023-03-24T14:17:55Z,2023-03-24T14:18:00Z,1.8745742010265322e-05,0.0007140774829655352,0.0006953317409552699,0
2023-03-24T14:17:55Z,2023-03-24T14:18:00Z,1.0424117409844197e-05,0.0007076589546201502,0.000697234837210306,0
2023-03-24T14:17:55Z,2023-03-24T14:18:00Z,2.3063132239063266e-06,0.0007016484051792153,0.000699342091955309,0
2023-03-24T14:17:55Z,2023-03-24T14:18:00Z,1.6856277320374336e-06,0.0006992342879024966,0.0007009199156345341,0
2023-03-24T14:17:55Z,2023-03-24T14:18:00Z,2.1209643449404767e-07,0.0007028311483508153,0.0007026190519163212,0
2023-03-24T14:18:55Z,2023-03-24T14:19:00Z,1.112787071586561e-06,0.0007031336607729941,0.0007042464478445807,0
2023-03-24T14:18:55Z,2023-03-24T14:19:00Z,5.125043522208653e-06,0.0007002237626067525,0.0007053488061289612,0
2023-03-24T14:18:55Z,2023-03-24T14:19:00Z,4.00818984683921e-06,0.0007017615381703649,0.0007057697280172041,0
2023-03-24T14:18:55Z,2023-03-24T14:19:00Z,4.846270469398045e-06,0.0007008957584607366,0.0007057420289301346,0
2023-03-24T14:18:55Z,2023-03-24T14:19:00Z,1.0170623101433507e-05,0.0007153896502986425,0.000705219027197209,0
2023-03-24T14:18:55Z,2023-03-24T14:19:00Z,4.210206241835285e-06,0.0007087713921396267,0.0007045611858977914,0
2023-03-24T14:18:55Z,2023-03-24T14:19:00Z,1.328205707496811e-06,0.0007033572592252736,0.0007046854649327704,0
2023-03-24T14:18:55Z,2023-03-24T14:19:00Z,3.1939206213585196e-06,0.0007009609352288209,0.0007041548558501794,0
2023-03-24T14:18:55Z,2023-03-24T14:19:00Z,2.9862456516961027e-06,0.0007007384406589957,0.0007037246863106918,0
2023-03-24T14:18:55Z,2023-03-24T14:19:00Z,1.596332760197259e-05,0.0006876926117136798,0.0007036559393156524,0
2023-03-24T14:18:55Z,2023-03-24T14:19:00Z,3.1899557398740066e-05,0.0006719067971925622,0.0007038063545913022,0
2023-03-24T14:18:55Z,2023-03-24T14:19:00Z,3.776879314750566e-05,0.0006645237077800831,0.0007022925009275888,0
2023-03-24T14:19:55Z,2023-03-24T14:20:00Z,3.340889813469147e-05,0.000665760916434854,0.0006991698145695455,0
2023-03-24T14:19:55Z,2023-03-24T14:20:00Z,3.215126042816331e-05,0.0006634485486587152,0.0006955998090868785,0
2023-03-24T14:19:55Z,2023-03-24T14:20:00Z,3.179899387990555e-05,0.0006602007530334219,0.0006919997469133274,0
2023-03-24T14:19:55Z,2023-03-24T14:20:00Z,2.960182643524335e-05,0.000658653199497882,0.0006882550259331254,0
2023-03-24T14:19:55Z,2023-03-24T14:20:00Z,3.25542301706813e-05,0.000650181906035922,0.0006827361362066033,0
2023-03-24T14:19:55Z,2023-03-24T14:20:00Z,2.679938515687632e-05,0.0006509249317855525,0.0006777243169424288,0
2023-03-24T14:19:55Z,2023-03-24T14:20:00Z,2.24090647953165e-05,0.0006499977168281771,0.0006724067816234936,0
2023-03-24T14:19:55Z,2023-03-24T14:20:00Z,1.8635281229894326e-05,0.0006487679000492725,0.0006674031812791668,0
2023-03-24T14:19:55Z,2023-03-24T14:20:00Z,1.4945440079597696e-05,0.0006473836688164873,0.000662329108896085,0
2023-03-24T14:19:55Z,2023-03-24T14:20:00Z,9.564438487710868e-06,0.0006488721992419334,0.0006584366377296442,0
2023-03-24T14:19:55Z,2023-03-24T14:20:00Z,7.279420381259326e-06,0.0006487049045107774,0.0006559843248920367,0
2023-03-24T14:19:55Z,2023-03-24T14:20:00Z,3.7147102526392936e-06,0.0006507044637855825,0.0006544191740382218,0
2023-03-24T14:20:55Z,2023-03-24T14:21:00Z,5.254137588307393e-06,0.0006474594352575067,0.000652713572845814,0
2023-03-24T14:20:55Z,2023-03-24T14:21:00Z,4.902789367999556e-06,0.0006465363749905013,0.0006514391643585008,0
2023-03-24T14:20:55Z,2023-03-24T14:21:00Z,3.241196678411911e-06,0.0006469238359024974,0.0006501650325809093,0
2023-03-24T14:20:55Z,2023-03-24T14:21:00Z,1.5077640389247766e-06,0.0006474455860912465,0.0006489533501301712,0
2023-03-24T14:20:55Z,2023-03-24T14:21:00Z,1.0652337727685762e-06,0.0006496927768895974,0.0006486275431168288,0
2023-03-24T14:20:55Z,2023-03-24T14:21:00Z,1.9076307042670184e-06,0.0006463719778431313,0.0006482796085473983,0
2023-03-24T14:20:55Z,2023-03-24T14:21:00Z,4.7520673656412885e-06,0.0006434970471878989,0.0006482491145535402,0
2023-03-24T14:20:55Z,2023-03-24T14:21:00Z,6.934651963102752e-06,0.0006410748703698234,0.0006480095223329261,0
2023-03-24T14:20:55Z,2023-03-24T14:21:00Z,1.6501260548106456e-06,0.0006459707341152566,0.0006476208601700672,0
2023-03-24T14:20:55Z,2023-03-24T14:21:00Z,3.148742383689046e-06,0.0006499898696665454,0.0006468411272828563,0
2023-03-24T14:20:55Z,2023-03-24T14:21:00Z,5.4567903458256064e-06,0.0006520245005891298,0.0006465677102433042,0
2023-03-24T14:20:55Z,2023-03-24T14:21:00Z,6.344549411517724e-06,0.0006528408002429182,0.0006464962508314004,0
2023-03-24T14:21:55Z,2023-03-24T14:22:00Z,1.1149662415474914e-05,0.0006581024197800378,0.0006469527573645629,0
2023-03-24T14:21:55Z,2023-03-24T14:22:00Z,1.080657453203873e-05,0.0006583897744218432,0.0006475831998898044,0
2023-03-24T14:21:55Z,2023-03-24T14:22:00Z,7.88713514915146e-06,0.00065658819342671,0.0006487010582775586,0
2023-03-24T14:21:55Z,2023-03-24T14:22:00Z,4.871986578009217e-06,0.0006546674636886274,0.0006497954771106182,0
2023-03-24T14:21:55Z,2023-03-24T14:22:00Z,5.990745916802163e-06,0.0006564757646811316,0.0006504850187643294,0
2023-03-24T14:21:55Z,2023-03-24T14:22:00Z,2.2766693808596097e-06,0.0006535912367297387,0.0006513145673488791,0
2023-03-24T14:21:55Z,2023-03-24T14:22:00Z,3.1818678370994875e-06,0.0006557943069353018,0.0006526124390982024,0
2023-03-24T14:21:55Z,2023-03-24T14:22:00Z,4.0411786364005775e-06,0.0006579052543705944,0.0006538640757341939,0
2023-03-24T14:21:55Z,2023-03-24T14:22:00Z,5.7744209944784845e-06,0.0006606208540106768,0.0006548464330161984,0
2023-03-24T14:21:55Z,2023-03-24T14:22:00Z,3.555828587603507e-06,0.0006591938000742068,0.0006556379714866033,0
2023-03-24T14:21:55Z,2023-03-24T14:22:00Z,3.576662234689755e-06,0.0006529209445940682,0.000656497606828758,0
2023-03-24T14:21:55Z,2023-03-24T14:22:00Z,3.990669664335751e-06,0.0006531422371475512,0.0006571329068118869,0
2023-03-24T14:22:55Z,2023-03-24T14:23:00Z,9.376327041020851e-06,0.0006472384322522691,0.0006566147592932899,0
2023-03-24T14:22:55Z,2023-03-24T14:23:00Z,1.0178842058557983e-05,0.0006459111635073027,0.0006560900055658607,0
2023-03-24T14:22:55Z,2023-03-24T14:23:00Z,3.6382148724554758e-06,0.0006515168145759611,0.0006551550294484166,0
2023-03-24T14:22:55Z,2023-03-24T14:23:00Z,1.8944328796325358e-06,0.0006561738323099168,0.0006542793994302842,0
2023-03-24T14:22:55Z,2023-03-24T14:23:00Z,5.281803192698216e-06,0.0006590653076124654,0.0006537835044197671,0
2023-03-24T14:22:55Z,2023-03-24T14:23:00Z,7.378644775162999e-06,0.0006614204087529479,0.0006540417639777849,0
2023-03-24T14:22:55Z,2023-03-24T14:23:00Z,9.928060743829648e-06,0.0006642969247893309,0.0006543688640455013,0
2023-03-24T14:22:55Z,2023-03-24T14:23:00Z,1.3945027489415166e-05,0.0006686654069731517,0.0006547203794837366,0
2023-03-24T14:22:55Z,2023-03-24T14:23:00Z,1.0717259103273707e-05,0.0006658052456648757,0.000655087986561602,0
2023-03-24T14:22:55Z,2023-03-24T14:23:00Z,9.700825188414526e-06,0.000665735972439911,0.0006560351472514965,0
2023-03-24T14:22:55Z,2023-03-24T14:23:00Z,1.4696068223704704e-05,0.0006720196455822819,0.0006573235773585772,0
2023-03-24T14:23:55Z,2023-03-24T14:24:00Z,1.5288777771720204e-05,0.0006738717286595335,0.0006585829508878133,0
2023-03-24T14:23:55Z,2023-03-24T14:24:00Z,1.309258972439142e-05,0.0006741536619452059,0.0006610610722208145,0
2023-03-24T14:23:55Z,2023-03-24T14:24:00Z,1.9018599894398574e-05,0.0006828757286304361,0.0006638571287360376,0
2023-03-24T14:23:55Z,2023-03-24T14:24:00Z,1.1010999255201036e-05,0.0006771318127281631,0.000666120813472962,0
2023-03-24T14:23:55Z,2023-03-24T14:24:00Z,4.973374429191341e-06,0.0006737643775342053,0.0006687910031050139,0
2023-03-24T14:23:55Z,2023-03-24T14:24:00Z,5.484451856728944e-06,0.0006651132017598549,0.0006705976536165838,0
2023-03-24T14:23:55Z,2023-03-24T14:24:00Z,5.460062679871376e-08,0.0006718866511215083,0.0006718320504947096,0
2023-03-24T14:23:55Z,2023-03-24T14:24:00Z,1.3009378256899134e-06,0.000670612740366072,0.0006719136781917619,0
2023-03-24T14:23:55Z,2023-03-24T14:24:00Z,6.9975377905476775e-06,0.0006652382648160498,0.0006722358026065975,0
2023-03-24T14:23:55Z,2023-03-24T14:24:00Z,1.4419827867024498e-05,0.0006582967242096928,0.0006727165520767173,0
2023-03-24T14:23:55Z,2023-03-24T14:24:00Z,1.5350020422464088e-05,0.0006573167608918669,0.000672666781314331,0
2023-03-24T14:23:55Z,2023-03-24T14:24:00Z,1.1372153741685885e-05,0.0006599223354353862,0.0006712944891770721,0
2023-03-24T14:24:55Z,2023-03-24T14:25:00Z,7.692050633857249e-06,0.0006619469417664483,0.0006696389924003056,0
2023-03-24T14:24:55Z,2023-03-24T14:25:00Z,1.3395903222086238e-05,0.0006548199565272374,0.0006682158597493236,0
2023-03-24T14:24:55Z,2023-03-24T14:25:00Z,1.759170197257248e-05,0.0006485312790903522,0.0006661229810629247,0
2023-03-24T14:24:55Z,2023-03-24T14:25:00Z,1.5065999240111531e-05,0.0006488257962027206,0.0006638917954428322,0
2023-03-24T14:24:55Z,2023-03-24T14:25:00Z,2.0052678289677033e-05,0.0006413158073087699,0.0006613684855984469,0
2023-03-24T14:24:55Z,2023-03-24T14:25:00Z,1.5288330752646104e-05,0.0006444514142900872,0.0006597397450427334,0
2023-03-24T14:24:55Z,2023-03-24T14:25:00Z,1.5285894386386865e-05,0.0006413967662750728,0.0006566826606614597,0
2023-03-24T14:24:55Z,2023-03-24T14:25:00Z,1.7746093375136415e-05,0.0006363204346787248,0.0006540665280538612,0
2023-03-24T14:24:55Z,2023-03-24T14:25:00Z,1.2792493348586886e-05,0.0006388898848511766,0.0006516823781997635,0
2023-03-24T14:24:55Z,2023-03-24T14:25:00Z,1.0729321602543111e-05,0.0006387554276441234,0.0006494847492466665,0
2023-03-24T14:24:55Z,2023-03-24T14:25:00Z,3.753149931555672e-06,0.000643888911711042,0.0006476420616425976,0
2023-03-24T14:24:55Z,2023-03-24T14:25:00Z,1.0308386990363905e-08,0.000645515062476481,0.0006455253708634713,0
2023-03-24T14:24:55Z,2023-03-24T14:25:00Z,1.9153446657871331e-07,0.0006435280333913521,0.0006437195678579308,0
2023-03-24T14:25:55Z,2023-03-24T14:26:00Z,4.152914218960731e-06,0.0006469419926718158,0.000642789078452855,0
2023-03-24T14:25:55Z,2023-03-24T14:26:00Z,4.505433014613124e-06,0.0006467941868975682,0.0006422887538829551,0
2023-03-24T14:25:55Z,2023-03-24T14:26:00Z,5.737945826982506e-06,0.000647838319356847,0.0006421003735298645,0
2023-03-24T14:25:55Z,2023-03-24T14:26:00Z,1.0778508336973776e-05,0.0006534267198257182,0.0006426482114887444,0
2023-03-24T14:25:55Z,2023-03-24T14:26:00Z,1.348653679264023e-05,0.0006564734387880605,0.0006429869019954203,0
2023-03-24T14:25:55Z,2023-03-24T14:26:00Z,8.66693453179879e-06,0.0006528568318822836,0.0006441898973504848,0
2023-03-24T14:25:55Z,2023-03-24T14:26:00Z,8.096799830930191e-06,0.0006543019975923487,0.0006462051977614185,0
2023-03-24T14:25:55Z,2023-03-24T14:26:00Z,5.320521905605603e-06,0.0006529224143701349,0.0006476018924645293,0
2023-03-24T14:25:55Z,2023-03-24T14:26:00Z,2.5904921228783783e-06,0.00065174704158223,0.0006491565494593516,0
2023-03-24T14:25:55Z,2023-03-24T14:26:00Z,5.1544945158238506e-06,0.0006552143942410848,0.0006500598997252609,0
2023-03-24T14:25:55Z,2023-03-24T14:26:00Z,1.0824078514897265e-05,0.0006615071761507331,0.0006506830976358358,0
2023-03-24T14:25:55Z,2023-03-24T14:26:00Z,1.0993875240721744e-05,0.000662845608961531,0.0006518517337208092,0
2023-03-24T14:26:55Z,2023-03-24T14:27:00Z,6.5171192160438755e-06,0.0006598253712847448,0.0006533082520687009,0
2023-03-24T14:26:55Z,2023-03-24T14:27:00Z,4.270725362260394e-06,0.0006591841196373576,0.0006549133942750972,0
2023-03-24T14:26:55Z,2023-03-24T14:27:00Z,2.5225398675872944e-06,0.0006535895596002996,0.0006561120994678869,0
2023-03-24T14:26:55Z,2023-03-24T14:27:00Z,1.1515761339460145e-05,0.0006451720781095907,0.0006566878394490508,0
2023-03-24T14:26:55Z,2023-03-24T14:27:00Z,1.8806057626186384e-05,0.0006375933939040885,0.0006563994515302749,0
2023-03-24T14:26:55Z,2023-03-24T14:27:00Z,2.2971529623979758e-05,0.0006326594465290258,0.0006556309761530056,0
2023-03-24T14:26:55Z,2023-03-24T14:27:00Z,2.229479933504668e-05,0.000631665316449133,0.0006539601157841796,0
2023-03-24T14:26:55Z,2023-03-24T14:27:00Z,2.296262446069275e-05,0.0006289711945393759,0.0006519338190000687,0
2023-03-24T14:26:55Z,2023-03-24T14:27:00Z,2.819714240569638e-05,0.0006217285040810625,0.0006499256464867589,0
2023-03-24T14:26:55Z,2023-03-24T14:27:00Z,3.5741103990720815e-05,0.0006115602225258671,0.0006473013265165879,0
2023-03-24T14:26:55Z,2023-03-24T14:27:00Z,3.531711332543702e-05,0.0006080063459841838,0.0006433234593096208,0
2023-03-24T14:26:55Z,2023-03-24T14:27:00Z,2.8593552900903272e-05,0.0006096013677651513,0.0006381949206660546,0
2023-03-24T14:27:55Z,2023-03-24T14:28:00Z,2.203780843552125e-05,0.0006109752097004772,0.0006330130181359984,0
2023-03-24T14:27:55Z,2023-03-24T14:28:00Z,9.86820396929166e-06,0.0006181865389794861,0.0006280547429487778,0
2023-03-24T14:27:55Z,2023-03-24T14:28:00Z,1.254871725049904e-06,0.0006250481796838454,0.0006237933079587955,0
2023-03-24T14:27:55Z,2023-03-24T14:28:00Z,1.32688911969038e-05,0.0006343636452426889,0.0006210947540457851,0
2023-03-24T14:27:55Z,2023-03-24T14:28:00Z,2.3306754724687433e-05,0.0006431469873484482,0.0006198402326237607,0
2023-03-24T14:27:55Z,2023-03-24T14:28:00Z,2.663985878179043e-05,0.0006466505112769175,0.0006200106524951271,0
2023-03-24T14:27:55Z,2023-03-24T14:28:00Z,2.2028599719511898e-05,0.0006431874193045705,0.0006211588195850586,0
2023-03-24T14:27:55Z,2023-03-24T14:28:00Z,1.8682150927131478e-05,0.0006416089021859444,0.000622926751258813,0
2023-03-24T14:27:55Z,2023-03-24T14:28:00Z,1.715742391665163e-05,0.0006422300666978152,0.0006250726427811635,0
2023-03-24T14:27:55Z,2023-03-24T14:28:00Z,1.5960716663616014e-05,0.0006440382274107872,0.0006280775107471712,0
2023-03-24T14:27:55Z,2023-03-24T14:28:00Z,9.350908768625764e-06,0.0006408507915871602,0.0006314998828185344,0
2023-03-24T14:27:55Z,2023-03-24T14:28:00Z,8.403670881626545e-06,0.0006433472396647245,0.000634943568783098,0
2023-03-24T14:28:55Z,2023-03-24T14:29:00Z,9.20974966909171e-06,0.000647140876640858,0.0006379311269717663,0
2023-03-24T14:28:55Z,2023-03-24T14:29:00Z,6.9991185001708764e-06,0.0006474463155404611,0.0006404471970402903,0
2023-03-24T14:28:55Z,2023-03-24T14:29:00Z,5.406631209793102e-06,0.0006480630979457846,0.0006426564667359915,0
2023-03-24T14:28:55Z,2023-03-24T14:29:00Z,3.9613920392535164e-07,0.0006443608729696941,0.0006439647337657688,0
2023-03-24T14:28:55Z,2023-03-24T14:29:00Z,1.4648782952908371e-06,0.0006429914665302115,0.0006444563448255023,0
2023-03-24T14:28:55Z,2023-03-24T14:29:00Z,2.081105299164376e-06,0.0006463084862939443,0.0006442273809947799,0
2023-03-24T14:28:55Z,2023-03-24T14:29:00Z,6.346416291589806e-06,0.0006505542020089339,0.0006442077857173441,0
2023-03-24T14:28:55Z,2023-03-24T14:29:00Z,1.0486167127872503e-05,0.0006551639112560166,0.000644677744128144,0
2023-03-24T14:28:55Z,2023-03-24T14:29:00Z,1.8532268804443796e-05,0.0006640424264636997,0.000645510157659256,0
2023-03-24T14:28:55Z,2023-03-24T14:29:00Z,1.962556978927154e-05,0.0006662482958330505,0.0006466227260437789,0
2023-03-24T14:28:55Z,2023-03-24T14:29:00Z,1.228994455566455e-05,0.0006612318340870973,0.0006489418895314328,0
2023-03-24T14:28:55Z,2023-03-24T14:29:00Z,9.799782366800365e-06,0.0006610317775150658,0.0006512319951482654,0
2023-03-24T14:29:55Z,2023-03-24T14:30:00Z,4.47036451117766e-06,0.0006571114554040669,0.0006526410908928893,0
2023-03-24T14:29:55Z,2023-03-24T14:30:00Z,1.0528821629005925e-05,0.0006434708154613438,0.0006539996370903497,0
2023-03-24T14:29:55Z,2023-03-24T14:30:00Z,1.7220012342443122e-05,0.0006376844604937348,0.000654904472836178,0
2023-03-24T14:29:55Z,2023-03-24T14:30:00Z,1.615334654346979e-05,0.0006386621205418732,0.000654815467085343,0
2023-03-24T14:29:55Z,2023-03-24T14:30:00Z,2.2382200813970098e-05,0.0006319025656677253,0.0006542847664816954,0
2023-03-24T14:29:55Z,2023-03-24T14:30:00Z,1.5086085550714392e-05,0.0006384340443557738,0.0006535201299064882,0
2023-03-24T14:29:55Z,2023-03-24T14:30:00Z,1.1558726440468814e-05,0.0006400962398318985,0.0006516549662723673,0
2023-03-24T14:29:55Z,2023-03-24T14:30:00Z,5.202085710158638e-06,0.0006447798938721844,0.0006499819795823431,0
2023-03-24T14:29:55Z,2023-03-24T14:30:00Z,9.866658144028293e-06,0.0006377207027751348,0.0006475873609191631,0
2023-03-24T14:29:55Z,2023-03-24T14:30:00Z,8.36727963938078e-06,0.0006370732410836956,0.0006454405207230764,0
2023-03-24T14:29:55Z,2023-03-24T14:30:00Z,1.4360381749185802e-07,0.0006429458037743882,0.0006430894075918801,0
2023-03-24T14:29:55Z,2023-03-24T14:30:00Z,7.146858954930379e-07,0.00063997886805325,0.000640693553948743,0
2023-03-24T14:30:55Z,2023-03-24T14:31:00Z,1.4389159210695152e-05,0.0006536661479964703,0.0006392769887857752,0
2023-03-24T14:30:55Z,2023-03-24T14:31:00Z,2.5219123890280566e-05,0.0006641469179352464,0.0006389277940449658,0
2023-03-24T14:30:55Z,2023-03-24T14:31:00Z,2.246327892562166e-05,0.000662989241720861,0.0006405259627952393,0
2023-03-24T14:30:55Z,2023-03-24T14:31:00Z,1.9927935863900685e-05,0.0006630023783984773,0.0006430744425345766,0
2023-03-24T14:30:55Z,2023-03-24T14:31:00Z,2.192747481769583e-05,0.0006681105849575861,0.0006461831101398903,0
2023-03-24T14:30:55Z,2023-03-24T14:31:00Z,1.1669296930067949e-05,0.0006603092404742286,0.0006486399435441607,0
2023-03-24T14:30:55Z,2023-03-24T14:31:00Z,5.020443254104322e-06,0.0006564618213108337,0.0006514413780567294,0
2023-03-24T14:30:55Z,2023-03-24T14:31:00Z,5.328697157084747e-06,0.000647665615559849,0.0006529943127169338,0
2023-03-24T14:30:55Z,2023-03-24T14:31:00Z,6.963206357729428e-06,0.0006479052182127743,0.0006548684245705037,0
2023-03-24T14:30:55Z,2023-03-24T14:31:00Z,1.0549809261461225e-05,0.0006453778527566579,0.0006559276620181191,0
2023-03-24T14:30:55Z,2023-03-24T14:31:00Z,8.740341334802899e-06,0.0006476832621271548,0.0006564236034619577,0
2023-03-24T14:30:55Z,2023-03-24T14:31:00Z,2.4295065739292614e-06,0.0006545339953583692,0.0006569635019322985,0
2023-03-24T14:31:55Z,2023-03-24T14:32:00Z,3.9726674084471746e-06,0.0006523925459369197,0.0006563652133453669,0
2023-03-24T14:31:55Z,2023-03-24T14:32:00Z,4.189299598321666e-06,0.0006512146214893575,0.0006554039210876792,0
2023-03-24T14:31:55Z,2023-03-24T14:32:00Z,1.9028092137592838e-06,0.0006562470607230443,0.000654344251509285,0
2023-03-24T14:31:55Z,2023-03-24T14:32:00Z,4.28403997178512e-06,0.0006574495157901581,0.000653165475818373,0
2023-03-24T14:31:55Z,2023-03-24T14:32:00Z,7.515651189287319e-06,0.0006594947745842061,0.0006519791233949188,0
2023-03-24T14:31:55Z,2023-03-24T14:32:00Z,1.5090912066973209e-05,0.0006667840629934851,0.0006516931509265119,0
2023-03-24T14:31:55Z,2023-03-24T14:32:00Z,2.205391857764338e-05,0.0006740503648314923,0.0006519964462538489,0
2023-03-24T14:31:55Z,2023-03-24T14:32:00Z,1.7215375707900558e-05,0.0006711236667051132,0.0006539082909972127,0
2023-03-24T14:31:55Z,2023-03-24T14:32:00Z,1.9851448318028192e-05,0.0006763742539771127,0.0006565228056590845,0
2023-03-24T14:31:55Z,2023-03-24T14:32:00Z,2.5836689157826727e-05,0.0006849340762117566,0.0006590973870539299,0
2023-03-24T14:31:55Z,2023-03-24T14:32:00Z,2.462556428657625e-05,0.0006865920505255019,0.0006619664862389257,0
2023-03-24T14:31:55Z,2023-03-24T14:32:00Z,1.6113123471923766e-05,0.0006811196177961883,0.0006650064943242646,0
2023-03-24T14:32:55Z,2023-03-24T14:33:00Z,1.3230303616216946e-05,0.0006816567483993397,0.0006684264447831227,0
2023-03-24T14:32:55Z,2023-03-24T14:33:00Z,6.911202772348244e-06,0.0006783281471861541,0.0006714169444138058,0
2023-03-24T14:32:55Z,2023-03-24T14:33:00Z,8.409474772852346e-06,0.0006823673879542877,0.0006739579131814354,0
2023-03-24T14:32:55Z,2023-03-24T14:33:00Z,3.8686226664144934e-07,0.0006756589140543936,0.000676045776321035,0
2023-03-24T14:32:55Z,2023-03-24T14:33:00Z,2.49590616178616e-06,0.0006758371314962571,0.0006783330376580433,0
2023-03-24T14:32:55Z,2023-03-24T14:33:00Z,2.527104077864814e-08,0.0006792457938049127,0.0006792205227641341,0
2023-03-24T14:32:55Z,2023-03-24T14:33:00Z,4.429737958771694e-06,0.0006749694614718388,0.0006793991994306105,0
2023-03-24T14:32:55Z,2023-03-24T14:33:00Z,3.108278344138575e-06,0.0006771031337964519,0.0006802114121405904,0
2023-03-24T14:32:55Z,2023-03-24T14:33:00Z,2.130486016254404e-06,0.0006779404468738087,0.0006800709328900631,0
2023-03-24T14:32:55Z,2023-03-24T14:33:00Z,3.0362826109137184e-06,0.0006762515560376189,0.0006792878386485327,0
2023-03-24T14:32:55Z,2023-03-24T14:33:00Z,7.95366513659608e-06,0.0006863763434199593,0.0006784226782833632,0
2023-03-24T14:32:55Z,2023-03-24T14:33:00Z,1.1507517993053409e-05,0.0006894433901005597,0.0006779358721075063,0
2023-03-24T14:33:55Z,2023-03-24T14:34:00Z,5.87855438463473e-06,0.000684286385994203,0.0006784078316095682,0
2023-03-24T14:33:55Z,2023-03-24T14:34:00Z,5.379461886302443e-06,0.0006848988177873114,0.0006795193559010089,0
2023-03-24T14:33:55Z,2023-03-24T14:34:00Z,3.675636980272315e-06,0.0006760356187247281,0.0006797112557050004,0
2023-03-24T14:33:55Z,2023-03-24T14:34:00Z,1.9660738323346158e-06,0.0006826013199106269,0.0006806352460782923,0
2023-03-24T14:33:55Z,2023-03-24T14:34:00Z,7.098745367454043e-06,0.0006735563494336852,0.0006806550948011392,0
2023-03-24T14:33:55Z,2023-03-24T14:34:00Z,7.218113898029704e-06,0.0006737725335136809,0.0006809906474117106,0
2023-03-24T14:33:55Z,2023-03-24T14:34:00Z,5.633273422126633e-06,0.0006752160627857687,0.0006808493362078954,0
2023-03-24T14:33:55Z,2023-03-24T14:34:00Z,2.2088262259992554e-06,0.0006783074499536189,0.0006805162761796182,0
2023-03-24T14:33:55Z,2023-03-24T14:34:00Z,3.2852625346922347e-06,0.0006769585752361219,0.0006802438377708142,0
2023-03-24T14:33:55Z,2023-03-24T14:34:00Z,8.529327395549323e-06,0.0006719200997668649,0.0006804494271624142,0
2023-03-24T14:33:55Z,2023-03-24T14:34:00Z,1.5314543413483912e-05,0.0006641931069305465,0.0006795076503440305,0
2023-03-24T14:33:55Z,2023-03-24T14:34:00Z,2.0612126839811588e-05,0.0006571431944708494,0.000677755321310661,0
2023-03-24T14:34:55Z,2023-03-24T14:35:00Z,1.5046399015939326e-05,0.0006606995943883561,0.0006757459934042954,0
2023-03-24T14:34:55Z,2023-03-24T14:35:00Z,1.0745641655189315e-05,0.0006622247894174598,0.0006729704310726491,0
2023-03-24T14:34:55Z,2023-03-24T14:35:00Z,1.134649114181859e-06,0.00067030217952483,0.0006714368286390119,0
2023-03-24T14:34:55Z,2023-03-24T14:35:00Z,1.1921685314280825e-06,0.0006705913441211232,0.0006693991755896951,0
2023-03-24T14:34:55Z,2023-03-24T14:35:00Z,2.5224822077120476e-06,0.0006715962408065217,0.0006690737585988097,0
2023-03-24T14:34:55Z,2023-03-24T14:35:00Z,3.353209732897275e-06,0.0006721088493924512,0.0006687556396595539,0
2023-03-24T14:34:55Z,2023-03-24T14:35:00Z,3.0137396060496424e-06,0.0006714073970676788,0.0006683936574616292,0
2023-03-24T14:34:55Z,2023-03-24T14:35:00Z,3.4367306143100445e-07,0.0006674301243440815,0.0006677737974055125,0
2023-03-24T14:34:55Z,2023-03-24T14:35:00Z,5.838516331978889e-06,0.0006613801632566893,0.0006672186795886682,0
2023-03-24T14:34:55Z,2023-03-24T14:35:00Z,9.718756453241874e-06,0.0006570509255931479,0.0006667696820463897,0
2023-03-24T14:34:55Z,2023-03-24T14:35:00Z,1.2959501396665719e-05,0.0006535288862823383,0.000666488387679004,0
2023-03-24T14:34:55Z,2023-03-24T14:35:00Z,1.72222922901115e-05,0.0006492568685011225,0.000666479160791234,0
2023-03-24T14:35:55Z,2023-03-24T14:36:00Z,1.5182746194775543e-05,0.0006505793437858565,0.0006657620899806321,0
2023-03-24T14:35:55Z,2023-03-24T14:36:00Z,1.7193169463649693e-05,0.0006472721284253486,0.0006644652978889983,0
2023-03-24T14:35:55Z,2023-03-24T14:36:00Z,1.5485943585127004e-05,0.0006470070707299741,0.0006624930143151011,0
2023-03-24T14:35:55Z,2023-03-24T14:36:00Z,1.4764524761672168e-05,0.0006453965679838515,0.0006601610927455236,0
2023-03-24T14:35:55Z,2023-03-24T14:36:00Z,1.1285683771216173e-05,0.0006464164919666527,0.0006577021757378688,0
2023-03-24T14:35:55Z,2023-03-24T14:36:00Z,1.0124706170814993e-05,0.0006449062414261939,0.0006550309475970089,0
2023-03-24T14:35:55Z,2023-03-24T14:36:00Z,1.1346233079695487e-07,0.0006524183947561093,0.0006525318570869063,0
2023-03-24T14:35:55Z,2023-03-24T14:36:00Z,5.475082401150042e-06,0.0006557545511962676,0.0006502794687951176,0
2023-03-24T14:35:55Z,2023-03-24T14:36:00Z,7.406004599420837e-06,0.0006567892965444803,0.0006493832919450595,0
2023-03-24T14:35:55Z,2023-03-24T14:36:00Z,1.0443318381736294e-05,0.0006596969728871077,0.0006492536545053714,0
2023-03-24T14:35:55Z,2023-03-24T14:36:00Z,1.2250495824773383e-05,0.000661830191356359,0.0006495796955315856,0
2023-03-24T14:36:55Z,2023-03-24T14:37:00Z,1.5960304856389566e-05,0.0006665840108265738,0.0006506237059701842,0
2023-03-24T14:36:55Z,2023-03-24T14:37:00Z,1.464723068666195e-05,0.0006663960214138965,0.0006517487907272345,0
2023-03-24T14:36:55Z,2023-03-24T14:37:00Z,1.5005517816060656e-05,0.0006686854967834176,0.0006536799789673569,0
2023-03-24T14:36:55Z,2023-03-24T14:37:00Z,1.259087702024553e-05,0.0006682097510559948,0.0006556188740357492,0
2023-03-24T14:36:55Z,2023-03-24T14:37:00Z,6.892483198658915e-06,0.0006648402501143649,0.0006579477669157059,0
2023-03-24T14:36:55Z,2023-03-24T14:37:00Z,5.454357101450846e-06,0.0006655814499260909,0.0006601270928246401,0
2023-03-24T14:36:55Z,2023-03-24T14:37:00Z,8.959250587757366e-06,0.0006710797442812146,0.0006621204936934572,0
2023-03-24T14:36:55Z,2023-03-24T14:37:00Z,3.1684940022802793e-06,0.0006666052932127356,0.0006634367992104553,0
2023-03-24T14:36:55Z,2023-03-24T14:37:00Z,3.054303346761286e-07,0.000664663888184274,0.0006649693185189501,0
2023-03-24T14:36:55Z,2023-03-24T14:37:00Z,2.299651721133426e-06,0.0006636512664646421,0.0006659509181857756,0
2023-03-24T14:36:55Z,2023-03-24T14:37:00Z,2.200838715411195e-06,0.000664246771000081,0.0006664476097154922,0
2023-03-24T14:36:55Z,2023-03-24T14:37:00Z,2.2039806767659145e-06,0.0006688336979030863,0.0006666297172263204,0
2023-03-24T14:36:55Z,2023-03-24T14:37:00Z,7.961266139232194e-06,0.0006743572593829034,0.0006663959932436712,0
2023-03-24T14:37:55Z,2023-03-24T14:38:00Z,3.340117613244236e-06,0.0006699798785058344,0.0006666397608925902,0
2023-03-24T14:37:55Z,2023-03-24T14:38:00Z,2.1099998658237386e-06,0.0006693169370183626,0.0006672069371525389,0
2023-03-24T14:37:55Z,2023-03-24T14:38:00Z,4.68217949291163e-06,0.0006720661293904344,0.0006673839498975227,0
2023-03-24T14:37:55Z,2023-03-24T14:38:00Z,9.061870165594514e-06,0.0006768934887535171,0.0006678316185879226,0
2023-03-24T14:37:55Z,2023-03-24T14:38:00Z,6.782720375592176e-06,0.0006752628069099491,0.0006684800865343569,0
2023-03-24T14:37:55Z,2023-03-24T14:38:00Z,1.0346096505774887e-05,0.0006794075574873621,0.0006690614609815872,0
2023-03-24T14:37:55Z,2023-03-24T14:38:00Z,1.0339161341444054e-05,0.0006802663736927525,0.0006699272123513085,0
2023-03-24T14:37:55Z,2023-03-24T14:38:00Z,9.040517496596229e-06,0.0006804420967782133,0.0006714015792816171,0
2023-03-24T14:37:55Z,2023-03-24T14:38:00Z,7.822057415146416e-06,0.0006808851474195748,0.0006730630900044284,0
2023-03-24T14:37:55Z,2023-03-24T14:38:00Z,1.0359052151452035e-05,0.0006850416747336936,0.0006746826225822415,0
2023-03-24T14:37:55Z,2023-03-24T14:38:00Z,4.901265517573395e-06,0.0006807890330514638,0.0006758877675338904,0
2023-03-24T14:37:55Z,2023-03-24T14:38:00Z,1.3277871463180388e-06,0.0006756284219226513,0.0006769562090689693,0
2023-03-24T14:38:55Z,2023-03-24T14:39:00Z,4.802250978403139e-06,0.0006828393755019355,0.0006780371245235324,0
2023-03-24T14:38:55Z,2023-03-24T14:39:00Z,1.0283431376549644e-05,0.0006889517043905109,0.0006786682730139613,0
2023-03-24T14:38:55Z,2023-03-24T14:39:00Z,9.709699207365399e-06,0.0006894552968324767,0.0006797455976251113,0
2023-03-24T14:38:55Z,2023-03-24T14:39:00Z,1.288851924804654e-05,0.0006938399384368572,0.0006809514191888107,0
2023-03-24T14:38:55Z,2023-03-24T14:39:00Z,1.2230524692869132e-05,0.0006946011928739326,0.0006823706681810635,0
2023-03-24T14:38:55Z,2023-03-24T14:39:00Z,3.0912238813946393e-06,0.0006869051301574077,0.000683813906276013,0
2023-03-24T14:38:55Z,2023-03-24T14:39:00Z,1.1598424420429174e-05,0.0006968458126145603,0.0006852473881941311,0
2023-03-24T14:38:55Z,2023-03-24T14:39:00Z,1.717866130192269e-05,0.0007030723528339732,0.0006858936915320505,0
2023-03-24T14:38:55Z,2023-03-24T14:39:00Z,1.78264723914791e-05,0.000705316230443028,0.0006874897580515489,0
2023-03-24T14:38:55Z,2023-03-24T14:39:00Z,1.1627477089532542e-05,0.0007009203029511095,0.0006892928258615769,0
2023-03-24T14:38:55Z,2023-03-24T14:39:00Z,1.3167335813667473e-05,0.0007049128814144008,0.0006917455456007333,0
2023-03-24T14:39:55Z,2023-03-24T14:40:00Z,1.1484713718441417e-05,0.0007057594474220207,0.0006942747337035793,0
2023-03-24T14:39:55Z,2023-03-24T14:40:00Z,1.1069613154271007e-05,0.0007075516974490967,0.0006964820842948257,0
2023-03-24T14:39:55Z,2023-03-24T14:40:00Z,6.146628798122679e-06,0.0007043094873960994,0.0006981628585979767,0
2023-03-24T14:39:55Z,2023-03-24T14:40:00Z,3.6088677308333643e-06,0.0006963636309288053,0.0006999724986596386,0
2023-03-24T14:39:55Z,2023-03-24T14:40:00Z,8.75098508047842e-06,0.0006922684684750845,0.0007010194535555629,0
2023-03-24T14:39:55Z,2023-03-24T14:40:00Z,7.2358365285270796e-06,0.0006939598608325231,0.0007011956973610501,0
2023-03-24T14:39:55Z,2023-03-24T14:40:00Z,1.5835192138174254e-05,0.0006858968390546434,0.0007017320311928177,0
2023-03-24T14:39:55Z,2023-03-24T14:40:00Z,2.4883362082927835e-05,0.0006765600739316863,0.0007014434360146141,0
2023-03-24T14:39:55Z,2023-03-24T14:40:00Z,2.6465272430621287e-05,0.0006732606122060599,0.0006997258846366812,0
2023-03-24T14:39:55Z,2023-03-24T14:40:00Z,1.7993447905254988e-05,0.0006788568210802919,0.0006968502689855469,0
2023-03-24T14:39:55Z,2023-03-24T14:40:00Z,1.6430911629727873e-05,0.0006776533882813142,0.000694084299911042,0
2023-03-24T14:39:55Z,2023-03-24T14:40:00Z,2.114026317068707e-05,0.000670338430706944,0.0006914786938776311,0
2023-03-24T14:39:55Z,2023-03-24T14:40:00Z,1.957457066245193e-05,0.0006690935173011086,0.0006886680879635605,0
2023-03-24T14:40:55Z,2023-03-24T14:41:00Z,2.015269949243734e-05,0.0006647940617969079,0.0006849467612893452,0
2023-03-24T14:40:55Z,2023-03-24T14:41:00Z,1.750849877874309e-05,0.0006639166655011032,0.0006814251642798463,0
2023-03-24T14:40:55Z,2023-03-24T14:41:00Z,1.034071643425628e-05,0.0006679274909324001,0.0006782682073666564,0
2023-03-24T14:40:55Z,2023-03-24T14:41:00Z,1.1037418482626681e-05,0.0006643956085866316,0.0006754330270692583,0
2023-03-24T14:40:55Z,2023-03-24T14:41:00Z,1.148273322593412e-05,0.0006613470568533118,0.000672829790079246,0
2023-03-24T14:40:55Z,2023-03-24T14:41:00Z,6.271181998882187e-06,0.0006644084850335626,0.0006706796670324448,0
2023-03-24T14:40:55Z,2023-03-24T14:41:00Z,7.99842186199255e-06,0.0006611599434626147,0.0006691583653246073,0
2023-03-24T14:40:55Z,2023-03-24T14:41:00Z,1.0235817180498656e-05,0.0006580373354268589,0.0006682731526073576,0
2023-03-24T14:40:55Z,2023-03-24T14:41:00Z,1.3431320161620686e-05,0.0006530721446839692,0.0006665034648455899,0
2023-03-24T14:40:55Z,2023-03-24T14:41:00Z,1.302851910482477e-05,0.0006515133404553197,0.0006645418595601445,0
2023-03-24T14:40:55Z,2023-03-24T14:41:00Z,5.314118532730259e-06,0.0006575011124251166,0.0006628152309578469,0
2023-03-24T14:40:55Z,2023-03-24T14:41:00Z,4.557685737958364e-06,0.0006564995275353095,0.0006610572132732679,0
2023-03-24T14:41:55Z,2023-03-24T14:42:00Z,8.998189604104414e-06,0.0006513297287319844,0.0006603279183360889,0
2023-03-24T14:41:55Z,2023-03-24T14:42:00Z,1.4267922488275645e-05,0.0006453182820512338,0.0006595862045395094,0
2023-03-24T14:41:55Z,2023-03-24T14:42:00Z,1.8419522155493744e-05,0.0006395069061639741,0.0006579264283194679,0
2023-03-24T14:41:55Z,2023-03-24T14:42:00Z,1.0974530665818763e-05,0.0006450441650001094,0.0006560186956659281,0
2023-03-24T14:41:55Z,2023-03-24T14:42:00Z,1.3199806756119571e-06,0.0006525146999213824,0.0006538346805969944,0
2023-03-24T14:41:55Z,2023-03-24T14:42:00Z,3.0162803597648087e-06,0.0006488819682338843,0.0006518982485936491,0
2023-03-24T14:41:55Z,2023-03-24T14:42:00Z,2.105990285746059e-06,0.0006531397145252719,0.0006510337242395259,0
2023-03-24T14:41:55Z,2023-03-24T14:42:00Z,2.0387953774195222e-06,0.0006521569828976479,0.0006501181875202284,0
2023-03-24T14:41:55Z,2023-03-24T14:42:00Z,9.18781357511409e-06,0.0006593127580794728,0.0006501249445043587,0
2023-03-24T14:41:55Z,2023-03-24T14:42:00Z,1.800534171827377e-05,0.0006681946504668652,0.0006501893087485914,0
2023-03-24T14:41:55Z,2023-03-24T14:42:00Z,2.266195354310894e-05,0.000673032426857136,0.000650370473314027,0
2023-03-24T14:42:55Z,2023-03-24T14:43:00Z,2.435096088201699e-05,0.0006758909464891996,0.0006515399856071826,0
2023-03-24T14:42:55Z,2023-03-24T14:43:00Z,2.734679599227061e-05,0.0006810570514119684,0.0006537102554196978,0
2023-03-24T14:42:55Z,2023-03-24T14:43:00Z,2.956861602317854e-05,0.0006863361378866728,0.0006567675218634943,0
2023-03-24T14:42:55Z,2023-03-24T14:43:00Z,2.327406660250248e-05,0.0006841966029907963,0.0006609225363882938,0
2023-03-24T14:42:55Z,2023-03-24T14:43:00Z,1.6476769731732423e-05,0.0006815285034086825,0.0006650517336769501,0
2023-03-24T14:42:55Z,2023-03-24T14:43:00Z,8.45746838726172e-06,0.0006766773923711532,0.0006682199239838915,0
2023-03-24T14:42:55Z,2023-03-24T14:43:00Z,1.1635028068953269e-05,0.0006831196055703245,0.0006714845775013712,0
2023-03-24T14:42:55Z,2023-03-24T14:43:00Z,8.240321039754204e-06,0.0006820786663257137,0.0006738383452859595,0
2023-03-24T14:42:55Z,2023-03-24T14:43:00Z,5.897201107991738e-06,0.0006828318086612189,0.0006769346075532271,0
2023-03-24T14:42:55Z,2023-03-24T14:43:00Z,1.7247037146820524e-06,0.0006774864946631691,0.0006792111983778511,0
2023-03-24T14:42:55Z,2023-03-24T14:43:00Z,4.07235660477331e-06,0.0006766025575925132,0.0006806749141972865,0
2023-03-24T14:42:55Z,2023-03-24T14:43:00Z,1.0401808241633829e-05,0.0006707185127362561,0.0006811203209778899,0
2023-03-24T14:42:55Z,2023-03-24T14:43:00Z,3.924915496733854e-06,0.0006772665665914874,0.0006811914820882213,0
2023-03-24T14:43:55Z,2023-03-24T14:44:00Z,9.431978953990637e-07,0.0006811008261160491,0.00068015762822065,0
2023-03-24T14:43:55Z,2023-03-24T14:44:00Z,6.74952996556255e-06,0.000686000201056694,0.0006792506710911314,0
2023-03-24T14:43:55Z,2023-03-24T14:44:00Z,1.49070563270745e-05,0.0006938481497307312,0.0006789410934036567,0
2023-03-24T14:43:55Z,2023-03-24T14:44:00Z,1.679158743727227e-05,0.0006961798506057302,0.0006793882631684579,0
2023-03-24T14:43:55Z,2023-03-24T14:44:00Z,1.6439845872758918e-05,0.0006975451847771746,0.0006811053389044157,0
2023-03-24T14:43:55Z,2023-03-24T14:44:00Z,1.960227234131483e-05,0.0007020136357492711,0.0006824113634079562,0
2023-03-24T14:43:55Z,2023-03-24T14:44:00Z,1.790467750607133e-05,0.0007018626927591736,0.0006839580152531023,0
2023-03-24T14:43:55Z,2023-03-24T14:44:00Z,2.0333999374639558e-05,0.0007062101973365473,0.0006858761979619077,0
2023-03-24T14:43:55Z,2023-03-24T14:44:00Z,1.6348807230003558e-05,0.0007046626250015117,0.0006883138177715081,0
2023-03-24T14:43:55Z,2023-03-24T14:44:00Z,1.2771667067626143e-05,0.0007040462488135376,0.0006912745817459115,0
2023-03-24T14:43:55Z,2023-03-24T14:44:00Z,1.0272908862119868e-05,0.0007049419018345568,0.000694668992972437,0
2023-03-24T14:43:55Z,2023-03-24T14:44:00Z,2.7088879136252493e-06,0.0007000558491082673,0.0006973469611946421,0
2023-03-24T14:44:55Z,2023-03-24T14:45:00Z,9.84861298282565e-06,0.0006898824557836672,0.0006997310687664928,0
2023-03-24T14:44:55Z,2023-03-24T14:45:00Z,1.4496445161975551e-05,0.0006866401884096747,0.0007011366335716502,0
2023-03-24T14:44:55Z,2023-03-24T14:45:00Z,1.4685194687580902e-05,0.0006860548694893628,0.0007007400641769438,0
2023-03-24T14:44:55Z,2023-03-24T14:45:00Z,1.6773076875781657e-05,0.0006830130210815565,0.0006997860979573382,0
2023-03-24T14:44:55Z,2023-03-24T14:45:00Z,1.4646801494365013e-05,0.0006839902649341921,0.0006986370664285571,0
2023-03-24T14:44:55Z,2023-03-24T14:45:00Z,1.3623643063592978e-05,0.0006831133618981926,0.0006967370049617855,0
2023-03-24T14:44:55Z,2023-03-24T14:45:00Z,6.896205844211735e-06,0.0006880535563350757,0.0006949497621792874,0
2023-03-24T14:44:55Z,2023-03-24T14:45:00Z,2.133185852599127e-06,0.0006947732644880511,0.000692640078635452,0
2023-03-24T14:44:55Z,2023-03-24T14:45:00Z,9.646259542986477e-06,0.0007006254313117948,0.0006909791717688084,0
2023-03-24T14:44:55Z,2023-03-24T14:45:00Z,1.2750929227099087e-05,0.0007028028025633587,0.0006900518733362597,0
2023-03-24T14:44:55Z,2023-03-24T14:45:00Z,1.7515552398981982e-05,0.0007071357786829656,0.0006896202262839836,0
2023-03-24T14:44:55Z,2023-03-24T14:45:00Z,1.675074555253296e-05,0.0007066456671820255,0.0006898949216294926,0
2023-03-24T14:45:55Z,2023-03-24T14:46:00Z,2.0789719531641958e-05,0.0007124099734510644,0.0006916202539194225,0
2023-03-24T14:45:55Z,2023-03-24T14:46:00Z,2.607017428575282e-05,0.0007196909760824104,0.0006936208017966575,0
2023-03-24T14:45:55Z,2023-03-24T14:46:00Z,2.3843633543369196e-05,0.0007200999457361969,0.0006962563121928277,0
2023-03-24T14:45:55Z,2023-03-24T14:46:00Z,1.897999900573764e-05,0.0007189041066986508,0.0006999241076929132,0
2023-03-24T14:45:55Z,2023-03-24T14:46:00Z,1.056353293036954e-05,0.0007140986087034832,0.0007035350757731136,0
2023-03-24T14:45:55Z,2023-03-24T14:46:00Z,6.28707061592587e-06,0.0007134012208690853,0.0007071141502531594,0
2023-03-24T14:45:55Z,2023-03-24T14:46:00Z,4.760091486430114e-06,0.0007144787469764303,0.0007097186554900002,0
2023-03-24T14:45:55Z,2023-03-24T14:46:00Z,8.866562604761016e-06,0.0007204480137328646,0.0007115814511281036,0
2023-03-24T14:45:55Z,2023-03-24T14:46:00Z,1.0555531562258928e-05,0.0007235223142568261,0.0007129667826945671,0
2023-03-24T14:45:55Z,2023-03-24T14:46:00Z,1.1884147267477167e-05,0.0007266154510789949,0.0007147313038115177,0
2023-03-24T14:45:55Z,2023-03-24T14:46:00Z,7.640063471930458e-06,0.0007240100208408341,0.0007163699573689037,0
2023-03-24T14:45:55Z,2023-03-24T14:46:00Z,7.731277607517456e-06,0.0007260982133661183,0.0007183669357586008,0
2023-03-24T14:46:55Z,2023-03-24T14:47:00Z,8.885766708549982e-06,0.0007284127072061276,0.0007195269404975777,0
2023-03-24T14:46:55Z,2023-03-24T14:47:00Z,6.3505715990235575e-06,0.000726518235824972,0.0007201676642259484,0
2023-03-24T14:46:55Z,2023-03-24T14:47:00Z,5.524832110431906e-06,0.0007265237724833732,0.0007209989403729413,0
2023-03-24T14:46:55Z,2023-03-24T14:47:00Z,1.917294283308702e-06,0.0007236776475688824,0.0007217603532855736,0
2023-03-24T14:46:55Z,2023-03-24T14:47:00Z,1.5924258327046229e-06,0.000721410443830858,0.0007230028696635627,0
2023-03-24T14:46:55Z,2023-03-24T14:47:00Z,2.4071067900881173e-06,0.0007216234055434541,0.0007240305123335422,0
2023-03-24T14:46:55Z,2023-03-24T14:47:00Z,4.163187157148131e-06,0.0007205604948618369,0.000724723682018985,0
2023-03-24T14:46:55Z,2023-03-24T14:47:00Z,5.2407026589782e-06,0.0007196005185410659,0.0007248412212000441,0
2023-03-24T14:46:55Z,2023-03-24T14:47:00Z,4.4622074982825525e-06,0.0007200828317622626,0.0007245450392605452,0
2023-03-24T14:46:55Z,2023-03-24T14:47:00Z,6.3563585283786484e-06,0.0007174871874783736,0.0007238435460067522,0
2023-03-24T14:46:55Z,2023-03-24T14:47:00Z,4.02435441625756e-06,0.0007194264726826376,0.0007234508270988952,0
2023-03-24T14:46:55Z,2023-03-24T14:47:00Z,1.3258102702416816e-06,0.0007212639142398789,0.0007225897245101206,0
2023-03-24T14:47:55Z,2023-03-24T14:48:00Z,8.419487201721744e-06,0.0007301105882594933,0.0007216911010577715,0
2023-03-24T14:47:55Z,2023-03-24T14:48:00Z,6.904167918783872e-06,0.0007280698368180462,0.0007211656688992623,0
2023-03-24T14:47:55Z,2023-03-24T14:48:00Z,1.0024974771027971e-05,0.0007315493252479024,0.0007215243504768744,0
2023-03-24T14:47:55Z,2023-03-24T14:48:00Z,1.6617415181782963e-05,0.0007385809845835736,0.0007219635694017906,0
2023-03-24T14:47:55Z,2023-03-24T14:48:00Z,2.2047633613796495e-05,0.0007450250911572916,0.0007229774575434951,0
2023-03-24T14:47:55Z,2023-03-24T14:48:00Z,2.2847417237383525e-05,0.0007475206326848907,0.0007246732154475072,0
2023-03-24T14:47:55Z,2023-03-24T14:48:00Z,1.6132073122334225e-05,0.0007432517481993868,0.0007271196750770526,0
2023-03-24T14:47:55Z,2023-03-24T14:48:00Z,1.1963595305212928e-05,0.0007418752817966479,0.000729911686491435,0
2023-03-24T14:47:55Z,2023-03-24T14:48:00Z,1.0271756081219724e-05,0.000742500334216367,0.0007322285781351473,0
2023-03-24T14:47:55Z,2023-03-24T14:48:00Z,7.425745985561224e-06,0.0007420931335525361,0.0007346673875669749,0
2023-03-24T14:47:55Z,2023-03-24T14:48:00Z,4.156293151335081e-06,0.000741131066871683,0.0007369747737203479,0
2023-03-24T14:47:55Z,2023-03-24T14:48:00Z,2.568667755637453e-06,0.0007364890278959762,0.0007390576956516137,0
2023-03-24T14:48:55Z,2023-03-24T14:49:00Z,1.0571319379321835e-05,0.0007295884241335106,0.0007401597435128325,0
2023-03-24T14:48:55Z,2023-03-24T14:49:00Z,1.447079123803748e-05,0.0007265308713825881,0.0007410016626206256,0
2023-03-24T14:48:55Z,2023-03-24T14:49:00Z,1.7968783501095208e-05,0.0007228367890080911,0.0007408055725091863,0
2023-03-24T14:48:55Z,2023-03-24T14:49:00Z,2.234678669265494e-05,0.0007172537744964329,0.0007396005611890878,0
2023-03-24T14:48:55Z,2023-03-24T14:49:00Z,3.3183114856417885e-05,0.0007041986161177499,0.0007373817309741678,0
2023-03-24T14:48:55Z,2023-03-24T14:49:00Z,4.171372091436507e-05,0.0006926413242409568,0.0007343550451553219,0
2023-03-24T14:48:55Z,2023-03-24T14:49:00Z,3.973371508742202e-05,0.0006907160168597362,0.0007304497319471583,0
2023-03-24T14:48:55Z,2023-03-24T14:49:00Z,3.9461515074607064e-05,0.0006860648211169821,0.0007255263361915892,0
2023-03-24T14:48:55Z,2023-03-24T14:49:00Z,3.448406003709898e-05,0.0006858638444188272,0.0007203479044559261,0
2023-03-24T14:48:55Z,2023-03-24T14:49:00Z,2.2461561804504597e-05,0.000692283511407866,0.0007147450732123705,0
2023-03-24T14:48:55Z,2023-03-24T14:49:00Z,1.0894425832228861e-05,0.0006983239251348562,0.0007092183509670851,0
2023-03-24T14:49:55Z,2023-03-24T14:50:00Z,5.569784726463796e-06,0.0006992280145918103,0.0007047977993182741,1
2023-03-24T14:49:55Z,2023-03-24T14:50:00Z,5.2680823876644035e-06,0.0007069394318060731,0.0007016713494184087,1
2023-03-24T14:49:55Z,2023-03-24T14:50:00Z,9.693073603283912e-06,0.0007086341373426148,0.0006989410637393309,1
2023-03-24T14:49:55Z,2023-03-24T14:50:00Z,3.5661443546070298e-06,0.0007009174723737361,0.000697351328019129,1
2023-03-24T14:49:55Z,2023-03-24T14:50:00Z,4.551310426564978e-06,0.0007010406747303122,0.0006964893643037472,1
2023-03-24T14:49:55Z,2023-03-24T14:50:00Z,4.181198956534752e-06,0.0007003424488858806,0.0006961612499293458,1
2023-03-24T14:49:55Z,2023-03-24T14:50:00Z,3.433619044030181e-07,0.0006966578230738784,0.0006970011849782814,1
2023-03-24T14:49:55Z,2023-03-24T14:50:00Z,1.1257319264194703e-06,0.0006968380962544764,0.0006979638281808958,1
2023-03-24T14:49:55Z,2023-03-24T14:50:00Z,3.477502111768607e-07,0.0006993708785877623,0.0006990231283765854,1
2023-03-24T14:49:55Z,2023-03-24T14:50:00Z,7.341725980325887e-06,0.0007074622795404763,0.0007001205535601504,1
2023-03-24T14:49:55Z,2023-03-24T14:50:00Z,1.3606203005445236e-05,0.0007144354932835852,0.00070082929027814,1
2023-03-24T14:49:55Z,2023-03-24T14:50:00Z,1.70154520022104e-05,0.0007187585777209125,0.0007017431257187021,1
2023-03-24T14:49:55Z,2023-03-24T14:50:00Z,2.1500276851606995e-05,0.0007247641504394865,0.0007032638735878795,1
2023-03-24T14:50:55Z,2023-03-24T14:51:00Z,1.8768968274217594e-05,0.0007232147564535811,0.0007044457881793635,1
2023-03-24T14:50:55Z,2023-03-24T14:51:00Z,1.9366830144059875e-05,0.0007254256196331105,0.0007060587894890506,1
2023-03-24T14:50:55Z,2023-03-24T14:51:00Z,2.7957839718722186e-05,0.0007362463576157573,0.0007082885178970351,1
2023-03-24T14:50:55Z,2023-03-24T14:51:00Z,2.594061537565908e-05,0.000736667627762974,0.0007107270123873149,1
2023-03-24T14:50:55Z,2023-03-24T14:51:00Z,1.9563542854262304e-05,0.000733880946114565,0.0007143174032603027,1
2023-03-24T14:50:55Z,2023-03-24T14:51:00Z,1.4827645464502294e-05,0.0007331460291937146,0.0007183183837292123,1
2023-03-24T14:50:55Z,2023-03-24T14:51:00Z,9.825350184195425e-06,0.0007318480188994165,0.0007220226687152211,1
2023-03-24T14:50:55Z,2023-03-24T14:51:00Z,3.5795685068093107e-06,0.0007289797522826256,0.0007254001837758162,1
2023-03-24T14:50:55Z,2023-03-24T14:51:00Z,6.851609079860108e-06,0.0007209871486318502,0.0007278387577117103,1
2023-03-24T14:50:55Z,2023-03-24T14:51:00Z,2.1218048234264387e-05,0.0007080751353773499,0.0007292931836116143,1
2023-03-24T14:50:55Z,2023-03-24T14:51:00Z,3.559164594752005e-05,0.000693924394755188,0.0007295160407027081,1
2023-03-24T14:51:55Z,2023-03-24T14:52:00Z,4.6722882263549995e-05,0.0006811242569329444,0.0007278471391964944,1
2023-03-24T14:51:55Z,2023-03-24T14:52:00Z,5.730168403216972e-05,0.0006676164189944855,0.0007249181030266552,1
2023-03-24T14:51:55Z,2023-03-24T14:52:00Z,6.18473361472465e-05,0.0006586406306093921,0.0007204879667566386,1
2023-03-24T14:51:55Z,2023-03-24T14:52:00Z,6.475692059037012e-05,0.0006488680523041412,0.0007136249728945113,1
2023-03-24T14:51:55Z,2023-03-24T14:52:00Z,5.593159270206999e-05,0.0006498906804770832,0.0007058222731791532,1
2023-03-24T14:51:55Z,2023-03-24T14:52:00Z,5.152490872262845e-05,0.0006457960750754824,0.0006973209837981109,1
2023-03-24T14:51:55Z,2023-03-24T14:52:00Z,4.480397827371014e-05,0.0006441914706527375,0.0006889954489264476,1
2023-03-24T14:51:55Z,2023-03-24T14:52:00Z,3.939995478852848e-05,0.0006409902997555258,0.0006803902545440542,1
2023-03-24T14:51:55Z,2023-03-24T14:52:00Z,3.28598963795924e-05,0.000639051530001473,0.0006719114263810654,1
2023-03-24T14:51:55Z,2023-03-24T14:52:00Z,2.8482533270058133e-05,0.0006354292082233749,0.000663911741493433,1
2023-03-24T14:51:55Z,2023-03-24T14:52:00Z,2.3195354507878616e-05,0.0006338140264479667,0.0006570093809558453,1
2023-03-24T14:51:55Z,2023-03-24T14:52:00Z,1.743374193107221e-05,0.0006337261203715919,0.0006511598623026641,1
2023-03-24T14:51:55Z,2023-03-24T14:52:00Z,1.0890170863661055e-05,0.0006355386683905051,0.0006464288392541662,1
2023-03-24T14:52:55Z,2023-03-24T14:53:00Z,5.773423155925814e-06,0.000637266386235951,0.0006430398093918769,1
2023-03-24T14:52:55Z,2023-03-24T14:53:00Z,5.108611280296542e-06,0.0006356210018896916,0.0006407296131699881,1
2023-03-24T14:52:55Z,2023-03-24T14:53:00Z,2.157454079824983e-06,0.0006374119924833442,0.0006395694465631691,1
2023-03-24T14:52:55Z,2023-03-24T14:53:00Z,8.138740253634848e-06,0.0006300037384507952,0.00063814247870443,1
2023-03-24T14:52:55Z,2023-03-24T14:53:00Z,8.948876314126024e-06,0.0006283551941310901,0.0006373040704452162,1
2023-03-24T14:52:55Z,2023-03-24T14:53:00Z,3.312889852956076e-06,0.0006325724073720657,0.0006358852972250218,1
2023-03-24T14:52:55Z,2023-03-24T14:53:00Z,2.2566294263955122e-06,0.0006368784160889738,0.0006346217866625783,1
2023-03-24T14:52:55Z,2023-03-24T14:53:00Z,6.358477975697361e-06,0.0006403323523753349,0.0006339738743996376,1
2023-03-24T14:52:55Z,2023-03-24T14:53:00Z,8.957268745236977e-06,0.0006430760639314344,0.0006341187951861974,1
2023-03-24T14:52:55Z,2023-03-24T14:53:00Z,1.8746034743804337e-05,0.0006535166625227386,0.0006347706277789343,1
2023-03-24T14:52:55Z,2023-03-24T14:53:00Z,2.4091184761726382e-05,0.000659796806896645,0.0006357056221349186,1
2023-03-24T14:53:55Z,2023-03-24T14:54:00Z,2.0268962019189506e-05,0.0006577723835673314,0.0006375034215481419,1
2023-03-24T14:53:55Z,2023-03-24T14:54:00Z,1.6653445360580708e-05,0.000656409908974792,0.0006397564636142113,1
2023-03-24T14:53:55Z,2023-03-24T14:54:00Z,2.081108361789432e-05,0.0006627826853998697,0.0006419716017819753,1
2023-03-24T14:53:55Z,2023-03-24T14:54:00Z,2.003971734190215e-05,0.0006639111107730223,0.0006438713934311201,1
2023-03-24T14:53:55Z,2023-03-24T14:54:00Z,2.0219446488999992e-05,0.0006673687346150276,0.0006471492881260276,1
2023-03-24T14:53:55Z,2023-03-24T14:54:00Z,2.0114308053630894e-05,0.0006708191878438516,0.0006507048797902207,1
2023-03-24T14:53:55Z,2023-03-24T14:54:00Z,1.5461968372520768e-05,0.0006696464808870377,0.000654184512514517,1
2023-03-24T14:53:55Z,2023-03-24T14:54:00Z,1.4817226527097946e-05,0.0006723958162171027,0.0006575785896900048,1
2023-03-24T14:53:55Z,2023-03-24T14:54:00Z,1.2151620745821674e-05,0.0006726616232869966,0.000660510002541175,1
2023-03-24T14:53:55Z,2023-03-24T14:54:00Z,1.8818728696696064e-05,0.0006822607064664379,0.0006634419777697419,1
2023-03-24T14:53:55Z,2023-03-24T14:54:00Z,2.324439193721018e-05,0.0006886008657833778,0.0006653564738461676,1
2023-03-24T14:53:55Z,2023-03-24T14:54:00Z,3.550061568366697e-05,0.0007031034794868138,0.0006676028638031468,1
2023-03-24T14:53:55Z,2023-03-24T14:54:00Z,4.774504620509018e-05,0.0007184307582298418,0.0006706857120247516,1
2023-03-24T14:54:55Z,2023-03-24T14:55:00Z,5.374138293974984e-05,0.0007290964520157036,0.0006753550690759537,0
2023-03-24T14:54:55Z,2023-03-24T14:55:00Z,5.0111716423141984e-05,0.000731031592782093,0.000680919876358951,0
2023-03-24T14:54:55Z,2023-03-24T14:55:00Z,4.05234526745273e-05,0.0007279618631577464,0.0006874384104832191,0
2023-03-24T14:54:55Z,2023-03-24T14:55:00Z,2.8358600268822416e-05,0.000722163296568748,0.0006938046962999256,0
2023-03-24T14:54:55Z,2023-03-24T14:55:00Z,2.248842596516156e-05,0.0007220073897964768,0.0006995189638313152,0
2023-03-24T14:54:55Z,2023-03-24T14:55:00Z,1.2348522120259812e-05,0.000717119167519746,0.0007047706453994862,0
2023-03-24T14:54:55Z,2023-03-24T14:55:00Z,8.069265117315993e-07,0.000708924876245692,0.0007097318027574236,0
2023-03-24T14:54:55Z,2023-03-24T14:55:00Z,9.103834621815125e-06,0.0007050737225588833,0.0007141775571806985,0
2023-03-24T14:54:55Z,2023-03-24T14:55:00Z,1.4354442789292379e-05,0.0007024895313693315,0.0007168439741586239,0
2023-03-24T14:54:55Z,2023-03-24T14:55:00Z,1.3491080382309665e-05,0.0007050001794538648,0.0007184912598361744,0
2023-03-24T14:54:55Z,2023-03-24T14:55:00Z,1.3901505354130478e-05,0.0007045283596702957,0.0007184298650244261,0
2023-03-24T14:54:55Z,2023-03-24T14:55:00Z,1.7714064371061704e-05,0.0006993727427757669,0.0007170868071468286,0
2023-03-24T14:55:55Z,2023-03-24T14:56:00Z,1.4613080838639077e-05,0.0007000169170736487,0.0007146299979122878,0
2023-03-24T14:55:55Z,2023-03-24T14:56:00Z,1.3946479928644818e-05,0.0006975176329830104,0.0007114641129116553,0
2023-03-24T14:55:55Z,2023-03-24T14:56:00Z,3.0605273622966687e-06,0.0007056090909409487,0.0007086696183032454,0
2023-03-24T14:55:55Z,2023-03-24T14:56:00Z,8.460141414962162e-06,0.0007146651933596337,0.0007062050519446716,0
2023-03-24T14:55:55Z,2023-03-24T14:56:00Z,1.5795847282317854e-05,0.0007203610693414367,0.0007045652220591188,0
2023-03-24T14:55:55Z,2023-03-24T14:56:00Z,1.3695879957085154e-05,0.0007180157046001928,0.0007043198246431076,0
2023-03-24T14:55:55Z,2023-03-24T14:56:00Z,1.7575262083839365e-05,0.0007230387060365214,0.000705463443952682,0
2023-03-24T14:55:55Z,2023-03-24T14:56:00Z,1.4098151402933525e-05,0.0007208557935597465,0.000706757642156813,0
2023-03-24T14:55:55Z,2023-03-24T14:56:00Z,1.9013251595198033e-05,0.0007278258112187301,0.000708812559623532,0
2023-03-24T14:55:55Z,2023-03-24T14:56:00Z,1.738939674561285e-05,0.000727787517779733,0.0007103981210341201,0
2023-03-24T14:55:55Z,2023-03-24T14:56:00Z,1.4573904495779962e-05,0.0007273017706847435,0.0007127278661889636,0
2023-03-24T14:56:55Z,2023-03-24T14:57:00Z,1.2878896816898217e-05,0.0007284482405062584,0.0007155693436893602,0
2023-03-24T14:56:55Z,2023-03-24T14:57:00Z,1.4520207985599626e-05,0.0007328180370360693,0.0007182978290504697,0
2023-03-24T14:56:55Z,2023-03-24T14:57:00Z,1.1261182058881682e-05,0.0007326520718616762,0.0007213908898027945,0
2023-03-24T14:56:55Z,2023-03-24T14:57:00Z,7.340590777423612e-06,0.0007314523751897301,0.0007241117844123065,0
2023-03-24T14:56:55Z,2023-03-24T14:57:00Z,5.6229944224487315e-06,0.0007315334666849595,0.0007259104722625107,0
2023-03-24T14:56:55Z,2023-03-24T14:57:00Z,1.0080174959568736e-05,0.0007370997778069089,0.0007270196028473402,0
2023-03-24T14:56:55Z,2023-03-24T14:57:00Z,1.760511830388022e-05,0.000745976497359697,0.0007283713790558168,0
2023-03-24T14:56:55Z,2023-03-24T14:57:00Z,2.0341166602359513e-05,0.0007501186528352151,0.0007297774862328555,0
2023-03-24T14:56:55Z,2023-03-24T14:57:00Z,2.0050101816229465e-05,0.0007523396584290801,0.0007322895566128507,0
2023-03-24T14:56:55Z,2023-03-24T14:57:00Z,6.798162046648152e-06,0.0007413170028211472,0.000734518840774499,0
2023-03-24T14:56:55Z,2023-03-24T14:57:00Z,5.940952131437238e-06,0.0007310331027079965,0.0007369740548394337,0
2023-03-24T14:56:55Z,2023-03-24T14:57:00Z,4.937821074188454e-06,0.0007334377569788857,0.0007383755780530741,0
2023-03-24T14:56:55Z,2023-03-24T14:57:00Z,2.6451290211459933e-06,0.000735988935252102,0.000738634064273248,0
2023-03-24T14:57:55Z,2023-03-24T14:58:00Z,4.441215948587673e-06,0.0007342548203189419,0.0007386960362675296,0
2023-03-24T14:57:55Z,2023-03-24T14:58:00Z,4.690260572372609e-06,0.0007343394620341997,0.0007390297226065723,0
2023-03-24T14:57:55Z,2023-03-24T14:58:00Z,1.925221894285038e-05,0.0007200577481766431,0.0007393099671194935,0
2023-03-24T14:57:55Z,2023-03-24T14:58:00Z,2.5166218483053666e-05,0.0007144243481713638,0.0007395905666544174,0
2023-03-24T14:57:55Z,2023-03-24T14:58:00Z,3.300614452737794e-05,0.0007048802191640129,0.0007378863636913908,0
2023-03-24T14:57:55Z,2023-03-24T14:58:00Z,3.06036022018842e-05,0.0007041275465706733,0.0007347311487725575,0
2023-03-24T14:57:55Z,2023-03-24T14:58:00Z,4.172534060273151e-05,0.0006884819648027058,0.0007302073054054373,0
2023-03-24T14:57:55Z,2023-03-24T14:58:00Z,5.3933630814474915e-05,0.0006714524634051217,0.0007253860942195966,0
2023-03-24T14:57:55Z,2023-03-24T14:58:00Z,7.820908855465361e-05,0.0006418935018630989,0.0007201025904177525,0
2023-03-24T14:57:55Z,2023-03-24T14:58:00Z,9.65992597126695e-05,0.0006175452667747954,0.000714144526487465,0
2023-03-24T14:57:55Z,2023-03-24T14:58:00Z,8.509688207996972e-05,0.0006198932188959166,0.0007049901009758864,0
2023-03-24T14:57:55Z,2023-03-24T14:58:00Z,8.4462234015384e-05,0.0006086835001127717,0.0006931457341281557,0
2023-03-24T14:58:55Z,2023-03-24T14:59:00Z,6.217368172217925e-05,0.0006195358922636739,0.0006817095739858532,0
2023-03-24T14:58:55Z,2023-03-24T14:59:00Z,3.788379497460118e-05,0.0006312601828191092,0.0006691439777937103,0
2023-03-24T14:58:55Z,2023-03-24T14:59:00Z,2.836929152515589e-05,0.0006307225006772575,0.0006590917922024134,0
2023-03-24T14:58:55Z,2023-03-24T14:59:00Z,1.522572347209452e-06,0.0006492528033199784,0.0006507753756671878,0
2023-03-24T14:58:55Z,2023-03-24T14:59:00Z,1.8700616524726745e-05,0.0006620602203432392,0.0006433596038185125,0
2023-03-24T14:58:55Z,2023-03-24T14:59:00Z,2.7819825570221126e-05,0.000665691955063664,0.0006378721294934429,0
2023-03-24T14:58:55Z,2023-03-24T14:59:00Z,4.169143630370492e-05,0.0006769213913512012,0.0006352299550474962,0
2023-03-24T14:58:55Z,2023-03-24T14:59:00Z,5.19564716393822e-05,0.0006866103758527327,0.0006346539042133505,0
2023-03-24T14:58:55Z,2023-03-24T14:59:00Z,7.178869885211185e-05,0.0007099453920142725,0.0006381566931621607,0
2023-03-24T14:58:55Z,2023-03-24T14:59:00Z,7.949960133735807e-05,0.0007245628054073125,0.0006450632040699544,0
2023-03-24T14:58:55Z,2023-03-24T14:59:00Z,7.19514653764081e-05,0.0007260198867581982,0.0006540684213817901,0
2023-03-24T14:58:55Z,2023-03-24T14:59:00Z,5.2163432353188985e-05,0.0007178197842644331,0.0006656563519112441,0
2023-03-24T14:59:55Z,2023-03-24T15:00:00Z,3.653846832142452e-05,0.000712843219682121,0.0006763047513606965,0
2023-03-24T14:59:55Z,2023-03-24T15:00:00Z,2.6539050121497025e-05,0.0007114997616267258,0.0006849607115052287,0
2023-03-24T14:59:55Z,2023-03-24T15:00:00Z,1.0638258838021318e-05,0.0007038110422437365,0.0006931727834057152,0
2023-03-24T14:59:55Z,2023-03-24T15:00:00Z,8.768157351168914e-06,0.0007081656365875589,0.00069939747923639,0
2023-03-24T14:59:55Z,2023-03-24T15:00:00Z,1.1722119878223702e-05,0.0007152946813046635,0.0007035725614264398,0
2023-03-24T14:59:55Z,2023-03-24T15:00:00Z,2.158898558256414e-05,0.0007294089151613934,0.0007078199295788292,0
2023-03-24T14:59:55Z,2023-03-24T15:00:00Z,2.5757011107928438e-05,0.0007374142696821038,0.0007116572585741754,0
2023-03-24T14:59:55Z,2023-03-24T15:00:00Z,2.3519246145002333e-05,0.0007394563586500439,0.0007159371125050416,0
2023-03-24T14:59:55Z,2023-03-24T15:00:00Z,2.375858323556241e-05,0.0007424425835073871,0.0007186840002718247,0
2023-03-24T14:59:55Z,2023-03-24T15:00:00Z,1.934673853597646e-05,0.0007395200941320742,0.0007201733555960978,0
2023-03-24T14:59:55Z,2023-03-24T15:00:00Z,2.1116227450168243e-05,0.000742931852721185,0.0007218156252710167,0
2023-03-24T14:59:55Z,2023-03-24T15:00:00Z,2.4842051545022554e-05,0.0007488277078028034,0.0007239856562577809,0
2023-03-24T15:00:55Z,2023-03-24T15:01:00Z,2.028827692688402e-05,0.0007472827964885712,0.0007269945195616872,0
2023-03-24T15:00:55Z,2023-03-24T15:01:00Z,2.2280891096267152e-05,0.0007530082052755622,0.000730727314179295,0
2023-03-24T15:00:55Z,2023-03-24T15:01:00Z,2.105771257045273e-05,0.0007561322021742312,0.0007350744896037785,0
2023-03-24T15:00:55Z,2023-03-24T15:01:00Z,1.341323463532277e-05,0.0007529719811079016,0.0007395587464725788,0
2023-03-24T15:00:55Z,2023-03-24T15:01:00Z,8.666664360941967e-06,0.0007523091629204775,0.0007436424985595355,0
2023-03-24T15:00:55Z,2023-03-24T15:01:00Z,1.0154931551594935e-05,0.0007561537367057813,0.0007459988051541864,0
2023-03-24T15:00:55Z,2023-03-24T15:01:00Z,3.1593199356537904e-06,0.0007506476144136775,0.0007474882944780237,0
2023-03-24T15:00:55Z,2023-03-24T15:01:00Z,1.3716438140114456e-06,0.000750529676097609,0.0007491580322835975,0
2023-03-24T15:00:55Z,2023-03-24T15:01:00Z,3.7289172395639676e-07,0.0007503514270981829,0.0007499785353742265,0
2023-03-24T15:00:55Z,2023-03-24T15:01:00Z,3.1671146877758696e-06,0.0007542466082585558,0.0007510794935707799,0
2023-03-24T15:00:55Z,2023-03-24T15:01:00Z,5.642575518269473e-06,0.0007461788754902103,0.0007518214510084798,0
2023-03-24T15:00:55Z,2023-03-24T15:01:00Z,5.972944368469197e-06,0.0007463903966855858,0.000752363341054055,0
2023-03-24T15:01:55Z,2023-03-24T15:02:00Z,1.8820722729216222e-06,0.0007503708766812973,0.0007522529489542189,1
2023-03-24T15:01:55Z,2023-03-24T15:02:00Z,2.0247508181035377e-06,0.0007536159189133248,0.0007515911680952212,1
2023-03-24T15:01:55Z,2023-03-24T15:02:00Z,8.401773885650661e-06,0.0007594168094315785,0.0007510150355459278,1
2023-03-24T15:01:55Z,2023-03-24T15:02:00Z,1.587912862895688e-05,0.0007669585579554271,0.0007510794293264702,1
2023-03-24T15:01:55Z,2023-03-24T15:02:00Z,2.4937084401718845e-05,0.0007767272783792992,0.0007517901939775803,1
2023-03-24T15:01:55Z,2023-03-24T15:02:00Z,2.4775716830518113e-05,0.000777646392933063,0.0007528706761025449,1
2023-03-24T15:01:55Z,2023-03-24T15:02:00Z,2.78535983814917e-05,0.0007833322408805988,0.000755478642499107,1
2023-03-24T15:01:55Z,2023-03-24T15:02:00Z,2.9754940706849657e-05,0.0007879452548895022,0.0007581903141826525,1
2023-03-24T15:01:55Z,2023-03-24T15:02:00Z,2.5447003823051957e-05,0.0007869353993839459,0.000761488395560894,1
2023-03-24T15:01:55Z,2023-03-24T15:02:00Z,2.8051809862559142e-05,0.0007929100700865478,0.0007648582602239886,1
2023-03-24T15:01:55Z,2023-03-24T15:02:00Z,3.031122584253368e-05,0.0007992451384558958,0.0007689339126133621,1
2023-03-24T15:01:55Z,2023-03-24T15:02:00Z,2.109700580499123e-05,0.0007946828857584497,0.0007735858799534584,1
2023-03-24T15:02:55Z,2023-03-24T15:03:00Z,1.3712847843901782e-05,0.00079218615397482,0.0007784733061309183,1
2023-03-24T15:02:55Z,2023-03-24T15:03:00Z,1.1822061537135288e-05,0.0007944020643525661,0.0007825800028154308,1
2023-03-24T15:02:55Z,2023-03-24T15:03:00Z,8.131642557489185e-06,0.0007939885798272441,0.0007858569372697549,1
2023-03-24T15:02:55Z,2023-03-24T15:03:00Z,8.050686634338802e-06,0.0007966519745438077,0.0007886012879094689,1
2023-03-24T15:02:55Z,2023-03-24T15:03:00Z,3.0999667851017414e-06,0.000793427384839365,0.0007903274180542633,1
2023-03-24T15:02:55Z,2023-03-24T15:03:00Z,5.515661109844702e-06,0.0007977436373251825,0.0007922279762153378,1
2023-03-24T15:02:55Z,2023-03-24T15:03:00Z,6.0489700682142674e-06,0.0007992864606794287,0.0007932374906112144,1
2023-03-24T15:02:55Z,2023-03-24T15:03:00Z,1.2986152863562832e-05,0.0008072034817183453,0.0007942173288547824,1
2023-03-24T15:02:55Z,2023-03-24T15:03:00Z,1.541881359134892e-05,0.0008108712485756796,0.0007954524349843307,1
2023-03-24T15:02:55Z,2023-03-24T15:03:00Z,1.3217944540176588e-05,0.000810099720687687,0.0007968817761475105,1
2023-03-24T15:02:55Z,2023-03-24T15:03:00Z,2.007011994344121e-05,0.0008181145071029301,0.0007980443871594889,1
2023-03-24T15:03:55Z,2023-03-24T15:04:00Z,2.3311702391057027e-05,0.0008228977730434697,0.0007995860706524127,1
2023-03-24T15:03:55Z,2023-03-24T15:04:00Z,1.909228490888594e-05,0.0008212711908741095,0.0008021789059652236,1
2023-03-24T15:03:55Z,2023-03-24T15:04:00Z,3.12374737027922e-06,0.0008081522242045931,0.0008050284768343138,1
2023-03-24T15:03:55Z,2023-03-24T15:04:00Z,7.061183295963198e-06,0.0008006955546430373,0.0008077567379390005,1
2023-03-24T15:03:55Z,2023-03-24T15:04:00Z,1.2636902363055919e-05,0.0007962698605420231,0.000808906762905079,1
2023-03-24T15:03:55Z,2023-03-24T15:04:00Z,1.5088805401801148e-05,0.0007945447744836452,0.0008096335798854463,1
2023-03-24T15:03:55Z,2023-03-24T15:04:00Z,1.4343173541206248e-05,0.000795143028665924,0.0008094862022071303,1
2023-03-24T15:03:55Z,2023-03-24T15:04:00Z,1.8358707762079524e-05,0.0007906533258254724,0.0008090120335875519,1
2023-03-24T15:03:55Z,2023-03-24T15:04:00Z,2.74345468996509e-05,0.000780371441382659,0.0008078059882823099,1
2023-03-24T15:03:55Z,2023-03-24T15:04:00Z,2.7986508296994582e-05,0.0007777976877102945,0.0008057841960072891,1
2023-03-24T15:03:55Z,2023-03-24T15:04:00Z,2.9078669430653687e-05,0.0007737326986461327,0.0008028113680767863,1
2023-03-24T15:03:55Z,2023-03-24T15:04:00Z,3.262569004580673e-05,0.000766153996091716,0.0007987796861375228,1
2023-03-24T15:03:55Z,2023-03-24T15:04:00Z,3.0767595067698146e-05,0.000763095583630091,0.0007938631786977891,1
2023-03-24T15:04:55Z,2023-03-24T15:05:00Z,2.9849164155693357e-05,0.0007585022950638564,0.0007883514592195497,1
2023-03-24T15:04:55Z,2023-03-24T15:05:00Z,2.7820591251596525e-05,0.0007560252039105031,0.0007838457951620996,1
2023-03-24T15:04:55Z,2023-03-24T15:05:00Z,3.3483020809731384e-05,0.0007461434483944499,0.0007796264692041813,1
2023-03-24T15:04:55Z,2023-03-24T15:05:00Z,3.338531460074176e-05,0.0007422166889402877,0.0007756020035410295,1
2023-03-24T15:04:55Z,2023-03-24T15:05:00Z,2.7358924105142998e-05,0.000743402946826967,0.00077076187093211,1
2023-03-24T15:04:55Z,2023-03-24T15:05:00Z,2.7785133930268032e-05,0.0007376841030292782,0.0007654692369595462,1
2023-03-24T15:04:55Z,2023-03-24T15:05:00Z,2.3074442245615227e-05,0.0007376697568140806,0.0007607441990596959,1
2023-03-24T15:04:55Z,2023-03-24T15:05:00Z,1.5089698728561261e-05,0.0007413857664957964,0.0007564754652243577,1
2023-03-24T15:04:55Z,2023-03-24T15:05:00Z,1.8928514063507886e-05,0.0007335341580712284,0.0007524626721347363,1
2023-03-24T15:04:55Z,2023-03-24T15:05:00Z,1.4110946798880845e-05,0.0007351170321208218,0.0007492279789197027,1
2023-03-24T15:04:55Z,2023-03-24T15:05:00Z,9.179331964475441e-06,0.0007367866631531783,0.0007459659951176538,1
2023-03-24T15:04:55Z,2023-03-24T15:05:00Z,4.2012631538902896e-07,0.000743588266282116,0.000743168139966727,1
2023-03-24T15:05:55Z,2023-03-24T15:06:00Z,1.0816793347964335e-05,0.0007518133701236235,0.0007409965767756592,1
2023-03-24T15:05:55Z,2023-03-24T15:06:00Z,1.6566440758840643e-05,0.000756319323771661,0.0007397528830128204,1
2023-03-24T15:05:55Z,2023-03-24T15:06:00Z,2.6838302516062496e-05,0.0007671581777018003,0.0007403198751857378,1
2023-03-24T15:05:55Z,2023-03-24T15:06:00Z,3.225351728855996e-05,0.0007739836559574351,0.0007417301386688751,1
2023-03-24T15:05:55Z,2023-03-24T15:06:00Z,2.6766457617606034e-05,0.0007708721193739645,0.0007441056617563585,1
2023-03-24T15:05:55Z,2023-03-24T15:06:00Z,2.1841457212800914e-05,0.0007695770742619751,0.0007477356170491741,1
2023-03-24T15:05:55Z,2023-03-24T15:06:00Z,1.9545278641126275e-05,0.0007706011319462888,0.0007510558533051626,1
2023-03-24T15:05:55Z,2023-03-24T15:06:00Z,1.6006934068047568e-05,0.0007698819181498281,0.0007538749840817806,1
2023-03-24T15:05:55Z,2023-03-24T15:06:00Z,1.75788679940438e-05,0.0007751605494633303,0.0007575816814692865,1
2023-03-24T15:05:55Z,2023-03-24T15:06:00Z,8.869486018363141e-06,0.0007699276560905503,0.0007610581700721871,1
2023-03-24T15:05:55Z,2023-03-24T15:06:00Z,8.938279371878497e-07,0.0007657893866403901,0.0007648955587032022,1
2023-03-24T15:05:55Z,2023-03-24T15:06:00Z,2.451206320437725e-06,0.000765078291363608,0.0007675294976840458,1
2023-03-24T15:06:55Z,2023-03-24T15:07:00Z,3.904232001683376e-06,0.000765022867334039,0.0007689270993357224,1
2023-03-24T15:06:55Z,2023-03-24T15:07:00Z,9.74208070444061e-07,0.000768828788024473,0.000769802996094917,1
2023-03-24T15:06:55Z,2023-03-24T15:07:00Z,5.593874906105272e-06,0.0007639955901520357,0.000769589465058141,1
2023-03-24T15:06:55Z,2023-03-24T15:07:00Z,7.223905780385804e-06,0.0007618500724844589,0.0007690739782648447,1
2023-03-24T15:06:55Z,2023-03-24T15:07:00Z,1.4680747600669727e-06,0.0007669182505825847,0.0007683863253426517,1
2023-03-24T15:06:55Z,2023-03-24T15:07:00Z,6.696938182210025e-06,0.0007743105633471102,0.0007676136251649002,1
2023-03-24T15:06:55Z,2023-03-24T15:07:00Z,1.9946378865177256e-05,0.0007871917158937071,0.0007672453370285298,1
2023-03-24T15:06:55Z,2023-03-24T15:07:00Z,2.690935979470714e-05,0.0007945975613429651,0.000767688201548258,1
2023-03-24T15:06:55Z,2023-03-24T15:07:00Z,2.504860519929005e-05,0.0007939399233905857,0.0007688913181912956,1
2023-03-24T15:06:55Z,2023-03-24T15:07:00Z,2.4635757555799298e-05,0.0007959940662723364,0.0007713583087165371,1
2023-03-24T15:06:55Z,2023-03-24T15:07:00Z,2.4418224977086232e-05,0.000798591587368643,0.0007741733623915567,1
2023-03-24T15:06:55Z,2023-03-24T15:07:00Z,1.86888787417392e-05,0.0007959538186241687,0.0007772649398824295,1
2023-03-24T15:07:55Z,2023-03-24T15:08:00Z,1.421339674051057e-05,0.0007948352086264005,0.0007806218118858899,1
2023-03-24T15:07:55Z,2023-03-24T15:08:00Z,7.765682736159346e-06,0.0007910999976820188,0.0007833343149458594,1
2023-03-24T15:07:55Z,2023-03-24T15:08:00Z,7.300898624504684e-06,0.0007937191754178006,0.000786418276793296,1
2023-03-24T15:07:55Z,2023-03-24T15:08:00Z,2.7795868970970647e-06,0.0007921228562101491,0.0007893432693130521,1
2023-03-24T15:07:55Z,2023-03-24T15:08:00Z,2.6920009906434336e-06,0.00078933136080593,0.0007920233617965735,1
2023-03-24T15:07:55Z,2023-03-24T15:08:00Z,6.288559208488236e-06,0.0007875160318743892,0.0007938045910828775,1
2023-03-24T15:07:55Z,2023-03-24T15:08:00Z,1.8952869095259115e-05,0.0007750656864788406,0.0007940185555740997,1
2023-03-24T15:07:55Z,2023-03-24T15:08:00Z,2.4312866800318337e-05,0.0007689975358269238,0.0007933104026272422,1
2023-03-24T15:07:55Z,2023-03-24T15:08:00Z,2.655048580221353e-05,0.0007648724931338543,0.0007914229789360678,1
2023-03-24T15:07:55Z,2023-03-24T15:08:00Z,1.081814254914827e-05,0.0007779051833423782,0.0007887233258915265,1
2023-03-24T15:07:55Z,2023-03-24T15:08:00Z,1.3080488384566028e-06,0.000784043367629591,0.0007853514164680477,1
2023-03-24T15:08:55Z,2023-03-24T15:09:00Z,1.1112224393266526e-06,0.0007846577753791952,0.0007835465529398686,0
2023-03-24T15:08:55Z,2023-03-24T15:09:00Z,3.6971747258351343e-06,0.0007787701941143524,0.0007824673688401876,0
2023-03-24T15:08:55Z,2023-03-24T15:09:00Z,8.375328457679702e-06,0.0007734478181522255,0.0007818231466099052,0
2023-03-24T15:08:55Z,2023-03-24T15:09:00Z,1.4273311911828265e-05,0.0007660549365677321,0.0007803282484795603,0
2023-03-24T15:08:55Z,2023-03-24T15:09:00Z,2.0347227046767333e-05,0.0007581135176270008,0.0007784607446737681,0
2023-03-24T15:08:55Z,2023-03-24T15:09:00Z,1.3226964847846555e-05,0.0007629061374021017,0.0007761331022499482,0
2023-03-24T15:08:55Z,2023-03-24T15:09:00Z,1.991110823352225e-05,0.0007532817425916871,0.0007731928508252094,0
2023-03-24T15:08:55Z,2023-03-24T15:09:00Z,1.3130668204477296e-05,0.0007588462277130581,0.0007719768959175354,0
2023-03-24T15:08:55Z,2023-03-24T15:09:00Z,8.847121542793386e-06,0.0007615581950512184,0.0007704053165940118,0
2023-03-24T15:08:55Z,2023-03-24T15:09:00Z,1.1976230503252141e-05,0.00075782645954868,0.0007698026900519321,0
2023-03-24T15:08:55Z,2023-03-24T15:09:00Z,1.4725301552002057e-06,0.0007696405213780164,0.0007681679912228162,0
2023-03-24T15:08:55Z,2023-03-24T15:09:00Z,5.185526003321627e-06,0.0007707318264180467,0.0007655463004147251,0
2023-03-24T15:08:55Z,2023-03-24T15:09:00Z,1.3344088920532815e-05,0.0007773886639351401,0.0007640445750146073,0
2023-03-24T15:09:55Z,2023-03-24T15:10:00Z,1.6923882653924844e-05,0.0007801646208989016,0.0007632407382449768,0
2023-03-24T15:09:55Z,2023-03-24T15:10:00Z,1.5431479484220335e-05,0.0007790663023074885,0.0007636348228232682,0
2023-03-24T15:09:55Z,2023-03-24T15:10:00Z,1.0412238230664804e-05,0.0007754580294870499,0.0007650457912563851,0
2023-03-24T15:09:55Z,2023-03-24T15:10:00Z,1.7617849292776884e-06,0.0007689028546537115,0.0007671410697244338,0
2023-03-24T15:09:55Z,2023-03-24T15:10:00Z,4.8471905128951625e-06,0.0007635490684200335,0.0007683962589329287,0
2023-03-24T15:09:55Z,2023-03-24T15:10:00Z,3.4728563665934386e-06,0.0007664855137725378,0.0007699583701391312,0
2023-03-24T15:09:55Z,2023-03-24T15:10:00Z,7.841576650941917e-06,0.0007625870775588867,0.0007704286542098286,0
2023-03-24T15:09:55Z,2023-03-24T15:10:00Z,5.759058569575659e-06,0.0007651623275123848,0.0007709213860819605,0
2023-03-24T15:09:55Z,2023-03-24T15:10:00Z,1.7304001429730353e-06,0.0007696670477400083,0.0007713974478829813,0
2023-03-24T15:09:55Z,2023-03-24T15:10:00Z,6.019533921711108e-06,0.0007649300945747072,0.0007709496284964183,0
2023-03-24T15:09:55Z,2023-03-24T15:10:00Z,2.7961375280709678e-06,0.0007680470131005433,0.0007708431506286143,0
2023-03-24T15:09:55Z,2023-03-24T15:10:00Z,4.393634266644736e-06,0.0007739909279592157,0.0007695972936925709,0
2023-03-24T15:10:55Z,2023-03-24T15:11:00Z,5.662937350327918e-06,0.0007740484702630631,0.0007683855329127352,0
2023-03-24T15:10:55Z,2023-03-24T15:11:00Z,5.605430926864611e-06,0.0007734834264047725,0.0007678779954779079,0
2023-03-24T15:10:55Z,2023-03-24T15:11:00Z,7.228439389314178e-06,0.0007749654789448234,0.0007677370395555093,0
2023-03-24T15:10:55Z,2023-03-24T15:11:00Z,5.207386853002018e-06,0.0007734024835836172,0.0007681950967306152,0
2023-03-24T15:10:55Z,2023-03-24T15:11:00Z,1.608709281810739e-05,0.0007532496449649869,0.0007693367377830943,0
2023-03-24T15:10:55Z,2023-03-24T15:11:00Z,1.6926644077772243e-05,0.00075310179068643,0.0007700284347642023,0
2023-03-24T15:10:55Z,2023-03-24T15:11:00Z,1.9669131353494533e-05,0.0007494255601513177,0.0007690946915048122,0
2023-03-24T15:10:55Z,2023-03-24T15:11:00Z,1.8164216515641663e-05,0.0007497244213065751,0.0007678886378222168,0
2023-03-24T15:10:55Z,2023-03-24T15:11:00Z,6.852674966568322e-06,0.0007590118140967794,0.0007658644890633478,0
2023-03-24T15:10:55Z,2023-03-24T15:11:00Z,5.103012450798322e-06,0.0007694469341873328,0.0007643439217365344,0
2023-03-24T15:10:55Z,2023-03-24T15:11:00Z,7.2895746249436065e-06,0.0007707299764611017,0.0007634404018361581,0
2023-03-24T15:11:55Z,2023-03-24T15:12:00Z,9.214859940912543e-06,0.0007722008623998823,0.0007629860024589698,1
2023-03-24T15:11:55Z,2023-03-24T15:12:00Z,2.4126351708811345e-05,0.000786780504787585,0.0007626541530787737,1
2023-03-24T15:11:55Z,2023-03-24T15:12:00Z,3.4848330391754946e-05,0.0007973742270700395,0.0007625258966782846,1
2023-03-24T15:11:55Z,2023-03-24T15:12:00Z,2.8089610768302492e-05,0.0007917970100308633,0.0007637073992625608,1
2023-03-24T15:11:55Z,2023-03-24T15:12:00Z,2.620377628421099e-05,0.0007923083498954141,0.0007661045736112031,1
2023-03-24T15:11:55Z,2023-03-24T15:12:00Z,3.0763668389679165e-05,0.00080072297850747,0.0007699593101177908,1
2023-03-24T15:11:55Z,2023-03-24T15:12:00Z,3.027596527197321e-05,0.0008041559313106624,0.0007738799660386891,1
2023-03-24T15:11:55Z,2023-03-24T15:12:00Z,2.8019480539259105e-05,0.0008070291884135634,0.0007790097078743043,1
2023-03-24T15:11:55Z,2023-03-24T15:12:00Z,1.798525874997423e-05,0.0008024381176246873,0.000784452858874713,1
2023-03-24T15:11:55Z,2023-03-24T15:12:00Z,1.2109896439456793e-05,0.0008013644927458484,0.0007892545963063916,1
2023-03-24T15:11:55Z,2023-03-24T15:12:00Z,6.760419605258169e-06,0.0007993141342553851,0.0007925537146501269,1
2023-03-24T15:11:55Z,2023-03-24T15:12:00Z,6.087999195519616e-07,0.0007950083663590496,0.0007956171662786015,1
2023-03-24T15:11:55Z,2023-03-24T15:12:00Z,5.252933426065252e-06,0.0007930755600380865,0.0007983284934641518,1
2023-03-24T15:12:55Z,2023-03-24T15:13:00Z,7.150238663756981e-06,0.0007920010409575413,0.0007991512796212982,1
2023-03-24T15:12:55Z,2023-03-24T15:13:00Z,1.2963920874012195e-05,0.0007857574920440908,0.000798721412918103,1
2023-03-24T15:12:55Z,2023-03-24T15:13:00Z,5.07284700427288e-06,0.000793668969006498,0.0007987418160107708,1
2023-03-24T15:12:55Z,2023-03-24T15:13:00Z,1.3462810407353205e-05,0.0007846239198182854,0.0007980867302256386,1
2023-03-24T15:12:55Z,2023-03-24T15:13:00Z,2.3061667360692968e-05,0.0007743196619148483,0.0007973813292755413,1
2023-03-24T15:12:55Z,2023-03-24T15:13:00Z,1.96857920762752e-05,0.0007757423360500284,0.0007954281281263036,1
2023-03-24T15:12:55Z,2023-03-24T15:13:00Z,1.7780153429421846e-05,0.0007743770220470103,0.0007921571754764321,1
2023-03-24T15:12:55Z,2023-03-24T15:13:00Z,5.777647325908367e-06,0.0007837099499930578,0.0007894875973189662,1
2023-03-24T15:12:55Z,2023-03-24T15:13:00Z,6.053978291230364e-07,0.0007861834524199593,0.0007867888502490824,1
2023-03-24T15:12:55Z,2023-03-24T15:13:00Z,4.463119428683212e-07,0.0007847821198799813,0.0007852284318228496,1
2023-03-24T15:12:55Z,2023-03-24T15:13:00Z,1.3418502759403404e-06,0.000785687790704881,0.0007843459404289407,1
2023-03-24T15:13:55Z,2023-03-24T15:14:00Z,9.072966597963505e-06,0.0007925895630110936,0.0007835165964131301,0
2023-03-24T15:13:55Z,2023-03-24T15:14:00Z,2.7979555445441185e-06,0.0007856832269324082,0.0007828852713878641,0
2023-03-24T15:13:55Z,2023-03-24T15:14:00Z,7.734580563496384e-06,0.0007913030590480606,0.0007835684784845643,0
2023-03-24T15:13:55Z,2023-03-24T15:14:00Z,3.9296034828328885e-06,0.0007866995077599881,0.0007827699042771552,0
2023-03-24T15:13:55Z,2023-03-24T15:14:00Z,1.1544651537980194e-05,0.0007949824697381131,0.0007834378182001329,0
2023-03-24T15:13:55Z,2023-03-24T15:14:00Z,6.136246209799954e-06,0.0007908120489944468,0.0007846758027846469,0
2023-03-24T15:13:55Z,2023-03-24T15:14:00Z,7.473863938521987e-06,0.0007940736800919774,0.0007865998161534554,0
2023-03-24T15:13:55Z,2023-03-24T15:14:00Z,5.907014239534339e-06,0.0007941503330877334,0.000788243318848199,0
2023-03-24T15:13:55Z,2023-03-24T15:14:00Z,2.7058680393423186e-06,0.0007919855598974333,0.0007892796918580909,0
2023-03-24T15:13:55Z,2023-03-24T15:14:00Z,5.902901230896889e-06,0.0007841734786939716,0.0007900763799248685,0
2023-03-24T15:13:55Z,2023-03-24T15:14:00Z,3.824078594411831e-06,0.0007869726453322017,0.0007907967239266135,0
2023-03-24T15:13:55Z,2023-03-24T15:14:00Z,3.7167176926186218e-06,0.0007869285750329039,0.0007906452927255225,0
2023-03-24T15:13:55Z,2023-03-24T15:14:00Z,3.6571472751452134e-06,0.0007864264536824882,0.0007900836009576334,0
2023-03-24T15:14:55Z,2023-03-24T15:15:00Z,1.30834292733984e-05,0.0007771247064942846,0.000790208135767683,0
2023-03-24T15:14:55Z,2023-03-24T15:15:00Z,1.7130502562784323e-05,0.0007725899726683414,0.0007897204752311258,0
2023-03-24T15:14:55Z,2023-03-24T15:15:00Z,1.703046814403278e-05,0.0007717325269605228,0.0007887629951045555,0
2023-03-24T15:14:55Z,2023-03-24T15:15:00Z,1.5263691960765223e-05,0.0007712600534368129,0.0007865237453975781,0
2023-03-24T15:14:55Z,2023-03-24T15:15:00Z,4.807351967089273e-06,0.0007798084412270965,0.0007846157931941858,0
2023-03-24T15:14:55Z,2023-03-24T15:15:00Z,1.0483808961968743e-05,0.0007718506215667007,0.0007823344305286694,0
2023-03-24T15:14:55Z,2023-03-24T15:15:00Z,1.5314945394592468e-05,0.0007655852959480131,0.0007809002413426056,0
2023-03-24T15:14:55Z,2023-03-24T15:15:00Z,2.0032163252677558e-05,0.0007588545842568549,0.0007788867475095325,0
2023-03-24T15:14:55Z,2023-03-24T15:15:00Z,2.068657748670311e-05,0.0007563413517482334,0.0007770279292349365,0
2023-03-24T15:14:55Z,2023-03-24T15:15:00Z,2.3002260043501212e-05,0.0007512138630839006,0.0007742161231274018,0
2023-03-24T15:14:55Z,2023-03-24T15:15:00Z,2.1905233435545106e-05,0.0007492521673633897,0.0007711574007989348,0
2023-03-24T15:14:55Z,2023-03-24T15:15:00Z,2.3733004132215903e-05,0.0007439031376068602,0.0007676361417390761,0
2023-03-24T15:15:55Z,2023-03-24T15:16:00Z,9.978165992109169e-06,0.0007548707218338773,0.0007648488878259865,0
2023-03-24T15:15:55Z,2023-03-24T15:16:00Z,4.6682807820007215e-06,0.0007573119235378377,0.0007619802043198384,0
2023-03-24T15:15:55Z,2023-03-24T15:16:00Z,7.0035735813290265e-06,0.0007672975973885028,0.0007602940238071738,0
2023-03-24T15:15:55Z,2023-03-24T15:16:00Z,1.1152887535297268e-05,0.0007700520983525737,0.0007588992108172764,0
2023-03-24T15:15:55Z,2023-03-24T15:16:00Z,1.5125219980628712e-05,0.0007727733464140457,0.000757648126433417,0
2023-03-24T15:15:55Z,2023-03-24T15:16:00Z,1.8682178967151545e-05,0.0007761504530791559,0.0007574682741120043,0
2023-03-24T15:15:55Z,2023-03-24T15:16:00Z,1.9725046292512743e-05,0.0007779121254511204,0.0007581870791586076,0
2023-03-24T15:15:55Z,2023-03-24T15:16:00Z,1.7566428819461495e-05,0.0007774830948602991,0.0007599166660408376,0
2023-03-24T15:15:55Z,2023-03-24T15:16:00Z,2.2412801904375126e-05,0.0007844865453155015,0.0007620737434111263,0
2023-03-24T15:15:55Z,2023-03-24T15:16:00Z,2.6630372932928605e-05,0.0007913310395216949,0.0007647006665887663,0
2023-03-24T15:15:55Z,2023-03-24T15:16:00Z,1.9668646331283336e-05,0.0007878927507152608,0.0007682241043839775,0
2023-03-24T15:16:55Z,2023-03-24T15:17:00Z,1.4565290240342089e-05,0.0007875321848158029,0.0007729668945754608,0
2023-03-24T15:16:55Z,2023-03-24T15:17:00Z,6.719710493412884e-06,0.0007829888079570121,0.0007762690974635993,0
2023-03-24T15:16:55Z,2023-03-24T15:17:00Z,3.1628786775241e-07,0.0007796074114591481,0.0007792911235913957,0
2023-03-24T15:16:55Z,2023-03-24T15:17:00Z,1.7537698649661105e-06,0.0007826140145132128,0.0007808602446482467,0
2023-03-24T15:16:55Z,2023-03-24T15:17:00Z,1.7751705969006222e-06,0.0007800406053620035,0.0007818157759589042,0
2023-03-24T15:16:55Z,2023-03-24T15:17:00Z,2.6202840997854165e-06,0.0007854201268686063,0.0007827998427688209,0
2023-03-24T15:16:55Z,2023-03-24T15:17:00Z,1.8799938513750988e-06,0.0007813088641457305,0.0007831888579971056,0
2023-03-24T15:16:55Z,2023-03-24T15:17:00Z,1.916828272647544e-06,0.0007858564864115019,0.0007839396581388544,0
2023-03-24T15:16:55Z,2023-03-24T15:17:00Z,5.5842605608936e-06,0.0007899064956282908,0.0007843222350673972,0
2023-03-24T15:16:55Z,2023-03-24T15:17:00Z,4.360178429648788e-07,0.0007848952470199623,0.0007844592291769974,0
2023-03-24T15:16:55Z,2023-03-24T15:17:00Z,4.2861654873210505e-06,0.000788602940274978,0.000784316774787657,0
2023-03-24T15:16:55Z,2023-03-24T15:17:00Z,1.0942672141259105e-05,0.0007949596965593863,0.0007840170244181272,0
2023-03-24T15:16:55Z,2023-03-24T15:17:00Z,1.7863029829912535e-05,0.0008019871297939574,0.0007841240999640448,0
2023-03-24T15:17:55Z,2023-03-24T15:18:00Z,1.875853717400299e-05,0.0008040797259982852,0.0007853211888242822,0
2023-03-24T15:17:55Z,2023-03-24T15:18:00Z,3.429087490750926e-05,0.0008218500355652722,0.000787559160657763,0
2023-03-24T15:17:55Z,2023-03-24T15:18:00Z,3.522448933014155e-05,0.0008249302211364118,0.0007897057318062702,0
2023-03-24T15:17:55Z,2023-03-24T15:18:00Z,3.363647149150055e-05,0.0008275231463180977,0.0007938866748265971,0
2023-03-24T15:17:55Z,2023-03-24T15:18:00Z,3.085456839020011e-05,0.0008286922526435777,0.0007978376842533776,0
2023-03-24T15:17:55Z,2023-03-24T15:18:00Z,3.89782716669209e-05,0.0008414373841375353,0.0008024591124706144,0
2023-03-24T15:17:55Z,2023-03-24T15:18:00Z,2.8859837240106023e-05,0.000835602526333928,0.000806742689093822,0
2023-03-24T15:17:55Z,2023-03-24T15:18:00Z,2.5531458471669236e-05,0.0008374272364164157,0.0008118957779447465,0
2023-03-24T15:17:55Z,2023-03-24T15:18:00Z,2.3298666932967233e-05,0.0008402651728091102,0.000816966505876143,0
2023-03-24T15:17:55Z,2023-03-24T15:18:00Z,1.095272391398751e-05,0.0008328016594042741,0.0008218489354902866,0
2023-03-24T15:17:55Z,2023-03-24T15:18:00Z,9.188875272408948e-06,0.000835568358387668,0.0008263794831152591,0
2023-03-24T15:17:55Z,2023-03-24T15:18:00Z,1.7795226235873488e-06,0.0008276814134527033,0.0008294609360762907,0
2023-03-24T15:18:55Z,2023-03-24T15:19:00Z,1.8156469504075775e-05,0.0008144533298111532,0.000832609799315229,0
2023-03-24T15:18:55Z,2023-03-24T15:19:00Z,2.951717951306138e-05,0.0008036757575909108,0.0008331929371039722,0
2023-03-24T15:18:55Z,2023-03-24T15:19:00Z,3.639479315678128e-05,0.0007957504548146651,0.0008321452479714464,0
2023-03-24T15:18:55Z,2023-03-24T15:19:00Z,3.418711670697544e-05,0.0007955733923917522,0.0008297605090987276,0
2023-03-24T15:18:55Z,2023-03-24T15:19:00Z,3.3732394486933105e-05,0.0007927339348289033,0.0008264663293158364,0
2023-03-24T15:18:55Z,2023-03-24T15:19:00Z,2.7415425984280545e-05,0.0007944645041569776,0.0008218799301412581,0
2023-03-24T15:18:55Z,2023-03-24T15:19:00Z,2.158443219127859e-05,0.000796008638799477,0.0008175930709907556,0
2023-03-24T15:18:55Z,2023-03-24T15:19:00Z,1.5735640763689623e-05,0.0007975611570011222,0.0008132967977648118,0
2023-03-24T15:18:55Z,2023-03-24T15:19:00Z,9.896287693506511e-06,0.000798974856670342,0.0008088711443638485,0
2023-03-24T15:18:55Z,2023-03-24T15:19:00Z,1.776649576180271e-06,0.0008071237436997136,0.0008053470941235333,0
2023-03-24T15:18:55Z,2023-03-24T15:19:00Z,8.59537838158043e-06,0.000810283122333381,0.0008016877439518006,0
2023-03-24T15:18:55Z,2023-03-24T15:19:00Z,1.2843281829895154e-07,0.0007995035441582028,0.0007996319769765017,0
2023-03-24T15:19:55Z,2023-03-24T15:20:00Z,1.1970002353589148e-06,0.0008004119564640834,0.0007992149562287245,0
2023-03-24T15:19:55Z,2023-03-24T15:20:00Z,2.273219785125548e-06,0.0008010709546705793,0.0007987977348854538,0
2023-03-24T15:19:55Z,2023-03-24T15:20:00Z,9.654868333604238e-07,0.0007982983982170351,0.0007992638850503955,0
2023-03-24T15:19:55Z,2023-03-24T15:20:00Z,2.5747622908735236e-06,0.0007972388789874046,0.0007998136412782781,0
2023-03-24T15:19:55Z,2023-03-24T15:20:00Z,5.712438799802214e-07,0.0007997988437371112,0.0008003700876170914,0
2023-03-24T15:19:55Z,2023-03-24T15:20:00Z,1.2616752778476506e-06,0.0008019092003779816,0.000800647525100134,0
2023-03-24T15:19:55Z,2023-03-24T15:20:00Z,6.816970901938149e-06,0.0008078435164958356,0.0008010265455938975,0
2023-03-24T15:19:55Z,2023-03-24T15:20:00Z,2.806683969694087e-06,0.0008042680339012776,0.0008014613499315835,0
2023-03-24T15:19:55Z,2023-03-24T15:20:00Z,9.328651438747742e-06,0.000793019564475385,0.0008023482159141327,0
2023-03-24T15:19:55Z,2023-03-24T15:20:00Z,2.1120410024923642e-05,0.0007809422349093656,0.0008020626449342892,0
2023-03-24T15:19:55Z,2023-03-24T15:20:00Z,3.096416320494855e-05,0.0007693721259435411,0.0008003362891484897,0
2023-03-24T15:19:55Z,2023-03-24T15:20:00Z,2.2196640584434715e-05,0.000776283517639171,0.0007984801582236057,0
2023-03-24T15:20:55Z,2023-03-24T15:21:00Z,2.2139249412942894e-05,0.0007732369257586087,0.0007953761751715516,0
2023-03-24T15:20:55Z,2023-03-24T15:21:00Z,1.7040560143411648e-05,0.0007758568713249992,0.0007928974314684109,0
2023-03-24T15:20:55Z,2023-03-24T15:21:00Z,6.068838906981232e-06,0.0007843224453155869,0.0007903912842225681,0
2023-03-24T15:20:55Z,2023-03-24T15:21:00Z,6.852577459744852e-06,0.000781400505996583,0.0007882530834563278,0
2023-03-24T15:20:55Z,2023-03-24T15:21:00Z,8.215357941680638e-07,0.000785883907820007,0.0007867054436141751,0
2023-03-24T15:20:55Z,2023-03-24T15:21:00Z,1.590238953041404e-05,0.0007687521846456214,0.0007846545741760355,0
2023-03-24T15:20:55Z,2023-03-24T15:21:00Z,1.2694128256506704e-05,0.0007697644850519459,0.0007824586133084526,0
2023-03-24T15:20:55Z,2023-03-24T15:21:00Z,7.235764148914034e-07,0.0007781834519679955,0.0007789070283828869,0
2023-03-24T15:20:55Z,2023-03-24T15:21:00Z,4.796392673247596e-06,0.0007813779131137905,0.0007765815204405429,0
2023-03-24T15:20:55Z,2023-03-24T15:21:00Z,1.29393493155305e-05,0.0007892449914619365,0.000776305642146406,0
2023-03-24T15:20:55Z,2023-03-24T15:21:00Z,1.9905969760771e-05,0.0007974121906242019,0.0007775062208634309,0
2023-03-24T15:20:55Z,2023-03-24T15:21:00Z,2.099201177109967e-05,0.0007997943800168071,0.0007788023682457075,0
2023-03-24T15:21:55Z,2023-03-24T15:22:00Z,2.087147423951983e-05,0.0008020913689717867,0.0007812198947322669,0
2023-03-24T15:21:55Z,2023-03-24T15:22:00Z,1.7526333309022548e-05,0.00080113997891047,0.0007836136456014475,0
2023-03-24T15:21:55Z,2023-03-24T15:22:00Z,1.3140167896954179e-05,0.0007985307058640218,0.0007853905379670677,0
2023-03-24T15:21:55Z,2023-03-24T15:22:00Z,1.652450120327633e-05,0.0008038889864617326,0.0007873644852584563,0
2023-03-24T15:21:55Z,2023-03-24T15:22:00Z,1.35805050810613e-05,0.000802209670143919,0.0007886291650628577,0
2023-03-24T15:21:55Z,2023-03-24T15:22:00Z,2.5297815330033277e-05,0.0008174406605745021,0.0007921428452444688,0
2023-03-24T15:21:55Z,2023-03-24T15:22:00Z,1.933618408344695e-05,0.0008147235478371132,0.0007953873637536662,0
2023-03-24T15:21:55Z,2023-03-24T15:22:00Z,1.2930009893478479e-05,0.0008122430945077954,0.0007993130846143169,0
2023-03-24T15:21:55Z,2023-03-24T15:22:00Z,1.2302184079959993e-05,0.000814949832166609,0.000802647648086649,0
2023-03-24T15:21:55Z,2023-03-24T15:22:00Z,1.1450435596562273e-05,0.0008163978939877973,0.000804947458391235,0
2023-03-24T15:21:55Z,2023-03-24T15:22:00Z,1.2221038251781385e-05,0.0008189222607972571,0.0008067012225454757,0
2023-03-24T15:21:55Z,2023-03-24T15:22:00Z,1.3910182870694831e-05,0.0008222717568132696,0.0008083615739425747,0
2023-03-24T15:22:55Z,2023-03-24T15:23:00Z,1.7591933831197877e-05,0.0008276365969563195,0.0008100446631251217,0
2023-03-24T15:22:55Z,2023-03-24T15:23:00Z,2.6981549391893664e-05,0.0008391393903072954,0.0008121578409154017,0
2023-03-24T15:22:55Z,2023-03-24T15:23:00Z,4.126838203828893e-05,0.0008563368120629203,0.0008150684300246314,0
2023-03-24T15:22:55Z,2023-03-24T15:23:00Z,4.318683382119684e-05,0.0008617803042303846,0.0008185934704091878,0
2023-03-24T15:22:55Z,2023-03-24T15:23:00Z,5.134492636169757e-05,0.0008753511109627853,0.0008240061846010877,0
2023-03-24T15:22:55Z,2023-03-24T15:23:00Z,4.6135747758306546e-05,0.0008745758967249826,0.0008284401489666761,0
2023-03-24T15:22:55Z,2023-03-24T15:23:00Z,3.97857080085026e-05,0.0008742886132877459,0.0008345029052792433,0
2023-03-24T15:22:55Z,2023-03-24T15:23:00Z,3.390687706532737e-05,0.0008746430625662894,0.000840736185500962,0
2023-03-24T15:22:55Z,2023-03-24T15:23:00Z,1.5357971354368165e-05,0.0008620280349674438,0.0008466700636130756,0
2023-03-24T15:22:55Z,2023-03-24T15:23:00Z,6.729791453817329e-06,0.0008592243719247423,0.000852494580470925,0
2023-03-24T15:22:55Z,2023-03-24T15:23:00Z,2.869130016724779e-06,0.0008539360278712188,0.0008568051578879436,0
2023-03-24T15:22:55Z,2023-03-24T15:23:00Z,2.1574892996276108e-05,0.0008389255264028148,0.0008605004193990909,0
2023-03-24T15:23:55Z,2023-03-24T15:24:00Z,3.554350668807222e-05,0.0008275868558025086,0.0008631303624905808,0
2023-03-24T15:23:55Z,2023-03-24T15:24:00Z,4.276260400064183e-05,0.000820346372099491,0.0008631089761001328,0
2023-03-24T15:23:55Z,2023-03-24T15:24:00Z,4.726513926807028e-05,0.0008129688412060212,0.0008602339804740915,0
2023-03-24T15:23:55Z,2023-03-24T15:24:00Z,4.050245846187609e-05,0.0008155881287991262,0.0008560905872610023,0
2023-03-24T15:23:55Z,2023-03-24T15:24:00Z,3.9918610041674734e-05,0.000809933750243651,0.0008498523602853258,0
2023-03-24T15:23:55Z,2023-03-24T15:24:00Z,2.5091144550009638e-05,0.0008188624389427306,0.0008439535834927403,0
2023-03-24T15:23:55Z,2023-03-24T15:24:00Z,1.3643291218786639e-05,0.0008238748059695441,0.0008375180971883307,0
2023-03-24T15:23:55Z,2023-03-24T15:24:00Z,6.978630950034881e-06,0.00082496140387594,0.0008319400348259749,0
2023-03-24T15:23:55Z,2023-03-24T15:24:00Z,4.940288240397415e-06,0.0008330650001665823,0.0008281247119261848,0
2023-03-24T15:23:55Z,2023-03-24T15:24:00Z,1.1428205118298607e-05,0.0008361266202396032,0.0008246984151213046,0
2023-03-24T15:23:55Z,2023-03-24T15:24:00Z,1.2184087972431142e-05,0.0008347954003232722,0.000822611312350841,0
2023-03-24T15:23:55Z,2023-03-24T15:24:00Z,2.484702546293649e-05,0.0008471784471974563,0.0008223314217345198,0
2023-03-24T15:24:55Z,2023-03-24T15:25:00Z,2.1313726473804525e-05,0.0008443660026604008,0.0008230522761865963,0
2023-03-24T15:24:55Z,2023-03-24T15:25:00Z,9.126427998015427e-06,0.0008348619116944081,0.0008257354836963927,0
2023-03-24T15:24:55Z,2023-03-24T15:25:00Z,2.203560919418978e-06,0.0008310787607612496,0.0008288751998418307,0
2023-03-24T15:24:55Z,2023-03-24T15:25:00Z,2.1587317437883266e-06,0.0008329613098751471,0.0008308025781313588,0
2023-03-24T15:24:55Z,2023-03-24T15:25:00Z,1.979435484739025e-08,0.0008328972848282714,0.0008329170791831188,0
2023-03-24T15:24:55Z,2023-03-24T15:25:00Z,1.6215957791928864e-05,0.0008181110084844316,0.0008343269662763605,0
2023-03-24T15:24:55Z,2023-03-24T15:25:00Z,2.1891872353604186e-05,0.0008133373418086291,0.0008352292141622332,0
2023-03-24T15:24:55Z,2023-03-24T15:25:00Z,3.0665744703079183e-05,0.0008038784299200031,0.0008345441746230823,0
2023-03-24T15:24:55Z,2023-03-24T15:25:00Z,3.482261545854188e-05,0.0007977487933287452,0.0008325714087872871,0
2023-03-24T15:24:55Z,2023-03-24T15:25:00Z,3.41845482891189e-05,0.000795162041466208,0.0008293465897553269,0
2023-03-24T15:24:55Z,2023-03-24T15:25:00Z,3.499447889289799e-05,0.0007906474501629763,0.0008256419290558743,0
2023-03-24T15:24:55Z,2023-03-24T15:25:00Z,3.980974390279746e-05,0.0007806305445799519,0.0008204402884827494,0
2023-03-24T15:25:55Z,2023-03-24T15:26:00Z,2.9655605446274346e-05,0.0007854128277867326,0.0008150684332330069,0
2023-03-24T15:25:55Z,2023-03-24T15:26:00Z,2.1980354694576122e-05,0.0007876649418269852,0.0008096452965215613,0
2023-03-24T15:25:55Z,2023-03-24T15:26:00Z,1.62877614922779e-05,0.0007887909417318318,0.0008050787032241097,0
2023-03-24T15:25:55Z,2023-03-24T15:26:00Z,2.00791643479801e-05,0.0007804699020713133,0.0008005490664192934,0
2023-03-24T15:25:55Z,2023-03-24T15:26:00Z,7.792859118582653e-06,0.0007883455729910669,0.0007961384321096495,0
2023-03-24T15:25:55Z,2023-03-24T15:26:00Z,6.161589104264147e-06,0.0007985359105726018,0.0007923743214683376,0
2023-03-24T15:25:55Z,2023-03-24T15:26:00Z,5.185313801705214e-06,0.0007950604583882866,0.0007898751445865814,0
2023-03-24T15:25:55Z,2023-03-24T15:26:00Z,2.831508249170943e-05,0.0008176559751435508,0.0007893408926518414,0
2023-03-24T15:25:55Z,2023-03-24T15:26:00Z,2.8148100761659733e-05,0.0008172201599194551,0.0007890720591577953,0
2023-03-24T15:25:55Z,2023-03-24T15:26:00Z,2.7984040493573333e-05,0.0008193054930191031,0.0007913214525255297,0
2023-03-24T15:25:55Z,2023-03-24T15:26:00Z,3.6771964654530305e-05,0.0008307506881557079,0.0007939787235011776,0
2023-03-24T15:25:55Z,2023-03-24T15:26:00Z,3.896054491341636e-05,0.0008368067632585091,0.0007978462183450927,0
2023-03-24T15:26:55Z,2023-03-24T15:27:00Z,3.812785154991673e-05,0.0008405078559319069,0.0008023800043819902,0
2023-03-24T15:26:55Z,2023-03-24T15:27:00Z,3.4030112944074663e-05,0.0008413242994692173,0.0008072941865251426,0
2023-03-24T15:26:55Z,2023-03-24T15:27:00Z,2.9849578023697135e-05,0.0008423154559688473,0.0008124658779451501,0
2023-03-24T15:26:55Z,2023-03-24T15:27:00Z,1.8056418949701013e-05,0.0008366077366346415,0.0008185513176849405,0
2023-03-24T15:26:55Z,2023-03-24T15:27:00Z,2.0324279502269152e-06,0.0008219158780324917,0.0008239483059827186,0
2023-03-24T15:26:55Z,2023-03-24T15:27:00Z,1.121393889249396e-05,0.0008165415496964286,0.0008277554885889226,0
2023-03-24T15:26:55Z,2023-03-24T15:27:00Z,1.344583962981094e-05,0.000816995190923532,0.000830441030553343,0
2023-03-24T15:26:55Z,2023-03-24T15:27:00Z,3.441841921182913e-06,0.0008268877460874479,0.0008303295880086308,0
2023-03-24T15:26:55Z,2023-03-24T15:27:00Z,2.197006859874979e-06,0.0008325040979689134,0.0008303070911090385,0
2023-03-24T15:26:55Z,2023-03-24T15:27:00Z,1.4626710195784782e-06,0.0008325279874354514,0.000831065316415873,0
2023-03-24T15:26:55Z,2023-03-24T15:27:00Z,8.064130691332982e-06,0.0008393047880885265,0.0008312406573971936,0
2023-03-24T15:26:55Z,2023-03-24T15:27:00Z,5.53701024205201e-06,0.0008363497900569397,0.0008308127798148877,0
2023-03-24T15:27:55Z,2023-03-24T15:28:00Z,9.41338486329412e-06,0.0008401058578938438,0.0008306924730305497,0
2023-03-24T15:27:55Z,2023-03-24T15:28:00Z,2.8033332628385672e-05,0.0008582283547177076,0.000830195022089322,0
2023-03-24T15:27:55Z,2023-03-24T15:28:00Z,3.0105055500692472e-05,0.000860079117782514,0.0008299740622818216,0
2023-03-24T15:27:55Z,2023-03-24T15:28:00Z,2.9081590892836425e-05,0.0008612177149829647,0.0008321361240901283,0
2023-03-24T15:27:55Z,2023-03-24T15:28:00Z,3.022751787764308e-05,0.0008661799659427736,0.0008359524480651305,0
2023-03-24T15:27:55Z,2023-03-24T15:28:00Z,3.401506011224459e-05,0.0008744351247060288,0.0008404200645937842,0
2023-03-24T15:27:55Z,2023-03-24T15:28:00Z,2.9599114862885315e-05,0.0008749376569585935,0.0008453385420957082,0
2023-03-24T15:27:55Z,2023-03-24T15:28:00Z,1.2989717346659972e-05,0.0008630829973042263,0.0008500932799575664,0
2023-03-24T15:27:55Z,2023-03-24T15:28:00Z,1.1375863970151598e-05,0.000865712499826686,0.0008543366358565344,0
2023-03-24T15:27:55Z,2023-03-24T15:28:00Z,5.9925700125146395e-06,0.0008633847068559265,0.0008573921368434118,0
2023-03-24T15:27:55Z,2023-03-24T15:28:00Z,7.382838250252419e-09,0.0008600402908554781,0.0008600329080172279,0
2023-03-24T15:27:55Z,2023-03-24T15:28:00Z,8.074216777032906e-06,0.0008546621829200936,0.0008627363996971265,0
2023-03-24T15:28:55Z,2023-03-24T15:29:00Z,2.3012915950845758e-05,0.0008417169270424442,0.0008647298429932899,0
2023-03-24T15:28:55Z,2023-03-24T15:29:00Z,3.241701972467336e-05,0.0008319562060888552,0.0008643732258135286,0
2023-03-24T15:28:55Z,2023-03-24T15:29:00Z,3.0163098706721767e-05,0.0008323739080327999,0.0008625370067395216,0
2023-03-24T15:28:55Z,2023-03-24T15:29:00Z,2.746235599402941e-05,0.000832148499856081,0.0008596108558501104,0
2023-03-24T15:28:55Z,2023-03-24T15:29:00Z,2.8326597033704877e-05,0.0008279036530254083,0.0008562302500591132,0
2023-03-24T15:28:55Z,2023-03-24T15:29:00Z,2.6002247703886278e-05,0.0008259993398702322,0.0008520015875741185,0
2023-03-24T15:28:55Z,2023-03-24T15:29:00Z,3.1444942591627085e-05,0.0008158532445891728,0.0008472981871807998,0
2023-03-24T15:28:55Z,2023-03-24T15:29:00Z,3.205774076569796e-05,0.0008115320806717026,0.0008435898214374006,0
2023-03-24T15:28:55Z,2023-03-24T15:29:00Z,3.5763728143287815e-05,0.0008028401677703613,0.0008386038959136491,0
2023-03-24T15:28:55Z,2023-03-24T15:29:00Z,3.1183288298302064e-05,0.0008022353449969248,0.0008334186332952269,0
2023-03-24T15:28:55Z,2023-03-24T15:29:00Z,2.2972695205285276e-05,0.0008047259257814299,0.0008276986209867152,0
2023-03-24T15:28:55Z,2023-03-24T15:29:00Z,9.447214864074442e-06,0.0008130087223303237,0.0008224559371943982,0
2023-03-24T15:29:55Z,2023-03-24T15:30:00Z,1.0569620757564261e-05,0.0008081872163107325,0.0008187568370682967,0
2023-03-24T15:29:55Z,2023-03-24T15:30:00Z,2.293187948487394e-06,0.0008145689007439564,0.0008168620886924438,0
2023-03-24T15:29:55Z,2023-03-24T15:30:00Z,7.679779123693532e-06,0.0008221231986439304,0.0008144434195202369,0
2023-03-24T15:29:55Z,2023-03-24T15:30:00Z,1.210520249960486e-05,0.0008247906621086293,0.0008126854596090244,0
2023-03-24T15:29:55Z,2023-03-24T15:30:00Z,1.6144210927441474e-05,0.0008282516250983182,0.0008121074141708767,0
2023-03-24T15:29:55Z,2023-03-24T15:30:00Z,9.038151221070988e-06,0.0008210246976157874,0.0008119865463947164,0
2023-03-24T15:29:55Z,2023-03-24T15:30:00Z,1.8447898557778092e-05,0.000831674283003409,0.0008132263844456309,0
2023-03-24T15:29:55Z,2023-03-24T15:30:00Z,3.1309539256031953e-05,0.0008454851853960713,0.0008141756461400394,0
2023-03-24T15:29:55Z,2023-03-24T15:30:00Z,4.260125819761419e-05,0.0008596603158609583,0.0008170590576633441,0
2023-03-24T15:29:55Z,2023-03-24T15:30:00Z,5.1647598462696326e-05,0.0008730316401659551,0.0008213840417032588,0
2023-03-24T15:29:55Z,2023-03-24T15:30:00Z,5.762455896970303e-05,0.0008845020396809147,0.0008268774807112117,0
2023-03-24T15:29:55Z,2023-03-24T15:30:00Z,4.732522012351563e-05,0.0008802049926182905,0.0008328797724947749,0
2023-03-24T15:30:55Z,2023-03-24T15:31:00Z,6.038705374015606e-05,0.000900898308571949,0.000840511254831793,0
2023-03-24T15:30:55Z,2023-03-24T15:31:00Z,6.0063846306906564e-05,0.0009071387103261329,0.0008470748640192264,0
2023-03-24T15:30:55Z,2023-03-24T15:31:00Z,5.526262070989227e-05,0.0009102149957219204,0.0008549523750120281,0
2023-03-24T15:30:55Z,2023-03-24T15:31:00Z,4.5497271316303546e-05,0.0009086844511500821,0.0008631871798337786,0
2023-03-24T15:30:55Z,2023-03-24T15:31:00Z,2.689246638964808e-05,0.000898275983285787,0.0008713835168961389,0
2023-03-24T15:30:55Z,2023-03-24T15:31:00Z,6.1772673387257065e-06,0.0008863267595882941,0.0008801494922495684,0
2023-03-24T15:30:55Z,2023-03-24T15:31:00Z,1.1137846178813906e-05,0.0008756718160989922,0.0008868096622778061,0
2023-03-24T15:30:55Z,2023-03-24T15:31:00Z,2.6289193295550984e-05,0.0008646046264014776,0.0008908938196970286,0
2023-03-24T15:30:55Z,2023-03-24T15:31:00Z,2.6451877706465702e-05,0.0008660430920143661,0.0008924949697208318,0
2023-03-24T15:30:55Z,2023-03-24T15:31:00Z,2.703453268740948e-05,0.0008646177356569746,0.0008916522683443841,0
2023-03-24T15:30:55Z,2023-03-24T15:31:00Z,1.988958804891765e-05,0.0008699167855288115,0.0008898063735777291,0
2023-03-24T15:31:55Z,2023-03-24T15:32:00Z,1.006618615926149e-05,0.0008781814617223362,0.0008882476478815976,0
2023-03-24T15:31:55Z,2023-03-24T15:32:00Z,4.063152526244569e-07,0.0008847431803246594,0.0008851494955772839,0
2023-03-24T15:31:55Z,2023-03-24T15:32:00Z,7.909716435372137e-06,0.0008901634871522763,0.0008822537707169042,0
2023-03-24T15:31:55Z,2023-03-24T15:32:00Z,1.4165824838317017e-05,0.0008938724140154952,0.0008797065891771781,0
2023-03-24T15:31:55Z,2023-03-24T15:32:00Z,1.6512492317509128e-05,0.0008943669850949066,0.0008778544927773975,0
2023-03-24T15:31:55Z,2023-03-24T15:32:00Z,3.037442966037087e-05,0.0009077885655107393,0.0008774141358503685,0
2023-03-24T15:31:55Z,2023-03-24T15:32:00Z,3.5117108077914114e-05,0.0009133352664789438,0.0008782181584010297,0
2023-03-24T15:31:55Z,2023-03-24T15:32:00Z,1.8779496038248255e-05,0.0009002093293804526,0.0008814298333422044,0
2023-03-24T15:31:55Z,2023-03-24T15:32:00Z,8.247214729205084e-06,0.000894550112079156,0.0008863028973499509,0
2023-03-24T15:31:55Z,2023-03-24T15:32:00Z,3.09116365426851e-06,0.0008866283574322911,0.0008897195210865596,0
2023-03-24T15:31:55Z,2023-03-24T15:32:00Z,1.5017980407098478e-05,0.0008776947783216793,0.0008927127587287778,0
2023-03-24T15:31:55Z,2023-03-24T15:32:00Z,1.625760665209606e-05,0.0008781263092670295,0.0008943839159191256,0
2023-03-24T15:31:55Z,2023-03-24T15:32:00Z,5.481239135527024e-06,0.0008888540084435329,0.0008943352475790599,0
2023-03-24T15:32:55Z,2023-03-24T15:33:00Z,4.675796873034456e-06,0.0008889977636002625,0.000893673560473297,0
2023-03-24T15:32:55Z,2023-03-24T15:33:00Z,4.344367744671287e-06,0.0008891982448577513,0.0008935426126024226,0
2023-03-24T15:32:55Z,2023-03-24T15:33:00Z,2.8273760606624876e-06,0.0008958825236215617,0.0008930551475608992,0
2023-03-24T15:32:55Z,2023-03-24T15:33:00Z,1.1652012737345808e-05,0.0009041902862745295,0.0008925382735371837,0
2023-03-24T15:32:55Z,2023-03-24T15:33:00Z,8.184785372606631e-06,0.0008995324547208727,0.0008913476693482661,0
2023-03-24T15:32:55Z,2023-03-24T15:33:00Z,1.6798884948546677e-05,0.0009072320562763712,0.0008904331713278245,0
2023-03-24T15:32:55Z,2023-03-24T15:33:00Z,2.6939194424660637e-05,0.0009173046782865274,0.0008903654838618668,0
2023-03-24T15:32:55Z,2023-03-24T15:33:00Z,3.409100249676558e-05,0.0009257246807783538,0.0008916336782815882,0
2023-03-24T15:32:55Z,2023-03-24T15:33:00Z,2.4525796309762446e-05,0.0009192271066767741,0.0008947013103670116,0
2023-03-24T15:32:55Z,2023-03-24T15:33:00Z,1.9538914614814808e-05,0.000919043215227494,0.0008995043006126791,0
2023-03-24T15:32:55Z,2023-03-24T15:33:00Z,2.6214980983297622e-05,0.0009298293613369512,0.0009036143803536536,0
2023-03-24T15:32:55Z,2023-03-24T15:33:00Z,1.6759629650785484e-05,0.0009233929306828353,0.0009066333010320498,0
2023-03-24T15:33:55Z,2023-03-24T15:34:00Z,1.9233745228064924e-05,0.0009299502060337836,0.0009107164608057187,0
2023-03-24T15:33:55Z,2023-03-24T15:34:00Z,4.077128212777318e-06,0.0009182130576010045,0.0009141359293882271,0
2023-03-24T15:33:55Z,2023-03-24T15:34:00Z,4.210369675045284e-06,0.0009133323279544041,0.0009175426976294494,0
2023-03-24T15:33:55Z,2023-03-24T15:34:00Z,8.804122353885655e-06,0.0009101408524082111,0.0009189449747620968,0
2023-03-24T15:33:55Z,2023-03-24T15:34:00Z,1.035466734550911e-05,0.0009099702947399409,0.00092032496208545,0
2023-03-24T15:33:55Z,2023-03-24T15:34:00Z,1.6409952256822764e-05,0.0009042058894418109,0.0009206158416986337,0
2023-03-24T15:33:55Z,2023-03-24T15:34:00Z,1.488295906694481e-05,0.0009049994442770304,0.0009198824033439752,0
2023-03-24T15:33:55Z,2023-03-24T15:34:00Z,1.726487677898255e-05,0.0009004656474313384,0.0009177305242103209,0
2023-03-24T15:33:55Z,2023-03-24T15:34:00Z,1.4926171035677333e-05,0.0009013815869346693,0.0009163077579703466,0
2023-03-24T15:33:55Z,2023-03-24T15:34:00Z,1.0395249679202726e-05,0.0009040547515115283,0.000914450001190731,0
2023-03-24T15:33:55Z,2023-03-24T15:34:00Z,1.226589780681383e-05,0.0008993393259436891,0.0009116052237505029,0
2023-03-24T15:33:55Z,2023-03-24T15:34:00Z,1.900050797625961e-05,0.0008906708978571124,0.000909671405833372,0
2023-03-24T15:34:55Z,2023-03-24T15:35:00Z,3.2046090668330683e-05,0.000874564227156032,0.0009066103178243627,0
2023-03-24T15:34:55Z,2023-03-24T15:35:00Z,3.989518270331458e-05,0.000863960919146659,0.0009038561018499735,0
2023-03-24T15:34:55Z,2023-03-24T15:35:00Z,2.8530894943665426e-05,0.0008714483968264708,0.0008999792917701362,0
2023-03-24T15:34:55Z,2023-03-24T15:35:00Z,2.4664574001493126e-05,0.0008706967244424879,0.000895361298443981,0
2023-03-24T15:34:55Z,2023-03-24T15:35:00Z,2.401077636689675e-05,0.0008674983322857374,0.0008915091086526342,0
2023-03-24T15:34:55Z,2023-03-24T15:35:00Z,2.884739132076033e-05,0.0008593108008319414,0.0008881581921527017,0
2023-03-24T15:34:55Z,2023-03-24T15:35:00Z,4.020724224339288e-05,0.0008442008387101795,0.0008844080809535723,0
2023-03-24T15:34:55Z,2023-03-24T15:35:00Z,3.519672004728854e-05,0.0008450958762463442,0.0008802925962936327,0
2023-03-24T15:34:55Z,2023-03-24T15:35:00Z,2.9732347706052514e-05,0.0008448421737651312,0.0008745745214711838,0
2023-03-24T15:34:55Z,2023-03-24T15:35:00Z,1.3070075920647815e-05,0.0008556085580240175,0.0008686786339446653,0
2023-03-24T15:34:55Z,2023-03-24T15:35:00Z,1.068990485714942e-06,0.0008642979092125246,0.0008632289187268096,0
2023-03-24T15:34:55Z,2023-03-24T15:35:00Z,1.978553716637586e-05,0.0008795082219098759,0.0008597226847435,0
2023-03-24T15:35:55Z,2023-03-24T15:36:00Z,2.9195610380298477e-05,0.0008878916633294478,0.0008586960529491493,0
2023-03-24T15:35:55Z,2023-03-24T15:36:00Z,2.7009525058628993e-05,0.0008872603082841,0.000860250783225471,0
2023-03-24T15:35:55Z,2023-03-24T15:36:00Z,5.3773742028249624e-06,0.0008672724840785937,0.0008618951098757687,0
2023-03-24T15:35:55Z,2023-03-24T15:36:00Z,3.919664565144249e-06,0.0008674711328250742,0.0008635514682599299,0
2023-03-24T15:35:55Z,2023-03-24T15:36:00Z,1.7285779154158206e-06,0.0008652574613546314,0.0008635288834392156,0
2023-03-24T15:35:55Z,2023-03-24T15:36:00Z,7.603578139390218e-06,0.000871948494777919,0.0008643449166385288,0
2023-03-24T15:35:55Z,2023-03-24T15:36:00Z,1.2090112736988772e-05,0.0008785406916399628,0.000866450578902974,0
2023-03-24T15:35:55Z,2023-03-24T15:36:00Z,3.922043442636269e-06,0.0008730578841987679,0.0008691358407561316,0
2023-03-24T15:35:55Z,2023-03-24T15:36:00Z,6.656425159444284e-06,0.0008791621177030591,0.0008725056925436148,0
2023-03-24T15:35:55Z,2023-03-24T15:36:00Z,1.673089582345552e-05,0.0008909815209845453,0.0008742506251610898,0
2023-03-24T15:35:55Z,2023-03-24T15:36:00Z,2.5135478365466294e-05,0.0009008725243756094,0.0008757370460101431,0
2023-03-24T15:35:55Z,2023-03-24T15:36:00Z,1.8435800944299188e-05,0.0008953201768619095,0.0008768843759176103,0
2023-03-24T15:36:55Z,2023-03-24T15:37:00Z,2.049063865478917e-05,0.0008986731006770155,0.0008781824620222263,0
2023-03-24T15:36:55Z,2023-03-24T15:37:00Z,2.0594382381676317e-05,0.0008995828312616834,0.0008789884488800071,0
2023-03-24T15:36:55Z,2023-03-24T15:37:00Z,2.0829334185399934e-05,0.0009029578447252495,0.0008821285105398496,0
2023-03-24T15:36:55Z,2023-03-24T15:37:00Z,1.674589732580901e-05,0.0009020855777093194,0.0008853396803835103,0
2023-03-24T15:36:55Z,2023-03-24T15:37:00Z,1.3896371312428725e-05,0.0009030060900330007,0.000889109718720572,0
2023-03-24T15:36:55Z,2023-03-24T15:37:00Z,2.2130429138254642e-05,0.0009142538561519669,0.0008921234270137122,0
2023-03-24T15:36:55Z,2023-03-24T15:37:00Z,3.723420715735337e-05,0.0009318041740103695,0.0008945699668530162,0
2023-03-24T15:36:55Z,2023-03-24T15:37:00Z,3.9425632498132804e-05,0.0009381151965464687,0.0008986895640483359,0
2023-03-24T15:36:55Z,2023-03-24T15:37:00Z,4.279802599585405e-05,0.0009467517956749209,0.0009039537696790669,0
2023-03-24T15:36:55Z,2023-03-24T15:37:00Z,4.086833033560978e-05,0.000949535467570869,0.0009086671372352592,0
2023-03-24T15:36:55Z,2023-03-24T15:37:00Z,1.9855260406214325e-05,0.0009331103247714048,0.0009132550643651904,0
2023-03-24T15:36:55Z,2023-03-24T15:37:00Z,1.315275597772649e-05,0.0009318293494138128,0.0009186765934360863,0
2023-03-24T15:37:55Z,2023-03-24T15:38:00Z,3.129237945823137e-07,0.000921807392050943,0.0009221203158455253,0
2023-03-24T15:37:55Z,2023-03-24T15:38:00Z,8.08316483020253e-06,0.0009172618028305356,0.0009253449676607381,0
2023-03-24T15:37:55Z,2023-03-24T15:38:00Z,1.1562010951084232e-05,0.0009156679114422232,0.0009272299223933075,0
2023-03-24T15:37:55Z,2023-03-24T15:38:00Z,1.739768273266017e-05,0.0009113498621727688,0.000928747544905429,0
2023-03-24T15:37:55Z,2023-03-24T15:38:00Z,2.046173543861511e-05,0.0009095519916077363,0.0009300137270463514,0
2023-03-24T15:37:55Z,2023-03-24T15:38:00Z,3.372081342150246e-05,0.0008960025142269292,0.0009297233276484316,0
2023-03-24T15:37:55Z,2023-03-24T15:38:00Z,3.232425257277804e-05,0.0008951738568353903,0.0009274981094081683,0
2023-03-24T15:37:55Z,2023-03-24T15:38:00Z,2.588615888710977e-05,0.0008974006822891046,0.0009232868411762143,0
2023-03-24T15:37:55Z,2023-03-24T15:38:00Z,3.0352452444457425e-05,0.0008877765948478038,0.0009181290472922612,0
2023-03-24T15:37:55Z,2023-03-24T15:38:00Z,4.749664586779843e-05,0.0008654189228962865,0.0009129155687640849,0
2023-03-24T15:37:55Z,2023-03-24T15:38:00Z,3.544648710518308e-05,0.0008729357086665417,0.0009083821957717248,0
2023-03-24T15:37:55Z,2023-03-24T15:38:00Z,3.7100730173369014e-05,0.0008646404229466033,0.0009017411531199723,0
2023-03-24T15:38:55Z,2023-03-24T15:39:00Z,2.6389387895469902e-05,0.0008704645968860622,0.0008968539847815321,0
2023-03-24T15:38:55Z,2023-03-24T15:39:00Z,2.721302417159181e-05,0.000864378822621547,0.0008915918467931388,0
2023-03-24T15:38:55Z,2023-03-24T15:39:00Z,2.705928182867754e-05,0.0008600122335088451,0.0008870715153375227,0
2023-03-24T15:38:55Z,2023-03-24T15:39:00Z,2.7882445912345366e-05,0.000854491965470055,0.0008823744113824004,0
2023-03-24T15:38:55Z,2023-03-24T15:39:00Z,2.153774077640698e-05,0.0008558826947961043,0.0008774204355725113,0
2023-03-24T15:38:55Z,2023-03-24T15:39:00Z,8.386750401780628e-06,0.0008648826302950432,0.0008732693806968239,0
2023-03-24T15:38:55Z,2023-03-24T15:39:00Z,1.8314455692580202e-05,0.0008510258088003152,0.0008693402644928954,0
2023-03-24T15:38:55Z,2023-03-24T15:39:00Z,1.7117509006364597e-05,0.0008489709502871247,0.0008660884592934893,0
2023-03-24T15:38:55Z,2023-03-24T15:39:00Z,1.911180131533238e-05,0.0008433015793734082,0.0008624133806887405,0
2023-03-24T15:38:55Z,2023-03-24T15:39:00Z,3.260467284942883e-06,0.0008575081161428812,0.0008607685834278241,0
2023-03-24T15:38:55Z,2023-03-24T15:39:00Z,3.079575967100093e-06,0.0008608847464656109,0.0008578051704985108,0
2023-03-24T15:39:55Z,2023-03-24T15:40:00Z,1.637693530622984e-05,0.0008734688751243686,0.0008570919398181387,0
2023-03-24T15:39:55Z,2023-03-24T15:40:00Z,9.190763362284258e-06,0.0008653247181383778,0.0008561339547760935,0
2023-03-24T15:39:55Z,2023-03-24T15:40:00Z,1.0526844104729108e-05,0.0008675698041311047,0.0008570429600263756,0
2023-03-24T15:39:55Z,2023-03-24T15:40:00Z,2.640073771863205e-05,0.000883974946207961,0.0008575742084893289,0
2023-03-24T15:39:55Z,2023-03-24T15:40:00Z,2.6580402372086503e-05,0.0008854623947275204,0.0008588819923554339,0
2023-03-24T15:39:55Z,2023-03-24T15:40:00Z,9.300878102702485e-06,0.000870992095599322,0.0008616912174966195,0
2023-03-24T15:39:55Z,2023-03-24T15:40:00Z,1.1402040257255954e-05,0.0008751512341971232,0.0008637491939398672,0
2023-03-24T15:39:55Z,2023-03-24T15:40:00Z,6.742357250507291e-06,0.0008724881798702752,0.0008657458226197679,0
2023-03-24T15:39:55Z,2023-03-24T15:40:00Z,3.41814005092153e-06,0.0008717819910616894,0.0008683638510107679,0
2023-03-24T15:39:55Z,2023-03-24T15:40:00Z,8.819465217749277e-06,0.0008801019762782036,0.0008712825110604543,0
2023-03-24T15:39:55Z,2023-03-24T15:40:00Z,2.2068172733751e-06,0.0008749167158257104,0.0008727098985523353,0
2023-03-24T15:39:55Z,2023-03-24T15:40:00Z,4.0315750455748945e-06,0.0008706000464880197,0.0008746316215335946,0
2023-03-24T15:39:55Z,2023-03-24T15:40:00Z,9.288400502226526e-06,0.0008654880051015022,0.0008747764056037287,0
2023-03-24T15:40:55Z,2023-03-24T15:41:00Z,1.2200313155884333e-05,0.0008631036252828085,0.0008753039384386929,1
2023-03-24T15:40:55Z,2023-03-24T15:41:00Z,3.440853909799887e-05,0.0008406872194377338,0.0008750957585357327,1
2023-03-24T15:40:55Z,2023-03-24T15:41:00Z,5.577751495066188e-05,0.0008172311114925557,0.0008730086264432176,1
2023-03-24T15:40:55Z,2023-03-24T15:41:00Z,5.78204835084802e-05,0.0008107106254057585,0.0008685311089142387,1
2023-03-24T15:40:55Z,2023-03-24T15:41:00Z,6.569567844042152e-05,0.0007974593320631407,0.0008631550105035622,1
2023-03-24T15:40:55Z,2023-03-24T15:41:00Z,7.151291791583604e-05,0.0007851980317085897,0.0008567109496244258,1
2023-03-24T15:40:55Z,2023-03-24T15:41:00Z,7.197539553086647e-05,0.0007772326693128458,0.0008492080648437123,1
2023-03-24T15:40:55Z,2023-03-24T15:41:00Z,7.677796862789067e-05,0.0007637717002805116,0.0008405496689084023,1
2023-03-24T15:40:55Z,2023-03-24T15:41:00Z,8.614940564126753e-05,0.0007441133325705989,0.0008302627382118664,1
2023-03-24T15:40:55Z,2023-03-24T15:41:00Z,8.39247448261944e-05,0.0007352234918311523,0.0008191482366573467,1
2023-03-24T15:40:55Z,2023-03-24T15:41:00Z,5.178320371000851e-05,0.000754716361555596,0.0008064995652656045,1
2023-03-24T15:41:55Z,2023-03-24T15:42:00Z,3.305305047019108e-05,0.0007604200634683785,0.0007934731139385696,1
2023-03-24T15:41:55Z,2023-03-24T15:42:00Z,1.9742777864185284e-05,0.000762891609701663,0.0007826343875658483,1
2023-03-24T15:41:55Z,2023-03-24T15:42:00Z,2.5758993975181534e-06,0.0007720317725713947,0.0007746076719689129,1
2023-03-24T15:41:55Z,2023-03-24T15:42:00Z,8.208868046725212e-06,0.0007773825898365487,0.0007691737217898235,1
2023-03-24T15:41:55Z,2023-03-24T15:42:00Z,1.3169009145945119e-05,0.0007784748456523324,0.0007653058365063872,1
2023-03-24T15:41:55Z,2023-03-24T15:42:00Z,1.988748922899142e-05,0.0007831856515127194,0.0007632981622837279,1
2023-03-24T15:41:55Z,2023-03-24T15:42:00Z,2.4274879202478093e-05,0.0007869007228805804,0.0007626258436781023,1
2023-03-24T15:41:55Z,2023-03-24T15:42:00Z,2.687613794035218e-05,0.0007900972798384417,0.0007632211418980895,1
2023-03-24T15:41:55Z,2023-03-24T15:42:00Z,2.6015610820687325e-05,0.0007915496549787837,0.0007655340441580963,1
2023-03-24T15:41:55Z,2023-03-24T15:42:00Z,2.452124789828448e-05,0.0007946536867831652,0.0007701324388848807,1
2023-03-24T15:41:55Z,2023-03-24T15:42:00Z,2.378622713402614e-05,0.00079955128233367,0.0007757650551996439,1
2023-03-24T15:41:55Z,2023-03-24T15:42:00Z,1.69377370594345e-05,0.0007966965247818352,0.0007797587877224007,1
2023-03-24T15:41:55Z,2023-03-24T15:42:00Z,1.3498166110600127e-05,0.00079717007571953,0.0007836719096089298,1
2023-03-24T15:42:55Z,2023-03-24T15:43:00Z,2.4153766298794124e-05,0.0008112061674157412,0.0007870524011169471,1
2023-03-24T15:42:55Z,2023-03-24T15:43:00Z,2.0289879759124215e-05,0.0008098561111908848,0.0007895662314317606,1
2023-03-24T15:42:55Z,2023-03-24T15:43:00Z,1.296709441408301e-05,0.0008059156836037629,0.0007929485891896799,1
2023-03-24T15:42:55Z,2023-03-24T15:43:00Z,8.9265090257414e-06,0.0008050132247692765,0.0007960867157435351,1
2023-03-24T15:42:55Z,2023-03-24T15:43:00Z,9.06637407064063e-06,0.0008074260930232801,0.0007983597189526395,1
2023-03-24T15:42:55Z,2023-03-24T15:43:00Z,6.418848879036405e-06,0.0008065898180205455,0.0008001709691415091,1
2023-03-24T15:42:55Z,2023-03-24T15:43:00Z,3.93995139083992e-07,0.0008022978455990771,0.0008019038504599931,1
2023-03-24T15:42:55Z,2023-03-24T15:43:00Z,5.425071897933878e-07,0.0008028653595743759,0.0008034078667641692,1
2023-03-24T15:42:55Z,2023-03-24T15:43:00Z,3.889954599031742e-06,0.0008080622372447921,0.0008041722826457603,1
2023-03-24T15:42:55Z,2023-03-24T15:43:00Z,6.618076075732638e-07,0.0008051654979774042,0.0008045036903698309,1
2023-03-24T15:42:55Z,2023-03-24T15:43:00Z,2.7662769071070195e-06,0.0008084065385232337,0.0008056402616161267,1
2023-03-24T15:42:55Z,2023-03-24T15:43:00Z,2.0624200952434717e-06,0.0008043773837466705,0.000806439803841914,1
2023-03-24T15:43:55Z,2023-03-24T15:44:00Z,1.3190345693105381e-05,0.0007929694952595579,0.0008061598409526633,1
2023-03-24T15:43:55Z,2023-03-24T15:44:00Z,2.0130855648403407e-05,0.0007854811125598385,0.0008056119682082419,1
2023-03-24T15:43:55Z,2023-03-24T15:44:00Z,1.679029374941686e-05,0.0007875270556244046,0.0008043173493738215,1
2023-03-24T15:43:55Z,2023-03-24T15:44:00Z,1.029881386866154e-05,0.0007920653242842161,0.0008023641381528777,1
2023-03-24T15:43:55Z,2023-03-24T15:44:00Z,1.636299702517099e-07,0.0008005378643832417,0.00080037423441299,1
2023-03-24T15:43:55Z,2023-03-24T15:44:00Z,9.886354712097009e-06,0.0008088081397514542,0.0007989217850393572,1
2023-03-24T15:43:55Z,2023-03-24T15:44:00Z,1.2622700442663616e-05,0.0008113684873604373,0.0007987457869177737,1
2023-03-24T15:43:55Z,2023-03-24T15:44:00Z,1.4580793107276616e-05,0.0008139208580427578,0.0007993400649354812,1
2023-03-24T15:43:55Z,2023-03-24T15:44:00Z,8.952406387510562e-06,0.0008086230963345563,0.0007996706899470457,1
2023-03-24T15:43:55Z,2023-03-24T15:44:00Z,8.270181550378789e-06,0.00080881640750396,0.0008005462259535812,1
2023-03-24T15:43:55Z,2023-03-24T15:44:00Z,5.141165943783519e-06,0.000805709047678497,0.0008005678817347135,1
2023-03-24T15:44:55Z,2023-03-24T15:45:00Z,1.434678734940837e-05,0.0008153585714598509,0.0008010117841104425,1
2023-03-24T15:44:55Z,2023-03-24T15:45:00Z,6.289887319012896e-06,0.0008085756266713492,0.0008022857393523363,1
2023-03-24T15:44:55Z,2023-03-24T15:45:00Z,9.33302478904564e-06,0.0008146065100313832,0.0008052734852423375,1
2023-03-24T15:44:55Z,2023-03-24T15:45:00Z,5.370472789291642e-06,0.0008127488151363237,0.0008073783423470321,1
2023-03-24T15:44:55Z,2023-03-24T15:45:00Z,8.03596083254871e-07,0.0008104360570050036,0.0008096324609217487,1
2023-03-24T15:44:55Z,2023-03-24T15:45:00Z,5.349078291973144e-06,0.0008055044777050839,0.000810853555997057,1
2023-03-24T15:44:55Z,2023-03-24T15:45:00Z,1.216655635249476e-05,0.0007988497913699172,0.000811016347722412,1
2023-03-24T15:44:55Z,2023-03-24T15:45:00Z,4.692537172500968e-06,0.0008057374095843756,0.0008104299467568766,1
2023-03-24T15:44:55Z,2023-03-24T15:45:00Z,4.56447099691224e-06,0.0008043583690926802,0.0008089228400895924,1
2023-03-24T15:44:55Z,2023-03-24T15:45:00Z,1.4658143160965146e-06,0.0008071684570984779,0.0008086342714145744,1
2023-03-24T15:44:55Z,2023-03-24T15:45:00Z,9.294729217606624e-07,0.0008072589946516857,0.0008081884675734464,1
2023-03-24T15:44:55Z,2023-03-24T15:45:00Z,4.1667718672569595e-06,0.0008041676366481876,0.0008083344085154445,1
2023-03-24T15:44:55Z,2023-03-24T15:45:00Z,9.471762576868776e-06,0.0007980526882577593,0.0008075244508346281,1
2023-03-24T15:45:55Z,2023-03-24T15:46:00Z,4.1383949406139514e-07,0.0008074974913263733,0.0008070836518323119,1
2023-03-24T15:45:55Z,2023-03-24T15:46:00Z,1.5159611689249649e-05,0.0007902686579656998,0.0008054282696549495,1
2023-03-24T15:45:55Z,2023-03-24T15:46:00Z,2.1105305915062483e-05,0.0007837978313588919,0.0008049031372739544,1
2023-03-24T15:45:55Z,2023-03-24T15:46:00Z,1.133405485020131e-05,0.0007915523425198228,0.0008028863973700241,1
2023-03-24T15:45:55Z,2023-03-24T15:46:00Z,1.0976642497613704e-05,0.000789739090237791,0.0008007157327354047,1
2023-03-24T15:45:55Z,2023-03-24T15:46:00Z,8.921749704848825e-06,0.0007910642381455465,0.0007999859878503954,1
2023-03-24T15:45:55Z,2023-03-24T15:46:00Z,2.0047856402748555e-05,0.0007783382995129883,0.0007983861559157368,1
2023-03-24T15:45:55Z,2023-03-24T15:46:00Z,2.32762371429597e-05,0.0007737805056780639,0.0007970567428210236,1
2023-03-24T15:45:55Z,2023-03-24T15:46:00Z,2.856048080793574e-05,0.000765613246254539,0.0007941737270624747,1
2023-03-24T15:45:55Z,2023-03-24T15:46:00Z,1.528156653766283e-05,0.0007755443116274497,0.0007908258781651126,1
2023-03-24T15:45:55Z,2023-03-24T15:46:00Z,1.0862165929444059e-05,0.0007761082731963035,0.0007869704391257476,1
2023-03-24T15:45:55Z,2023-03-24T15:46:00Z,5.194617355139914e-06,0.0007795249841075768,0.0007847196014627167,1
2023-03-24T15:46:55Z,2023-03-24T15:47:00Z,1.1400438960197678e-05,0.000770180240689512,0.0007815806796497097,1
2023-03-24T15:46:55Z,2023-03-24T15:47:00Z,9.623132876247602e-07,0.0007795439989762726,0.0007805063122638974,1
2023-03-24T15:46:55Z,2023-03-24T15:47:00Z,1.1335287710558407e-05,0.0007904798409075178,0.0007791445531969594,1
2023-03-24T15:46:55Z,2023-03-24T15:47:00Z,5.810015588119961e-06,0.0007837537344307242,0.0007779437188426043,1
2023-03-24T15:46:55Z,2023-03-24T15:47:00Z,2.4101308420254727e-06,0.0007756076630675516,0.0007780177939095771,1
2023-03-24T15:46:55Z,2023-03-24T15:47:00Z,1.6201027638459097e-05,0.0007610857158996357,0.0007772867435380948,1
2023-03-24T15:46:55Z,2023-03-24T15:47:00Z,2.35259451158488e-05,0.0007534877347777024,0.0007770136798935512,1
2023-03-24T15:46:55Z,2023-03-24T15:47:00Z,2.459828417911928e-05,0.000751145916736589,0.0007757442009157083,1
2023-03-24T15:46:55Z,2023-03-24T15:47:00Z,2.2667055211072346e-05,0.0007518645945569523,0.0007745316497680246,1
2023-03-24T15:46:55Z,2023-03-24T15:47:00Z,4.938458021148159e-05,0.0007227072300674571,0.0007720918102789387,1
2023-03-24T15:46:55Z,2023-03-24T15:47:00Z,2.5392865380469815e-05,0.0007442745770345336,0.0007696674424150034,1
2023-03-24T15:46:55Z,2023-03-24T15:47:00Z,1.6156855633027998e-06,0.0007623699814476886,0.0007639856670109914,1
2023-03-24T15:47:55Z,2023-03-24T15:48:00Z,2.1052480000147513e-05,0.0007824475806456412,0.0007613951006454937,0
2023-03-24T15:47:55Z,2023-03-24T15:48:00Z,4.2356249820562904e-05,0.0008020339487131981,0.0007596776988926352,0
2023-03-24T15:47:55Z,2023-03-24T15:48:00Z,6.539304207672835e-05,0.0008242675149431759,0.0007588744728664476,0
2023-03-24T15:47:55Z,2023-03-24T15:48:00Z,9.243919593076991e-05,0.0008531416902254649,0.000760702494294695,0
2023-03-24T15:47:55Z,2023-03-24T15:48:00Z,0.00011480430310950292,0.0008803727825917603,0.0007655684794822574,0
2023-03-24T15:47:55Z,2023-03-24T15:48:00Z,0.00013960773904638413,0.0009143818159612244,0.0007747740769148403,0
2023-03-24T15:47:55Z,2023-03-24T15:48:00Z,0.0001522713605273193,0.0009397339422235654,0.0007874625816962461,0
2023-03-24T15:47:55Z,2023-03-24T15:48:00Z,0.00014698072341569465,0.0009507668950344043,0.0008037861716187096,0
2023-03-24T15:47:55Z,2023-03-24T15:48:00Z,0.00012132900550455763,0.0009439021118899285,0.0008225731063853708,0
2023-03-24T15:47:55Z,2023-03-24T15:48:00Z,8.650918577373919e-05,0.0009318882586558047,0.0008453790728820656,0
2023-03-24T15:47:55Z,2023-03-24T15:48:00Z,6.30588554801411e-05,0.0009284006818477462,0.0008653418263676051,0
2023-03-24T15:47:55Z,2023-03-24T15:48:00Z,4.427591696215473e-05,0.0009265695710505714,0.0008822936540884167,0
2023-03-24T15:48:55Z,2023-03-24T15:49:00Z,2.2043508819982152e-05,0.0009189324730286094,0.0008968889642086272,0
2023-03-24T15:48:55Z,2023-03-24T15:49:00Z,3.555150167807255e-06,0.0009128976766101719,0.0009093425264423647,0
2023-03-24T15:48:55Z,2023-03-24T15:49:00Z,2.0429113224429592e-05,0.0008983799090264784,0.000918809022250908,0
2023-03-24T15:48:55Z,2023-03-24T15:49:00Z,4.1109819576423115e-05,0.0008836748013129555,0.0009247846208893786,0
2023-03-24T15:48:55Z,2023-03-24T15:49:00Z,5.111609248780705e-05,0.0008754692410450435,0.0009265853335328506,0
2023-03-24T15:48:55Z,2023-03-24T15:49:00Z,4.7905446245396534e-05,0.0008756091858226272,0.0009235146320680237,0
2023-03-24T15:48:55Z,2023-03-24T15:49:00Z,4.427861299309609e-05,0.0008728095489570753,0.0009170881619501714,0
2023-03-24T15:48:55Z,2023-03-24T15:49:00Z,3.6315820098732935e-05,0.0008732565709302607,0.0009095723910289937,0
2023-03-24T15:48:55Z,2023-03-24T15:49:00Z,2.5148495035008764e-05,0.0008773146397006994,0.0009024631347357082,0
2023-03-24T15:48:55Z,2023-03-24T15:49:00Z,2.0792294717933055e-05,0.0008758076712452209,0.000896599965963154,0
2023-03-24T15:48:55Z,2023-03-24T15:49:00Z,2.2592986579189102e-05,0.0008688983751692604,0.0008914913617484495,0
2023-03-24T15:48:55Z,2023-03-24T15:49:00Z,1.526612093349618e-05,0.0008711490508344179,0.0008864151717679141,0
2023-03-24T15:49:55Z,2023-03-24T15:50:00Z,8.004868582408729e-06,0.0008734068933995705,0.0008814117619819793,0
2023-03-24T15:49:55Z,2023-03-24T15:50:00Z,8.618832153886439e-06,0.0008858557315582904,0.0008772368994044039,0
2023-03-24T15:49:55Z,2023-03-24T15:50:00Z,2.5243519453205156e-05,0.0008999831172949182,0.000874739597841713,0
2023-03-24T15:49:55Z,2023-03-24T15:50:00Z,2.8224635317953715e-05,0.0009031823261842004,0.0008749576908662467,0
2023-03-24T15:49:55Z,2023-03-24T15:50:00Z,3.230780841599222e-05,0.0009097168869072263,0.0008774090784912341,0
2023-03-24T15:49:55Z,2023-03-24T15:50:00Z,3.319983560336301e-05,0.0009133662281307544,0.0008801663925273914,0
2023-03-24T15:49:55Z,2023-03-24T15:50:00Z,3.93376719826971e-05,0.0009231947983051035,0.0008838571263224064,0
2023-03-24T15:49:55Z,2023-03-24T15:50:00Z,4.560474795672258e-05,0.0009334728399991785,0.0008878680920424559,0
2023-03-24T15:49:55Z,2023-03-24T15:50:00Z,4.420351259357895e-05,0.0009366596204964751,0.0008924561079028962,0
2023-03-24T15:49:55Z,2023-03-24T15:50:00Z,3.9457707316463116e-05,0.0009376803320947551,0.000898222624778292,0
2023-03-24T15:49:55Z,2023-03-24T15:50:00Z,2.8904833619492506e-05,0.000933903582930506,0.0009049987493110135,0
2023-03-24T15:49:55Z,2023-03-24T15:50:00Z,1.2270614923808802e-05,0.000923922492360856,0.0009116518774370471,0
2023-03-24T15:50:55Z,2023-03-24T15:51:00Z,9.393664318124609e-06,0.0009270952107082654,0.0009177015463901407,0
2023-03-24T15:50:55Z,2023-03-24T15:51:00Z,7.784644439219482e-06,0.0009292928669096169,0.0009215082224703974,0
2023-03-24T15:50:55Z,2023-03-24T15:51:00Z,6.024583311995909e-06,0.0009181948484997362,0.0009242194318117321,0
2023-03-24T15:50:55Z,2023-03-24T15:51:00Z,1.2824630705694524e-05,0.0009140058551785793,0.0009268304858842738,0
2023-03-24T15:50:55Z,2023-03-24T15:51:00Z,2.3577849406130496e-05,0.0009041004326373941,0.0009276782820435246,0
2023-03-24T15:50:55Z,2023-03-24T15:51:00Z,3.8544279173759145e-05,0.000889197965574548,0.0009277422447483072,0
2023-03-24T15:50:55Z,2023-03-24T15:51:00Z,4.158971020031769e-05,0.0008842430979812187,0.0009258328081815364,0
2023-03-24T15:50:55Z,2023-03-24T15:51:00Z,3.787122094505108e-05,0.0008835340997940222,0.0009214053207390732,0
2023-03-24T15:50:55Z,2023-03-24T15:51:00Z,3.900725544569669e-05,0.000877156413041851,0.0009161636684875477,0
2023-03-24T15:50:55Z,2023-03-24T15:51:00Z,4.1666725134449005e-05,0.0008690823201230253,0.0009107490452574743,0
2023-03-24T15:50:55Z,2023-03-24T15:51:00Z,3.869784389030505e-05,0.0008663764843783037,0.0009050743282686088,0
2023-03-24T15:51:55Z,2023-03-24T15:52:00Z,2.2618890245374237e-05,0.0008769714207994515,0.0008995903110448258,0
2023-03-24T15:51:55Z,2023-03-24T15:52:00Z,1.4460535079275044e-05,0.0008790579033325544,0.0008935184384118295,0
2023-03-24T15:51:55Z,2023-03-24T15:52:00Z,1.7567109605698557e-05,0.0008707191841951144,0.000888286293800813,0
2023-03-24T15:51:55Z,2023-03-24T15:52:00Z,1.1540599733482048e-05,0.0008728319995506128,0.0008843725992840948,0
2023-03-24T15:51:55Z,2023-03-24T15:52:00Z,3.1563834658025498e-06,0.0008768875487199458,0.0008800439321857484,0
2023-03-24T15:51:55Z,2023-03-24T15:52:00Z,9.452829008966364e-06,0.0008863699178860366,0.0008769170888770703,0
2023-03-24T15:51:55Z,2023-03-24T15:52:00Z,1.0286719494960765e-05,0.0008859727666865707,0.00087568604719161,0
2023-03-24T15:51:55Z,2023-03-24T15:52:00Z,1.3051580938308886e-05,0.0008889503101204006,0.0008758987291820917,0
2023-03-24T15:51:55Z,2023-03-24T15:52:00Z,8.523085474767319e-06,0.0008846656813461139,0.0008761425958713466,0
2023-03-24T15:51:55Z,2023-03-24T15:52:00Z,4.539954497004566e-06,0.0008818619400762062,0.0008773219855792016,0
2023-03-24T15:51:55Z,2023-03-24T15:52:00Z,1.142100390447143e-05,0.000890301325605982,0.0008788803217015106,0
2023-03-24T15:51:55Z,2023-03-24T15:52:00Z,1.253246785930522e-05,0.0008929613351306059,0.0008804288672713007,0
2023-03-24T15:51:55Z,2023-03-24T15:52:00Z,8.707749477590825e-06,0.0008904696072295447,0.0008817618577519539,0
2023-03-24T15:52:55Z,2023-03-24T15:53:00Z,3.2108919183263234e-06,0.0008863630928500853,0.000883152200931759,0
2023-03-24T15:52:55Z,2023-03-24T15:53:00Z,5.647769264668142e-06,0.0008794794739705338,0.0008851272432352019,0
2023-03-24T15:52:55Z,2023-03-24T15:53:00Z,2.005701803735674e-05,0.0008664233345277922,0.000886480352565149,0
2023-03-24T15:52:55Z,2023-03-24T15:53:00Z,3.624891861748385e-05,0.0008504906264727241,0.000886739545090208,0
2023-03-24T15:52:55Z,2023-03-24T15:53:00Z,4.4417609307037705e-05,0.0008403272774473459,0.0008847448867543836,0
2023-03-24T15:52:55Z,2023-03-24T15:53:00Z,3.7736986588000226e-05,0.0008434596861449986,0.0008811966727329989,0
2023-03-24T15:52:55Z,2023-03-24T15:53:00Z,3.289890859013505e-05,0.0008434354608755583,0.0008763343694656934,0
2023-03-24T15:52:55Z,2023-03-24T15:53:00Z,1.8626363946099272e-05,0.0008535874059994827,0.000872213769945582,0
2023-03-24T15:52:55Z,2023-03-24T15:53:00Z,1.0917382004299657e-05,0.0008574537400212174,0.000868371122025517,0
2023-03-24T15:52:55Z,2023-03-24T15:53:00Z,7.709525636580435e-06,0.0008569902044282869,0.0008646997300648673,0
2023-03-24T15:52:55Z,2023-03-24T15:53:00Z,6.763243889442295e-06,0.000854385726664486,0.0008611489705539283,0
2023-03-24T15:53:55Z,2023-03-24T15:54:00Z,9.37986748475797e-06,0.0008484211627890444,0.0008578010302738024,0
2023-03-24T15:53:55Z,2023-03-24T15:54:00Z,3.4442018505108233e-06,0.0008511590918047318,0.0008546032936552426,0
2023-03-24T15:53:55Z,2023-03-24T15:54:00Z,6.864031493307833e-06,0.0008583614940304015,0.0008514974625370937,0
2023-03-24T15:53:55Z,2023-03-24T15:54:00Z,1.3959942278483125e-05,0.0008639309805432707,0.0008499710382647875,0
2023-03-24T15:53:55Z,2023-03-24T15:54:00Z,1.730140227495017e-05,0.0008680595272955055,0.0008507581250205553,0
2023-03-24T15:53:55Z,2023-03-24T15:54:00Z,1.8126026169637782e-05,0.0008712445214997856,0.0008531184953301478,0
2023-03-24T15:53:55Z,2023-03-24T15:54:00Z,2.1757562449170533e-05,0.0008773360418943691,0.0008555784794451986,0
2023-03-24T15:53:55Z,2023-03-24T15:54:00Z,1.9992028374339263e-05,0.0008783514138819606,0.0008583593855076213,0
2023-03-24T15:53:55Z,2023-03-24T15:54:00Z,1.6658159561537176e-05,0.0008773924086586469,0.0008607342490971097,0
2023-03-24T15:53:55Z,2023-03-24T15:54:00Z,1.9182022624959273e-05,0.0008820060391081435,0.0008628240164831843,0
2023-03-24T15:53:55Z,2023-03-24T15:54:00Z,2.347166756146255e-05,0.0008883359044676828,0.0008648642369062202,0
2023-03-24T15:53:55Z,2023-03-24T15:54:00Z,1.8383668390037832e-05,0.0008860099365406239,0.0008676262681505861,0
2023-03-24T15:53:55Z,2023-03-24T15:54:00Z,1.2641384741023847e-05,0.0008842591270594737,0.0008716177423184499,0
2023-03-24T15:54:55Z,2023-03-24T15:55:00Z,9.606865765459868e-06,0.000884709692557499,0.0008751028267920391,0
2023-03-24T15:54:55Z,2023-03-24T15:55:00Z,1.2678577045592749e-05,0.0008650140130493537,0.0008776925900949464,0
2023-03-24T15:54:55Z,2023-03-24T15:55:00Z,2.392927433779782e-05,0.0008558411869585712,0.000879770461296369,0
2023-03-24T15:54:55Z,2023-03-24T15:55:00Z,2.216556284226508e-05,0.0008573003470294889,0.000879465909871754,0
2023-03-24T15:54:55Z,2023-03-24T15:55:00Z,2.681704460778117e-05,0.0008511085318098513,0.0008779255764176325,0
2023-03-24T15:54:55Z,2023-03-24T15:55:00Z,2.2018116017218786e-05,0.0008539038909139256,0.0008759220069311444,0
2023-03-24T15:54:55Z,2023-03-24T15:55:00Z,2.0082059839040232e-05,0.0008531156588848933,0.0008731977187239335,0
2023-03-24T15:54:55Z,2023-03-24T15:55:00Z,2.2721101836160667e-05,0.0008481277651133006,0.0008708488669494612,0
2023-03-24T15:54:55Z,2023-03-24T15:55:00Z,1.905361994777692e-05,0.0008489062089793593,0.0008679598289271362,0
2023-03-24T15:54:55Z,2023-03-24T15:55:00Z,3.00654770182345e-05,0.0008338735379734637,0.0008639390149916982,0
2023-03-24T15:54:55Z,2023-03-24T15:55:00Z,2.9220466505559817e-05,0.0008310081757300119,0.0008602286422355717,0
2023-03-24T15:54:55Z,2023-03-24T15:55:00Z,2.9355295516864783e-05,0.0008258347878101058,0.0008551900833269706,0
2023-03-24T15:55:55Z,2023-03-24T15:56:00Z,2.5672731482782678e-05,0.0008241472001614393,0.000849819931644222,0
2023-03-24T15:55:55Z,2023-03-24T15:56:00Z,1.0490826907426473e-05,0.0008354111822128706,0.0008459020091202971,0
2023-03-24T15:55:55Z,2023-03-24T15:56:00Z,5.7952634866710205e-06,0.0008369373469539128,0.0008427326104405838,0
2023-03-24T15:55:55Z,2023-03-24T15:56:00Z,8.537970130193711e-07,0.0008413974909719415,0.0008405436939589221,0
2023-03-24T15:55:55Z,2023-03-24T15:56:00Z,1.0492583226703227e-05,0.0008496191587000315,0.0008391265754733283,0
2023-03-24T15:55:55Z,2023-03-24T15:56:00Z,8.34170222148618e-06,0.000846217637700616,0.0008378759354791298,0
2023-03-24T15:55:55Z,2023-03-24T15:56:00Z,1.1690935953444378e-05,0.0008492172214140881,0.0008375262854606437,0
2023-03-24T15:55:55Z,2023-03-24T15:56:00Z,1.11231036296367e-05,0.0008484583763490119,0.0008373352727193752,0
2023-03-24T15:55:55Z,2023-03-24T15:56:00Z,6.159874087760661e-06,0.0008435262480506088,0.0008373663739628482,0
2023-03-24T15:55:55Z,2023-03-24T15:56:00Z,1.4776597322914095e-05,0.000853601455123317,0.0008388248578004029,0
2023-03-24T15:55:55Z,2023-03-24T15:56:00Z,2.462303387827029e-05,0.0008646996989107329,0.0008400766650324626,0
2023-03-24T15:55:55Z,2023-03-24T15:56:00Z,2.4066325997839613e-05,0.0008669196577616232,0.0008428533317637836,0
2023-03-24T15:56:55Z,2023-03-24T15:57:00Z,2.7321468085322203e-05,0.0008742300497240353,0.000846908581638713,0
2023-03-24T15:56:55Z,2023-03-24T15:57:00Z,1.8328407234778307e-05,0.0008683878364283667,0.0008500594291935883,0
2023-03-24T15:56:55Z,2023-03-24T15:57:00Z,1.478005846396169e-05,0.0008685687579345623,0.0008537886994706007,0
2023-03-24T15:56:55Z,2023-03-24T15:57:00Z,7.836764254430355e-06,0.0008643244982706735,0.0008564877340162431,0
2023-03-24T15:56:55Z,2023-03-24T15:57:00Z,7.225596958405369e-06,0.0008511570969812909,0.0008583826939396963,0
2023-03-24T15:56:55Z,2023-03-24T15:57:00Z,1.1313553408472793e-05,0.000848879826588229,0.0008601933799967018,0
2023-03-24T15:56:55Z,2023-03-24T15:57:00Z,1.797408743766163e-05,0.0008424132801157605,0.0008603873675534222,0
2023-03-24T15:56:55Z,2023-03-24T15:57:00Z,2.226179651431846e-05,0.0008381677160630255,0.000860429512577344,0
2023-03-24T15:56:55Z,2023-03-24T15:57:00Z,3.148830170288835e-05,0.0008288299140809709,0.0008603182157838592,0
2023-03-24T15:56:55Z,2023-03-24T15:57:00Z,3.809584685514496e-05,0.0008206789950226849,0.0008587748418778299,0
2023-03-24T15:56:55Z,2023-03-24T15:57:00Z,4.745076109563301e-05,0.0008077371022992208,0.0008551878633948539,0
2023-03-24T15:56:55Z,2023-03-24T15:57:00Z,4.893222539243715e-05,0.000801631571728523,0.0008505637971209601,0
2023-03-24T15:57:55Z,2023-03-24T15:58:00Z,4.414671436518897e-05,0.0007997677880132896,0.0008439145023784785,0
2023-03-24T15:57:55Z,2023-03-24T15:58:00Z,2.967661190915688e-05,0.0008075622639993372,0.0008372388759084941,0
2023-03-24T15:57:55Z,2023-03-24T15:58:00Z,1.8347482136504378e-05,0.0008120112967798624,0.0008303587789163667,0
2023-03-24T15:57:55Z,2023-03-24T15:58:00Z,1.2120955452796971e-05,0.0008125616000364363,0.0008246825554892333,0
2023-03-24T15:57:55Z,2023-03-24T15:58:00Z,3.313680061668451e-06,0.000817454295407422,0.0008207679754690904,0
2023-03-24T15:57:55Z,2023-03-24T15:58:00Z,3.762727505385831e-07,0.0008175124255644496,0.000817136152813911,0
2023-03-24T15:57:55Z,2023-03-24T15:58:00Z,4.539522823561698e-06,0.0008101007315195157,0.0008146402543430774,0
2023-03-24T15:57:55Z,2023-03-24T15:58:00Z,6.127912386313288e-06,0.000818702637679533,0.0008125747252932197,0
2023-03-24T15:57:55Z,2023-03-24T15:58:00Z,1.0627901903234311e-05,0.0008213297089403085,0.0008107018070370741,0
2023-03-24T15:57:55Z,2023-03-24T15:58:00Z,9.68750495992086e-06,0.0008201916762626797,0.0008105041713027588,0
2023-03-24T15:57:55Z,2023-03-24T15:58:00Z,1.0393394205881839e-05,0.0008222568261727495,0.0008118634319668677,0
2023-03-24T15:58:55Z,2023-03-24T15:59:00Z,1.2501159398808112e-05,0.0008262206018190914,0.0008137194424202833,0
2023-03-24T15:58:55Z,2023-03-24T15:59:00Z,1.5520148065110398e-05,0.0008314884943013398,0.0008159683462362294,0
2023-03-24T15:58:55Z,2023-03-24T15:59:00Z,1.4923970245909026e-05,0.0008327581502641138,0.0008178341800182048,0
2023-03-24T15:58:55Z,2023-03-24T15:59:00Z,1.040890684628475e-05,0.0008301908066166373,0.0008197818997703525,0
2023-03-24T15:58:55Z,2023-03-24T15:59:00Z,8.854506442777777e-06,0.000830656061235898,0.0008218015547931202,0
2023-03-24T15:58:55Z,2023-03-24T15:59:00Z,5.1322542061378335e-06,0.0008282074601201796,0.0008230752059140417,0
2023-03-24T15:58:55Z,2023-03-24T15:59:00Z,1.4258512401870023e-05,0.0008386480818830568,0.0008243895694811867,0
2023-03-24T15:58:55Z,2023-03-24T15:59:00Z,2.3107353768871694e-05,0.0008493075961101247,0.000826200242341253,0
2023-03-24T15:58:55Z,2023-03-24T15:59:00Z,2.6962563008705253e-05,0.0008551573497703105,0.0008281947867616053,0
2023-03-24T15:58:55Z,2023-03-24T15:59:00Z,3.388380560871761e-05,0.0008648763810873048,0.0008309925754785872,0
2023-03-24T15:58:55Z,2023-03-24T15:59:00Z,4.36001065070396e-05,0.0008780892493363897,0.0008344891428293501,0
2023-03-24T15:58:55Z,2023-03-24T15:59:00Z,4.965398204139805e-05,0.0008884050803622038,0.0008387510983208057,0
2023-03-24T15:58:55Z,2023-03-24T15:59:00Z,5.079808212085277e-05,0.0008947360451933882,0.0008439379630725355,0
2023-03-24T15:59:55Z,2023-03-24T16:00:00Z,3.3702632288142346e-05,0.0008833322539667643,0.000849629621678622,0
2023-03-24T15:59:55Z,2023-03-24T16:00:00Z,1.2601097958592948e-05,0.0008684285091301423,0.0008558274111715494,0
2023-03-24T15:59:55Z,2023-03-24T16:00:00Z,1.7649068129915778e-06,0.0008629064627195536,0.000861141555906562,0
2023-03-24T15:59:55Z,2023-03-24T16:00:00Z,4.6022707023482675e-06,0.0008603165299936381,0.0008649188006959864,0
2023-03-24T15:59:55Z,2023-03-24T16:00:00Z,6.792142023006242e-06,0.0008615965589329176,0.0008683887009559238,0
2023-03-24T15:59:55Z,2023-03-24T16:00:00Z,1.3788531816368867e-05,0.000856767013950613,0.0008705555457669819,0
2023-03-24T15:59:55Z,2023-03-24T16:00:00Z,2.2947429634868855e-05,0.0008488370124143925,0.0008717844420492614,0
2023-03-24T15:59:55Z,2023-03-24T16:00:00Z,2.572395329934838e-05,0.0008462214551679432,0.0008719454084672916,0
2023-03-24T15:59:55Z,2023-03-24T16:00:00Z,1.727592209506781e-05,0.0008530655495049325,0.0008703414716000003,0
2023-03-24T15:59:55Z,2023-03-24T16:00:00Z,2.9688860877322165e-05,0.0008374658313058334,0.0008671546921831556,0
2023-03-24T15:59:55Z,2023-03-24T16:00:00Z,3.0784009284260815e-05,0.0008328367298131678,0.0008636207390974286,0
2023-03-24T15:59:55Z,2023-03-24T16:00:00Z,3.443266610566307e-05,0.0008234610516030102,0.0008578937177086733,0
2023-03-24T16:00:55Z,2023-03-24T16:01:00Z,1.6740741384414044e-05,0.0008361034239088993,0.0008528441652933134,0
2023-03-24T16:00:55Z,2023-03-24T16:01:00Z,8.693653132868149e-06,0.000839653766407732,0.0008483474195406001,0
2023-03-24T16:00:55Z,2023-03-24T16:01:00Z,6.106958656527722e-06,0.0008517740743160625,0.0008456671156595348,0
2023-03-24T16:00:55Z,2023-03-24T16:01:00Z,1.4294357714561513e-05,0.0008578951970155058,0.0008436008393009443,0
2023-03-24T16:00:55Z,2023-03-24T16:01:00Z,1.5919660537467802e-05,0.0008585382513767265,0.0008426185908392587,0
2023-03-24T16:00:55Z,2023-03-24T16:01:00Z,1.7848228678115936e-05,0.000860579637823864,0.0008427314091457481,0
2023-03-24T16:00:55Z,2023-03-24T16:01:00Z,3.019007948940034e-05,0.0008738916125313815,0.0008437015330419812,0
2023-03-24T16:00:55Z,2023-03-24T16:01:00Z,2.0047849958192837e-05,0.0008651852012657663,0.0008451373513075735,0
2023-03-24T16:00:55Z,2023-03-24T16:01:00Z,3.021140016342457e-06,0.000850241097626561,0.0008472199576102185,0
2023-03-24T16:00:55Z,2023-03-24T16:01:00Z,1.3773543663911001e-05,0.0008637654382701226,0.0008499918946062116,0
2023-03-24T16:00:55Z,2023-03-24T16:01:00Z,1.121231057059531e-05,0.0008629446419581462,0.0008517323313875509,0
2023-03-24T16:00:55Z,2023-03-24T16:01:00Z,6.3798223630080276e-06,0.0008621425924172703,0.0008557627700542623,0
2023-03-24T16:01:55Z,2023-03-24T16:02:00Z,6.8649379137167245e-06,0.0008653118297729036,0.0008584468918591869,0
2023-03-24T16:01:55Z,2023-03-24T16:02:00Z,9.476068957733202e-06,0.0008701718434178738,0.0008606957744601406,0
2023-03-24T16:01:55Z,2023-03-24T16:02:00Z,3.5645492784538383e-06,0.0008656140992842785,0.0008620495500058247,0
2023-03-24T16:01:55Z,2023-03-24T16:02:00Z,5.511881173348625e-07,0.0008638284027633964,0.0008632772146460615,0
2023-03-24T16:01:55Z,2023-03-24T16:02:00Z,7.69423984787825e-06,0.0008716790392846951,0.0008639847994368168,0
2023-03-24T16:01:55Z,2023-03-24T16:02:00Z,8.159170384864516e-06,0.0008724688463156345,0.00086430967593077,0
2023-03-24T16:01:55Z,2023-03-24T16:02:00Z,3.000190452824591e-06,0.0008610882281532767,0.0008640884186061013,0
2023-03-24T16:01:55Z,2023-03-24T16:02:00Z,2.676340099247443e-06,0.0008674931232103358,0.0008648167831110884,0
2023-03-24T16:01:55Z,2023-03-24T16:02:00Z,8.98464940794698e-06,0.0008748861455717067,0.0008659014961637597,0
2023-03-24T16:01:55Z,2023-03-24T16:02:00Z,1.4622740062673846e-05,0.000880897004720455,0.0008662742646577811,0
2023-03-24T16:01:55Z,2023-03-24T16:02:00Z,3.253348868598443e-06,0.0008707217638877356,0.0008674684150191371,0
2023-03-24T16:02:55Z,2023-03-24T16:03:00Z,6.105143475356443e-06,0.0008632387127740991,0.0008693438562494555,0
2023-03-24T16:02:55Z,2023-03-24T16:03:00Z,5.822709481623353e-06,0.0008640621401793154,0.0008698848496609387,0
2023-03-24T16:02:55Z,2023-03-24T16:03:00Z,8.655398147005048e-06,0.0008605361384495563,0.0008691915365965613,0
2023-03-24T16:02:55Z,2023-03-24T16:03:00Z,1.1197758088352409e-05,0.0008578385825977127,0.0008690363406860651,0
2023-03-24T16:02:55Z,2023-03-24T16:03:00Z,1.3280316673112491e-05,0.0008554267975815686,0.000868707114254681,0
2023-03-24T16:02:55Z,2023-03-24T16:03:00Z,1.7523359880988808e-05,0.0008497997087049939,0.0008673230685859827,0
2023-03-24T16:02:55Z,2023-03-24T16:03:00Z,2.2062053943094667e-05,0.0008435568097694816,0.0008656188637125763,0
2023-03-24T16:02:55Z,2023-03-24T16:03:00Z,2.599758537042882e-05,0.0008384924263973191,0.0008644900117677479,0
2023-03-24T16:02:55Z,2023-03-24T16:03:00Z,2.8772420717461888e-05,0.0008333239597062005,0.0008620963804236624,0
2023-03-24T16:02:55Z,2023-03-24T16:03:00Z,2.831489121139807e-05,0.0008301421172948257,0.0008584570085062238,0
2023-03-24T16:02:55Z,2023-03-24T16:03:00Z,2.9953332167906885e-05,0.0008237463718368914,0.0008536997040047983,0
2023-03-24T16:02:55Z,2023-03-24T16:03:00Z,2.582343661889264e-05,0.0008238183027266146,0.0008496417393455073,0
2023-03-24T16:03:55Z,2023-03-24T16:04:00Z,1.2761725874869782e-05,0.0008329307793769168,0.0008456925052517866,0
2023-03-24T16:03:55Z,2023-03-24T16:04:00Z,1.3214049393323306e-05,0.0008284540721131931,0.0008416681215065164,0
2023-03-24T16:03:55Z,2023-03-24T16:04:00Z,1.2000634490528768e-05,0.0008269069511087237,0.0008389075855992524,0
2023-03-24T16:03:55Z,2023-03-24T16:04:00Z,6.76016192781737e-06,0.0008292089726229831,0.0008359691345508005,0
2023-03-24T16:03:55Z,2023-03-24T16:04:00Z,2.890004029811933e-06,0.0008302271458737041,0.000833117149903516,0
2023-03-24T16:03:55Z,2023-03-24T16:04:00Z,1.977463364746107e-06,0.0008330355396600611,0.000831058076295315,0
2023-03-24T16:03:55Z,2023-03-24T16:04:00Z,1.248252911865825e-05,0.0008422076390243957,0.0008297251099057374,0
2023-03-24T16:03:55Z,2023-03-24T16:04:00Z,7.4291133945067695e-06,0.0008366085346265183,0.0008291794212320115,0
2023-03-24T16:03:55Z,2023-03-24T16:04:00Z,7.25587210358104e-06,0.0008373236612674118,0.0008300677891638307,0
2023-03-24T16:03:55Z,2023-03-24T16:04:00Z,1.2634653503742414e-05,0.0008433490844007425,0.0008307144308970001,0
2023-03-24T16:03:55Z,2023-03-24T16:04:00Z,1.4351319647011888e-05,0.0008464234794870642,0.0008320721598400523,0
2023-03-24T16:03:55Z,2023-03-24T16:04:00Z,1.3045562696357114e-05,0.0008470708007038222,0.000834025238007465,0
2023-03-24T16:03:55Z,2023-03-24T16:04:00Z,1.9936498288328588e-05,0.0008553110063068084,0.0008353745080184798,0
2023-03-24T16:04:55Z,2023-03-24T16:05:00Z,1.5646108395547223e-05,0.0008528822892730899,0.0008372361808775426,0
2023-03-24T16:04:55Z,2023-03-24T16:05:00Z,1.5775662450182807e-05,0.0008558522488475338,0.000840076586397351,0
2023-03-24T16:04:55Z,2023-03-24T16:05:00Z,8.603362730087976e-06,0.0008510472807924497,0.0008424439180623617,0
2023-03-24T16:04:55Z,2023-03-24T16:05:00Z,4.96373249005643e-06,0.0008499701608498012,0.0008450064283597447,0
2023-03-24T16:04:55Z,2023-03-24T16:05:00Z,1.8193323971238407e-06,0.0008486269348701074,0.0008468076024729836,0
2023-03-24T16:04:55Z,2023-03-24T16:05:00Z,5.561089465063894e-06,0.0008420227651904603,0.0008475838546555241,0
2023-03-24T16:04:55Z,2023-03-24T16:05:00Z,5.200488262833611e-06,0.0008435852064170496,0.0008487856946798832,0
2023-03-24T16:04:55Z,2023-03-24T16:05:00Z,3.5769727669922096e-06,0.0008456786323051958,0.000849255605072188,0
2023-03-24T16:04:55Z,2023-03-24T16:05:00Z,1.2098230752612322e-05,0.0008371809865212064,0.0008492792172738187,0
2023-03-24T16:04:55Z,2023-03-24T16:05:00Z,2.7029391319311727e-05,0.00082217534123632,0.0008492047325556317,0
2023-03-24T16:04:55Z,2023-03-24T16:05:00Z,2.4411629884262486e-05,0.0008238041212531077,0.0008482157511373702,0
2023-03-24T16:04:55Z,2023-03-24T16:05:00Z,3.5897946045193585e-05,0.0008090042385851279,0.0008449021846303215,0
2023-03-24T16:05:55Z,2023-03-24T16:06:00Z,3.8445990239895306e-05,0.0008035483775884278,0.0008419943678283231,0
2023-03-24T16:05:55Z,2023-03-24T16:06:00Z,5.304225085052362e-05,0.000784267315951559,0.0008373095668020826,0
2023-03-24T16:05:55Z,2023-03-24T16:06:00Z,5.295133907785583e-05,0.0007796083374038246,0.0008325596764816804,0
2023-03-24T16:05:55Z,2023-03-24T16:06:00Z,5.094332497086816e-05,0.0007750460670209881,0.0008259893919918562,0
2023-03-24T16:05:55Z,2023-03-24T16:06:00Z,2.6151821210052082e-05,0.0007929357110351758,0.0008190875322452278,0
2023-03-24T16:05:55Z,2023-03-24T16:06:00Z,1.0724047498412471e-05,0.0008016658149298682,0.0008123898624282806,0
2023-03-24T16:05:55Z,2023-03-24T16:06:00Z,7.002494495878149e-06,0.0008143274073859714,0.0008073249128900933,0
2023-03-24T16:05:55Z,2023-03-24T16:06:00Z,1.1029049637528536e-05,0.000813952680790089,0.0008029236311525604,0
2023-03-24T16:05:55Z,2023-03-24T16:06:00Z,2.5000749056708544e-05,0.0008256390222957455,0.000800638273239037,0
2023-03-24T16:05:55Z,2023-03-24T16:06:00Z,2.5363584365851208e-05,0.0008251795915602651,0.0007998160071944139,0
2023-03-24T16:05:55Z,2023-03-24T16:06:00Z,3.465163348004925e-05,0.000834651130778727,0.0007999994972986777,0
2023-03-24T16:05:55Z,2023-03-24T16:06:00Z,3.714241523222869e-05,0.0008387594478284202,0.0008016170325961915,0
2023-03-24T16:06:55Z,2023-03-24T16:07:00Z,4.368114475864285e-05,0.0008484084526738641,0.0008047273079152213,0
2023-03-24T16:06:55Z,2023-03-24T16:07:00Z,5.6938373606820695e-05,0.0008671148947097282,0.0008101765211029075,0
2023-03-24T16:06:55Z,2023-03-24T16:07:00Z,6.336666915930222e-05,0.0008804232017892136,0.0008170565326299113,0
2023-03-24T16:06:55Z,2023-03-24T16:07:00Z,5.677619704393892e-05,0.0008830396124427244,0.0008262634153987855,0
2023-03-24T16:06:55Z,2023-03-24T16:07:00Z,3.5272587979864054e-05,0.0008702847524540533,0.0008350121644741893,0
2023-03-24T16:06:55Z,2023-03-24T16:07:00Z,3.652774591116851e-05,0.0008796772901366433,0.0008431495442254748,0
2023-03-24T16:06:55Z,2023-03-24T16:07:00Z,2.4720831085145792e-05,0.000873466109817429,0.0008487452787322832,0
2023-03-24T16:06:55Z,2023-03-24T16:07:00Z,2.497824184652278e-05,0.0008802959815134611,0.0008553177396669383,0
2023-03-24T16:06:55Z,2023-03-24T16:07:00Z,8.142273688204306e-06,0.0008682427221073111,0.0008601004484191068,0
2023-03-24T16:06:55Z,2023-03-24T16:07:00Z,1.9270269765563996e-05,0.0008848823571799904,0.0008656120874144264,0
2023-03-24T16:06:55Z,2023-03-24T16:07:00Z,6.993694882771718e-06,0.0008759649414300565,0.0008689712465472848,0
2023-03-24T16:06:55Z,2023-03-24T16:07:00Z,1.0896692553927657e-06,0.0008746732067378346,0.0008735835374824418,0
2023-03-24T16:07:55Z,2023-03-24T16:08:00Z,5.659072465198861e-07,0.0008769050936045811,0.0008763391863580612,0
2023-03-24T16:07:55Z,2023-03-24T16:08:00Z,1.0743814546786156e-05,0.0008663512030140857,0.0008770950175608719,0
2023-03-24T16:07:55Z,2023-03-24T16:08:00Z,3.869294967398908e-05,0.0008380502570684195,0.0008767432067424086,0
2023-03-24T16:07:55Z,2023-03-24T16:08:00Z,2.5522920530030718e-05,0.0008495514452695139,0.0008750743657995446,0
2023-03-24T16:07:55Z,2023-03-24T16:08:00Z,1.961564743803673e-06,0.000873812481004785,0.0008718509162609813,0
2023-03-24T16:07:55Z,2023-03-24T16:08:00Z,8.010821741918461e-06,0.0008768491535161868,0.0008688383317742684,0
2023-03-24T16:07:55Z,2023-03-24T16:08:00Z,2.353256013248688e-05,0.0008924055290254908,0.0008688729688930039,0
2023-03-24T16:07:55Z,2023-03-24T16:08:00Z,1.5932352482274457e-05,0.0008844606385755509,0.0008685282860932765,0
2023-03-24T16:07:55Z,2023-03-24T16:08:00Z,3.392733227094069e-05,0.0009048718990560351,0.0008709445667850945,0
2023-03-24T16:07:55Z,2023-03-24T16:08:00Z,4.581928821158405e-05,0.0009167216831362344,0.0008709023949246504,0
2023-03-24T16:07:55Z,2023-03-24T16:08:00Z,5.808089530855479e-05,0.000931873985995803,0.0008737930906872482,0
2023-03-24T16:07:55Z,2023-03-24T16:08:00Z,6.73406630535856e-05,0.000945338601380674,0.0008779979383270884,0
2023-03-24T16:08:55Z,2023-03-24T16:09:00Z,5.6976984953764414e-05,0.000940471812519975,0.0008834948275662106,0
2023-03-24T16:08:55Z,2023-03-24T16:09:00Z,3.914943083379555e-05,0.0009305429982366651,0.0008913935674028696,0
2023-03-24T16:08:55Z,2023-03-24T16:09:00Z,3.322964060741994e-05,0.0009348653635554448,0.0009016357229480248,0
2023-03-24T16:08:55Z,2023-03-24T16:09:00Z,9.669515903878664e-06,0.0009194043941486187,0.00090973487824474,0
2023-03-24T16:08:55Z,2023-03-24T16:09:00Z,9.918296088637151e-06,0.0009059218704111689,0.000915840166499806,0
2023-03-24T16:08:55Z,2023-03-24T16:09:00Z,4.3921223799045636e-05,0.0008761744667640036,0.0009200956905630492,0
2023-03-24T16:08:55Z,2023-03-24T16:09:00Z,8.171570095568347e-05,0.0008397316237459336,0.0009214473247016171,0
2023-03-24T16:08:55Z,2023-03-24T16:09:00Z,0.00011133156325346969,0.0008092871442669925,0.0009206187075204621,0
2023-03-24T16:08:55Z,2023-03-24T16:09:00Z,0.00012837509369398217,0.0007857295862954698,0.000914104679989452,0
2023-03-24T16:08:55Z,2023-03-24T16:09:00Z,0.00013319689961023226,0.0007701643264922957,0.000903361226102528,0
2023-03-24T16:08:55Z,2023-03-24T16:09:00Z,0.0001166462736996185,0.0007721005124328761,0.0008887467861324947,0
2023-03-24T16:08:55Z,2023-03-24T16:09:00Z,9.908908897559763e-05,0.0007721402696680591,0.0008712293586436567,0
2023-03-24T16:09:55Z,2023-03-24T16:10:00Z,8.526950010116546e-05,0.0007691227285337815,0.000854392228634947,0
2023-03-24T16:09:55Z,2023-03-24T16:10:00Z,5.7844449816773385e-05,0.0007807075059613128,0.0008385519557780862,0
2023-03-24T16:09:55Z,2023-03-24T16:10:00Z,2.1410340159356222e-05,0.0008005673521165636,0.0008219776922759199,0
2023-03-24T16:09:55Z,2023-03-24T16:10:00Z,1.88871683813542e-05,0.0008269951718385435,0.0008081080034571893,0
2023-03-24T16:09:55Z,2023-03-24T16:10:00Z,4.368253597698704e-05,0.0008412550876047159,0.0007975725516277288,0
2023-03-24T16:09:55Z,2023-03-24T16:10:00Z,7.016342624585972e-05,0.0008628180483810426,0.0007926546221351828,0
2023-03-24T16:09:55Z,2023-03-24T16:10:00Z,7.984728958413605e-05,0.0008726542581051972,0.0007928069685210612,0
2023-03-24T16:09:55Z,2023-03-24T16:10:00Z,7.72708978762478e-05,0.0008754309568087138,0.000798160058932466,0
2023-03-24T16:09:55Z,2023-03-24T16:10:00Z,6.879981674909189e-05,0.0008756523428625306,0.0008068525261134387,0
2023-03-24T16:09:55Z,2023-03-24T16:10:00Z,6.04941999798052e-05,0.0008778733891248857,0.0008173791891450805,0
2023-03-24T16:09:55Z,2023-03-24T16:10:00Z,5.081296113415676e-05,0.0008785473333222029,0.0008277343721880461,0
2023-03-24T16:09:55Z,2023-03-24T16:10:00Z,3.792656881516866e-05,0.0008762342529488972,0.0008383076841337286,0
2023-03-24T16:10:55Z,2023-03-24T16:11:00Z,4.617012967878865e-05,0.0008954202742913596,0.0008492501446125709,0
2023-03-24T16:10:55Z,2023-03-24T16:11:00Z,4.357842681827924e-05,0.0009023812461296084,0.0008588028193113292,0
2023-03-24T16:10:55Z,2023-03-24T16:11:00Z,3.660148742593017e-05,0.000904889598954739,0.0008682881115288088,0
2023-03-24T16:10:55Z,2023-03-24T16:11:00Z,3.588410852202548e-05,0.0009117108274799409,0.0008758267189579155,0
2023-03-24T16:10:55Z,2023-03-24T16:11:00Z,2.68392150532047e-05,0.0009090293851461225,0.0008821901700929178,0
2023-03-24T16:10:55Z,2023-03-24T16:11:00Z,1.921020282224194e-05,0.0009062896508250494,0.0008870794480028074,0
2023-03-24T16:10:55Z,2023-03-24T16:11:00Z,1.3740701988049762e-05,0.0009044576626949496,0.0008907169607068998,0
2023-03-24T16:10:55Z,2023-03-24T16:11:00Z,1.7522025803992257e-06,0.0008955550326889329,0.0008938028301085336,0
2023-03-24T16:10:55Z,2023-03-24T16:11:00Z,2.8108993999146877e-06,0.0008938724626918608,0.0008966833620917755,0
2023-03-24T16:10:55Z,2023-03-24T16:11:00Z,1.6580346923503143e-05,0.0008818711795246771,0.0008984515264481803,0
2023-03-24T16:10:55Z,2023-03-24T16:11:00Z,2.4375610207688723e-05,0.0008756084291774573,0.000899984039385146,0
2023-03-24T16:10:55Z,2023-03-24T16:11:00Z,3.2815297966947614e-05,0.0008677324340757764,0.000900547732042724,0
2023-03-24T16:11:55Z,2023-03-24T16:12:00Z,3.80342362434296e-05,0.0008605323112879042,0.0008985665475313338,0
2023-03-24T16:11:55Z,2023-03-24T16:12:00Z,3.658494336224096e-05,0.0008585167229637095,0.0008951016663259505,0
2023-03-24T16:11:55Z,2023-03-24T16:12:00Z,3.960549707562042e-05,0.0008510604404836467,0.0008906659375592671,0
2023-03-24T16:11:55Z,2023-03-24T16:12:00Z,3.653602221940827e-05,0.0008488105048882358,0.0008853465271076441,0
2023-03-24T16:11:55Z,2023-03-24T16:12:00Z,4.066704967107225e-05,0.0008388825829703242,0.0008795496326413965,0
2023-03-24T16:11:55Z,2023-03-24T16:12:00Z,3.972997839657357e-05,0.0008340717396511414,0.0008738017180477149,0
2023-03-24T16:11:55Z,2023-03-24T16:12:00Z,2.1158285052817576e-05,0.000846085925022435,0.0008672442100752525,0
2023-03-24T16:11:55Z,2023-03-24T16:12:00Z,1.1894187836353925e-05,0.0008729900686078273,0.0008610958807714734,0
2023-03-24T16:11:55Z,2023-03-24T16:12:00Z,1.378441899437617e-05,0.000870101645998907,0.0008563172270045308,0
2023-03-24T16:11:55Z,2023-03-24T16:12:00Z,2.5725766198027972e-05,0.0008811548821108737,0.0008554291159128457,0
2023-03-24T16:11:55Z,2023-03-24T16:12:00Z,5.191268279811144e-05,0.0009067911203931022,0.0008548784375949907,0
2023-03-24T16:12:55Z,2023-03-24T16:13:00Z,5.680001855386263e-05,0.0009130207009523631,0.0008562206823985004,0
2023-03-24T16:12:55Z,2023-03-24T16:13:00Z,4.927448843649858e-05,0.0009101210517455188,0.0008608465633090203,0
2023-03-24T16:12:55Z,2023-03-24T16:13:00Z,3.873162857554477e-05,0.0009050285896834303,0.0008662969611078856,0
2023-03-24T16:12:55Z,2023-03-24T16:13:00Z,3.134065386190541e-05,0.0009035436760959782,0.0008722030222340728,0
2023-03-24T16:12:55Z,2023-03-24T16:13:00Z,2.350546426804496e-05,0.0009013302949816373,0.0008778248307135923,0
2023-03-24T16:12:55Z,2023-03-24T16:13:00Z,1.791069378831694e-05,0.0009022016338144746,0.0008842909400261576,0
2023-03-24T16:12:55Z,2023-03-24T16:13:00Z,1.216583217487487e-05,0.0009031826277340821,0.0008910167955592073,0
2023-03-24T16:12:55Z,2023-03-24T16:13:00Z,5.05189168651483e-06,0.000901680258124926,0.0008966283664384112,0
2023-03-24T16:12:55Z,2023-03-24T16:13:00Z,2.5196878734499127e-06,0.0008971279344775868,0.0008996476223510368,0
2023-03-24T16:12:55Z,2023-03-24T16:13:00Z,4.06124437705253e-07,0.0009023993591259333,0.0009028054835636386,0
2023-03-24T16:12:55Z,2023-03-24T16:13:00Z,1.0534090370135614e-06,0.0009033493797632963,0.0009044027888003099,0
2023-03-24T16:12:55Z,2023-03-24T16:13:00Z,4.986923158330605e-07,0.00090346492035776,0.0009039636126735931,0
2023-03-24T16:12:55Z,2023-03-24T16:13:00Z,7.5234258993881874e-06,0.0009105199064540747,0.0009029964805546865,0
2023-03-24T16:13:55Z,2023-03-24T16:14:00Z,7.35381503965001e-07,0.0009030662489198754,0.0009023308674159104,0
2023-03-24T16:13:55Z,2023-03-24T16:14:00Z,3.3244573490389274e-06,0.0009062044564420139,0.000902879999092975,0
2023-03-24T16:13:55Z,2023-03-24T16:14:00Z,3.657159142706509e-06,0.0008991750972326581,0.0009028322563753646,0
2023-03-24T16:13:55Z,2023-03-24T16:14:00Z,1.0680348972831968e-05,0.0008926393235485703,0.0009033196725214023,0
2023-03-24T16:13:55Z,2023-03-24T16:14:00Z,1.0645409558153658e-05,0.0008923716093050669,0.0009030170188632205,0
2023-03-24T16:13:55Z,2023-03-24T16:14:00Z,6.7435904347312985e-06,0.0008952190980099383,0.0009019626884446696,0
2023-03-24T16:13:55Z,2023-03-24T16:14:00Z,8.885852273212433e-07,0.0009001432383353624,0.0009010318235626836,0
2023-03-24T16:13:55Z,2023-03-24T16:14:00Z,4.287618595654689e-06,0.000896553321320264,0.0009008409399159187,0
2023-03-24T16:13:55Z,2023-03-24T16:14:00Z,1.2605346553394006e-05,0.0008880099812834677,0.0009006153278368617,0
2023-03-24T16:13:55Z,2023-03-24T16:14:00Z,1.522628437827995e-05,0.0008847094376142785,0.0008999357219925584,0
2023-03-24T16:13:55Z,2023-03-24T16:14:00Z,1.4490050909081345e-05,0.0008839001771760479,0.0008983902280851292,0
2023-03-24T16:13:55Z,2023-03-24T16:14:00Z,6.324601073430655e-06,0.0008894845801277189,0.0008958091812011496,0
2023-03-24T16:14:55Z,2023-03-24T16:15:00Z,1.9184990862007026e-06,0.0008958110731129675,0.0008938925740267668,0
2023-03-24T16:14:55Z,2023-03-24T16:15:00Z,1.0710186615665775e-05,0.0009029307730110031,0.0008922205863953373,0
2023-03-24T16:14:55Z,2023-03-24T16:15:00Z,1.2802296077596377e-05,0.0009046864800609645,0.0008918841839833682,0
2023-03-24T16:14:55Z,2023-03-24T16:15:00Z,9.718044832472184e-06,0.0009026313737620838,0.0008929133289296116,0
2023-03-24T16:14:55Z,2023-03-24T16:15:00Z,8.834415839876738e-06,0.0009029792318450782,0.0008941448160052015,0
2023-03-24T16:14:55Z,2023-03-24T16:15:00Z,3.4152470592571605e-06,0.0008983012906396729,0.0008948860435804158,0
2023-03-24T16:14:55Z,2023-03-24T16:15:00Z,4.674947441715661e-06,0.0008904946954896716,0.0008951696429313873,0
2023-03-24T16:14:55Z,2023-03-24T16:15:00Z,7.596401135434344e-06,0.0008877480387278939,0.0008953444398633282,0
2023-03-24T16:14:55Z,2023-03-24T16:15:00Z,5.118589206318746e-06,0.00089047432207763,0.0008955929112839488,0
2023-03-24T16:14:55Z,2023-03-24T16:15:00Z,1.898731292218148e-06,0.0008977955026875283,0.0008958967713953101,0
2023-03-24T16:14:55Z,2023-03-24T16:15:00Z,9.874877640853974e-06,0.0009064290635263224,0.0008965541858854684,0
2023-03-24T16:14:55Z,2023-03-24T16:15:00Z,2.440517437998736e-06,0.0008998257955794482,0.0008973852781414494,0
2023-03-24T16:15:55Z,2023-03-24T16:16:00Z,1.2265282582105304e-05,0.0009107123597648901,0.0008984470771827848,0
2023-03-24T16:15:55Z,2023-03-24T16:16:00Z,7.843179246100709e-06,0.00090597975868573,0.0008981365794396293,0
2023-03-24T16:15:55Z,2023-03-24T16:16:00Z,2.457999465566897e-05,0.0009233191620656909,0.0008987391674100219,0
2023-03-24T16:15:55Z,2023-03-24T16:16:00Z,1.9135696969088114e-05,0.0009182097028714747,0.0008990740059023866,0
2023-03-24T16:15:55Z,2023-03-24T16:16:00Z,1.6380073675066782e-05,0.0009174880725995146,0.0009011079989244478,0
2023-03-24T16:15:55Z,2023-03-24T16:16:00Z,2.5713709881255032e-05,0.000928812550028883,0.000903098840147628,0
2023-03-24T16:15:55Z,2023-03-24T16:16:00Z,2.8408506789029744e-05,0.000934206684647642,0.0009057981778586123,0
2023-03-24T16:15:55Z,2023-03-24T16:16:00Z,2.9068172361295416e-05,0.0009389728013500066,0.0009099046289887112,0
2023-03-24T16:15:55Z,2023-03-24T16:16:00Z,2.5986258715244735e-05,0.0009402641239609571,0.0009142778652457123,0
2023-03-24T16:15:55Z,2023-03-24T16:16:00Z,1.971610706812631e-05,0.0009381117021800867,0.0009183955951119604,0
2023-03-24T16:15:55Z,2023-03-24T16:16:00Z,1.4989410113034219e-05,0.0009367685112684581,0.0009217791011554238,0
2023-03-24T16:15:55Z,2023-03-24T16:16:00Z,1.219790141233554e-05,0.0009378055932278231,0.0009256076918154875,0
2023-03-24T16:16:55Z,2023-03-24T16:17:00Z,6.048265710570334e-06,0.000922165041255274,0.0009282133069658443,0
2023-03-24T16:16:55Z,2023-03-24T16:17:00Z,1.2589677663636277e-05,0.00094398556808369,0.0009313958904200537,0
2023-03-24T16:16:55Z,2023-03-24T16:17:00Z,8.837914827300756e-07,0.0009303966868562818,0.0009312804783390119,0
2023-03-24T16:16:55Z,2023-03-24T16:17:00Z,1.0896724994403527e-05,0.0009447547898546369,0.0009338580648602334,0
2023-03-24T16:16:55Z,2023-03-24T16:17:00Z,4.888859080664663e-06,0.0009400377853665748,0.0009351489262859102,0
2023-03-24T16:16:55Z,2023-03-24T16:17:00Z,1.3940853895352259e-06,0.0009381372356580209,0.0009367431502684857,0
2023-03-24T16:16:55Z,2023-03-24T16:17:00Z,5.278184619425595e-06,0.0009320480757209533,0.0009373262603403789,0
2023-03-24T16:16:55Z,2023-03-24T16:17:00Z,1.6789037782682275e-06,0.0009355637999929121,0.0009372427037711804,0
2023-03-24T16:16:55Z,2023-03-24T16:17:00Z,2.308668319646388e-06,0.0009387297672668263,0.0009364210989471799,0
2023-03-24T16:16:55Z,2023-03-24T16:17:00Z,1.2011984351875866e-05,0.0009481782930803384,0.0009361663087284625,0
2023-03-24T16:16:55Z,2023-03-24T16:17:00Z,6.798856107603562e-06,0.0009431612904359028,0.0009363624343282993,0
2023-03-24T16:16:55Z,2023-03-24T16:17:00Z,5.952825202923937e-06,0.0009433525295164749,0.000937399704313551,0
2023-03-24T16:17:55Z,2023-03-24T16:18:00Z,8.069665381906562e-06,0.0009475689946135203,0.0009394993292316138,0
2023-03-24T16:17:55Z,2023-03-24T16:18:00Z,2.6477259224512092e-06,0.0009420837512973436,0.0009394360253748924,0
2023-03-24T16:17:55Z,2023-03-24T16:18:00Z,7.145427947153585e-06,0.0009482986840977697,0.0009411532561506161,0
2023-03-24T16:17:55Z,2023-03-24T16:18:00Z,1.9200190933570853e-06,0.0009389661332015296,0.0009408861522948867,0
2023-03-24T16:17:55Z,2023-03-24T16:18:00Z,9.650701418128052e-06,0.0009320615407498782,0.0009417122421680063,0
2023-03-24T16:17:55Z,2023-03-24T16:18:00Z,2.281576839456979e-06,0.0009395135550829,0.000941795131922357,0
2023-03-24T16:17:55Z,2023-03-24T16:18:00Z,2.41714922188756e-06,0.000939379329203362,0.0009417964784252496,0
2023-03-24T16:17:55Z,2023-03-24T16:18:00Z,7.726578141475991e-06,0.0009344648757927724,0.0009421914539342484,0
2023-03-24T16:17:55Z,2023-03-24T16:18:00Z,1.3368315004832587e-05,0.0009288880951230691,0.0009422564101279017,0
2023-03-24T16:17:55Z,2023-03-24T16:18:00Z,1.9283416990106112e-05,0.0009216016514090392,0.0009408850683991453,0
2023-03-24T16:17:55Z,2023-03-24T16:18:00Z,1.8110137590271642e-05,0.0009213476112775903,0.0009394577488678619,0
2023-03-24T16:17:55Z,2023-03-24T16:18:00Z,1.4386985325560314e-05,0.000922895675731558,0.0009372826610571183,0
2023-03-24T16:18:55Z,2023-03-24T16:19:00Z,6.412336257424376e-06,0.000928248186466101,0.0009346605227235254,1
2023-03-24T16:18:55Z,2023-03-24T16:19:00Z,1.1992081348300224e-05,0.0009207496338186466,0.0009327417151669468,1
2023-03-24T16:18:55Z,2023-03-24T16:19:00Z,1.0583373555801733e-06,0.00093179500275936,0.0009307366654037799,1
2023-03-24T16:18:55Z,2023-03-24T16:19:00Z,4.782477860942056e-07,0.0009284367676793976,0.0009289150154654918,1
2023-03-24T16:18:55Z,2023-03-24T16:19:00Z,1.438615959005983e-05,0.0009145022020763799,0.0009288883616664397,1
2023-03-24T16:18:55Z,2023-03-24T16:19:00Z,2.0860631298583545e-05,0.0009069200516275061,0.0009277806829260896,1
2023-03-24T16:18:55Z,2023-03-24T16:19:00Z,1.773613298209156e-05,0.0009075568372312998,0.0009252929702133914,1
2023-03-24T16:18:55Z,2023-03-24T16:19:00Z,2.3129587144341273e-05,0.0008994089006525236,0.0009225384877968648,1
2023-03-24T16:18:55Z,2023-03-24T16:19:00Z,1.856817691461637e-05,0.0009018371850930716,0.0009204053620076879,1
2023-03-24T16:18:55Z,2023-03-24T16:19:00Z,1.4460454681049207e-05,0.0009037256322509872,0.0009181860869320364,1
2023-03-24T16:18:55Z,2023-03-24T16:19:00Z,1.0746847626420721e-05,0.0009054881966871638,0.0009162350443135845,1
2023-03-24T16:18:55Z,2023-03-24T16:19:00Z,8.783444076493731e-07,0.0009134396955578779,0.0009143180399655273,1
2023-03-24T16:19:55Z,2023-03-24T16:20:00Z,3.233611785061793e-05,0.0009443781588382516,0.0009120420409876337,0
2023-03-24T16:19:55Z,2023-03-24T16:20:00Z,1.5577745458283986e-05,0.0009268887926198407,0.0009113110471615567,0
2023-03-24T16:19:55Z,2023-03-24T16:20:00Z,2.0423847156982792e-05,0.0009329932099264288,0.000912569362769446,0
2023-03-24T16:19:55Z,2023-03-24T16:20:00Z,3.014460315047191e-05,0.0009425591684139622,0.0009124145652634903,0
2023-03-24T16:19:55Z,2023-03-24T16:20:00Z,3.9243186557614195e-05,0.0009535068526061092,0.000914263666048495,0
2023-03-24T16:19:55Z,2023-03-24T16:20:00Z,4.097090258117124e-05,0.0009587984803083121,0.0009178275777271408,0
2023-03-24T16:19:55Z,2023-03-24T16:20:00Z,3.459211920322136e-05,0.0009570146984678431,0.0009224225792646217,0
2023-03-24T16:19:55Z,2023-03-24T16:20:00Z,2.9842840283970527e-05,0.0009582043775141711,0.0009283615372302006,0
2023-03-24T16:19:55Z,2023-03-24T16:20:00Z,3.0470110737486128e-05,0.0009643493993051638,0.0009338792885676777,0
2023-03-24T16:19:55Z,2023-03-24T16:20:00Z,3.29888356343322e-05,0.0009723159987283284,0.0009393271630939962,0
2023-03-24T16:19:55Z,2023-03-24T16:20:00Z,3.3322767899455195e-05,0.0009785360512552512,0.000945213283355796,0
2023-03-24T16:20:55Z,2023-03-24T16:21:00Z,1.454552436898056e-05,0.0009656464380418216,0.000951100913672841,0
2023-03-24T16:20:55Z,2023-03-24T16:21:00Z,2.1890566777217494e-06,0.000956705759592263,0.0009545167029145412,0
2023-03-24T16:20:55Z,2023-03-24T16:21:00Z,8.509901124029314e-06,0.0009669023685807685,0.0009583924674567392,0
2023-03-24T16:20:55Z,2023-03-24T16:21:00Z,1.2869832909993893e-05,0.0009736335553333166,0.0009607637224233227,0
2023-03-24T16:20:55Z,2023-03-24T16:21:00Z,1.4624902849859952e-05,0.0009778229452898632,0.0009631980424400033,0
2023-03-24T16:20:55Z,2023-03-24T16:21:00Z,1.4910742473166422e-05,0.0009801214551858903,0.0009652107127127239,0
2023-03-24T16:20:55Z,2023-03-24T16:21:00Z,1.5003964187385727e-05,0.000982117123398265,0.0009671131592108792,0
2023-03-24T16:20:55Z,2023-03-24T16:21:00Z,2.4597725744684518e-05,0.0009940215606273682,0.0009694238348826837,0
2023-03-24T16:20:55Z,2023-03-24T16:21:00Z,1.4168438676710141e-06,0.0009703982656034221,0.0009718151094710931,0
2023-03-24T16:20:55Z,2023-03-24T16:21:00Z,1.899053852457257e-05,0.000955791787078741,0.0009747823256033136,0
2023-03-24T16:20:55Z,2023-03-24T16:21:00Z,2.380592010739458e-05,0.0009507846321834284,0.000974590552290823,0
2023-03-24T16:20:55Z,2023-03-24T16:21:00Z,2.247673539836027e-05,0.0009498393904748116,0.0009723161258731719,0
2023-03-24T16:21:55Z,2023-03-24T16:22:00Z,2.677649423507534e-05,0.0009440534510522572,0.0009708299452873326,0
2023-03-24T16:21:55Z,2023-03-24T16:22:00Z,2.6637520983662064e-05,0.0009435057873919254,0.0009701433083755875,0
2023-03-24T16:21:55Z,2023-03-24T16:22:00Z,2.3082646202822162e-05,0.0009447757704199141,0.0009678584166227362,0
2023-03-24T16:21:55Z,2023-03-24T16:22:00Z,2.3987051912816764e-05,0.0009408585879157804,0.0009648456398285972,0
2023-03-24T16:21:55Z,2023-03-24T16:22:00Z,1.9166694977871732e-05,0.0009423742273637304,0.0009615409223416022,0
2023-03-24T16:21:55Z,2023-03-24T16:22:00Z,8.321267764213407e-06,0.0009492933678503778,0.0009576146356145912,0
2023-03-24T16:21:55Z,2023-03-24T16:22:00Z,3.333886359707097e-06,0.0009503064596514308,0.0009536403460111379,0
2023-03-24T16:21:55Z,2023-03-24T16:22:00Z,9.345335621622954e-08,0.0009490740733772224,0.0009491675267334387,0
2023-03-24T16:21:55Z,2023-03-24T16:22:00Z,2.6225654326413744e-05,0.0009733840004646536,0.0009471583461382398,0
2023-03-24T16:21:55Z,2023-03-24T16:22:00Z,3.740854139780772e-05,0.0009838951161658955,0.0009464865747680878,0
2023-03-24T16:21:55Z,2023-03-24T16:22:00Z,3.9761542339007824e-05,0.0009885080539352182,0.0009487465115962104,0
2023-03-24T16:21:55Z,2023-03-24T16:22:00Z,3.2638012523620035e-05,0.0009847900966889387,0.0009521520841653186,0
2023-03-24T16:22:55Z,2023-03-24T16:23:00Z,1.8091605480862957e-05,0.0009746891499344777,0.0009565975444536148,0
2023-03-24T16:22:55Z,2023-03-24T16:23:00Z,1.2530370676313066e-05,0.0009732563460596293,0.0009607259753833163,0
2023-03-24T16:22:55Z,2023-03-24T16:23:00Z,1.3069490231618205e-05,0.0009767868035663908,0.0009637173133347726,0
2023-03-24T16:22:55Z,2023-03-24T16:23:00Z,3.2364618186781283e-06,0.0009701935509678355,0.0009669570891491574,0
2023-03-24T16:22:55Z,2023-03-24T16:23:00Z,2.5571633832547594e-05,0.0009959699806019711,0.0009703983467694235,0
2023-03-24T16:22:55Z,2023-03-24T16:23:00Z,2.3051584991946113e-05,0.0009955399500731154,0.0009724883650811693,0
2023-03-24T16:22:55Z,2023-03-24T16:23:00Z,2.4220081690628148e-05,0.0010012747988668513,0.0009770547171762231,0
2023-03-24T16:22:55Z,2023-03-24T16:23:00Z,1.717257868038874e-05,0.0009988738835262012,0.0009817013048458124,0
2023-03-24T16:22:55Z,2023-03-24T16:23:00Z,7.852692251907522e-06,0.000976637692434125,0.0009844903846860326,0
2023-03-24T16:22:55Z,2023-03-24T16:23:00Z,3.0516628530604588e-05,0.0009554716328914582,0.0009859882614220627,0
2023-03-24T16:22:55Z,2023-03-24T16:23:00Z,4.715716062776167e-05,0.000937644064644192,0.0009848012252719536,0
2023-03-24T16:22:55Z,2023-03-24T16:23:00Z,4.1871470928139766e-05,0.0009399979079640656,0.0009818693788922054,0
2023-03-24T16:23:55Z,2023-03-24T16:24:00Z,5.360926213794008e-05,0.000924555608225237,0.000978164870363177,0
2023-03-24T16:23:55Z,2023-03-24T16:24:00Z,4.494466185727276e-05,0.0009298943646963479,0.0009748390265536207,0
2023-03-24T16:23:55Z,2023-03-24T16:24:00Z,4.3171009207903805e-05,0.0009264448978116014,0.0009696159070195052,0
2023-03-24T16:23:55Z,2023-03-24T16:24:00Z,2.3460209942739404e-05,0.000942125778449617,0.0009655859883923564,0
2023-03-24T16:23:55Z,2023-03-24T16:24:00Z,1.6704518318656097e-05,0.0009753379984319756,0.0009586334801133195,0
2023-03-24T16:23:55Z,2023-03-24T16:24:00Z,9.904067065916004e-06,0.0009631961300168859,0.0009532920629509699,0
2023-03-24T16:23:55Z,2023-03-24T16:24:00Z,1.0400195936112423e-05,0.0009610985788435945,0.0009506983829074821,0
2023-03-24T16:23:55Z,2023-03-24T16:24:00Z,3.389479558491796e-05,0.0009810254031414685,0.0009471306075565506,0
2023-03-24T16:23:55Z,2023-03-24T16:24:00Z,3.402029455980141e-05,0.000979596990757299,0.0009455766961974976,0
2023-03-24T16:23:55Z,2023-03-24T16:24:00Z,2.6568392909549548e-05,0.0009747004661320481,0.0009481320732224986,0
2023-03-24T16:23:55Z,2023-03-24T16:24:00Z,3.3883696291689956e-05,0.000986211062125499,0.0009523273658338091,0
2023-03-24T16:23:55Z,2023-03-24T16:24:00Z,3.580171447150151e-05,0.000991599336122109,0.0009557976216506075,0
2023-03-24T16:23:55Z,2023-03-24T16:24:00Z,3.0534851382039985e-05,0.0009924980184226738,0.0009619631670406339,0
2023-03-24T16:24:55Z,2023-03-24T16:25:00Z,1.5274306486274094e-05,0.0009834079706694838,0.0009681336641832097,0
2023-03-24T16:24:55Z,2023-03-24T16:25:00Z,7.180398478047727e-07,0.0009740209363965123,0.0009747389762443171,0
2023-03-24T16:24:55Z,2023-03-24T16:25:00Z,1.1665493700305468e-05,0.0009672017017659983,0.0009788671954663038,0
2023-03-24T16:24:55Z,2023-03-24T16:25:00Z,2.3949596064906848e-05,0.0009547858931978505,0.0009787354892627574,0
2023-03-24T16:24:55Z,2023-03-24T16:25:00Z,2.659883494502541e-05,0.0009525372114926432,0.0009791360464376686,0
2023-03-24T16:24:55Z,2023-03-24T16:25:00Z,3.4747691761085925e-05,0.0009437570861120084,0.0009785047778730943,0
2023-03-24T16:24:55Z,2023-03-24T16:25:00Z,4.671001946292817e-05,0.0009289459392452834,0.0009756559587082115,0
2023-03-24T16:24:55Z,2023-03-24T16:25:00Z,6.049338630232997e-05,0.0009115785819413527,0.0009720719682436826,0
2023-03-24T16:24:55Z,2023-03-24T16:25:00Z,7.695745012987348e-05,0.0008905390654251326,0.0009674965155550061,0
2023-03-24T16:24:55Z,2023-03-24T16:25:00Z,9.480923681122336e-05,0.0008652240307253682,0.0009600332675365915,0
2023-03-24T16:24:55Z,2023-03-24T16:25:00Z,9.282275994260017e-05,0.0008571044805242939,0.000949927240466894,0
2023-03-24T16:25:55Z,2023-03-24T16:26:00Z,9.408537602389512e-05,0.0008431144656732682,0.0009371998416971634,1
2023-03-24T16:25:55Z,2023-03-24T16:26:00Z,8.919915527220534e-05,0.0008353703374104389,0.0009245694926826442,1
2023-03-24T16:25:55Z,2023-03-24T16:26:00Z,9.582089553118321e-05,0.0008156579500791367,0.0009114788456103199,1
2023-03-24T16:25:55Z,2023-03-24T16:26:00Z,9.36119207473647e-05,0.0008046837884273992,0.0008982957091747639,1
2023-03-24T16:25:55Z,2023-03-24T16:26:00Z,8.446376823929489e-05,0.0007999191466235976,0.0008843829148628924,1
2023-03-24T16:25:55Z,2023-03-24T16:26:00Z,6.874909661940616e-05,0.0008008484759369619,0.000869597572556368,1
2023-03-24T16:25:55Z,2023-03-24T16:26:00Z,5.14455012646626e-05,0.0008037682773428647,0.0008552137786075273,1
2023-03-24T16:25:55Z,2023-03-24T16:26:00Z,5.0192075615181336e-05,0.0007922119566615136,0.0008424040322766949,1
2023-03-24T16:25:55Z,2023-03-24T16:26:00Z,3.904637808614187e-05,0.0007925766237307042,0.000831623001816846,1
2023-03-24T16:25:55Z,2023-03-24T16:26:00Z,3.361826387934623e-05,0.000788172027061138,0.0008217902909404842,1
2023-03-24T16:25:55Z,2023-03-24T16:26:00Z,3.068969850947669e-05,0.0007838358517315412,0.0008145255502410179,1
2023-03-24T16:25:55Z,2023-03-24T16:26:00Z,3.984511261507877e-05,0.0007677871922796236,0.0008076323048947023,1
2023-03-24T16:25:55Z,2023-03-24T16:26:00Z,3.863293198362171e-05,0.000763071511516908,0.0008017044435005297,1
2023-03-24T16:26:55Z,2023-03-24T16:27:00Z,4.262661704154127e-05,0.0007523195119459068,0.000794946128987448,1
2023-03-24T16:26:55Z,2023-03-24T16:27:00Z,4.0032178723415366e-05,0.0007496553064078098,0.0007896874851312252,1
2023-03-24T16:26:55Z,2023-03-24T16:27:00Z,4.149416142422164e-05,0.0007429568960588544,0.000784451057483076,1
2023-03-24T16:26:55Z,2023-03-24T16:27:00Z,3.455107658369887e-05,0.0007448735968777983,0.0007794246734614972,1
2023-03-24T16:26:55Z,2023-03-24T16:27:00Z,2.906456146524038e-05,0.0007445709540084461,0.0007736355154736865,1
2023-03-24T16:26:55Z,2023-03-24T16:27:00Z,2.8658611502129297e-05,0.0007390874359250504,0.0007677460474271797,1
2023-03-24T16:26:55Z,2023-03-24T16:27:00Z,2.8300835863765122e-05,0.0007346811112981078,0.0007629819471618729,1
2023-03-24T16:26:55Z,2023-03-24T16:27:00Z,2.3666425558235122e-05,0.0007339666028230726,0.0007576330283813077,1
2023-03-24T16:26:55Z,2023-03-24T16:27:00Z,1.1286675542616312e-05,0.0007409972612623884,0.0007522839368050047,1
2023-03-24T16:26:55Z,2023-03-24T16:27:00Z,3.075637443570212e-06,0.0007442213744705876,0.0007472970119141578,1
2023-03-24T16:26:55Z,2023-03-24T16:27:00Z,3.5342068074981255e-07,0.0007449714394931841,0.0007446180188124343,1
2023-03-24T16:26:55Z,2023-03-24T16:27:00Z,6.541901668850685e-06,0.0007361911034389516,0.0007427330051078023,1
2023-03-24T16:27:55Z,2023-03-24T16:28:00Z,2.876500975333772e-06,0.0007391216968871962,0.00074199819786253,1
2023-03-24T16:27:55Z,2023-03-24T16:28:00Z,6.686802302987606e-06,0.0007473385798686317,0.0007406517775656441,1
2023-03-24T16:27:55Z,2023-03-24T16:28:00Z,1.8132814441370053e-05,0.0007584010720898484,0.0007402682576484784,1
2023-03-24T16:27:55Z,2023-03-24T16:28:00Z,6.870860178779625e-06,0.0007473856161263413,0.0007405147559475617,1
2023-03-24T16:27:55Z,2023-03-24T16:28:00Z,7.549634279174354e-06,0.0007343481334765275,0.0007418977677557018,1
2023-03-24T16:27:55Z,2023-03-24T16:28:00Z,8.04439918317113e-06,0.0007346831865926599,0.000742727585775831,1
2023-03-24T16:27:55Z,2023-03-24T16:28:00Z,5.179047814270134e-06,0.0007375152401794027,0.0007426942879936729,1
2023-03-24T16:27:55Z,2023-03-24T16:28:00Z,2.216391599791528e-06,0.0007449823379704232,0.0007427659463706316,1
2023-03-24T16:27:55Z,2023-03-24T16:28:00Z,4.349978549950009e-06,0.000738067765712383,0.000742417744262333,1
2023-03-24T16:27:55Z,2023-03-24T16:28:00Z,9.07497275189626e-06,0.0007334188678604205,0.0007424938406123167,1
2023-03-24T16:27:55Z,2023-03-24T16:28:00Z,6.677084514019444e-06,0.000735126388720217,0.0007418034732342365,1
2023-03-24T16:27:55Z,2023-03-24T16:28:00Z,2.182858845013974e-06,0.0007393433908313694,0.0007415262496763834,1
2023-03-24T16:28:55Z,2023-03-24T16:29:00Z,1.2330352371984414e-05,0.0007287963664877011,0.0007411267188596855,1
2023-03-24T16:28:55Z,2023-03-24T16:29:00Z,5.5919620722179797e-05,0.0006844075792337795,0.0007403271999559593,1
2023-03-24T16:28:55Z,2023-03-24T16:29:00Z,6.0152261888720944e-05,0.0006772144675070235,0.0007373667293957445,1
2023-03-24T16:28:55Z,2023-03-24T16:29:00Z,3.703330867420697e-05,0.0006940356170322814,0.0007310689257064883,1
2023-03-24T16:28:55Z,2023-03-24T16:29:00Z,4.923751349272939e-07,0.0007258479342444653,0.000725355559109538,1
2023-03-24T16:28:55Z,2023-03-24T16:29:00Z,3.015981485558945e-05,0.0007514506170090895,0.0007212908021535001,1
2023-03-24T16:28:55Z,2023-03-24T16:29:00Z,6.409454017409924e-05,0.0007842186117341056,0.0007201240715600063,1
2023-03-24T16:28:55Z,2023-03-24T16:29:00Z,9.041814104937735e-05,0.0008111890405132504,0.0007207708994638731,1
2023-03-24T16:28:55Z,2023-03-24T16:29:00Z,0.0001179559041274644,0.0008433418881935097,0.0007253859840660453,1
2023-03-24T16:28:55Z,2023-03-24T16:29:00Z,0.00013870360617720848,0.0008718666075085368,0.0007331630013313283,1
2023-03-24T16:28:55Z,2023-03-24T16:29:00Z,0.00016189892550785498,0.0009058834767865125,0.0007439845512786575,1
2023-03-24T16:28:55Z,2023-03-24T16:29:00Z,0.0001804613371069497,0.000937698210053324,0.0007572368729463743,1
2023-03-24T16:29:55Z,2023-03-24T16:30:00Z,0.0001852972228228953,0.0009602428067991509,0.0007749455839762556,0
2023-03-24T16:29:55Z,2023-03-24T16:30:00Z,0.00018798826969085866,0.0009882629167490685,0.0008002746470582099,0
2023-03-24T16:29:55Z,2023-03-24T16:30:00Z,0.00011973577550845557,0.0009483132564958781,0.0008285774809874226,0
2023-03-24T16:29:55Z,2023-03-24T16:30:00Z,8.47315277266973e-05,0.0009427317386857987,0.0008580002109591014,0
2023-03-24T16:29:55Z,2023-03-24T16:30:00Z,6.158647368928829e-05,0.0009418332168735308,0.0008802467431842426,0
2023-03-24T16:29:55Z,2023-03-24T16:30:00Z,3.8404142155290164e-05,0.0009377789975072036,0.0008993748553519134,0
2023-03-24T16:29:55Z,2023-03-24T16:30:00Z,1.5681609988510035e-05,0.0009308179258543662,0.0009151363158658561,0
2023-03-24T16:29:55Z,2023-03-24T16:30:00Z,9.951127571410047e-06,0.0009377464391366614,0.0009277953115652514,0
2023-03-24T16:29:55Z,2023-03-24T16:30:00Z,2.3970753763094804e-06,0.0009341458399550276,0.000936542915331337,0
2023-03-24T16:29:55Z,2023-03-24T16:30:00Z,2.208272456364973e-05,0.0009210481739304997,0.0009431308984941494,0
2023-03-24T16:29:55Z,2023-03-24T16:30:00Z,4.199056526213321e-05,0.0009039665695488678,0.000945957134811001,0
2023-03-24T16:29:55Z,2023-03-24T16:30:00Z,5.630966188996888e-05,0.0008879824693087497,0.0009442921311987186,0
2023-03-24T16:30:55Z,2023-03-24T16:31:00Z,3.9049538474419986e-05,0.0008996149689992701,0.0009386645074736901,0
2023-03-24T16:30:55Z,2023-03-24T16:31:00Z,3.6863780466961826e-05,0.0008917726822626966,0.0009286364627296585,0
2023-03-24T16:30:55Z,2023-03-24T16:31:00Z,2.8620029997956302e-05,0.0008951466039820412,0.0009237666339799975,0
2023-03-24T16:30:55Z,2023-03-24T16:31:00Z,2.4739657572910587e-05,0.0008939310707647767,0.0009186707283376873,0
2023-03-24T16:30:55Z,2023-03-24T16:31:00Z,1.2606522912193114e-05,0.0009013955441363452,0.0009140020670485383,0
2023-03-24T16:30:55Z,2023-03-24T16:31:00Z,1.5949151893722988e-05,0.0009255664262680188,0.0009096172743742958,0
2023-03-24T16:30:55Z,2023-03-24T16:31:00Z,3.162815247994481e-05,0.0009383031886824384,0.0009066750362024936,0
2023-03-24T16:30:55Z,2023-03-24T16:31:00Z,3.033603207559018e-05,0.0009357930669912194,0.0009054570349156292,0
2023-03-24T16:30:55Z,2023-03-24T16:31:00Z,4.64086365602385e-05,0.000952281406348609,0.0009058727697883705,0
2023-03-24T16:30:55Z,2023-03-24T16:31:00Z,5.725020676738176e-05,0.0009645974658618242,0.0009073472590944425,0
2023-03-24T16:30:55Z,2023-03-24T16:31:00Z,5.9400917578043746e-05,0.0009715796603524602,0.0009121787427744164,0
2023-03-24T16:30:55Z,2023-03-24T16:31:00Z,5.422633285045704e-05,0.000974066575280181,0.000919840242429724,0
2023-03-24T16:31:55Z,2023-03-24T16:32:00Z,4.7629783840834566e-05,0.0009746664954058776,0.000927036711565043,0
2023-03-24T16:31:55Z,2023-03-24T16:32:00Z,3.3260675965268043e-05,0.0009685267768320594,0.0009352661008667914,0
2023-03-24T16:31:55Z,2023-03-24T16:32:00Z,2.1300270410144393e-05,0.0009645183604193193,0.0009432180900091749,0
2023-03-24T16:31:55Z,2023-03-24T16:32:00Z,2.3281242174894175e-05,0.0009739589027907974,0.0009506776606159033,0
2023-03-24T16:31:55Z,2023-03-24T16:32:00Z,1.8441416332637644e-05,0.0009754313585768383,0.0009569899422442006,0
2023-03-24T16:31:55Z,2023-03-24T16:32:00Z,1.0938573306656864e-05,0.0009727677632031354,0.0009618291898964785,0
2023-03-24T16:31:55Z,2023-03-24T16:32:00Z,3.6274301510129782e-06,0.0009691694370369315,0.0009655420068859185,0
2023-03-24T16:31:55Z,2023-03-24T16:32:00Z,5.18895283912026e-07,0.0009687205812231982,0.0009692394765071102,0
2023-03-24T16:31:55Z,2023-03-24T16:32:00Z,4.4550098058718235e-06,0.0009664732697700707,0.0009709282795759425,0
2023-03-24T16:31:55Z,2023-03-24T16:32:00Z,3.7845869693228134e-06,0.0009751251780814027,0.0009713405911120799,0
2023-03-24T16:31:55Z,2023-03-24T16:32:00Z,1.1636915384144117e-06,0.0009719936435922552,0.0009708299520538408,0
2023-03-24T16:31:55Z,2023-03-24T16:32:00Z,3.7052304678163867e-06,0.0009746410428017793,0.0009709358123339629,0
2023-03-24T16:32:55Z,2023-03-24T16:33:00Z,2.720012176851542e-06,0.0009733885393294524,0.0009706685271526008,0
2023-03-24T16:32:55Z,2023-03-24T16:33:00Z,4.864754484391778e-06,0.0009761447082339646,0.0009712799537495728,0
2023-03-24T16:32:55Z,2023-03-24T16:33:00Z,5.900438410523794e-06,0.00097806741005111,0.0009721669716405862,0
2023-03-24T16:32:55Z,2023-03-24T16:33:00Z,4.12684801685847e-06,0.0009682587041680445,0.0009723855521849029,0
2023-03-24T16:32:55Z,2023-03-24T16:33:00Z,1.259842685133461e-05,0.0009600507304809954,0.00097264915733233,0
2023-03-24T16:32:55Z,2023-03-24T16:33:00Z,8.923421052407115e-06,0.0009632748303764139,0.000972198251428821,0
2023-03-24T16:32:55Z,2023-03-24T16:33:00Z,6.733956777004281e-07,0.000970612985095527,0.0009712863807732274,0
2023-03-24T16:32:55Z,2023-03-24T16:33:00Z,6.582432395099312e-06,0.0009773242380836482,0.0009707418056885489,0
2023-03-24T16:32:55Z,2023-03-24T16:33:00Z,5.2939855123487756e-06,0.0009764497627334434,0.0009711557772210946,0
2023-03-24T16:32:55Z,2023-03-24T16:33:00Z,2.1980839009770083e-06,0.0009735737671222962,0.0009713756832213192,0
2023-03-24T16:32:55Z,2023-03-24T16:33:00Z,2.022288848550183e-06,0.0009697990062868876,0.0009718212951354378,0
2023-03-24T16:32:55Z,2023-03-24T16:33:00Z,1.3588271302741265e-07,0.0009715786848544622,0.0009717145675674896,0
2023-03-24T16:33:55Z,2023-03-24T16:34:00Z,4.608320246485384e-06,0.0009667472940167477,0.0009713556142632331,0
2023-03-24T16:33:55Z,2023-03-24T16:34:00Z,9.537717238195485e-07,0.0009699452402014634,0.0009708990119252829,0
2023-03-24T16:33:55Z,2023-03-24T16:34:00Z,1.6616103921374657e-06,0.0009681053899297091,0.0009697670003218466,0
2023-03-24T16:33:55Z,2023-03-24T16:34:00Z,5.322039756493115e-06,0.0009752576936816815,0.0009699356539251884,0
2023-03-24T16:33:55Z,2023-03-24T16:34:00Z,1.616206971745979e-05,0.0009869031895875194,0.0009707411198700596,0
2023-03-24T16:33:55Z,2023-03-24T16:34:00Z,3.104260815957609e-05,0.0010029820143601627,0.0009719394062005866,0
2023-03-24T16:33:55Z,2023-03-24T16:34:00Z,3.079087357633903e-05,0.0010043593002261248,0.0009735684266497858,0
2023-03-24T16:33:55Z,2023-03-24T16:34:00Z,3.246210028584682e-05,0.0010085963045632842,0.0009761342042774373,0
2023-03-24T16:33:55Z,2023-03-24T16:34:00Z,4.018797234704957e-05,0.001019113130373755,0.0009789251580267055,0
2023-03-24T16:33:55Z,2023-03-24T16:34:00Z,4.328738051828933e-05,0.0010257147922890935,0.0009824274117708042,0
2023-03-24T16:33:55Z,2023-03-24T16:34:00Z,4.261843583786419e-05,0.0010299772600173554,0.0009873588241794912,0
2023-03-24T16:33:55Z,2023-03-24T16:34:00Z,1.6347584807950002e-05,0.0010091200197309043,0.0009927724349229543,0
2023-03-24T16:34:55Z,2023-03-24T16:35:00Z,3.009338884407513e-06,0.0010021047704074225,0.000999095431523015,0
2023-03-24T16:34:55Z,2023-03-24T16:35:00Z,4.9010186744260185e-06,0.000998111890801533,0.001003012909475959,0
2023-03-24T16:34:55Z,2023-03-24T16:35:00Z,6.061403063872123e-06,0.0010003514444598583,0.0010064128475237304,0
2023-03-24T16:34:55Z,2023-03-24T16:35:00Z,9.480042038546767e-06,0.0009992182251971687,0.0010086982672357155,0
2023-03-24T16:34:55Z,2023-03-24T16:35:00Z,1.6859107666187742e-05,0.0009931839850567616,0.0010100430927229493,0
2023-03-24T16:34:55Z,2023-03-24T16:35:00Z,2.3963262225608307e-05,0.0009857034515810415,0.0010096667138066498,0
2023-03-24T16:34:55Z,2023-03-24T16:35:00Z,1.9898370143966657e-05,0.000988650812145747,0.0010085491822897136,0
2023-03-24T16:34:55Z,2023-03-24T16:35:00Z,1.2511492587625192e-05,0.000993748404403864,0.0010062598969914891,0
2023-03-24T16:34:55Z,2023-03-24T16:35:00Z,1.746550089306957e-05,0.000985748164275619,0.0010032136651686886,0
2023-03-24T16:34:55Z,2023-03-24T16:35:00Z,1.6031824828582723e-05,0.0009839852015515829,0.0010000170263801656,0
2023-03-24T16:34:55Z,2023-03-24T16:35:00Z,1.0518035599723849e-05,0.0009850760812062681,0.000995594116805992,0
2023-03-24T16:34:55Z,2023-03-24T16:35:00Z,2.4102141214115726e-07,0.0009933216564002008,0.0009930806349880597,0
2023-03-24T16:35:55Z,2023-03-24T16:36:00Z,5.509517465725764e-06,0.0009968872835336702,0.0009913777660679444,0
2023-03-24T16:35:55Z,2023-03-24T16:36:00Z,4.396327454031382e-06,0.0009952950700818424,0.000990898742627811,0
2023-03-24T16:35:55Z,2023-03-24T16:36:00Z,9.79190976741406e-06,0.0009807604167677783,0.0009905523265351923,0
2023-03-24T16:35:55Z,2023-03-24T16:36:00Z,5.173351446011859e-06,0.000984986659577648,0.0009901600110236598,0
2023-03-24T16:35:55Z,2023-03-24T16:36:00Z,6.152079685029996e-06,0.0009827655745097313,0.0009889176541947613,0
2023-03-24T16:35:55Z,2023-03-24T16:36:00Z,1.8640548061537123e-05,0.0009702054269328848,0.000988845974994422,0
2023-03-24T16:35:55Z,2023-03-24T16:36:00Z,4.415384160445725e-05,0.0009441036096263632,0.0009882574512308205,0
2023-03-24T16:35:55Z,2023-03-24T16:36:00Z,6.428414449432705e-05,0.0009216190089893954,0.0009859031534837225,0
2023-03-24T16:35:55Z,2023-03-24T16:36:00Z,4.364271041663436e-05,0.0009380959876021627,0.000981738698018797,0
2023-03-24T16:35:55Z,2023-03-24T16:36:00Z,2.412454852583352e-05,0.0009513775302367445,0.000975502078762578,0
2023-03-24T16:35:55Z,2023-03-24T16:36:00Z,1.5148605131829287e-05,0.0009556554642703386,0.0009708040694021678,0
2023-03-24T16:35:55Z,2023-03-24T16:36:00Z,1.879020966866088e-05,0.0009478194471171612,0.0009666096567858221,0
2023-03-24T16:36:55Z,2023-03-24T16:37:00Z,3.2635632363463285e-06,0.0009657500380958353,0.000962486474859489,0
2023-03-24T16:36:55Z,2023-03-24T16:37:00Z,1.692860931149084e-05,0.0009746675218745116,0.0009577389125630208,0
2023-03-24T16:36:55Z,2023-03-24T16:37:00Z,3.5998488422494916e-05,0.0009922363631183215,0.0009562378746958266,0
2023-03-24T16:36:55Z,2023-03-24T16:37:00Z,2.593711076784061e-05,0.0009811430716933534,0.0009552059609255128,0
2023-03-24T16:36:55Z,2023-03-24T16:37:00Z,2.8201127865152436e-05,0.0009843541676515244,0.000956153039786372,0
2023-03-24T16:36:55Z,2023-03-24T16:37:00Z,3.587123852692405e-05,0.0009931180427893427,0.0009572468042624186,0
2023-03-24T16:36:55Z,2023-03-24T16:37:00Z,3.8452318662098245e-05,0.0009997241787270332,0.0009612718600649349,0
2023-03-24T16:36:55Z,2023-03-24T16:37:00Z,2.793967291798093e-05,0.0009963614363629105,0.0009684217634449296,0
2023-03-24T16:36:55Z,2023-03-24T16:37:00Z,2.8619611337935588e-05,0.0010032041938953522,0.0009745845825574166,0
2023-03-24T16:36:55Z,2023-03-24T16:37:00Z,2.428746906986347e-05,0.0010033704422398968,0.0009790829731700333,0
2023-03-24T16:36:55Z,2023-03-24T16:37:00Z,1.3953334165640397e-05,0.000997791180298175,0.0009838378461325347,0
2023-03-24T16:36:55Z,2023-03-24T16:37:00Z,2.1674418910052e-05,0.00101106736455486,0.000989392945644808,0
2023-03-24T16:37:55Z,2023-03-24T16:38:00Z,3.712686514442567e-05,0.0010297239250094679,0.0009925970598650422,0
2023-03-24T16:37:55Z,2023-03-24T16:38:00Z,6.210248501457155e-05,0.0010583395291476486,0.000996237044133077,0
2023-03-24T16:37:55Z,2023-03-24T16:38:00Z,7.215131650711469e-05,0.0010721371168293063,0.0009999858003221917,0
2023-03-24T16:37:55Z,2023-03-24T16:38:00Z,8.585734419107446e-05,0.0010935627902586955,0.001007705446067621,0
2023-03-24T16:37:55Z,2023-03-24T16:38:00Z,7.921478326387778e-05,0.001095698524249277,0.0010164837409853992,0
2023-03-24T16:37:55Z,2023-03-24T16:38:00Z,8.298176178740918e-05,0.0011095099775197438,0.0010265282157323346,0
2023-03-24T16:37:55Z,2023-03-24T16:38:00Z,7.806767579940973e-05,0.0011141933260839687,0.001036125650284559,0
2023-03-24T16:37:55Z,2023-03-24T16:38:00Z,7.913545043669872e-05,0.0011265759548369412,0.0010474405044002425,0
2023-03-24T16:37:55Z,2023-03-24T16:38:00Z,6.696825450381878e-05,0.0011255076721229226,0.0010585394176191038,0
2023-03-24T16:37:55Z,2023-03-24T16:38:00Z,5.208645937479668e-05,0.0011229464282536052,0.0010708599688788085,0
2023-03-24T16:37:55Z,2023-03-24T16:38:00Z,5.0438436159618493e-05,0.0011340700542209017,0.0010836316180612832,0
2023-03-24T16:38:55Z,2023-03-24T16:39:00Z,5.8497081477449807e-05,0.0011533166059086075,0.0010948195244311577,0
2023-03-24T16:38:55Z,2023-03-24T16:39:00Z,6.143617614400238e-05,0.0011666903134963035,0.0011052541373523011,0
2023-03-24T16:38:55Z,2023-03-24T16:39:00Z,4.473691510757335e-05,0.0011594887601359702,0.0011147518450283968,0
2023-03-24T16:38:55Z,2023-03-24T16:39:00Z,2.74166475889427e-05,0.0011516238122840393,0.0011242071646950967,0
2023-03-24T16:38:55Z,2023-03-24T16:39:00Z,1.4805105325490847e-05,0.001145604867008315,0.001130799761682824,0
2023-03-24T16:38:55Z,2023-03-24T16:39:00Z,4.852476688732609e-06,0.001141244767175033,0.0011363922904863003,0
2023-03-24T16:38:55Z,2023-03-24T16:39:00Z,6.792467198959897e-06,0.0011332093122361974,0.0011400017794351573,0
2023-03-24T16:38:55Z,2023-03-24T16:39:00Z,1.4794868714213026e-05,0.0011279120548300509,0.001142706923544264,0
2023-03-24T16:38:55Z,2023-03-24T16:39:00Z,1.739306381947259e-05,0.001125977195464717,0.0011433702592841895,0
2023-03-24T16:38:55Z,2023-03-24T16:39:00Z,1.4806357384656828e-05,0.0011288043401702454,0.0011436106975549023,0
2023-03-24T16:38:55Z,2023-03-24T16:39:00Z,1.5859626957304878e-05,0.0011280541473187085,0.0011439137742760134,0
2023-03-24T16:38:55Z,2023-03-24T16:39:00Z,1.47118584235377e-05,0.0011286753444474103,0.001143387202870948,0
2023-03-24T16:38:55Z,2023-03-24T16:39:00Z,1.4446291334708518e-05,0.0011264146656772497,0.0011408609570119582,0
2023-03-24T16:39:55Z,2023-03-24T16:40:00Z,1.1637296458173654e-05,0.001125422163648895,0.0011370594601070687,0
2023-03-24T16:39:55Z,2023-03-24T16:40:00Z,8.488695129198415e-06,0.0011252633555319984,0.0011337520506611968,0
2023-03-24T16:39:55Z,2023-03-24T16:40:00Z,7.373229219114364e-06,0.001123758656578568,0.0011311318857976824,0
2023-03-24T16:39:55Z,2023-03-24T16:40:00Z,7.0484527862316355e-06,0.0011361461874362822,0.0011290977346500506,0
2023-03-24T16:39:55Z,2023-03-24T16:40:00Z,6.42448217041524e-06,0.0011337736057608196,0.0011273491235904043,0
2023-03-24T16:39:55Z,2023-03-24T16:40:00Z,7.357396557731684e-06,0.001120285414552681,0.0011276428111104127,0
2023-03-24T16:39:55Z,2023-03-24T16:40:00Z,4.249336158570409e-05,0.0010857356046177853,0.0011282289662034894,0
2023-03-24T16:39:55Z,2023-03-24T16:40:00Z,5.7947282978713195e-05,0.0010697125051335726,0.0011276597881122858,0
2023-03-24T16:39:55Z,2023-03-24T16:40:00Z,4.542524235688953e-05,0.0010779276722001504,0.00112335291455704,0
2023-03-24T16:39:55Z,2023-03-24T16:40:00Z,4.635776044996246e-05,0.001071160989888564,0.0011175187503385264,0
2023-03-24T16:39:55Z,2023-03-24T16:40:00Z,5.2875624083653216e-05,0.001059568359030147,0.0011124439831138003,0
2023-03-24T16:40:55Z,2023-03-24T16:41:00Z,5.768515019622484e-05,0.0010492334653387067,0.0011069186155349315,0
2023-03-24T16:40:55Z,2023-03-24T16:41:00Z,5.037997024700093e-05,0.0010499532648260558,0.0011003332350730567,0
2023-03-24T16:40:55Z,2023-03-24T16:41:00Z,4.7251297790503084e-05,0.0010454789482632245,0.0010927302460537276,0
2023-03-24T16:40:55Z,2023-03-24T16:41:00Z,3.845484429710298e-05,0.0010468948625813736,0.0010853497068784765,0
2023-03-24T16:40:55Z,2023-03-24T16:41:00Z,3.357635388839407e-05,0.0010427066290727767,0.0010762829829611708,0
2023-03-24T16:40:55Z,2023-03-24T16:41:00Z,1.7221567843031266e-05,0.0010503735408001948,0.001067595108643226,0
2023-03-24T16:40:55Z,2023-03-24T16:41:00Z,1.5523521331935446e-05,0.0010443137087633005,0.001059837230095236,0
2023-03-24T16:40:55Z,2023-03-24T16:41:00Z,1.9557672608947396e-05,0.0010367433511045293,0.0010563010237134767,0
2023-03-24T16:40:55Z,2023-03-24T16:41:00Z,2.163559020829835e-05,0.001032125553868151,0.0010537611440764494,0
2023-03-24T16:40:55Z,2023-03-24T16:41:00Z,2.7051439268803348e-05,0.001022591272698084,0.0010496427119668873,0
2023-03-24T16:40:55Z,2023-03-24T16:41:00Z,3.238105598017682e-05,0.001013358112384669,0.001045739168364846,0
2023-03-24T16:40:55Z,2023-03-24T16:41:00Z,1.948424965685677e-05,0.0010225572100747828,0.0010420414597316395,0
2023-03-24T16:40:55Z,2023-03-24T16:41:00Z,7.87874442652564e-06,0.0010305751800097102,0.0010384539244362358,0
2023-03-24T16:41:55Z,2023-03-24T16:42:00Z,2.97379616604615e-06,0.0010386881151271546,0.0010357143189611085,0
2023-03-24T16:41:55Z,2023-03-24T16:42:00Z,1.9487671935346663e-05,0.0010537116140711038,0.0010342239421357571,0
2023-03-24T16:41:55Z,2023-03-24T16:42:00Z,2.311056320068467e-05,0.00105651383059102,0.0010334032673903354,0
2023-03-24T16:41:55Z,2023-03-24T16:42:00Z,2.7920747370370957e-05,0.0010624245132605389,0.001034503765890168,0
2023-03-24T16:41:55Z,2023-03-24T16:42:00Z,1.6146077457657344e-05,0.0010512638723269077,0.0010351177948692504,0
2023-03-24T16:41:55Z,2023-03-24T16:42:00Z,1.30926310409694e-05,0.0010500215063599437,0.0010369288753189743,0
2023-03-24T16:41:55Z,2023-03-24T16:42:00Z,9.884463907337609e-06,0.0010482653913485498,0.0010383809274412121,0
2023-03-24T16:41:55Z,2023-03-24T16:42:00Z,1.5166033164160054e-05,0.0010553365558545514,0.0010401705226903914,0
2023-03-24T16:41:55Z,2023-03-24T16:42:00Z,1.3913159362245135e-05,0.0010566510939176831,0.001042737934555438,0
2023-03-24T16:41:55Z,2023-03-24T16:42:00Z,2.6706364834523525e-05,0.0010736421437369497,0.0010469357789024262,0
2023-03-24T16:41:55Z,2023-03-24T16:42:00Z,2.431182309238001e-05,0.0010746569903790964,0.0010503451672867164,0
2023-03-24T16:41:55Z,2023-03-24T16:42:00Z,3.019113945961589e-05,0.001084843003119056,0.0010546518636594402,0
2023-03-24T16:42:55Z,2023-03-24T16:43:00Z,2.564095673497418e-05,0.0010838897079196086,0.0010582487511846344,0
2023-03-24T16:42:55Z,2023-03-24T16:43:00Z,2.1808722030921277e-05,0.001083170612120351,0.0010613618900894297,0
2023-03-24T16:42:55Z,2023-03-24T16:43:00Z,2.416840903328313e-05,0.0010882678868555718,0.0010640994778222887,0
2023-03-24T16:42:55Z,2023-03-24T16:43:00Z,1.3873866240696111e-05,0.001080047953948966,0.00106617408770827,0
2023-03-24T16:42:55Z,2023-03-24T16:43:00Z,6.9245037581495104e-06,0.0010767989929192855,0.001069874489161136,0
2023-03-24T16:42:55Z,2023-03-24T16:43:00Z,2.162830861456022e-09,0.001072874971089177,0.0010728771339200385,0
2023-03-24T16:42:55Z,2023-03-24T16:43:00Z,5.046283784547814e-06,0.0010807767778616597,0.001075730494077112,0
2023-03-24T16:42:55Z,2023-03-24T16:43:00Z,1.0558333140938802e-05,0.0010880426687415136,0.0010774843356005748,0
2023-03-24T16:42:55Z,2023-03-24T16:43:00Z,1.5050939176735039e-05,0.0010949478431717071,0.001079896903994972,0
2023-03-24T16:42:55Z,2023-03-24T16:43:00Z,1.870680591700767e-05,0.0011000437624124361,0.0010813369564954285,0
2023-03-24T16:42:55Z,2023-03-24T16:43:00Z,2.5840322670337562e-05,0.0011092063644450273,0.0010833660417746897,0
2023-03-24T16:42:55Z,2023-03-24T16:43:00Z,1.2534299158230983e-05,0.0010974204168622587,0.0010848861177040277,0
2023-03-24T16:43:55Z,2023-03-24T16:44:00Z,3.18763948145887e-06,0.0010906054228380284,0.0010874177833565695,0
2023-03-24T16:43:55Z,2023-03-24T16:44:00Z,4.634339249191995e-06,0.0010842084245815684,0.0010888427638307604,0
2023-03-24T16:43:55Z,2023-03-24T16:44:00Z,2.1329731393889082e-06,0.0010912094905683948,0.001089076517429006,0
2023-03-24T16:43:55Z,2023-03-24T16:44:00Z,1.2288131882176893e-05,0.0010772044326100895,0.0010894925644922664,0
2023-03-24T16:43:55Z,2023-03-24T16:44:00Z,8.98085890452152e-06,0.0010819527553526554,0.001090933614257177,0
2023-03-24T16:43:55Z,2023-03-24T16:44:00Z,3.064559322002859e-05,0.0010607209671892397,0.0010913665604092683,0
2023-03-24T16:43:55Z,2023-03-24T16:44:00Z,5.015835674745169e-05,0.0010413258014109164,0.0010914841581583681,0
2023-03-24T16:43:55Z,2023-03-24T16:44:00Z,5.430160023224507e-05,0.0010344503877708954,0.0010887519880031405,0
2023-03-24T16:43:55Z,2023-03-24T16:44:00Z,5.5468720358510396e-05,0.0010279210634685512,0.0010833897838270616,0
2023-03-24T16:43:55Z,2023-03-24T16:44:00Z,5.4307849689136725e-05,0.0010225225966737704,0.0010768304463629071,0
2023-03-24T16:43:55Z,2023-03-24T16:44:00Z,2.1619007276741558e-05,0.0010470829089885183,0.0010687019162652599,0
2023-03-24T16:43:55Z,2023-03-24T16:44:00Z,2.4720376631425477e-05,0.0010859325108778365,0.001061212134246411,0
2023-03-24T16:44:55Z,2023-03-24T16:45:00Z,5.054405593048336e-05,0.0011074039387919433,0.00105685988286146,0
2023-03-24T16:44:55Z,2023-03-24T16:45:00Z,4.470367256708091e-05,0.0011017359640581677,0.0010570322914910868,0
2023-03-24T16:44:55Z,2023-03-24T16:45:00Z,4.731147325268462e-05,0.0011059632095661263,0.0010586517363134417,0
2023-03-24T16:44:55Z,2023-03-24T16:45:00Z,4.9795340459707566e-05,0.001110900229917957,0.0010611048894582495,0
2023-03-24T16:44:55Z,2023-03-24T16:45:00Z,4.259366242252661e-05,0.001106099597302123,0.0010635059348795964,0
2023-03-24T16:44:55Z,2023-03-24T16:45:00Z,4.359258895569071e-05,0.001112116450108159,0.0010685238611524684,0
2023-03-24T16:44:55Z,2023-03-24T16:45:00Z,5.582172455463044e-05,0.0011308229652962193,0.001075001240741589,0
2023-03-24T16:44:55Z,2023-03-24T16:45:00Z,5.575370089523266e-05,0.001138521547870548,0.0010827678469753153,0
2023-03-24T16:44:55Z,2023-03-24T16:45:00Z,5.05446720290262e-05,0.0011436027091871082,0.001093058037158082,0
2023-03-24T16:44:55Z,2023-03-24T16:45:00Z,5.551703057975134e-05,0.0011601749628575113,0.00110465793227776,0
2023-03-24T16:44:55Z,2023-03-24T16:45:00Z,4.038253564244494e-05,0.0011546924479400639,0.001114309912297619,0
2023-03-24T16:45:55Z,2023-03-24T16:46:00Z,3.4078960061033814e-05,0.0011558131175566204,0.0011217341574955866,0
2023-03-24T16:45:55Z,2023-03-24T16:46:00Z,2.1039630731424378e-05,0.0011475026391418227,0.0011264630084103983,0
2023-03-24T16:45:55Z,2023-03-24T16:46:00Z,1.7439837970340856e-05,0.0011493105617305845,0.0011318707237602437,0
2023-03-24T16:45:55Z,2023-03-24T16:46:00Z,1.2637332590974097e-05,0.0011486619993087875,0.0011360246667178134,0
2023-03-24T16:45:55Z,2023-03-24T16:46:00Z,5.9184088886127945e-06,0.0011457841087876889,0.001139865699899076,0
2023-03-24T16:45:55Z,2023-03-24T16:46:00Z,8.588826412786856e-06,0.0011355331136869557,0.0011441219400997425,0
2023-03-24T16:45:55Z,2023-03-24T16:46:00Z,2.2461816169653225e-05,0.0011250268897980424,0.0011474887059676957,0
2023-03-24T16:45:55Z,2023-03-24T16:46:00Z,2.2819445146307063e-05,0.0011251402756604619,0.001147959720806769,0
2023-03-24T16:45:55Z,2023-03-24T16:46:00Z,2.4749865699128177e-05,0.0011218603893003904,0.0011466102549995186,0
2023-03-24T16:45:55Z,2023-03-24T16:46:00Z,2.8006022064655132e-05,0.0011167579895821986,0.0011447640116468538,0
2023-03-24T16:45:55Z,2023-03-24T16:46:00Z,3.103413036789865e-05,0.0011098984239232433,0.001140932554291142,0
2023-03-24T16:45:55Z,2023-03-24T16:46:00Z,2.388821638041913e-05,0.0011132508920749361,0.0011371391084553553,0
2023-03-24T16:45:55Z,2023-03-24T16:46:00Z,1.9798084126255132e-05,0.0011127495549657625,0.0011325476390920176,0
2023-03-24T16:46:55Z,2023-03-24T16:47:00Z,1.7689463843041436e-05,0.0011114330005422876,0.001129122464385329,0
2023-03-24T16:46:55Z,2023-03-24T16:47:00Z,1.3905508099302036e-06,0.001126856914518777,0.0011254663637088468,0
2023-03-24T16:46:55Z,2023-03-24T16:47:00Z,1.265919536090794e-05,0.0011344026591931047,0.0011217434638321967,0
2023-03-24T16:46:55Z,2023-03-24T16:47:00Z,2.2493864481269287e-05,0.0011423446088865748,0.0011198507444053056,0
2023-03-24T16:46:55Z,2023-03-24T16:47:00Z,2.220753352099236e-05,0.0011419452324769128,0.0011197376989559205,0
2023-03-24T16:46:55Z,2023-03-24T16:47:00Z,3.6907557055011796e-05,0.0011583770279197856,0.0011214694708647738,0
2023-03-24T16:46:55Z,2023-03-24T16:47:00Z,3.2470840214152965e-05,0.0011556208067605718,0.0011231499665464188,0
2023-03-24T16:46:55Z,2023-03-24T16:47:00Z,4.085967328698744e-05,0.0011676613036953455,0.001126801630408358,0
2023-03-24T16:46:55Z,2023-03-24T16:47:00Z,3.228657381201946e-05,0.001162974485938215,0.0011306879121261955,0
2023-03-24T16:46:55Z,2023-03-24T16:47:00Z,2.15196688059696e-05,0.0011579838689093755,0.0011364642001034059,0
2023-03-24T16:46:55Z,2023-03-24T16:47:00Z,9.105664904242045e-06,0.001150542224393976,0.0011414365594897339,0
2023-03-24T16:47:55Z,2023-03-24T16:48:00Z,1.2137886578357342e-05,0.0011580978774624524,0.001145959990884095,0
2023-03-24T16:47:55Z,2023-03-24T16:48:00Z,1.691378633220759e-05,0.0011667846996014717,0.0011498709132692641,0
2023-03-24T16:47:55Z,2023-03-24T16:48:00Z,5.4730725336205824e-06,0.001158468082097252,0.0011529950095636313,0
2023-03-24T16:47:55Z,2023-03-24T16:48:00Z,1.136922669984987e-05,0.0011448639869046182,0.001156233213604468,0
2023-03-24T16:47:55Z,2023-03-24T16:48:00Z,1.3713265356767425e-05,0.0011441322955687684,0.0011578455609255358,0
2023-03-24T16:47:55Z,2023-03-24T16:48:00Z,3.3734547660386766e-05,0.0011244028887079196,0.0011581374363683063,0
2023-03-24T16:47:55Z,2023-03-24T16:48:00Z,3.252707584213473e-05,0.0011241858872910698,0.0011567129631332045,0
2023-03-24T16:47:55Z,2023-03-24T16:48:00Z,3.376716789803519e-05,0.0011198240034299043,0.0011535911713279395,0
2023-03-24T16:47:55Z,2023-03-24T16:48:00Z,4.904116040406188e-05,0.0011002024692834502,0.001149243629687512,0
2023-03-24T16:47:55Z,2023-03-24T16:48:00Z,5.72943550811735e-05,0.0010876342263555071,0.0011449285814366806,0
2023-03-24T16:47:55Z,2023-03-24T16:48:00Z,4.252449790792794e-05,0.0010966259435661603,0.0011391504414740882,0
2023-03-24T16:47:55Z,2023-03-24T16:48:00Z,2.7176530328148e-05,0.0011056831113420936,0.0011328596416702416,0
2023-03-24T16:47:55Z,2023-03-24T16:48:00Z,1.9714111939095683e-06,0.0011286838594745216,0.001126712448280612,0
2023-03-24T16:48:55Z,2023-03-24T16:49:00Z,1.4203607784744584e-05,0.0011348058972394188,0.0011206022894546743,0
2023-03-24T16:48:55Z,2023-03-24T16:49:00Z,3.7728399502432765e-05,0.001155352266694834,0.0011176238671924013,0
2023-03-24T16:48:55Z,2023-03-24T16:49:00Z,4.585899361806258e-05,0.001162477051843944,0.0011166180582258814,0
2023-03-24T16:48:55Z,2023-03-24T16:49:00Z,3.820225633228936e-05,0.0011559423116707774,0.001117740055338488,0
2023-03-24T16:48:55Z,2023-03-24T16:49:00Z,4.141886558269763e-05,0.0011629663372347881,0.0011215474716520905,0
2023-03-24T16:48:55Z,2023-03-24T16:49:00Z,2.302387128042785e-05,0.001147746985370489,0.0011247231140900612,0
2023-03-24T16:48:55Z,2023-03-24T16:49:00Z,2.958973190671883e-06,0.0011319963206612214,0.0011290373474705496,0
2023-03-24T16:48:55Z,2023-03-24T16:49:00Z,7.372769807501012e-06,0.0011411645688867544,0.0011337917990792534,0
2023-03-24T16:48:55Z,2023-03-24T16:49:00Z,6.528200581128532e-07,0.001137575188451712,0.0011382280085098248,0
2023-03-24T16:48:55Z,2023-03-24T16:49:00Z,1.0884996565616121e-05,0.001131796874476268,0.0011426818710418842,0
2023-03-24T16:48:55Z,2023-03-24T16:49:00Z,4.237759600731524e-07,0.0011462948547129193,0.0011458710787528462,0
2023-03-24T16:49:55Z,2023-03-24T16:50:00Z,4.305638238713853e-06,0.0011504880184917347,0.0011461823802530208,0
2023-03-24T16:49:55Z,2023-03-24T16:50:00Z,4.514916625762656e-06,0.0011428163593746083,0.001147331276000371,0
2023-03-24T16:49:55Z,2023-03-24T16:50:00Z,6.947772863071487e-06,0.0011398970783169894,0.0011468448511800608,0
2023-03-24T16:49:55Z,2023-03-24T16:50:00Z,1.5507893435002737e-05,0.0011293708884981244,0.0011448787819331272,0
2023-03-24T16:49:55Z,2023-03-24T16:50:00Z,2.9756871894443503e-06,0.001140298571408304,0.0011432742585977484,0
2023-03-24T16:49:55Z,2023-03-24T16:50:00Z,1.287122786271049e-05,0.0011527859415867926,0.0011399147137240821,0
2023-03-24T16:49:55Z,2023-03-24T16:50:00Z,9.066601942680445e-06,0.0011482364742705442,0.0011391698723278638,0
2023-03-24T16:49:55Z,2023-03-24T16:50:00Z,5.52598635549786e-06,0.0011357228480649228,0.0011412488344204207,0
2023-03-24T16:49:55Z,2023-03-24T16:50:00Z,2.4279935806740573e-06,0.0011395280313781257,0.0011419560249587997,0
2023-03-24T16:49:55Z,2023-03-24T16:50:00Z,1.1200376570175488e-07,0.001141658787154419,0.0011417707909201207,0
2023-03-24T16:49:55Z,2023-03-24T16:50:00Z,1.8946092015820898e-06,0.0011406492974087245,0.0011425439066103066,0
2023-03-24T16:49:55Z,2023-03-24T16:50:00Z,7.711880190674775e-06,0.0011343684196637816,0.0011420802998544563,0
2023-03-24T16:49:55Z,2023-03-24T16:50:00Z,3.7278091918550426e-06,0.0011373686185543004,0.0011410964277461554,0
2023-03-24T16:50:55Z,2023-03-24T16:51:00Z,1.1222283399585885e-06,0.0011391294054351143,0.001140251633775073,0
2023-03-24T16:50:55Z,2023-03-24T16:51:00Z,1.5158452475320158e-06,0.0011415146330463358,0.0011399987877988038,0
2023-03-24T16:50:55Z,2023-03-24T16:51:00Z,9.680489171555451e-09,0.0011409649590033316,0.0011409746394925031,0
2023-03-24T16:50:55Z,2023-03-24T16:51:00Z,9.693886779238653e-06,0.0011314023588770673,0.001141096245656306,0
2023-03-24T16:50:55Z,2023-03-24T16:51:00Z,1.4601747405092397e-05,0.0011253123999928677,0.00113991414739796,0
2023-03-24T16:50:55Z,2023-03-24T16:51:00Z,8.974977255151936e-06,0.0011292557586034602,0.0011382307358586122,0
2023-03-24T16:50:55Z,2023-03-24T16:51:00Z,1.744812076841999e-05,0.0011546378118198269,0.001137189691051407,0
2023-03-24T16:50:55Z,2023-03-24T16:51:00Z,2.4855849737871272e-05,0.0011610183135118116,0.0011361624637739403,0
2023-03-24T16:50:55Z,2023-03-24T16:51:00Z,2.896685841855852e-05,0.0011664272246590395,0.001137460366240481,0
2023-03-24T16:50:55Z,2023-03-24T16:51:00Z,2.5451739597968925e-05,0.0011649490074487586,0.0011394972678507897,0
2023-03-24T16:50:55Z,2023-03-24T16:51:00Z,2.7246701131133488e-05,0.001169949849481449,0.0011427031483503154,0
2023-03-24T16:51:55Z,2023-03-24T16:52:00Z,2.86713433184033e-05,0.0011741325305581645,0.0011454611872397612,0
2023-03-24T16:51:55Z,2023-03-24T16:52:00Z,2.0926412354240267e-05,0.001169469643998635,0.0011485432316443948,0
2023-03-24T16:51:55Z,2023-03-24T16:52:00Z,3.455838678778655e-05,0.0011863634081833642,0.0011518050213955777,0
2023-03-24T16:51:55Z,2023-03-24T16:52:00Z,3.8253506148003096e-05,0.0011929089960431112,0.001154655489895108,0
2023-03-24T16:51:55Z,2023-03-24T16:52:00Z,3.8563518206839124e-05,0.001198715113032577,0.0011601515948257378,0
2023-03-24T16:51:55Z,2023-03-24T16:52:00Z,1.834657486915578e-05,0.001185257829299918,0.0011669112544307621,0
2023-03-24T16:51:55Z,2023-03-24T16:52:00Z,3.908630749793708e-06,0.0011699485591238803,0.001173857189873674,0
2023-03-24T16:51:55Z,2023-03-24T16:52:00Z,2.252628881928829e-05,0.0011543929028023944,0.0011769191916216827,0
2023-03-24T16:51:55Z,2023-03-24T16:52:00Z,2.2602825348923576e-05,0.0011552093908339658,0.0011778122161828894,0
2023-03-24T16:51:55Z,2023-03-24T16:52:00Z,1.9402474224121738e-05,0.0011572063097731035,0.0011766087839972252,0
2023-03-24T16:51:55Z,2023-03-24T16:52:00Z,2.342711236782047e-05,0.0011522077099679253,0.0011756348223357458,0
2023-03-24T16:51:55Z,2023-03-24T16:52:00Z,1.2846923346310386e-05,0.001161513545018601,0.0011743604683649115,0
2023-03-24T16:51:55Z,2023-03-24T16:52:00Z,3.519621306226177e-05,0.0011369717732436257,0.0011721679863058874,0
2023-03-24T16:52:55Z,2023-03-24T16:53:00Z,3.172772591360793e-05,0.001139644650494276,0.001171372376407884,0
2023-03-24T16:52:55Z,2023-03-24T16:53:00Z,7.2690470910728635e-06,0.0011591641658228373,0.0011664332129139102,0
2023-03-24T16:52:55Z,2023-03-24T16:53:00Z,9.56543728629594e-06,0.0011515413410727305,0.0011611067783590264,0
2023-03-24T16:52:55Z,2023-03-24T16:53:00Z,1.213707436578627e-06,0.0011583653910746312,0.0011571516836380526,0
2023-03-24T16:52:55Z,2023-03-24T16:53:00Z,1.3633797322097326e-05,0.0011674138321374314,0.001153780034815334,0
2023-03-24T16:52:55Z,2023-03-24T16:53:00Z,3.3604362615834724e-05,0.0011862260806262436,0.0011526217180104089,0
2023-03-24T16:52:55Z,2023-03-24T16:53:00Z,2.653911260750547e-05,0.001180462923551418,0.0011539238109439126,0
2023-03-24T16:52:55Z,2023-03-24T16:53:00Z,9.821235199814404e-06,0.001166846715122955,0.0011570254799231406,0
2023-03-24T16:52:55Z,2023-03-24T16:53:00Z,4.158522544990117e-06,0.001163509663845962,0.0011593511413009719,0
2023-03-24T16:52:55Z,2023-03-24T16:53:00Z,1.6466725197129915e-05,0.0011772817670136048,0.001160815041816475,0
2023-03-24T16:52:55Z,2023-03-24T16:53:00Z,1.536293228939509e-06,0.0011625509469281507,0.0011610146536992112,0
2023-03-24T16:53:55Z,2023-03-24T16:54:00Z,2.4338348112656373e-05,0.0011407073049635526,0.001165045653076209,0
2023-03-24T16:53:55Z,2023-03-24T16:54:00Z,1.406271520373501e-05,0.0011532735675158614,0.0011673362827195964,0
2023-03-24T16:53:55Z,2023-03-24T16:54:00Z,1.0566009702628939e-05,0.001154924586931039,0.001165490596633668,0
2023-03-24T16:53:55Z,2023-03-24T16:54:00Z,3.2118120890027406e-07,0.0011653426380690806,0.001165663819277981,0
2023-03-24T16:53:55Z,2023-03-24T16:54:00Z,1.280050946702617e-05,0.0011525192293965953,0.0011653197388636215,0
2023-03-24T16:53:55Z,2023-03-24T16:54:00Z,2.8195850930423086e-05,0.0011369167685263636,0.0011651126194567867,0
2023-03-24T16:53:55Z,2023-03-24T16:54:00Z,2.707837619184703e-05,0.0011346635581419746,0.0011617419343338217,0
2023-03-24T16:53:55Z,2023-03-24T16:54:00Z,1.5440842145873247e-05,0.0011419464766854433,0.0011573873188313166,0
2023-03-24T16:53:55Z,2023-03-24T16:54:00Z,1.417690526656708e-05,0.0011399920978666515,0.0011541690031332185,0
2023-03-24T16:53:55Z,2023-03-24T16:54:00Z,1.44130927928008e-05,0.0011375995916243658,0.0011520126844171666,0
2023-03-24T16:53:55Z,2023-03-24T16:54:00Z,1.777511064476921e-05,0.001130508606857702,0.0011482837175024712,0
2023-03-24T16:53:55Z,2023-03-24T16:54:00Z,7.033848750305103e-06,0.0011387547332217876,0.0011457885819720927,0
2023-03-24T16:54:55Z,2023-03-24T16:55:00Z,8.447591201909879e-06,0.0011363211209595976,0.0011447687121615075,0
2023-03-24T16:54:55Z,2023-03-24T16:55:00Z,2.5942573440704796e-05,0.0011173742552913956,0.0011433168287321004,0
2023-03-24T16:54:55Z,2023-03-24T16:55:00Z,4.140270410233878e-05,0.0011000537780326174,0.0011414564821349562,0
2023-03-24T16:54:55Z,2023-03-24T16:55:00Z,4.9453594383203764e-05,0.0010872060494739838,0.0011366596438571876,0
2023-03-24T16:54:55Z,2023-03-24T16:55:00Z,5.2649408496720706e-05,0.0010787636902240695,0.0011314130987207902,0
2023-03-24T16:54:55Z,2023-03-24T16:55:00Z,3.944795744985352e-05,0.0010869940693656985,0.001126442026815552,0
2023-03-24T16:54:55Z,2023-03-24T16:55:00Z,2.7418576195678817e-05,0.0010934334638280825,0.0011208520400237613,0
2023-03-24T16:54:55Z,2023-03-24T16:55:00Z,1.8871418840286187e-05,0.0010964853804515005,0.0011153567992917867,0
2023-03-24T16:54:55Z,2023-03-24T16:55:00Z,3.323643926830865e-06,0.0011073772919610993,0.0011107009358879301,0
2023-03-24T16:54:55Z,2023-03-24T16:55:00Z,2.157197031701745e-06,0.0011044323177389415,0.0011065895147706433,0
2023-03-24T16:54:55Z,2023-03-24T16:55:00Z,6.016705651213424e-06,0.0010982596776297699,0.0011042763832809833,0
2023-03-24T16:54:55Z,2023-03-24T16:55:00Z,1.2941597815743344e-05,0.001087902543916955,0.0011008441417326984,0
2023-03-24T16:54:55Z,2023-03-24T16:55:00Z,1.4958190356179416e-05,0.0010820798070435365,0.001097037997399716,0
2023-03-24T16:55:55Z,2023-03-24T16:56:00Z,1.5520422679809326e-06,0.0010925387839942908,0.0010940908262622717,0
2023-03-24T16:55:55Z,2023-03-24T16:56:00Z,1.1746286804868245e-05,0.0011040397159682318,0.0010922934291633635,0
2023-03-24T16:55:55Z,2023-03-24T16:56:00Z,1.4171343228191417e-05,0.0011069980458435855,0.0010928267026153941,0
2023-03-24T16:55:55Z,2023-03-24T16:56:00Z,1.2192897865507266e-05,0.0011075472030553177,0.0010953543051898105,0
2023-03-24T16:55:55Z,2023-03-24T16:56:00Z,2.537343090028613e-05,0.0011227281337378855,0.0010973547028375994,0
2023-03-24T16:55:55Z,2023-03-24T16:56:00Z,5.544659864622917e-05,0.001154212675406552,0.0010987660767603229,0
2023-03-24T16:55:55Z,2023-03-24T16:56:00Z,6.0388592099426324e-05,0.0011617789441883877,0.0011013903520889613,0
2023-03-24T16:55:55Z,2023-03-24T16:56:00Z,5.8835091898135506e-05,0.0011649089823316421,0.0011060738904335066,0
2023-03-24T16:55:55Z,2023-03-24T16:56:00Z,5.700801371737521e-05,0.0011688165667958265,0.0011118085530784512,0
2023-03-24T16:55:55Z,2023-03-24T16:56:00Z,6.264713240254562e-05,0.001181120615951184,0.0011184734835486384,0
2023-03-24T16:55:55Z,2023-03-24T16:56:00Z,7.981231873267053e-05,0.0012063772045691962,0.0011265648858365257,0
2023-03-24T16:55:55Z,2023-03-24T16:56:00Z,8.356698444636924e-05,0.0012200359511736598,0.0011364689667272905,0
2023-03-24T16:56:55Z,2023-03-24T16:57:00Z,7.595649725733022e-05,0.0012238093060421109,0.0011478528087847807,0
2023-03-24T16:56:55Z,2023-03-24T16:57:00Z,7.546097029985615e-05,0.00123491340260518,0.0011594524323053238,0
2023-03-24T16:56:55Z,2023-03-24T16:57:00Z,2.676070871740076e-05,0.001197894267042577,0.0011711335583251762,0
2023-03-24T16:56:55Z,2023-03-24T16:57:00Z,1.80009747880567e-05,0.0012018711530682193,0.0011838701782801626,0
2023-03-24T16:56:55Z,2023-03-24T16:57:00Z,7.396653728722639e-06,0.001198783445339354,0.0011913867916106314,0
2023-03-24T16:56:55Z,2023-03-24T16:57:00Z,2.7098493812641525e-07,0.0011964236243149247,0.0011961526393767983,0
2023-03-24T16:56:55Z,2023-03-24T16:57:00Z,1.4117764157403276e-05,0.0011857353253344918,0.001199853089491895,0
2023-03-24T16:56:55Z,2023-03-24T16:57:00Z,1.7130007666916764e-05,0.0011858745460233064,0.0012030045536902232,0
2023-03-24T16:56:55Z,2023-03-24T16:57:00Z,3.105732288036537e-05,0.0011736391066637245,0.0012046964295440899,0
2023-03-24T16:56:55Z,2023-03-24T16:57:00Z,1.969688402327606e-05,0.001185474938528026,0.0012051718225513021,0
2023-03-24T16:56:55Z,2023-03-24T16:57:00Z,1.6556373429994645e-05,0.0011853416393307601,0.0012018980127607548,0
2023-03-24T16:57:55Z,2023-03-24T16:58:00Z,1.7077867014043567e-05,0.001181364044482148,0.0011984419114961916,0
2023-03-24T16:57:55Z,2023-03-24T16:58:00Z,7.671773892951352e-06,0.001186923370932105,0.0011945951448250564,0
2023-03-24T16:57:55Z,2023-03-24T16:58:00Z,8.905517011768491e-07,0.0011883496573115763,0.0011892402090127531,0
2023-03-24T16:57:55Z,2023-03-24T16:58:00Z,1.3271521716566679e-05,0.0012014146411182727,0.001188143119401706,0
2023-03-24T16:57:55Z,2023-03-24T16:58:00Z,1.3382828787877237e-05,0.001200173798613919,0.0011867909698260418,0
2023-03-24T16:57:55Z,2023-03-24T16:58:00Z,8.499155156925205e-06,0.0011955532445608588,0.0011870540894039336,0
2023-03-24T16:57:55Z,2023-03-24T16:58:00Z,1.2808310677300079e-05,0.0012002374175111331,0.001187429106833833,0
2023-03-24T16:57:55Z,2023-03-24T16:58:00Z,2.7548547515223116e-05,0.001215959446271693,0.0011884108987564698,0
2023-03-24T16:57:55Z,2023-03-24T16:58:00Z,2.8913496296472004e-05,0.0012187606822017245,0.0011898471859052525,0
2023-03-24T16:57:55Z,2023-03-24T16:58:00Z,2.0471144580236226e-05,0.0012145503644462854,0.0011940792198660492,0
2023-03-24T16:57:55Z,2023-03-24T16:58:00Z,2.125393317368345e-05,0.0012186617274071027,0.0011974077942334192,0
2023-03-24T16:57:55Z,2023-03-24T16:58:00Z,8.942936597937943e-06,0.0012092716033429097,0.0012003286667449718,0
2023-03-24T16:58:55Z,2023-03-24T16:59:00Z,1.7797643955242163e-05,0.0012218560789927094,0.0012040584350374672,1
2023-03-24T16:58:55Z,2023-03-24T16:59:00Z,1.62332247232264e-05,0.001222526483001774,0.0012062932582785476,1
2023-03-24T16:58:55Z,2023-03-24T16:59:00Z,3.583801576102319e-05,0.001245481916207684,0.0012096439004466609,1
2023-03-24T16:58:55Z,2023-03-24T16:59:00Z,3.891478844977067e-05,0.0012506698730847814,0.0012117550846350107,1
2023-03-24T16:58:55Z,2023-03-24T16:59:00Z,1.9651881166024348e-05,0.0012359377775604118,0.0012162858963943874,1
2023-03-24T16:58:55Z,2023-03-24T16:59:00Z,8.64254275813217e-06,0.0012304401020049119,0.0012217975592467797,1
2023-03-24T16:58:55Z,2023-03-24T16:59:00Z,9.218757449593789e-06,0.0012345863527013013,0.0012253675952517075,1
2023-03-24T16:58:55Z,2023-03-24T16:59:00Z,1.2140517768172631e-05,0.0012146751430568569,0.0012268156608250295,1
2023-03-24T16:58:55Z,2023-03-24T16:59:00Z,1.503440879583695e-05,0.0012133638190791503,0.0012283982278749872,1
2023-03-24T16:58:55Z,2023-03-24T16:59:00Z,2.185619455388776e-05,0.0012065545111821564,0.0012284107057360441,1
2023-03-24T16:58:55Z,2023-03-24T16:59:00Z,2.5139033540935848e-05,0.001202741881362313,0.0012278809149032489,1
2023-03-24T16:58:55Z,2023-03-24T16:59:00Z,8.784139154463088e-06,0.0012188250665327105,0.0012276092056871736,1
2023-03-24T16:58:55Z,2023-03-24T16:59:00Z,1.5387465925461793e-05,0.0012103103199986723,0.0012256977859241341,1
2023-03-24T16:59:55Z,2023-03-24T17:00:00Z,2.9927274575108215e-05,0.0011954003697021195,0.0012253276442772277,1
2023-03-24T16:59:55Z,2023-03-24T17:00:00Z,4.553057047468941e-05,0.001176279914181637,0.0012218104846563264,1
2023-03-24T16:59:55Z,2023-03-24T17:00:00Z,5.952051229852324e-05,0.0011567630220195371,0.0012162835343180604,1
2023-03-24T16:59:55Z,2023-03-24T17:00:00Z,5.73628778940587e-05,0.0011529548700861241,0.0012103177479801828,1
2023-03-24T16:59:55Z,2023-03-24T17:00:00Z,3.2287675765337335e-05,0.0011706623642163082,0.0012029500399816455,1
2023-03-24T16:59:55Z,2023-03-24T17:00:00Z,1.7644247937281202e-05,0.0011771426437828464,0.0011947868917201276,1
2023-03-24T16:59:55Z,2023-03-24T17:00:00Z,1.6146599517057828e-05,0.001174239014319015,0.0011903856138360729,1
2023-03-24T16:59:55Z,2023-03-24T17:00:00Z,6.039782276595065e-06,0.0011807237140298475,0.0011867634963064425,1
2023-03-24T16:59:55Z,2023-03-24T17:00:00Z,4.014375881741198e-06,0.0011875463225018694,0.0011835319466201282,1
2023-03-24T16:59:55Z,2023-03-24T17:00:00Z,7.728421404515264e-06,0.0011736017084823666,0.0011813301298868818,1
2023-03-24T16:59:55Z,2023-03-24T17:00:00Z,3.1366372130942934e-06,0.0011750656182707034,0.0011782022554837977,1
2023-03-24T17:00:55Z,2023-03-24T17:01:00Z,1.556367462000343e-05,0.0011900950689521705,0.001174531394332167,0
2023-03-24T17:00:55Z,2023-03-24T17:01:00Z,1.2163059939902365e-05,0.001160334859249123,0.0011724979191890255,0
2023-03-24T17:00:55Z,2023-03-24T17:01:00Z,2.5140394593152742e-05,0.001148739040072926,0.0011738794346660788,0
2023-03-24T17:00:55Z,2023-03-24T17:01:00Z,2.7346177460986368e-05,0.0011468904409280513,0.0011742366183890376,0
2023-03-24T17:00:55Z,2023-03-24T17:01:00Z,3.427987872780462e-05,0.001139535156659913,0.0011738150353877176,0
2023-03-24T17:00:55Z,2023-03-24T17:01:00Z,3.71838536873002e-05,0.0011342539893715918,0.001171437843058892,0
2023-03-24T17:00:55Z,2023-03-24T17:01:00Z,4.008591611631999e-05,0.0011275911782302787,0.0011676770943465987,0
2023-03-24T17:00:55Z,2023-03-24T17:01:00Z,3.7795365806474494e-05,0.001125883226045382,0.0011636785918518564,0
2023-03-24T17:00:55Z,2023-03-24T17:01:00Z,3.162157132071807e-05,0.0011267437669511813,0.0011583653382718994,0
2023-03-24T17:00:55Z,2023-03-24T17:01:00Z,2.0631966952285724e-05,0.001131567061673965,0.0011521990286262507,0
2023-03-24T17:00:55Z,2023-03-24T17:01:00Z,2.2279392258860425e-05,0.0011252338422142716,0.001147513234473132,0
2023-03-24T17:00:55Z,2023-03-24T17:01:00Z,1.4511872471899018e-05,0.0011286515063415592,0.0011431633788134582,0
2023-03-24T17:00:55Z,2023-03-24T17:01:00Z,3.098531862636062e-05,0.0011676625747660291,0.0011366772561396685,0
2023-03-24T17:01:55Z,2023-03-24T17:02:00Z,6.267307916201599e-05,0.001196182000010928,0.001133508920848912,1
2023-03-24T17:01:55Z,2023-03-24T17:02:00Z,4.5350344060964606e-05,0.001180751618379187,0.0011354012743182223,1
2023-03-24T17:01:55Z,2023-03-24T17:02:00Z,4.4073434627056075e-05,0.001184403864853566,0.00114033043022651,1
2023-03-24T17:01:55Z,2023-03-24T17:02:00Z,5.3000572846439e-05,0.0011974526492448763,0.0011444520763984373,1
2023-03-24T17:01:55Z,2023-03-24T17:02:00Z,5.386193459666513e-05,0.0012033289985433,0.0011494670639466348,1
2023-03-24T17:01:55Z,2023-03-24T17:02:00Z,6.0611837234598185e-05,0.0012170650482826928,0.0011564532110480946,1
2023-03-24T17:01:55Z,2023-03-24T17:02:00Z,6.093439333478717e-05,0.0012251321816326734,0.0011641977882978862,1
2023-03-24T17:01:55Z,2023-03-24T17:02:00Z,5.1806860353290074e-05,0.0012250367767843277,0.0011732299164310376,1
2023-03-24T17:01:55Z,2023-03-24T17:02:00Z,3.908232020570219e-05,0.0012216687486326105,0.0011825864284269083,1
2023-03-24T17:01:55Z,2023-03-24T17:02:00Z,3.273976778926874e-05,0.0012253064896731827,0.001192566721883914,1
2023-03-24T17:01:55Z,2023-03-24T17:02:00Z,1.0271195335395276e-05,0.0012121396414484147,0.0012018684461130194,1
2023-03-24T17:02:55Z,2023-03-24T17:03:00Z,1.3980329562196785e-05,0.0012216131671659314,0.0012076328376037346,1
2023-03-24T17:02:55Z,2023-03-24T17:03:00Z,3.1070010528949903e-06,0.0012123356028003781,0.0012092286017474831,1
2023-03-24T17:02:55Z,2023-03-24T17:03:00Z,6.544151828937481e-06,0.0012067706047972201,0.0012133147566261576,1
2023-03-24T17:02:55Z,2023-03-24T17:03:00Z,6.284118181994636e-07,0.0012154795186026393,0.0012161079304208388,1
2023-03-24T17:02:55Z,2023-03-24T17:03:00Z,1.0799730568177924e-05,0.0012062399954078952,0.0012170397259760731,1
2023-03-24T17:02:55Z,2023-03-24T17:03:00Z,7.667312364388959e-06,0.0012105874656176182,0.0012182547779820072,1
2023-03-24T17:02:55Z,2023-03-24T17:03:00Z,5.6301698191621626e-06,0.001211542102875365,0.0012171722726945272,1
2023-03-24T17:02:55Z,2023-03-24T17:03:00Z,2.3398878424647686e-06,0.0012180576889354864,0.0012157178010930216,1
2023-03-24T17:02:55Z,2023-03-24T17:03:00Z,4.147530875906304e-06,0.0012102208028262193,0.0012143683337021256,1
2023-03-24T17:02:55Z,2023-03-24T17:03:00Z,2.0632025612233283e-05,0.00119337520212018,0.0012140072277324132,1
2023-03-24T17:02:55Z,2023-03-24T17:03:00Z,2.7465388530728595e-05,0.0011850332705169882,0.0012124986590477168,1
2023-03-24T17:02:55Z,2023-03-24T17:03:00Z,3.98558079919046e-05,0.001170766407122989,0.0012106222151148935,1
2023-03-24T17:03:55Z,2023-03-24T17:04:00Z,4.502107482191463e-05,0.0011619431506280844,0.001206964225449999,1
2023-03-24T17:03:55Z,2023-03-24T17:04:00Z,3.450422588228822e-05,0.0011683030799999718,0.00120280730588226,1
2023-03-24T17:03:55Z,2023-03-24T17:04:00Z,3.383973163511699e-05,0.0011644848288302296,0.0011983245604653466,1
2023-03-24T17:03:55Z,2023-03-24T17:04:00Z,6.8399371474744e-05,0.0011252075451303359,0.0011936069166050799,1
2023-03-24T17:03:55Z,2023-03-24T17:04:00Z,7.739947446678544e-05,0.0011120319254805278,0.0011894313999473132,1
2023-03-24T17:03:55Z,2023-03-24T17:04:00Z,7.685058777090817e-05,0.0011040428201276767,0.0011808934078985848,1
2023-03-24T17:03:55Z,2023-03-24T17:04:00Z,5.802511442033406e-05,0.0011129172757387673,0.0011709423901591013,1
2023-03-24T17:03:55Z,2023-03-24T17:04:00Z,4.4730990381698296e-05,0.001114809912896622,0.0011595409032783203,1
2023-03-24T17:03:55Z,2023-03-24T17:04:00Z,2.2403733996873964e-05,0.001127406816572701,0.001149810550569575,1
2023-03-24T17:03:55Z,2023-03-24T17:04:00Z,4.352115512745638e-07,0.0011423892331984939,0.0011419540216472193,1
2023-03-24T17:03:55Z,2023-03-24T17:04:00Z,2.3167153536880845e-05,0.0011593585297896714,0.0011361913762527906,1
2023-03-24T17:03:55Z,2023-03-24T17:04:00Z,3.368973228716574e-05,0.0011670433911475067,0.001133353658860341,1
2023-03-24T17:03:55Z,2023-03-24T17:04:00Z,4.3545985238702773e-05,0.0011766411820152026,0.0011330951967764998,1
2023-03-24T17:04:55Z,2023-03-24T17:05:00Z,4.8031806373032395e-05,0.0011810010342642857,0.0011329692278912533,1
2023-03-24T17:04:55Z,2023-03-24T17:05:00Z,3.729841194216707e-05,0.0011714832751519176,0.0011341848632097505,1
2023-03-24T17:04:55Z,2023-03-24T17:05:00Z,4.061612918456088e-05,0.0011803803413077065,0.0011397642121231456,1
2023-03-24T17:04:55Z,2023-03-24T17:05:00Z,3.89083677979588e-05,0.0011846177148882434,0.0011457093470902846,1
2023-03-24T17:04:55Z,2023-03-24T17:05:00Z,1.706568513906671e-05,0.0011704087843473542,0.0011533430992082875,1
2023-03-24T17:04:55Z,2023-03-24T17:05:00Z,1.3971042028290779e-06,0.0011619102473260643,0.0011605131431232352,1
2023-03-24T17:04:55Z,2023-03-24T17:05:00Z,8.364778342541531e-06,0.0011577082519257666,0.0011660730302683082,1
2023-03-24T17:04:55Z,2023-03-24T17:05:00Z,3.4522587333582965e-05,0.0011350007860100619,0.0011695233733436448,1
2023-03-24T17:04:55Z,2023-03-24T17:05:00Z,3.911352750992237e-05,0.0011319417477064497,0.001171055275216372,1
2023-03-24T17:04:55Z,2023-03-24T17:05:00Z,5.23967720243801e-05,0.0011162227288140309,0.001168619500838411,1
2023-03-24T17:04:55Z,2023-03-24T17:05:00Z,6.153841626140369e-05,0.0011035709202329015,0.0011651093364943052,1
2023-03-24T17:05:55Z,2023-03-24T17:06:00Z,7.096403091644233e-05,0.001088103460257746,0.0011590674911741883,1
2023-03-24T17:05:55Z,2023-03-24T17:06:00Z,6.345136817131826e-05,0.0010878731115997315,0.0011513244797710497,1
2023-03-24T17:05:55Z,2023-03-24T17:06:00Z,2.4496080945299228e-05,0.0011184904173363334,0.0011429864982816327,1
2023-03-24T17:05:55Z,2023-03-24T17:06:00Z,1.8706298271387468e-05,0.0011150294770394472,0.0011337357753108347,1
2023-03-24T17:05:55Z,2023-03-24T17:06:00Z,4.837869427055464e-06,0.0011222851761285885,0.001127123045555644,1
2023-03-24T17:05:55Z,2023-03-24T17:06:00Z,3.8106588351950917e-06,0.0011177744559896583,0.0011215851148248534,1
2023-03-24T17:05:55Z,2023-03-24T17:06:00Z,7.526930042267045e-06,0.0011251495377473729,0.0011176226077051058,1
2023-03-24T17:05:55Z,2023-03-24T17:06:00Z,2.729359224972112e-05,0.001140922820361216,0.0011136292281114948,1
2023-03-24T17:05:55Z,2023-03-24T17:06:00Z,3.8632119429884634e-05,0.0011512762227151106,0.001112644103285226,1
2023-03-24T17:05:55Z,2023-03-24T17:06:00Z,4.513791701980406e-05,0.0011586801275705067,0.0011135422105507027,1
2023-03-24T17:05:55Z,2023-03-24T17:06:00Z,6.450946604531901e-05,0.0011815570259861297,0.0011170475599408107,1
2023-03-24T17:05:55Z,2023-03-24T17:06:00Z,6.472299848098422e-05,0.0011872814791555552,0.001122558480674571,1
2023-03-24T17:05:55Z,2023-03-24T17:06:00Z,6.277197332055966e-05,0.0011946758105679692,0.0011319038372474095,1
2023-03-24T17:06:55Z,2023-03-24T17:07:00Z,7.15841789894144e-05,0.0012134288529924064,0.001141844674002992,1
2023-03-24T17:06:55Z,2023-03-24T17:07:00Z,3.261064923652346e-05,0.001182073862562679,0.0011494632133261554,1
2023-03-24T17:06:55Z,2023-03-24T17:07:00Z,1.8768054984240638e-05,0.001178071205905692,0.0011593031509214513,1
2023-03-24T17:06:55Z,2023-03-24T17:07:00Z,1.054059999389817e-05,0.0011758226195587584,0.0011652820195648603,1
2023-03-24T17:06:55Z,2023-03-24T17:07:00Z,4.865076033830004e-06,0.0011664466185226335,0.0011713116945564635,1
2023-03-24T17:06:55Z,2023-03-24T17:07:00Z,2.0121861081265216e-05,0.001156257141656337,0.0011763790027376022,1
2023-03-24T17:06:55Z,2023-03-24T17:07:00Z,2.5813003947496808e-05,0.0011531183786062471,0.001178931382553744,1
2023-03-24T17:06:55Z,2023-03-24T17:07:00Z,4.357382715077505e-05,0.0011358556472970916,0.0011794294744478667,1
2023-03-24T17:06:55Z,2023-03-24T17:07:00Z,5.371167002061984e-05,0.0011251616295308209,0.0011788732995514407,1
2023-03-24T17:06:55Z,2023-03-24T17:07:00Z,6.377266756334588e-05,0.001110530494119191,0.001174303161682537,1
2023-03-24T17:06:55Z,2023-03-24T17:07:00Z,6.504269665304446e-05,0.0011030484800670193,0.0011680911767200637,1
2023-03-24T17:07:55Z,2023-03-24T17:08:00Z,6.675348349781504e-05,0.0010929231615773706,0.0011596766450751857,1
2023-03-24T17:07:55Z,2023-03-24T17:08:00Z,8.128360800294088e-05,0.0010673549997797062,0.0011486386077826471,1
2023-03-24T17:07:55Z,2023-03-24T17:08:00Z,6.336543630773139e-05,0.0010763581013763848,0.0011397235376841162,1
2023-03-24T17:07:55Z,2023-03-24T17:08:00Z,4.385114639566287e-05,0.0010848007706758549,0.0011286519170715177,1
2023-03-24T17:07:55Z,2023-03-24T17:08:00Z,3.32158979648332e-05,0.001085489567288447,0.0011187054652532801,1
2023-03-24T17:07:55Z,2023-03-24T17:08:00Z,1.1728721448387054e-05,0.0010988121590202152,0.0011105408804686022,1
2023-03-24T17:07:55Z,2023-03-24T17:08:00Z,3.2465338829184946e-06,0.001100217589148895,0.0011034641230318134,1
2023-03-24T17:07:55Z,2023-03-24T17:08:00Z,8.123014037437083e-06,0.0010899104870357732,0.0010980335010732103,1
2023-03-24T17:07:55Z,2023-03-24T17:08:00Z,1.927968290872553e-05,0.0011137493781671161,0.0010944696952583906,1
2023-03-24T17:07:55Z,2023-03-24T17:08:00Z,1.760257497240088e-05,0.0011085471559812866,0.0010909445810088857,1
2023-03-24T17:07:55Z,2023-03-24T17:08:00Z,2.5488347546910248e-05,0.0011167548169605883,0.001091266469413678,1
2023-03-24T17:07:55Z,2023-03-24T17:08:00Z,5.041146859948689e-05,0.0011422278056045917,0.0010918163370051048,1
2023-03-24T17:07:55Z,2023-03-24T17:08:00Z,6.950550706647462e-05,0.0011637050096099015,0.001094199502543427,1
2023-03-24T17:08:55Z,2023-03-24T17:09:00Z,7.06578883908212e-05,0.0011723446715167364,0.0011016867831259152,0
2023-03-24T17:08:55Z,2023-03-24T17:09:00Z,7.963179851339162e-05,0.0011900532724626585,0.0011104214739492669,0
2023-03-24T17:08:55Z,2023-03-24T17:09:00Z,7.789753763596e-05,0.0011970734016693149,0.0011191758640333549,0
2023-03-24T17:08:55Z,2023-03-24T17:09:00Z,8.243188027580927e-05,0.0012120641148265856,0.0011296322345507764,0
2023-03-24T17:08:55Z,2023-03-24T17:09:00Z,8.430546735704305e-05,0.0012237638261727293,0.0011394583588156862,0
2023-03-24T17:08:55Z,2023-03-24T17:09:00Z,7.914097398997754e-05,0.0012297839853734327,0.0011506430113834552,0
2023-03-24T17:08:55Z,2023-03-24T17:09:00Z,6.692893261547764e-05,0.0012309572779126284,0.0011640283452971508,0
2023-03-24T17:08:55Z,2023-03-24T17:09:00Z,4.694776172643549e-05,0.0012225795677442179,0.0011756318060177824,0
2023-03-24T17:08:55Z,2023-03-24T17:09:00Z,3.372625049898764e-05,0.0012215990687099042,0.0011878728182109165,0
2023-03-24T17:08:55Z,2023-03-24T17:09:00Z,9.492719918544751e-07,0.0011994045652811342,0.0011984552932892798,0
2023-03-24T17:08:55Z,2023-03-24T17:09:00Z,2.5405160696769305e-05,0.0011809872589030415,0.0012063924195998108,0
2023-03-24T17:08:55Z,2023-03-24T17:09:00Z,2.6811639542995884e-05,0.0011831507356239383,0.0012099623751669342,0
2023-03-24T17:09:55Z,2023-03-24T17:10:00Z,3.667571152869437e-05,0.0011741509223768703,0.0012108266339055647,0
2023-03-24T17:09:55Z,2023-03-24T17:10:00Z,4.9892821725835545e-05,0.001160243558495857,0.0012101363802216926,0
2023-03-24T17:09:55Z,2023-03-24T17:10:00Z,4.940816472079226e-05,0.0011584359675716558,0.001207844132292448,0
2023-03-24T17:09:55Z,2023-03-24T17:10:00Z,4.5427164050668026e-05,0.0011572349126087072,0.0012026620766593752,0
2023-03-24T17:09:55Z,2023-03-24T17:10:00Z,5.337103780424582e-05,0.001142758252995022,0.001196129290799268,0
2023-03-24T17:09:55Z,2023-03-24T17:10:00Z,6.0285307469121543e-05,0.001128589076053674,0.0011888743835227955,0
2023-03-24T17:09:55Z,2023-03-24T17:10:00Z,6.394172934229433e-05,0.0011161127516887404,0.0011800544810310347,0
2023-03-24T17:09:55Z,2023-03-24T17:10:00Z,8.968322705788043e-05,0.0010809722048040998,0.0011706554318619803,0
2023-03-24T17:09:55Z,2023-03-24T17:10:00Z,8.709589825993424e-05,0.0010730109018999296,0.0011601068001598639,0
2023-03-24T17:09:55Z,2023-03-24T17:10:00Z,8.92059669955923e-05,0.0010590575971165684,0.0011482635641121607,0
2023-03-24T17:09:55Z,2023-03-24T17:10:00Z,8.41193898030554e-05,0.001053346538608794,0.0011374659284118494,0
2023-03-24T17:09:55Z,2023-03-24T17:10:00Z,8.603230030374606e-05,0.0010390243142573664,0.0011250566145611124,0
2023-03-24T17:10:55Z,2023-03-24T17:11:00Z,8.077716760554032e-05,0.0010321990085787646,0.0011129761761843049,0
2023-03-24T17:10:55Z,2023-03-24T17:11:00Z,6.399353198162003e-05,0.0010368607197788356,0.0011008542517604557,0
2023-03-24T17:10:55Z,2023-03-24T17:11:00Z,5.376100492954293e-05,0.0010344695509316236,0.0010882305558611665,0
2023-03-24T17:10:55Z,2023-03-24T17:11:00Z,4.594026220324865e-05,0.0010302528743749307,0.0010761931365781793,0
2023-03-24T17:10:55Z,2023-03-24T17:11:00Z,2.525345689795679e-05,0.0010401108094738828,0.0010653642663718396,0
2023-03-24T17:10:55Z,2023-03-24T17:11:00Z,1.7140837003894703e-05,0.0010383898092000705,0.0010555306462039652,0
2023-03-24T17:10:55Z,2023-03-24T17:11:00Z,5.718487599798254e-07,0.0010485023007424593,0.0010479304519824795,0
2023-03-24T17:10:55Z,2023-03-24T17:11:00Z,2.5114020624876065e-05,0.0010687862330469528,0.0010436722124220767,0
2023-03-24T17:10:55Z,2023-03-24T17:11:00Z,3.405538025017928e-05,0.0010752767325565087,0.0010412213523063295,0
2023-03-24T17:10:55Z,2023-03-24T17:11:00Z,4.170806869817139e-05,0.0010839022845975394,0.001042194215899368,0
2023-03-24T17:10:55Z,2023-03-24T17:11:00Z,4.731927402911698e-05,0.0010917065093232565,0.0010443872352941396,0
2023-03-24T17:10:55Z,2023-03-24T17:11:00Z,6.28314789108313e-05,0.001111706511238988,0.0010488750323281568,0
2023-03-24T17:11:55Z,2023-03-24T17:12:00Z,6.373112100573975e-05,0.0011185569034083457,0.001054825782402606,0
2023-03-24T17:11:55Z,2023-03-24T17:12:00Z,6.978771359635581e-05,0.001132098075144977,0.0010623103615486212,0
2023-03-24T17:11:55Z,2023-03-24T17:12:00Z,6.857838907293524e-05,0.0011392974858692286,0.0010707190967962933,0
2023-03-24T17:11:55Z,2023-03-24T17:12:00Z,7.35975033558621e-05,0.00115450112022916,0.001080903616873298,0
2023-03-24T17:11:55Z,2023-03-24T17:12:00Z,7.381498798644305e-05,0.0011646372724992758,0.0010908222845128328,0
2023-03-24T17:11:55Z,2023-03-24T17:12:00Z,7.093451068484482e-05,0.0011733679263005864,0.0011024334156157416,0
2023-03-24T17:11:55Z,2023-03-24T17:12:00Z,7.211733432287517e-05,0.0011861642471142984,0.0011140469127914232,0
2023-03-24T17:11:55Z,2023-03-24T17:12:00Z,7.025429124119962e-05,0.0011947593733579861,0.0011245050821167865,0
2023-03-24T17:11:55Z,2023-03-24T17:12:00Z,6.0625026322458885e-05,0.0011962188598950243,0.0011355938335725654,0
2023-03-24T17:11:55Z,2023-03-24T17:12:00Z,5.0827443704359095e-05,0.0011975069861529693,0.0011466795424486102,0
2023-03-24T17:11:55Z,2023-03-24T17:12:00Z,3.327001865744122e-05,0.001190400796163228,0.0011571307775057869,0
2023-03-24T17:12:55Z,2023-03-24T17:13:00Z,1.5225768308976557e-05,0.0011809365933061616,0.001165710824997185,0
2023-03-24T17:12:55Z,2023-03-24T17:13:00Z,1.702237571924131e-05,0.0011899175899919147,0.0011728952142726734,0
2023-03-24T17:12:55Z,2023-03-24T17:13:00Z,4.885696393395686e-06,0.0011826647624821876,0.0011777790660887919,0
2023-03-24T17:12:55Z,2023-03-24T17:13:00Z,5.7658268563028515e-06,0.0011886069033573633,0.0011828410765010605,0
2023-03-24T17:12:55Z,2023-03-24T17:13:00Z,9.465659127529417e-06,0.001195123099853893,0.0011856574407263635,0
2023-03-24T17:12:55Z,2023-03-24T17:13:00Z,4.68456070537083e-06,0.001192738964517543,0.001188054403812172,0
2023-03-24T17:12:55Z,2023-03-24T17:13:00Z,1.143876317338463e-06,0.001191373797484841,0.0011902299211675026,0
2023-03-24T17:12:55Z,2023-03-24T17:13:00Z,2.10169210402328e-05,0.0011698704718675944,0.0011908873929078272,0
2023-03-24T17:12:55Z,2023-03-24T17:13:00Z,3.0795802328553116e-05,0.0011597530329919593,0.0011905488353205125,0
2023-03-24T17:12:55Z,2023-03-24T17:13:00Z,2.360799935210555e-05,0.0011643059971656639,0.0011879139965177694,0
2023-03-24T17:12:55Z,2023-03-24T17:13:00Z,6.1849049802747535e-06,0.0011779536962213937,0.0011841386012016685,0
2023-03-24T17:12:55Z,2023-03-24T17:13:00Z,2.0152219638907166e-05,0.0012016813409408194,0.0011815291213019123,0
2023-03-24T17:12:55Z,2023-03-24T17:13:00Z,2.420593205592638e-05,0.0012054367636493617,0.0011812308315934353,0
2023-03-24T17:13:55Z,2023-03-24T17:14:00Z,1.4114877998773262e-05,0.001196522084687099,0.0011824072066883256,0
2023-03-24T17:13:55Z,2023-03-24T17:14:00Z,1.8799702820633188e-05,0.0012034841096256765,0.0011846844068050433,0
2023-03-24T17:13:55Z,2023-03-24T17:14:00Z,1.5895347180967063e-05,0.001201371272118984,0.0011854759249380169,0
2023-03-24T17:13:55Z,2023-03-24T17:14:00Z,1.1028864237255928e-05,0.0011973408901524512,0.0011863120259151953,0
2023-03-24T17:13:55Z,2023-03-24T17:14:00Z,1.0251728715271469e-05,0.0011974269853906106,0.0011871752566753391,0
2023-03-24T17:13:55Z,2023-03-24T17:14:00Z,2.2996037729422188e-05,0.0012107680036715226,0.0011877719659421004,0
2023-03-24T17:13:55Z,2023-03-24T17:14:00Z,4.280460139103053e-05,0.0012333322186854326,0.001190527617294402,0
2023-03-24T17:13:55Z,2023-03-24T17:14:00Z,5.1958697190942734e-05,0.001247587811553301,0.0011956291143623583,0
2023-03-24T17:13:55Z,2023-03-24T17:14:00Z,6.066860391391632e-05,0.0012632003404282513,0.001202531736514335,0
2023-03-24T17:13:55Z,2023-03-24T17:14:00Z,5.715761279978396e-05,0.0012666527608473097,0.0012094951480475257,0
2023-03-24T17:13:55Z,2023-03-24T17:14:00Z,5.0434455174988005e-05,0.0012660815031712571,0.001215647047996269,0
2023-03-24T17:13:55Z,2023-03-24T17:14:00Z,3.074203105074601e-05,0.0012525106787668096,0.0012217686477160635,0
2023-03-24T17:14:55Z,2023-03-24T17:15:00Z,2.9940604614282686e-06,0.0012257305291030515,0.0012287245895644798,0
2023-03-24T17:14:55Z,2023-03-24T17:15:00Z,1.1001000500952644e-05,0.0012226262459776403,0.001233627246478593,0
2023-03-24T17:14:55Z,2023-03-24T17:15:00Z,1.4829770758362356e-05,0.0012212334014186372,0.0012360631721769996,0
2023-03-24T17:14:55Z,2023-03-24T17:15:00Z,3.4587646392811658e-06,0.0012420504723987997,0.0012385917077595186,0
2023-03-24T17:14:55Z,2023-03-24T17:15:00Z,1.5178918394456861e-05,0.001256151267756778,0.001240972349362321,0
2023-03-24T17:14:55Z,2023-03-24T17:15:00Z,7.05186098210798e-06,0.0012370487352529411,0.0012441005962350491,0
2023-03-24T17:14:55Z,2023-03-24T17:15:00Z,2.773900053430192e-05,0.0012186435006078817,0.0012463825011421836,0
2023-03-24T17:14:55Z,2023-03-24T17:15:00Z,3.46546775423348e-05,0.0012106739159698126,0.0012453285935121474,0
2023-03-24T17:14:55Z,2023-03-24T17:15:00Z,4.6729089582532276e-05,0.0011941438199475783,0.0012408729095301106,0
2023-03-24T17:14:55Z,2023-03-24T17:15:00Z,5.319322145234755e-05,0.0011820818035900135,0.001235275025042361,0
2023-03-24T17:14:55Z,2023-03-24T17:15:00Z,4.1888357962533004e-05,0.00118619289875746,0.001228081256719993,0
2023-03-24T17:15:55Z,2023-03-24T17:16:00Z,2.008690709933694e-05,0.0012009514621029766,0.0012210383692023135,0
2023-03-24T17:15:55Z,2023-03-24T17:16:00Z,1.4440097474674929e-05,0.0012026445086930793,0.0012170846061677542,0
2023-03-24T17:15:55Z,2023-03-24T17:16:00Z,1.4217023115177703e-05,0.0012007001046651102,0.001214917127780288,0
2023-03-24T17:15:55Z,2023-03-24T17:16:00Z,2.0954766642459046e-05,0.0011921034718652731,0.0012130582385077322,0
2023-03-24T17:15:55Z,2023-03-24T17:16:00Z,2.5054986629435968e-05,0.0011838682151049274,0.0012089232017343634,0
2023-03-24T17:15:55Z,2023-03-24T17:16:00Z,2.1604501927543086e-05,0.0011809139202176697,0.0012025184221452127,0
2023-03-24T17:15:55Z,2023-03-24T17:16:00Z,7.208279079654002e-06,0.0011899920910507574,0.0011972003701304114,0
2023-03-24T17:15:55Z,2023-03-24T17:16:00Z,1.413313402372435e-06,0.0011920140986890178,0.0011934274120913903,0
2023-03-24T17:15:55Z,2023-03-24T17:16:00Z,1.9225174933601343e-06,0.0011932817470928446,0.0011913592295994845,0
2023-03-24T17:15:55Z,2023-03-24T17:16:00Z,1.0569173909396202e-06,0.0011900893400826889,0.0011911462574736285,0
2023-03-24T17:15:55Z,2023-03-24T17:16:00Z,1.0624312724057897e-05,0.0012028905645479696,0.0011922662518239118,0
2023-03-24T17:15:55Z,2023-03-24T17:16:00Z,2.007051043320489e-05,0.0012127264063896395,0.0011926558959564346,0
2023-03-24T17:15:55Z,2023-03-24T17:16:00Z,9.06112921068283e-06,0.0012019109354116167,0.0011928498062009339,0
2023-03-24T17:16:55Z,2023-03-24T17:17:00Z,8.711175077397463e-06,0.0012025691710479873,0.0011938579959705898,0
2023-03-24T17:16:55Z,2023-03-24T17:17:00Z,9.859126906270731e-07,0.0011929931663546135,0.0011939790790452406,0
2023-03-24T17:16:55Z,2023-03-24T17:17:00Z,3.8595740134404494e-06,0.0011911660749500713,0.0011950256489635118,0
2023-03-24T17:16:55Z,2023-03-24T17:17:00Z,1.54046805654381e-05,0.0011805334635230425,0.0011959381440884806,0
2023-03-24T17:16:55Z,2023-03-24T17:17:00Z,1.4952793849275529e-05,0.001182010565712445,0.0011969633595617206,0
2023-03-24T17:16:55Z,2023-03-24T17:17:00Z,1.1776495497374485e-05,0.0011842410013115747,0.0011960174968089492,0
2023-03-24T17:16:55Z,2023-03-24T17:17:00Z,1.5705501487034597e-05,0.0011793116420242573,0.0011950171435112919,0
2023-03-24T17:16:55Z,2023-03-24T17:17:00Z,1.4848947381480371e-05,0.0011792641215516847,0.001194113068933165,0
2023-03-24T17:16:55Z,2023-03-24T17:17:00Z,1.9446807729627978e-05,0.0011735884913976937,0.0011930352991273217,0
2023-03-24T17:16:55Z,2023-03-24T17:17:00Z,2.5250072486104457e-05,0.0011654225823415887,0.0011906726548276932,0
2023-03-24T17:16:55Z,2023-03-24T17:17:00Z,2.7382490073289082e-05,0.0011593763732552094,0.0011867588633284985,0
2023-03-24T17:16:55Z,2023-03-24T17:17:00Z,2.2697702782700216e-05,0.0011604123252387955,0.0011831100280214957,0
2023-03-24T17:17:55Z,2023-03-24T17:18:00Z,7.377379113778166e-06,0.0011714133691284401,0.0011787907482422183,0
2023-03-24T17:17:55Z,2023-03-24T17:18:00Z,2.158484973155861e-05,0.001197117513862195,0.0011755326641306363,0
2023-03-24T17:17:55Z,2023-03-24T17:18:00Z,3.023855807827926e-05,0.0012037959516267526,0.0011735573935484733,0
2023-03-24T17:17:55Z,2023-03-24T17:18:00Z,4.2595519189912506e-05,0.001217811317772301,0.0011752157985823884,0
2023-03-24T17:17:55Z,2023-03-24T17:18:00Z,4.045228413938548e-05,0.0012178466213132045,0.001177394337173819,0
2023-03-24T17:17:55Z,2023-03-24T17:18:00Z,2.3458481548022233e-05,0.0012042098503679138,0.0011807513688198916,0
2023-03-24T17:17:55Z,2023-03-24T17:18:00Z,4.4684979815431394e-05,0.001229289846564218,0.0011846048667487866,0
2023-03-24T17:17:55Z,2023-03-24T17:18:00Z,4.599999558773174e-05,0.0012330994352181411,0.0011870994396304094,0
2023-03-24T17:17:55Z,2023-03-24T17:18:00Z,4.4458705397459886e-05,0.0012371282805445217,0.0011926695751470619,0
2023-03-24T17:17:55Z,2023-03-24T17:18:00Z,4.168697869644006e-05,0.001241124239131157,0.001199437260434717,0
2023-03-24T17:17:55Z,2023-03-24T17:18:00Z,1.7346317844213087e-05,0.0012245587690078615,0.0012072124511636484,0
2023-03-24T17:17:55Z,2023-03-24T17:18:00Z,5.392806727748086e-06,0.0012206764492806328,0.0012152836425528848,0
2023-03-24T17:18:55Z,2023-03-24T17:19:00Z,4.523284640458344e-05,0.0011753653361362432,0.0012205981825408267,0
2023-03-24T17:18:55Z,2023-03-24T17:19:00Z,0.0001037008832963913,0.0011192531927862789,0.0012229540760826702,0
2023-03-24T17:18:55Z,2023-03-24T17:19:00Z,0.00014083141895364164,0.0010792795955799777,0.0012201110145336194,0
2023-03-24T17:18:55Z,2023-03-24T17:19:00Z,0.00017174293970615155,0.0010385122623288656,0.0012102552020350171,0
2023-03-24T17:18:55Z,2023-03-24T17:19:00Z,0.00018183912683882053,0.0010145593726228743,0.0011963984994616949,0
2023-03-24T17:18:55Z,2023-03-24T17:19:00Z,0.00017228430924361464,0.0010075444314141752,0.0011798287406577898,0
2023-03-24T17:18:55Z,2023-03-24T17:19:00Z,0.00017472105842522047,0.0009836346348384348,0.0011583556932636553,0
2023-03-24T17:18:55Z,2023-03-24T17:19:00Z,0.00020553495013780117,0.0009302652427454574,0.0011358001928832586,0
2023-03-24T17:18:55Z,2023-03-24T17:19:00Z,0.0001982111071552634,0.0009122397211573864,0.0011104508283126498,0
2023-03-24T17:18:55Z,2023-03-24T17:19:00Z,0.00017029327431848456,0.0009090716543555955,0.00107936492867408,0
2023-03-24T17:18:55Z,2023-03-24T17:19:00Z,0.0001355736311402136,0.000912559392748819,0.0010481330238890326,0
2023-03-24T17:18:55Z,2023-03-24T17:19:00Z,0.0001100371295405275,0.0009069354148560013,0.0010169725443965288,0
2023-03-24T17:19:55Z,2023-03-24T17:20:00Z,7.826361997742028e-05,0.0009124283300803662,0.0009906919500577865,0
2023-03-24T17:19:55Z,2023-03-24T17:20:00Z,2.4517428779446244e-05,0.0009449427434853125,0.0009694601722647588,0
2023-03-24T17:19:55Z,2023-03-24T17:20:00Z,1.609117929196656e-05,0.0009688662250067641,0.0009527750457147975,0
2023-03-24T17:19:55Z,2023-03-24T17:20:00Z,4.7031432554164474e-05,0.0009904495263846067,0.0009434180938304422,0
2023-03-24T17:19:55Z,2023-03-24T17:20:00Z,9.16582812125115e-05,0.0010305070602813428,0.0009388487790688313,0
2023-03-24T17:19:55Z,2023-03-24T17:20:00Z,0.00010406768126972206,0.0010412069698355964,0.0009371392885658743,0
2023-03-24T17:19:55Z,2023-03-24T17:20:00Z,0.00010443444043660064,0.0010462609715467658,0.0009418265311101652,0
2023-03-24T17:19:55Z,2023-03-24T17:20:00Z,0.0001380448020221137,0.0010909655058412928,0.0009529207038191792,0
2023-03-24T17:19:55Z,2023-03-24T17:20:00Z,0.00014845348212407872,0.0011147763109821956,0.0009663228288581168,0
2023-03-24T17:19:55Z,2023-03-24T17:20:00Z,0.0001553669921167092,0.001139879206123396,0.0009845122140066868,0
2023-03-24T17:19:55Z,2023-03-24T17:20:00Z,0.0001454842203194467,0.001150218126149471,0.0010047339058300243,0
2023-03-24T17:19:55Z,2023-03-24T17:20:00Z,0.00012374221719823188,0.0011517705021549958,0.001028028284956764,0
2023-03-24T17:20:55Z,2023-03-24T17:21:00Z,8.251217413091051e-05,0.001134319438694585,0.0010518072645636744,0
2023-03-24T17:20:55Z,2023-03-24T17:21:00Z,6.422337272162437e-05,0.0011367134131522669,0.0010724900404306425,0
2023-03-24T17:20:55Z,2023-03-24T17:21:00Z,6.152010639949687e-05,0.0011505554681989216,0.0010890353617994248,0
2023-03-24T17:20:55Z,2023-03-24T17:21:00Z,5.961350548706543e-05,0.0011632752559632563,0.0011036617504761909,0
2023-03-24T17:20:55Z,2023-03-24T17:21:00Z,3.8104257593575335e-05,0.001153770848861524,0.0011156665912679486,0
2023-03-24T17:20:55Z,2023-03-24T17:21:00Z,2.4951836115905514e-05,0.00115282525599662,0.0011278734198807146,0
2023-03-24T17:20:55Z,2023-03-24T17:21:00Z,3.2715358960096023e-05,0.0011713397665722865,0.0011386244076121905,0
2023-03-24T17:20:55Z,2023-03-24T17:21:00Z,3.393052921663747e-05,0.0011787409118443606,0.0011448103826277231,0
2023-03-24T17:20:55Z,2023-03-24T17:21:00Z,2.787609339730988e-05,0.001178342821584042,0.0011504667281867322,0
2023-03-24T17:20:55Z,2023-03-24T17:21:00Z,1.424913669843971e-05,0.0011686020354572683,0.0011543528987588286,0
2023-03-24T17:20:55Z,2023-03-24T17:21:00Z,5.4001689747148855e-06,0.0011625655372770006,0.0011571653683022857,0
2023-03-24T17:20:55Z,2023-03-24T17:21:00Z,2.781971943972665e-06,0.0011560665496885406,0.0011588485216325133,0
2023-03-24T17:21:55Z,2023-03-24T17:22:00Z,4.267196714459031e-06,0.0011659403282052137,0.0011616731314907547,0
2023-03-24T17:21:55Z,2023-03-24T17:22:00Z,2.5770040310184924e-06,0.0011661854491754004,0.0011636084451443819,0
2023-03-24T17:21:55Z,2023-03-24T17:22:00Z,9.99238341041161e-06,0.0011551545477345995,0.001165146931145011,0
2023-03-24T17:21:55Z,2023-03-24T17:22:00Z,1.5040980570534077e-05,0.0011503969698956915,0.0011654379504662255,0
2023-03-24T17:21:55Z,2023-03-24T17:22:00Z,4.412830050755639e-06,0.0011611634903027775,0.0011655763203535332,0
2023-03-24T17:21:55Z,2023-03-24T17:22:00Z,6.326595348678417e-06,0.0011716600870921188,0.0011653334917434404,0
2023-03-24T17:21:55Z,2023-03-24T17:22:00Z,9.97677907277469e-06,0.0011742926431892642,0.0011643158641164895,0
2023-03-24T17:21:55Z,2023-03-24T17:22:00Z,4.910280721050469e-06,0.0011685180623623155,0.001163607781641265,0
2023-03-24T17:21:55Z,2023-03-24T17:22:00Z,1.0596806739234096e-05,0.0011737995705410217,0.0011632027638017876,0
2023-03-24T17:21:55Z,2023-03-24T17:22:00Z,3.1129079644112885e-05,0.0011943234461364051,0.0011631943664922922,0
2023-03-24T17:21:55Z,2023-03-24T17:22:00Z,3.355849692530141e-05,0.0011978762667439957,0.0011643177698186943,0
2023-03-24T17:21:55Z,2023-03-24T17:22:00Z,2.965256254741969e-05,0.0011977960220109004,0.0011681434594634807,0
2023-03-24T17:22:55Z,2023-03-24T17:23:00Z,1.7418204692972155e-05,0.001188755258010331,0.001171337053317359,0
2023-03-24T17:22:55Z,2023-03-24T17:23:00Z,2.1095344042874973e-05,0.001195593454643784,0.001174498110600909,0
2023-03-24T17:22:55Z,2023-03-24T17:23:00Z,1.1350455596351042e-05,0.0011892086372248334,0.0011778581816284824,0
2023-03-24T17:22:55Z,2023-03-24T17:23:00Z,1.082237697398172e-05,0.0011932002070772732,0.0011823778301032915,0
2023-03-24T17:22:55Z,2023-03-24T17:23:00Z,1.282264055581261e-05,0.0011980049853513098,0.0011851823447954972,0
2023-03-24T17:22:55Z,2023-03-24T17:23:00Z,8.800476659542996e-06,0.0011961368334535553,0.0011873363567940123,0
2023-03-24T17:22:55Z,2023-03-24T17:23:00Z,1.1453424649751154e-05,0.0012011610156599682,0.001189707591010217,0
2023-03-24T17:22:55Z,2023-03-24T17:23:00Z,1.8598257937750464e-06,0.0011906096423255658,0.0011924694681193409,0
2023-03-24T17:22:55Z,2023-03-24T17:23:00Z,1.1021691353336072e-05,0.0011841839212778996,0.0011952056126312356,0
2023-03-24T17:22:55Z,2023-03-24T17:23:00Z,2.8946642685210786e-05,0.0011658875895649407,0.0011948342322501515,0
2023-03-24T17:22:55Z,2023-03-24T17:23:00Z,2.766390041402029e-05,0.0011658010972895219,0.0011934649977035422,0
2023-03-24T17:23:55Z,2023-03-24T17:24:00Z,3.2699847931969396e-05,0.0011575743065269765,0.001190274154458946,0
2023-03-24T17:23:55Z,2023-03-24T17:24:00Z,2.549770939454417e-05,0.001162481028992321,0.0011879787383868652,0
2023-03-24T17:23:55Z,2023-03-24T17:24:00Z,3.472063076234342e-05,0.001149456192812841,0.0011841768235751845,0
2023-03-24T17:23:55Z,2023-03-24T17:24:00Z,1.746277927679933e-05,0.0011640412834751338,0.001181504062751933,0
2023-03-24T17:23:55Z,2023-03-24T17:24:00Z,5.816240823754452e-06,0.0011713134205017354,0.0011771296613254899,0
2023-03-24T17:23:55Z,2023-03-24T17:24:00Z,1.927719208537782e-05,0.0011544560990524944,0.0011737332911378722,0
2023-03-24T17:23:55Z,2023-03-24T17:24:00Z,1.269812927315859e-05,0.001158552820569532,0.0011712509498426906,0
2023-03-24T17:23:55Z,2023-03-24T17:24:00Z,7.186118123366295e-06,0.0011593943400585768,0.001166580458181943,0
2023-03-24T17:23:55Z,2023-03-24T17:24:00Z,1.701051340616223e-06,0.001165075827346956,0.0011633747760063397,0
2023-03-24T17:23:55Z,2023-03-24T17:24:00Z,5.541152495255322e-06,0.0011664369703796628,0.0011608958178844074,0
2023-03-24T17:23:55Z,2023-03-24T17:24:00Z,7.2868849496970835e-06,0.0011681015266123058,0.0011608146416626087,0
2023-03-24T17:23:55Z,2023-03-24T17:24:00Z,1.432518238208961e-05,0.0011752034113537125,0.0011608782289716229,0
2023-03-24T17:23:55Z,2023-03-24T17:24:00Z,2.419473746208679e-05,0.0011861256884422426,0.0011619309509801558,0
2023-03-24T17:24:55Z,2023-03-24T17:25:00Z,2.371356417444942e-05,0.0011869167533907442,0.0011632031892162948,0
2023-03-24T17:24:55Z,2023-03-24T17:25:00Z,1.858784829513534e-05,0.0011854579870743706,0.0011668701387792353,0
2023-03-24T17:24:55Z,2023-03-24T17:25:00Z,3.752568695912506e-06,0.0011729102544667087,0.0011691576857707961,0
2023-03-24T17:24:55Z,2023-03-24T17:25:00Z,4.1946807337117035e-06,0.001166377461694348,0.0011705721424280597,0
2023-03-24T17:24:55Z,2023-03-24T17:25:00Z,7.90720481032986e-07,0.0011716268374884482,0.0011724175579694812,0
2023-03-24T17:24:55Z,2023-03-24T17:25:00Z,1.129771644835676e-05,0.001161902305633606,0.0011732000220819627,0
2023-03-24T17:24:55Z,2023-03-24T17:25:00Z,2.5118317556504285e-05,0.0011493049542684456,0.0011744232718249499,0
2023-03-24T17:24:55Z,2023-03-24T17:25:00Z,2.0725087215914696e-05,0.0011533808324377002,0.001174105919653615,0
2023-03-24T17:24:55Z,2023-03-24T17:25:00Z,1.5063516713648487e-05,0.0011573292013288448,0.0011723927180424933,0
2023-03-24T17:24:55Z,2023-03-24T17:25:00Z,1.2595647733045813e-05,0.001158325000891987,0.0011709206486250328,0
2023-03-24T17:24:55Z,2023-03-24T17:25:00Z,1.093452266355717e-05,0.0011581987049589886,0.0011691332276225457,0
2023-03-24T17:24:55Z,2023-03-24T17:25:00Z,1.660804800051067e-05,0.0011497451108670098,0.0011663531588675204,0
2023-03-24T17:25:55Z,2023-03-24T17:26:00Z,5.672267916291985e-06,0.0011578090861080526,0.0011634813540243446,0
2023-03-24T17:25:55Z,2023-03-24T17:26:00Z,1.6867986845092242e-05,0.0011430420795585162,0.0011599100664036084,0
2023-03-24T17:25:55Z,2023-03-24T17:26:00Z,9.601874997770344e-06,0.0011487980745699725,0.0011583999495677429,0
2023-03-24T17:25:55Z,2023-03-24T17:26:00Z,6.697107594815172e-06,0.0011493693037593448,0.00115606641135416,0
2023-03-24T17:25:55Z,2023-03-24T17:26:00Z,2.6690167111835007e-06,0.001156452551773496,0.0011537835350623124,0
2023-03-24T17:25:55Z,2023-03-24T17:26:00Z,3.706220216557251e-06,0.0011562364550914434,0.0011525302348748862,0
2023-03-24T17:25:55Z,2023-03-24T17:26:00Z,3.4412997782415876e-06,0.0011566862944036326,0.001153244994625391,0
2023-03-24T17:25:55Z,2023-03-24T17:26:00Z,6.384402385782584e-06,0.001147146154504983,0.0011535305568907655,0
2023-03-24T17:25:55Z,2023-03-24T17:26:00Z,4.48457458142597e-06,0.0011489816916168184,0.0011534662661982443,0
2023-03-24T17:25:55Z,2023-03-24T17:26:00Z,6.804702009889033e-07,0.001153028851760533,0.001152348381559544,0
2023-03-24T17:25:55Z,2023-03-24T17:26:00Z,8.053895421251088e-06,0.0011433727848040756,0.0011514266802253267,0
2023-03-24T17:25:55Z,2023-03-24T17:26:00Z,4.77915338632914e-06,0.0011469759009283499,0.001151755054314679,0
2023-03-24T17:26:55Z,2023-03-24T17:27:00Z,5.361196340575476e-06,0.001144950227843706,0.0011503114241842814,0
2023-03-24T17:26:55Z,2023-03-24T17:27:00Z,2.0088668660781612e-05,0.0011707934749820466,0.001150704806321265,0
2023-03-24T17:26:55Z,2023-03-24T17:27:00Z,3.58537353069737e-05,0.0011861737569556121,0.0011503200216486384,0
2023-03-24T17:26:55Z,2023-03-24T17:27:00Z,4.235676990613246e-05,0.0011948192086770409,0.0011524624387709084,0
2023-03-24T17:26:55Z,2023-03-24T17:27:00Z,4.693322984324522e-05,0.0012023677891323651,0.00115543455928912,0
2023-03-24T17:26:55Z,2023-03-24T17:27:00Z,4.5250108412868244e-05,0.001204542943060548,0.0011592928346476797,0
2023-03-24T17:26:55Z,2023-03-24T17:27:00Z,4.62993046731427e-05,0.0012101602887936956,0.001163860984120553,0
2023-03-24T17:26:55Z,2023-03-24T17:27:00Z,5.725853716746082e-05,0.0012268592001435704,0.0011696006629761096,0
2023-03-24T17:26:55Z,2023-03-24T17:27:00Z,5.766078388776846e-05,0.0012333793065815658,0.0011757185226937974,0
2023-03-24T17:26:55Z,2023-03-24T17:27:00Z,5.2649591083046106e-05,0.001235751148615147,0.001183101557532101,0
2023-03-24T17:26:55Z,2023-03-24T17:27:00Z,6.529402366619252e-05,0.0012573962333760427,0.0011921022097098502,0
2023-03-24T17:26:55Z,2023-03-24T17:27:00Z,5.737393453351903e-05,0.0012583536690120487,0.0012009797344785297,0
2023-03-24T17:27:55Z,2023-03-24T17:28:00Z,5.1800744344877685e-05,0.0012640250793766411,0.0012122243350317634,0
2023-03-24T17:27:55Z,2023-03-24T17:28:00Z,3.75820932413738e-05,0.0012585624476761377,0.0012209803544347639,0
2023-03-24T17:27:55Z,2023-03-24T17:28:00Z,2.835543540245073e-05,0.0012571209220793172,0.0012287654866768665,0
2023-03-24T17:27:55Z,2023-03-24T17:28:00Z,3.1814539192671215e-05,0.0012669543497694472,0.001235139810576776,0
2023-03-24T17:27:55Z,2023-03-24T17:28:00Z,2.3148433481847818e-05,0.001263763557353319,0.0012406151238714713,0
2023-03-24T17:27:55Z,2023-03-24T17:28:00Z,1.2372802481531607e-05,0.0012592290670238931,0.0012468562645423615,0
2023-03-24T17:27:55Z,2023-03-24T17:28:00Z,8.003368295476064e-06,0.0012602199596937996,0.0012522165913983235,0
2023-03-24T17:27:55Z,2023-03-24T17:28:00Z,5.528691312908264e-06,0.0012499248867734478,0.001255453578086356,0
2023-03-24T17:27:55Z,2023-03-24T17:28:00Z,1.9245500085438754e-05,0.0012388921433121407,0.0012581376433975795,0
2023-03-24T17:27:55Z,2023-03-24T17:28:00Z,2.6961433378239587e-05,0.0012325935838351698,0.0012595550172134094,0
2023-03-24T17:27:55Z,2023-03-24T17:28:00Z,3.303824602915689e-05,0.0012246663621778623,0.0012577046082070192,0
2023-03-24T17:28:55Z,2023-03-24T17:29:00Z,2.472068950327283e-05,0.0012304079101860585,0.0012551285996893313,0
2023-03-24T17:28:55Z,2023-03-24T17:29:00Z,2.94468611503789e-05,0.0012217458668190744,0.0012511927279694533,0
2023-03-24T17:28:55Z,2023-03-24T17:29:00Z,2.2508705452784807e-05,0.0012258685687676605,0.0012483772742204453,0
2023-03-24T17:28:55Z,2023-03-24T17:29:00Z,2.441524901798859e-05,0.0012204245196764326,0.0012448397686944212,0
2023-03-24T17:28:55Z,2023-03-24T17:29:00Z,3.2566378287416514e-05,0.0012081648123068263,0.0012407311905942428,0
2023-03-24T17:28:55Z,2023-03-24T17:29:00Z,2.8548454544028053e-05,0.001207848832282526,0.001236397286826554,0
2023-03-24T17:28:55Z,2023-03-24T17:29:00Z,1.794756083532017e-05,0.0012133433005195272,0.0012312908613548474,0
2023-03-24T17:28:55Z,2023-03-24T17:29:00Z,1.8208573391922944e-06,0.0012242328912745275,0.0012260537486137198,0
2023-03-24T17:28:55Z,2023-03-24T17:29:00Z,1.507144761030252e-05,0.0012374670375986303,0.0012223955899883278,0
2023-03-24T17:28:55Z,2023-03-24T17:29:00Z,4.322696292496952e-05,0.001264156627709536,0.0012209296647845665,0
2023-03-24T17:28:55Z,2023-03-24T17:29:00Z,5.948811191096954e-05,0.0012809051220718818,0.0012214170101609123,0
2023-03-24T17:28:55Z,2023-03-24T17:29:00Z,7.244367090712494e-05,0.0012978097076212047,0.0012253660367140798,0
2023-03-24T17:28:55Z,2023-03-24T17:29:00Z,7.732312912113611e-05,0.0013077388870237983,0.0012304157579026622,0
2023-03-24T17:29:55Z,2023-03-24T17:30:00Z,5.52324219079373e-05,0.0012932545638908125,0.0012380221419828752,0
2023-03-24T17:29:55Z,2023-03-24T17:30:00Z,3.690562617330597e-05,0.001283114799981795,0.001246209173808489,0
2023-03-24T17:29:55Z,2023-03-24T17:30:00Z,2.2786383497038062e-05,0.0012762785617269651,0.001253492178229927,0
2023-03-24T17:29:55Z,2023-03-24T17:30:00Z,1.1871394585421299e-05,0.0012728585715828453,0.001260987176997424,0
2023-03-24T17:29:55Z,2023-03-24T17:30:00Z,7.771856641307535e-07,0.001267052964277737,0.0012678301499418677,0
2023-03-24T17:29:55Z,2023-03-24T17:30:00Z,1.8057251419687295e-05,0.0012557244256285124,0.0012737816770481997,0
2023-03-24T17:29:55Z,2023-03-24T17:30:00Z,3.6795641976044647e-05,0.0012412680423724758,0.0012780636843485204,0
2023-03-24T17:29:55Z,2023-03-24T17:30:00Z,6.256018992584428e-05,0.0012173292332256648,0.001279889423151509,0
2023-03-24T17:29:55Z,2023-03-24T17:30:00Z,6.867131384611616e-05,0.0012089292507716867,0.0012776005646178029,0
2023-03-24T17:29:55Z,2023-03-24T17:30:00Z,6.909176994889833e-05,0.0012021512057842827,0.001271242975733181,0
2023-03-24T17:29:55Z,2023-03-24T17:30:00Z,7.934725118447644e-05,0.0011830076788637528,0.0012623549300482292,0
2023-03-24T17:29:55Z,2023-03-24T17:30:00Z,8.577200794251537e-05,0.0011660241539817623,0.0012517961619242777,0
2023-03-24T17:30:55Z,2023-03-24T17:31:00Z,6.183585399129076e-05,0.001178935619430281,0.0012407714734215718,0
2023-03-24T17:30:55Z,2023-03-24T17:31:00Z,4.5379739364285196e-05,0.0011836826694572834,0.0012290624088215686,0
2023-03-24T17:30:55Z,2023-03-24T17:31:00Z,3.94875519589763e-05,0.001179840562632924,0.0012193281145919002,0
2023-03-24T17:30:55Z,2023-03-24T17:31:00Z,2.9437238613142912e-05,0.0011809732857662007,0.0012104105243793436,0
2023-03-24T17:30:55Z,2023-03-24T17:31:00Z,2.5838875152002765e-05,0.00117585040906286,0.0012016892842148627,0
2023-03-24T17:30:55Z,2023-03-24T17:31:00Z,1.2852200442181345e-05,0.0011813619697864503,0.0011942141702286316,0
2023-03-24T17:30:55Z,2023-03-24T17:31:00Z,2.7898693420284892e-06,0.0011848825375556412,0.0011876724068976697,0
2023-03-24T17:30:55Z,2023-03-24T17:31:00Z,3.7628649591418904e-06,0.0011878385455128902,0.0011840756805537483,0
2023-03-24T17:30:55Z,2023-03-24T17:31:00Z,3.3735381151575594e-06,0.0011782974711169862,0.0011816710092321437,0
2023-03-24T17:30:55Z,2023-03-24T17:31:00Z,4.299176239212386e-06,0.0011759405669657921,0.0011802397432050045,0
2023-03-24T17:30:55Z,2023-03-24T17:31:00Z,1.0717478139745393e-05,0.0011904862005700733,0.001179768722430328,0
2023-03-24T17:30:55Z,2023-03-24T17:31:00Z,1.0667796282887079e-05,0.0011914281600116181,0.001180760363728731,0
2023-03-24T17:31:55Z,2023-03-24T17:32:00Z,8.732814620300913e-07,0.00118104214038068,0.00118191542184271,1
2023-03-24T17:31:55Z,2023-03-24T17:32:00Z,5.508657135844426e-06,0.0011771813137622994,0.0011826899708981438,1
2023-03-24T17:31:55Z,2023-03-24T17:32:00Z,1.3669278225355306e-05,0.0011691408504475639,0.0011828101286729192,1
2023-03-24T17:31:55Z,2023-03-24T17:32:00Z,3.018926272127585e-05,0.0011522416687512534,0.0011824309314725293,1
2023-03-24T17:31:55Z,2023-03-24T17:32:00Z,4.29035047804162e-05,0.0011388564708305832,0.0011817599756109994,1
2023-03-24T17:31:55Z,2023-03-24T17:32:00Z,5.395402002728337e-05,0.0011248939254801965,0.0011788479455074798,1
2023-03-24T17:31:55Z,2023-03-24T17:32:00Z,3.757396422544358e-05,0.0011366713746095306,0.0011742453388349742,1
2023-03-24T17:31:55Z,2023-03-24T17:32:00Z,1.7613687624311314e-05,0.0011503371892073932,0.0011679508768317045,1
2023-03-24T17:31:55Z,2023-03-24T17:32:00Z,7.978725720977735e-07,0.0011645861397530568,0.001163788267180959,1
2023-03-24T17:31:55Z,2023-03-24T17:32:00Z,3.276271664225377e-06,0.0011645042010693446,0.0011612279294051192,1
2023-03-24T17:31:55Z,2023-03-24T17:32:00Z,1.8037541551071392e-05,0.001140600381772346,0.0011586379233234174,1
2023-03-24T17:32:55Z,2023-03-24T17:33:00Z,2.294162428523013e-05,0.00113300390314396,0.0011559455274291902,1
2023-03-24T17:32:55Z,2023-03-24T17:33:00Z,2.5633656913262885e-05,0.0011262676946550939,0.0011519013515683568,1
2023-03-24T17:32:55Z,2023-03-24T17:33:00Z,3.358500179038862e-05,0.0011138986087161342,0.0011474836105065229,1
2023-03-24T17:32:55Z,2023-03-24T17:33:00Z,3.156886274474353e-05,0.0011116274321825322,0.0011431962949272757,1
2023-03-24T17:32:55Z,2023-03-24T17:33:00Z,4.211966438182535e-05,0.0010972423245419385,0.0011393619889237638,1
2023-03-24T17:32:55Z,2023-03-24T17:33:00Z,4.378539001981393e-05,0.0010928536950391447,0.0011366390850589586,1
2023-03-24T17:32:55Z,2023-03-24T17:33:00Z,3.054683181078757e-05,0.0011033270931543454,0.001133873924965133,1
2023-03-24T17:32:55Z,2023-03-24T17:33:00Z,2.1904456230063384e-05,0.001107587700778031,0.0011294921570080944,1
2023-03-24T17:32:55Z,2023-03-24T17:33:00Z,1.5481410370808213e-05,0.0011093097370319816,0.0011247911474027898,1
2023-03-24T17:32:55Z,2023-03-24T17:33:00Z,4.770975868574178e-06,0.001114320327636713,0.001119091303505287,1
2023-03-24T17:32:55Z,2023-03-24T17:33:00Z,5.609472654710245e-06,0.001119181329756261,0.0011135718571015508,1
2023-03-24T17:32:55Z,2023-03-24T17:33:00Z,1.6524597859188337e-05,0.001127468449547176,0.0011109438516879876,1
2023-03-24T17:33:55Z,2023-03-24T17:34:00Z,2.714741499635579e-05,0.0011367090093455734,0.0011095615943492176,1
2023-03-24T17:33:55Z,2023-03-24T17:34:00Z,2.995408276847177e-05,0.0011396357526068978,0.001109681669838426,1
2023-03-24T17:33:55Z,2023-03-24T17:34:00Z,3.957295656826978e-05,0.0011515356664696394,0.0011119627099013697,1
2023-03-24T17:33:55Z,2023-03-24T17:34:00Z,5.219950791527034e-05,0.0011669630498590763,0.001114763541943806,1
2023-03-24T17:33:55Z,2023-03-24T17:34:00Z,6.256024457224518e-05,0.0011827531207088213,0.0011201928761365762,1
2023-03-24T17:33:55Z,2023-03-24T17:34:00Z,7.361823513092158e-05,0.0012012220467494908,0.0011276038116185693,1
2023-03-24T17:33:55Z,2023-03-24T17:34:00Z,7.293052420237261e-05,0.0012084769385763898,0.0011355464143740172,1
2023-03-24T17:33:55Z,2023-03-24T17:34:00Z,7.273525923659702e-05,0.0012176451082077603,0.0011449098489711633,1
2023-03-24T17:33:55Z,2023-03-24T17:34:00Z,6.18423851705182e-05,0.0012166689542961223,0.0011548265691256041,1
2023-03-24T17:33:55Z,2023-03-24T17:34:00Z,4.6423043759584144e-05,0.0012115820909422927,0.0011651590471827085,1
2023-03-24T17:33:55Z,2023-03-24T17:34:00Z,3.401815434779412e-05,0.0012089259639844888,0.0011749078096366947,1
2023-03-24T17:33:55Z,2023-03-24T17:34:00Z,2.9701791998201213e-05,0.0012130209657744075,0.0011833191737762063,1
2023-03-24T17:33:55Z,2023-03-24T17:34:00Z,3.1470450719250356e-05,0.0012220113199593486,0.0011905408692400982,1
2023-03-24T17:34:55Z,2023-03-24T17:35:00Z,9.201402795138737e-06,0.0012070807933519878,0.001197879390556849,1
2023-03-24T17:34:55Z,2023-03-24T17:35:00Z,1.303939046444838e-05,0.0011918875654413714,0.0012049269559058198,1
2023-03-24T17:34:55Z,2023-03-24T17:35:00Z,4.171521254238853e-05,0.0011672235177127223,0.0012089387302551108,1
2023-03-24T17:34:55Z,2023-03-24T17:35:00Z,5.641316355785623e-05,0.0011534390111705099,0.001209852174728366,1
2023-03-24T17:34:55Z,2023-03-24T17:35:00Z,7.076892177862296e-05,0.0011356834000460661,0.001206452321824689,1
2023-03-24T17:34:55Z,2023-03-24T17:35:00Z,8.616535968787283e-05,0.0011147831693962282,0.001200948529084101,1
2023-03-24T17:34:55Z,2023-03-24T17:35:00Z,8.696604046846165e-05,0.00110578631779947,0.0011927523582679316,1
2023-03-24T17:34:55Z,2023-03-24T17:35:00Z,8.122564956443879e-05,0.0011013381302135035,0.0011825637797779423,1
2023-03-24T17:34:55Z,2023-03-24T17:35:00Z,7.850122681646679e-05,0.0010934829756471932,0.00117198420246366,1
2023-03-24T17:34:55Z,2023-03-24T17:35:00Z,7.138198636398021e-05,0.0010898434327225814,0.0011612254190865616,1
2023-03-24T17:34:55Z,2023-03-24T17:35:00Z,5.731951134329877e-05,0.0010919521087305413,0.00114927162007384,1
2023-03-24T17:35:55Z,2023-03-24T17:36:00Z,4.7790246953627715e-05,0.0010882645843965355,0.0011360548313501632,1
2023-03-24T17:35:55Z,2023-03-24T17:36:00Z,3.278619372685133e-05,0.0010917557691611673,0.0011245419628880186,1
2023-03-24T17:35:55Z,2023-03-24T17:36:00Z,2.3685245282773545e-06,0.0011118111402552578,0.0011141796647835352,1
2023-03-24T17:35:55Z,2023-03-24T17:36:00Z,1.806823370512599e-05,0.0011247011236335054,0.0011066328899283794,1
2023-03-24T17:35:55Z,2023-03-24T17:36:00Z,1.6657158871496037e-05,0.0011191272617083504,0.0011024701028368544,1
2023-03-24T17:35:55Z,2023-03-24T17:36:00Z,1.0197158003419794e-05,0.0011115690331990182,0.0011013718751955984,1
2023-03-24T17:35:55Z,2023-03-24T17:36:00Z,7.189048769026254e-06,0.0011089953331958368,0.0011018062844268105,1
2023-03-24T17:35:55Z,2023-03-24T17:36:00Z,4.621223249125141e-06,0.0011070057792158905,0.0011023845559667653,1
2023-03-24T17:35:55Z,2023-03-24T17:36:00Z,1.5579773676452705e-05,0.0011187300499414517,0.001103150276264999,1
2023-03-24T17:35:55Z,2023-03-24T17:36:00Z,2.1205877244934298e-05,0.0011257084338668027,0.0011045025566218684,1
2023-03-24T17:35:55Z,2023-03-24T17:36:00Z,3.3880431440821025e-05,0.0011412716497845765,0.0011073912183437555,1
2023-03-24T17:35:55Z,2023-03-24T17:36:00Z,2.9286930478772052e-05,0.0011400537813361536,0.0011107668508573815,1
2023-03-24T17:35:55Z,2023-03-24T17:36:00Z,1.5200503854858162e-05,0.001131268061251044,0.0011160675573961857,1
2023-03-24T17:36:55Z,2023-03-24T17:37:00Z,2.542787296064839e-06,0.0011183545713176195,0.0011208973586136844,1
2023-03-24T17:36:55Z,2023-03-24T17:37:00Z,5.316185658277815e-06,0.001117526865054985,0.001122843050713263,1
2023-03-24T17:36:55Z,2023-03-24T17:37:00Z,3.0032644912033647e-06,0.001119205130990471,0.0011222083954816743,1
2023-03-24T17:36:55Z,2023-03-24T17:37:00Z,1.1684164946523107e-06,0.0011208799393216855,0.0011220483558163378,1
2023-03-24T17:36:55Z,2023-03-24T17:37:00Z,3.907343810217968e-06,0.001126719309405701,0.001122811965595483,1
2023-03-24T17:36:55Z,2023-03-24T17:37:00Z,1.3711974304175117e-06,0.0011226292287776502,0.0011240004262080678,1
2023-03-24T17:36:55Z,2023-03-24T17:37:00Z,3.082876032609906e-06,0.0011290546552596586,0.0011259717792270487,1
2023-03-24T17:36:55Z,2023-03-24T17:37:00Z,1.5224971912336082e-06,0.0011278841943019025,0.0011263616971106689,1
2023-03-24T17:36:55Z,2023-03-24T17:37:00Z,1.286134713767372e-05,0.001139557666387628,0.0011266963192499543,1
2023-03-24T17:36:55Z,2023-03-24T17:37:00Z,7.449961772931996e-06,0.0011328075354746189,0.0011253575737016869,1
2023-03-24T17:36:55Z,2023-03-24T17:37:00Z,1.0238649781460496e-05,0.001135546611988295,0.0011253079622068345,1
2023-03-24T17:37:55Z,2023-03-24T17:38:00Z,2.4807154951696827e-05,0.001150269064580889,0.0011254619096291922,1
2023-03-24T17:37:55Z,2023-03-24T17:38:00Z,4.363202545244228e-05,0.0011708131391487016,0.0011271811136962593,1
2023-03-24T17:37:55Z,2023-03-24T17:38:00Z,2.8376380491597743e-05,0.0011588317141404477,0.00113045533364885,1
2023-03-24T17:37:55Z,2023-03-24T17:38:00Z,1.969844944396692e-05,0.00115531458390864,0.001135616134464673,1
2023-03-24T17:37:55Z,2023-03-24T17:38:00Z,1.830735166009228e-05,0.0011577186636066413,0.001139411311946549,1
2023-03-24T17:37:55Z,2023-03-24T17:38:00Z,1.6484492634833087e-05,0.001158755332031676,0.001142270839396843,1
2023-03-24T17:37:55Z,2023-03-24T17:38:00Z,1.3328363609362839e-05,0.001159108146489105,0.0011457797828797421,1
2023-03-24T17:37:55Z,2023-03-24T17:38:00Z,2.0556029748675228e-05,0.001169305880305619,0.0011487498505569438,1
2023-03-24T17:37:55Z,2023-03-24T17:38:00Z,2.7956733622472437e-05,0.0011798289793981365,0.0011518722457756641,1
2023-03-24T17:37:55Z,2023-03-24T17:38:00Z,2.6313839709322506e-05,0.0011811609068767858,0.0011548470671674633,1
2023-03-24T17:37:55Z,2023-03-24T17:38:00Z,2.8128308920501036e-05,0.001187677520480316,0.001159549211559815,1
2023-03-24T17:37:55Z,2023-03-24T17:38:00Z,1.1502157471033215e-05,0.0011756127985196976,0.0011641106410486643,1
2023-03-24T17:37:55Z,2023-03-24T17:38:00Z,2.2334008144915454e-06,0.0011700848874530983,0.0011678514866386067,1
2023-03-24T17:38:55Z,2023-03-24T17:39:00Z,8.966416186110973e-06,0.0011772978687618174,0.0011683314525757064,1
2023-03-24T17:38:55Z,2023-03-24T17:39:00Z,3.094460342313501e-05,0.0012004013733301064,0.0011694567699069714,1
2023-03-24T17:38:55Z,2023-03-24T17:39:00Z,3.837037197022678e-05,0.001210025470362516,0.0011716550983922893,1
2023-03-24T17:38:55Z,2023-03-24T17:39:00Z,3.6448586579826284e-05,0.001212371955944462,0.0011759233693646356,1
2023-03-24T17:38:55Z,2023-03-24T17:39:00Z,3.63139658441623e-05,0.0012173643490418823,0.00118105038319772,1
2023-03-24T17:38:55Z,2023-03-24T17:39:00Z,3.365301596448497e-05,0.0012200297801077406,0.0011863767641432557,1
2023-03-24T17:38:55Z,2023-03-24T17:39:00Z,1.9396824110971605e-05,0.0012105794351278537,0.001191182611016882,1
2023-03-24T17:38:55Z,2023-03-24T17:39:00Z,5.565693366012085e-06,0.0012007683844538542,0.0011952026910878421,1
2023-03-24T17:38:55Z,2023-03-24T17:39:00Z,5.847551619273927e-06,0.0012039920955322228,0.001198144543912949,1
2023-03-24T17:38:55Z,2023-03-24T17:39:00Z,1.0329369276254434e-05,0.0011891242610340485,0.001199453630310303,1
2023-03-24T17:38:55Z,2023-03-24T17:39:00Z,4.292348148744133e-06,0.0012065839081602994,0.0012022915600115552,1
2023-03-24T17:38:55Z,2023-03-24T17:39:00Z,5.666327024765648e-06,0.001198529170344885,0.0012041954973696506,1
2023-03-24T17:39:55Z,2023-03-24T17:40:00Z,1.476060094194329e-05,0.0011923635003675552,0.0012071241013094985,1
2023-03-24T17:39:55Z,2023-03-24T17:40:00Z,2.7151953791137648e-05,0.0011797849272198388,0.0012069368810109764,1
2023-03-24T17:39:55Z,2023-03-24T17:40:00Z,2.464815920331996e-05,0.0011805225248081603,0.0012051706840114803,1
2023-03-24T17:39:55Z,2023-03-24T17:40:00Z,1.751058827592286e-05,0.0011844013928630952,0.001201911981139018,1
2023-03-24T17:39:55Z,2023-03-24T17:40:00Z,2.0878371119663428e-05,0.0011773494275959823,0.0011982277987156458,1
2023-03-24T17:39:55Z,2023-03-24T17:40:00Z,1.6961542098831552e-05,0.0011777034178923498,0.0011946649599911814,1
2023-03-24T17:39:55Z,2023-03-24T17:40:00Z,7.553159029280183e-06,0.0011837888002087138,0.001191341959237994,1
2023-03-24T17:39:55Z,2023-03-24T17:40:00Z,1.1365055324108085e-05,0.0012004005179059518,0.0011890354625818437,1
2023-03-24T17:39:55Z,2023-03-24T17:40:00Z,1.9784735002396523e-05,0.0012067998680518892,0.0011870151330494927,1
2023-03-24T17:39:55Z,2023-03-24T17:40:00Z,3.182324912155872e-05,0.001219966007858242,0.0011881427587366832,1
2023-03-24T17:39:55Z,2023-03-24T17:40:00Z,2.114175668980491e-05,0.001209306111415647,0.001188164354725842,1
2023-03-24T17:39:55Z,2023-03-24T17:40:00Z,1.3345997681940645e-05,0.0012036540361591184,0.0011903080384771778,1
2023-03-24T17:40:55Z,2023-03-24T17:41:00Z,7.868817475522889e-06,0.0011998711170575099,0.001192002299581987,1
2023-03-24T17:40:55Z,2023-03-24T17:41:00Z,1.2962413762566353e-05,0.0012073516242384814,0.001194389210475915,1
2023-03-24T17:40:55Z,2023-03-24T17:41:00Z,6.021889900238936e-06,0.001202345959601089,0.00119632406970085,1
2023-03-24T17:40:55Z,2023-03-24T17:41:00Z,1.3768057429392778e-05,0.0011848510354089956,0.0011986190928383884,1
2023-03-24T17:40:55Z,2023-03-24T17:41:00Z,1.827375778911864e-05,0.0011828449882497806,0.0012011187460388992,1
2023-03-24T17:40:55Z,2023-03-24T17:41:00Z,1.361265078876758e-05,0.0011882208570017962,0.0012018335077905637,1
2023-03-24T17:40:55Z,2023-03-24T17:41:00Z,2.140475493547008e-05,0.0011803343716592005,0.0012017391265946706,1
2023-03-24T17:40:55Z,2023-03-24T17:41:00Z,3.837844205021863e-05,0.0011621427184540364,0.001200521160504255,1
2023-03-24T17:40:55Z,2023-03-24T17:41:00Z,5.848154852901213e-05,0.0011393930623359739,0.001197874610864986,1
2023-03-24T17:40:55Z,2023-03-24T17:41:00Z,5.057342509680947e-05,0.0011415188568277559,0.0011920922819245654,1
2023-03-24T17:40:55Z,2023-03-24T17:41:00Z,4.1975934131188285e-05,0.0011431250428854097,0.001185100977016598,1
2023-03-24T17:40:55Z,2023-03-24T17:41:00Z,2.8438200205470245e-05,0.0011504492588779917,0.001178887459083462,1
2023-03-24T17:41:55Z,2023-03-24T17:42:00Z,2.0171559191778854e-05,0.001153041292474473,0.001173212851666252,1
2023-03-24T17:41:55Z,2023-03-24T17:42:00Z,8.49966225922828e-06,0.0011590229528709746,0.001167522615130203,1
2023-03-24T17:41:55Z,2023-03-24T17:42:00Z,1.0224567630832612e-05,0.0011523675807867087,0.0011625921484175413,1
2023-03-24T17:41:55Z,2023-03-24T17:42:00Z,5.1685870456298286e-06,0.0011548407531181092,0.001160009340163739,1
2023-03-24T17:41:55Z,2023-03-24T17:42:00Z,1.7607410177861507e-06,0.0011552008583996457,0.001156961599417432,1
2023-03-24T17:41:55Z,2023-03-24T17:42:00Z,8.313426283107148e-06,0.0011453101627459561,0.0011536235890290633,1
2023-03-24T17:41:55Z,2023-03-24T17:42:00Z,7.459166378841501e-06,0.0011436510713242662,0.0011511102377031077,1
2023-03-24T17:41:55Z,2023-03-24T17:42:00Z,2.987757786749451e-07,0.0011491282063536249,0.0011494269821322998,1
2023-03-24T17:41:55Z,2023-03-24T17:42:00Z,2.3015562743556976e-07,0.0011500829386585645,0.001149852783031129,1
2023-03-24T17:41:55Z,2023-03-24T17:42:00Z,2.5571786351946723e-05,0.0011250419316317694,0.001150613717983716,1
2023-03-24T17:41:55Z,2023-03-24T17:42:00Z,3.3757304741360546e-05,0.001117552202819671,0.0011513095075610315,1
2023-03-24T17:41:55Z,2023-03-24T17:42:00Z,2.2015657148257047e-05,0.0011267531176881523,0.0011487687748364093,1
2023-03-24T17:42:55Z,2023-03-24T17:43:00Z,2.9500554946341063e-05,0.0011157193109245878,0.0011452198658709288,1
2023-03-24T17:42:55Z,2023-03-24T17:43:00Z,3.751626815833367e-05,0.001104476614194313,0.0011419928823526468,1
2023-03-24T17:42:55Z,2023-03-24T17:43:00Z,3.6474568989202424e-05,0.0011018534863772324,0.0011383280553664348,1
2023-03-24T17:42:55Z,2023-03-24T17:43:00Z,3.351277835456231e-05,0.0010997788631194928,0.0011332916414740551,1
2023-03-24T17:42:55Z,2023-03-24T17:43:00Z,2.084893858090198e-05,0.0011071079656909115,0.0011279569042718135,1
2023-03-24T17:42:55Z,2023-03-24T17:43:00Z,3.322683735836008e-05,0.0010901769369508073,0.0011234037743091674,1
2023-03-24T17:42:55Z,2023-03-24T17:43:00Z,3.122733471820193e-05,0.00108852212902763,0.0011197494637458318,1
2023-03-24T17:42:55Z,2023-03-24T17:43:00Z,2.5516550825488904e-05,0.0010883377859800612,0.00111385433680555,1
2023-03-24T17:42:55Z,2023-03-24T17:43:00Z,1.395474236987309e-05,0.0010937435134725836,0.0011076982558424567,1
2023-03-24T17:42:55Z,2023-03-24T17:43:00Z,3.2436538864404323e-06,0.0011007841873908455,0.001104027841277286,1
2023-03-24T17:42:55Z,2023-03-24T17:43:00Z,1.9057775965917447e-05,0.0011207047483084945,0.001101646972342577,1
2023-03-24T17:42:55Z,2023-03-24T17:43:00Z,1.5670607910641277e-05,0.0011147206872234878,0.0010990500793128465,1
2023-03-24T17:43:55Z,2023-03-24T17:44:00Z,4.667242845655993e-06,0.0011042158658968932,0.0010995486230512372,1
2023-03-24T17:43:55Z,2023-03-24T17:44:00Z,1.3571336742857973e-05,0.0011141443670970126,0.0011005730303541546,1
2023-03-24T17:43:55Z,2023-03-24T17:44:00Z,1.8428756748197113e-05,0.0011192380250543176,0.0011008092683061205,1
2023-03-24T17:43:55Z,2023-03-24T17:44:00Z,1.6277879808904855e-05,0.0011185236985127775,0.0011022458187038727,1
2023-03-24T17:43:55Z,2023-03-24T17:44:00Z,3.677031733852849e-06,0.001107135856374066,0.0011034588246402132,1
2023-03-24T17:43:55Z,2023-03-24T17:44:00Z,1.2794834341742396e-05,0.0011190883351381528,0.0011062935007964104,1
2023-03-24T17:43:55Z,2023-03-24T17:44:00Z,1.460141712445167e-06,0.0011066947318186086,0.0011081548735310538,1
2023-03-24T17:43:55Z,2023-03-24T17:44:00Z,1.689332747921153e-05,0.0010943366009676515,0.001111229928446863,1
2023-03-24T17:43:55Z,2023-03-24T17:44:00Z,3.3245505620361875e-05,0.0010792795446611038,0.0011125250502814657,1
2023-03-24T17:43:55Z,2023-03-24T17:44:00Z,4.11288749933359e-05,0.0010707514166458105,0.0011118802916391464,1
2023-03-24T17:43:55Z,2023-03-24T17:44:00Z,5.337295731988644e-05,0.0010543648139545207,0.001107737771274407,1
2023-03-24T17:44:55Z,2023-03-24T17:45:00Z,4.588730349596088e-05,0.0010574535407206784,0.0011033408442166393,1
2023-03-24T17:44:55Z,2023-03-24T17:45:00Z,4.278288086283612e-05,0.001055572858159566,0.0010983557390224022,1
2023-03-24T17:44:55Z,2023-03-24T17:45:00Z,6.449669674969596e-05,0.001028189959635073,0.0010926866563847689,1
2023-03-24T17:44:55Z,2023-03-24T17:45:00Z,7.558510185605785e-05,0.0010107350378392357,0.0010863201396952935,1
2023-03-24T17:44:55Z,2023-03-24T17:45:00Z,7.217957456138384e-05,0.0010051071912461392,0.001077286765807523,1
2023-03-24T17:44:55Z,2023-03-24T17:45:00Z,6.786230858549344e-05,0.0009997843753685467,0.00106764668395404,1
2023-03-24T17:44:55Z,2023-03-24T17:45:00Z,6.537174928631685e-05,0.0009908768202785217,0.0010562485695648385,1
2023-03-24T17:44:55Z,2023-03-24T17:45:00Z,6.40963039363117e-05,0.0009814612299835208,0.0010455575339198325,1
2023-03-24T17:44:55Z,2023-03-24T17:45:00Z,7.217458938362843e-05,0.0009630369664672912,0.0010352115558509196,1
2023-03-24T17:44:55Z,2023-03-24T17:45:00Z,7.942707034595136e-05,0.00094600265403721,0.0010254297243831613,1
2023-03-24T17:44:55Z,2023-03-24T17:45:00Z,8.533227354575834e-05,0.0009293260058195509,0.0010146582793653092,1
2023-03-24T17:44:55Z,2023-03-24T17:45:00Z,0.0001031985120835239,0.0009006235512900543,0.0010038220633735782,1
2023-03-24T17:45:55Z,2023-03-24T17:46:00Z,0.00014635497792268328,0.0008446543319607823,0.0009910093098834656,1
2023-03-24T17:45:55Z,2023-03-24T17:46:00Z,0.0001822155941885058,0.0007932987850080086,0.0009755143791965144,1
2023-03-24T17:45:55Z,2023-03-24T17:46:00Z,0.0002070680593984802,0.0007500927570306052,0.0009571608164290854,1
2023-03-24T17:45:55Z,2023-03-24T17:46:00Z,0.00021284754037060173,0.0007225696507753607,0.0009354171911459625,1
2023-03-24T17:45:55Z,2023-03-24T17:46:00Z,0.00022908366780088614,0.000680832079923523,0.0009099157477244092,1
2023-03-24T17:45:55Z,2023-03-24T17:46:00Z,0.00022075289810570694,0.0006614413771593835,0.0008821942752650904,1
2023-03-24T17:45:55Z,2023-03-24T17:46:00Z,0.00018252929909859535,0.0006686605021309954,0.0008511898012295907,1
2023-03-24T17:45:55Z,2023-03-24T17:46:00Z,0.00013279959846106268,0.0006863882174861144,0.0008191878159471771,1
2023-03-24T17:45:55Z,2023-03-24T17:46:00Z,6.951774575791696e-05,0.0007202324237556303,0.0007897501695135473,1
2023-03-24T17:45:55Z,2023-03-24T17:46:00Z,1.4409950348789522e-05,0.0007493787755096483,0.0007637887258584379,1
2023-03-24T17:45:55Z,2023-03-24T17:46:00Z,4.086300588127315e-05,0.0007837423735333189,0.0007428793676520457,1
2023-03-24T17:45:55Z,2023-03-24T17:46:00Z,9.506718987891392e-05,0.0008228220799529191,0.0007277548900740052,1
2023-03-24T17:46:55Z,2023-03-24T17:47:00Z,0.000170142726437651,0.00089180642066891,0.000721663694231259,0
2023-03-24T17:46:55Z,2023-03-24T17:47:00Z,0.00027219660082250887,0.0009968126245482587,0.0007246160237257499,0
2023-03-24T17:46:55Z,2023-03-24T17:47:00Z,0.0003696118518564332,0.0011083992419460135,0.0007387873900895803,0
2023-03-24T17:46:55Z,2023-03-24T17:47:00Z,0.0004612710494024388,0.0012274827368693089,0.00076621168746687,0
2023-03-24T17:46:55Z,2023-03-24T17:47:00Z,0.000539309105739078,0.0013482775094081972,0.0008089684036691192,0
2023-03-24T17:46:55Z,2023-03-24T17:47:00Z,0.0004984688405116079,0.0013640413801517196,0.0008655725396401118,0
2023-03-24T17:46:55Z,2023-03-24T17:47:00Z,0.0004125300634193528,0.0013460643037871848,0.0009335342403678319,0
2023-03-24T17:46:55Z,2023-03-24T17:47:00Z,0.00034285459565897144,0.0013441541522933639,0.0010012995566343924,0
2023-03-24T17:46:55Z,2023-03-24T17:47:00Z,0.00029096657082877024,0.001354849315466318,0.0010638827446375477,0
2023-03-24T17:46:55Z,2023-03-24T17:47:00Z,0.00023285298998630298,0.0013562132723022224,0.0011233602823159195,0
2023-03-24T17:46:55Z,2023-03-24T17:47:00Z,0.00017830702666978785,0.0013587780031790071,0.0011804709765092193,0
2023-03-24T17:46:55Z,2023-03-24T17:47:00Z,0.0001261645168735264,0.0013599746126176761,0.0012338100957441497,0
2023-03-24T17:47:55Z,2023-03-24T17:48:00Z,7.570820697686345e-05,0.001356215460972023,0.0012805072539951595,0
2023-03-24T17:47:55Z,2023-03-24T17:48:00Z,5.407515088921692e-05,0.0013708986036913178,0.0013168234528021009,0
2023-03-24T17:47:55Z,2023-03-24T17:48:00Z,4.9459474953297356e-05,0.0013910645496579995,0.0013416050747047021,0
2023-03-24T17:47:55Z,2023-03-24T17:48:00Z,3.093293121198405e-05,0.0013868795925988872,0.0013559466613869032,0
2023-03-24T17:47:55Z,2023-03-24T17:48:00Z,2.2792616085887596e-05,0.0013830179814977707,0.001360225365411883,0
2023-03-24T17:47:55Z,2023-03-24T17:48:00Z,1.6525715164313927e-05,0.0013790349018209139,0.0013625091866566,0
2023-03-24T17:47:55Z,2023-03-24T17:48:00Z,3.735052048521722e-05,0.0014035550749128757,0.0013662045544276585,0
2023-03-24T17:47:55Z,2023-03-24T17:48:00Z,3.311446907502762e-05,0.0014028070984554413,0.0013696926293804137,0
2023-03-24T17:47:55Z,2023-03-24T17:48:00Z,2.776689008652318e-05,0.0014023300954115925,0.0013745632053250693,0
2023-03-24T17:47:55Z,2023-03-24T17:48:00Z,8.65058205505218e-06,0.0013878731699954435,0.0013792225879403913,0
2023-03-24T17:47:55Z,2023-03-24T17:48:00Z,5.376931772819787e-06,0.0013782008653908297,0.0013835777971636495,0
2023-03-24T17:47:55Z,2023-03-24T17:48:00Z,1.551429107530069e-05,0.0013708533618261257,0.0013863676529014264,0
2023-03-24T17:47:55Z,2023-03-24T17:48:00Z,2.694762971101319e-05,0.0013616185636322938,0.001388566193343307,0
2023-03-24T17:48:55Z,2023-03-24T17:49:00Z,3.667019486128069e-05,0.0013518914742955074,0.001388561669156788,0
2023-03-24T17:48:55Z,2023-03-24T17:49:00Z,2.2580185805984006e-05,0.0013630368847482334,0.0013856170705542174,0
2023-03-24T17:48:55Z,2023-03-24T17:49:00Z,1.1812298881579142e-05,0.0013703059598423003,0.0013821182587238794,0
2023-03-24T17:48:55Z,2023-03-24T17:49:00Z,2.8804999663824705e-05,0.0013513151493851007,0.0013801201490489254,0
2023-03-24T17:48:55Z,2023-03-24T17:49:00Z,4.3855049151013317e-05,0.0013353922057000509,0.0013792472548510642,0
2023-03-24T17:48:55Z,2023-03-24T17:49:00Z,4.499562234687969e-05,0.001329027639951407,0.0013740232622982866,0
2023-03-24T17:48:55Z,2023-03-24T17:49:00Z,4.0847399210516095e-05,0.0013264343738122314,0.0013672817730227475,0
2023-03-24T17:48:55Z,2023-03-24T17:49:00Z,4.604579457696302e-05,0.0013139057328997662,0.0013599515274767293,0
2023-03-24T17:48:55Z,2023-03-24T17:49:00Z,2.9116441859856684e-05,0.0013246912059985514,0.001353807647858408,0
2023-03-24T17:48:55Z,2023-03-24T17:49:00Z,1.0641110862969014e-05,0.0013367370237463325,0.0013473781346093016,0
2023-03-24T17:48:55Z,2023-03-24T17:49:00Z,6.324253788113614e-07,0.0013421294936477328,0.0013427619190265441,0
2023-03-24T17:48:55Z,2023-03-24T17:49:00Z,6.182239378307083e-06,0.0013464560044162551,0.001340273765037948,0
2023-03-24T17:49:55Z,2023-03-24T17:50:00Z,1.1468361259945508e-05,0.0013278292057132253,0.0013392975669731708,0
2023-03-24T17:49:55Z,2023-03-24T17:50:00Z,2.3357801342319866e-05,0.001314281677597653,0.0013376394789399728,0
2023-03-24T17:49:55Z,2023-03-24T17:50:00Z,3.9072127555795375e-05,0.00129431967597127,0.0013333918035270654,0
2023-03-24T17:49:55Z,2023-03-24T17:50:00Z,3.473870103900731e-05,0.0012949497553093132,0.0013296884563483206,0
2023-03-24T17:49:55Z,2023-03-24T17:50:00Z,2.793334387350406e-05,0.0012976478595019385,0.0013255812033754425,0
2023-03-24T17:49:55Z,2023-03-24T17:50:00Z,3.899097193212574e-05,0.0012831824429791073,0.001322173414911233,0
2023-03-24T17:49:55Z,2023-03-24T17:50:00Z,4.640683741804932e-05,0.0012728879260621544,0.0013192947634802037,0
2023-03-24T17:49:55Z,2023-03-24T17:50:00Z,4.2886698930634515e-05,0.0012733357355575036,0.001316222434488138,0
2023-03-24T17:49:55Z,2023-03-24T17:50:00Z,4.309281549987076e-05,0.0012679492909946275,0.0013110421064944982,0
2023-03-24T17:49:55Z,2023-03-24T17:50:00Z,3.027436961683676e-05,0.0012744276080587785,0.0013047019776756153,0
2023-03-24T17:49:55Z,2023-03-24T17:50:00Z,1.7675081050009568e-05,0.0012796088763602953,0.0012972839574103049,0
2023-03-24T17:49:55Z,2023-03-24T17:50:00Z,1.7018286282691067e-05,0.001273062831491866,0.001290081117774557,0
2023-03-24T17:50:55Z,2023-03-24T17:51:00Z,9.144445851808807e-06,0.0012761146389874552,0.001285259084839264,0
2023-03-24T17:50:55Z,2023-03-24T17:51:00Z,2.9988337459496e-06,0.0012781383664827357,0.0012811372002286853,0
2023-03-24T17:50:55Z,2023-03-24T17:51:00Z,5.0395938933113504e-06,0.0012843562904236154,0.001279316696530304,0
2023-03-24T17:50:55Z,2023-03-24T17:51:00Z,1.3982914801349096e-05,0.0012916184724489953,0.0012776355576476462,0
2023-03-24T17:50:55Z,2023-03-24T17:51:00Z,8.493045176266633e-06,0.0012847994459160806,0.001276306400739814,0
2023-03-24T17:50:55Z,2023-03-24T17:51:00Z,5.315323521465354e-07,0.0012776815360389493,0.0012771500036868027,0
2023-03-24T17:50:55Z,2023-03-24T17:51:00Z,1.167419606259274e-05,0.0012900153517347883,0.0012783411556721955,0
2023-03-24T17:50:55Z,2023-03-24T17:51:00Z,1.2769772624507273e-05,0.0012915455083448472,0.00127877573572034,0
2023-03-24T17:50:55Z,2023-03-24T17:51:00Z,1.7750281474566715e-06,0.0012827573699418127,0.001280982341794356,0
2023-03-24T17:50:55Z,2023-03-24T17:51:00Z,3.485618095344341e-06,0.0012792085137276184,0.0012826941318229627,0
2023-03-24T17:50:55Z,2023-03-24T17:51:00Z,1.6719033851878007e-05,0.0012662899473292366,0.0012830089811811146,0
2023-03-24T17:50:55Z,2023-03-24T17:51:00Z,1.869004861953182e-05,0.001264933500785158,0.0012836235494046897,0
2023-03-24T17:51:55Z,2023-03-24T17:52:00Z,8.119843431379e-06,0.0012745212368074888,0.0012826410802388678,0
2023-03-24T17:51:55Z,2023-03-24T17:52:00Z,5.59852875103308e-06,0.001275722064918077,0.00128132059366911,0
2023-03-24T17:51:55Z,2023-03-24T17:52:00Z,3.2984454117817794e-07,0.0012800072437663193,0.0012803370883074975,0
2023-03-24T17:51:55Z,2023-03-24T17:52:00Z,7.884377901386935e-06,0.0012866318254557926,0.0012787474475544056,0
2023-03-24T17:51:55Z,2023-03-24T17:52:00Z,2.2733374954330646e-05,0.0013010016022937604,0.0012782682273394298,0
2023-03-24T17:51:55Z,2023-03-24T17:52:00Z,2.3950677033955387e-05,0.0013031139333150692,0.0012791632562811138,0
2023-03-24T17:51:55Z,2023-03-24T17:52:00Z,2.5180305518654293e-05,0.0013054421868556655,0.0012802618813370112,0
2023-03-24T17:51:55Z,2023-03-24T17:52:00Z,4.862215734530704e-05,0.0013300408811793402,0.0012814187238340332,0
2023-03-24T17:51:55Z,2023-03-24T17:52:00Z,4.4500610734212387e-05,0.0013281878162596308,0.0012836872055254185,0
2023-03-24T17:51:55Z,2023-03-24T17:52:00Z,3.871505705597142e-05,0.0013274854993265623,0.0012887704422705909,0
2023-03-24T17:51:55Z,2023-03-24T17:52:00Z,6.214588249361377e-05,0.0013571061116572438,0.00129496022916363,0
2023-03-24T17:51:55Z,2023-03-24T17:52:00Z,6.857916430420114e-05,0.0013697945933219718,0.0013012154290177706,0
2023-03-24T17:52:55Z,2023-03-24T17:53:00Z,5.884454682293931e-05,0.0013683184633256854,0.0013094739165027461,0
2023-03-24T17:52:55Z,2023-03-24T17:53:00Z,3.576687699211804e-05,0.0013546480463352537,0.0013188811693431357,0
2023-03-24T17:52:55Z,2023-03-24T17:53:00Z,2.843342384952971e-05,0.0013561457151486018,0.001327712291299072,0
2023-03-24T17:52:55Z,2023-03-24T17:53:00Z,1.882139734914667e-05,0.0013533353107361649,0.0013345139133870182,0
2023-03-24T17:52:55Z,2023-03-24T17:53:00Z,1.4940057977922338e-05,0.0013549683826504248,0.0013400283246725025,0
2023-03-24T17:52:55Z,2023-03-24T17:53:00Z,3.0777066638706333e-06,0.0013481281690784826,0.001345050462414612,0
2023-03-24T17:52:55Z,2023-03-24T17:53:00Z,8.913055687449593e-06,0.0013410900263066384,0.001350003081994088,0
2023-03-24T17:52:55Z,2023-03-24T17:53:00Z,3.051872930055245e-05,0.0013212930814834498,0.0013518118107840023,0
2023-03-24T17:52:55Z,2023-03-24T17:53:00Z,5.0532990582776664e-05,0.0013025690412059264,0.001353102031788703,0
2023-03-24T17:52:55Z,2023-03-24T17:53:00Z,5.219987111009937e-05,0.0013002829188942923,0.0013524827900043917,0
2023-03-24T17:52:55Z,2023-03-24T17:53:00Z,5.886507662256155e-05,0.0012881640063366986,0.0013470290829592601,0
2023-03-24T17:52:55Z,2023-03-24T17:53:00Z,5.413427666902358e-05,0.0012859436388474685,0.0013400779155164921,0
2023-03-24T17:53:55Z,2023-03-24T17:54:00Z,3.613713747539771e-05,0.0012959253323421957,0.0013320624698175934,0
2023-03-24T17:53:55Z,2023-03-24T17:54:00Z,1.760826980062749e-05,0.0013075837592681874,0.0013251920290688148,0
2023-03-24T17:53:55Z,2023-03-24T17:54:00Z,2.31705059672376e-05,0.0012959994848209368,0.0013191699907881744,0
2023-03-24T17:53:55Z,2023-03-24T17:54:00Z,2.3684260984491124e-05,0.0012909105746568854,0.0013145948356413765,0
2023-03-24T17:53:55Z,2023-03-24T17:54:00Z,2.771124692958998e-05,0.0012809866989288378,0.0013086979458584278,0
2023-03-24T17:53:55Z,2023-03-24T17:54:00Z,2.7388799511979993e-05,0.0012755873869042878,0.0013029761864162678,0
2023-03-24T17:53:55Z,2023-03-24T17:54:00Z,2.566220150717691e-05,0.001271303652171311,0.001296965853678488,0
2023-03-24T17:53:55Z,2023-03-24T17:54:00Z,3.0411660143435078e-05,0.0012619836240771367,0.0012923952842205718,0
2023-03-24T17:53:55Z,2023-03-24T17:54:00Z,1.4103776737092732e-05,0.0012751649685800175,0.0012892687453171102,0
2023-03-24T17:53:55Z,2023-03-24T17:54:00Z,1.6580950933582726e-05,0.0012688578649018118,0.0012854388158353945,0
2023-03-24T17:53:55Z,2023-03-24T17:54:00Z,1.2960532904463841e-05,0.0012711783791552627,0.0012841389120597266,0
2023-03-24T17:53:55Z,2023-03-24T17:54:00Z,5.4846254259916394e-06,0.0012769457092391692,0.0012824303346651608,0
2023-03-24T17:54:55Z,2023-03-24T17:55:00Z,1.0083858077157863e-05,0.0012698717812693096,0.0012799556393464674,0
2023-03-24T17:54:55Z,2023-03-24T17:55:00Z,2.380733716623464e-05,0.001253084497177331,0.0012768918343435656,0
2023-03-24T17:54:55Z,2023-03-24T17:55:00Z,2.6264465384155927e-05,0.001248014598604247,0.001274279063988403,0
2023-03-24T17:54:55Z,2023-03-24T17:55:00Z,2.9975686504196382e-05,0.0012405207697362512,0.0012704964562404476,0
2023-03-24T17:54:55Z,2023-03-24T17:55:00Z,3.400796193977888e-05,0.0012331912842682095,0.0012671992462079883,0
2023-03-24T17:54:55Z,2023-03-24T17:55:00Z,3.690395203431707e-05,0.0012267886324568674,0.0012636925844911845,0
2023-03-24T17:54:55Z,2023-03-24T17:55:00Z,3.8651997838666085e-05,0.0012212293498622085,0.0012598813477008746,0
2023-03-24T17:54:55Z,2023-03-24T17:55:00Z,3.384914803169353e-05,0.0012225127005071543,0.0012563618485388478,0
2023-03-24T17:54:55Z,2023-03-24T17:55:00Z,3.364495417954873e-05,0.001217323332487518,0.0012509682866670667,0
2023-03-24T17:54:55Z,2023-03-24T17:55:00Z,4.450718760444093e-05,0.0012018265826231605,0.0012463337702276014,0
2023-03-24T17:54:55Z,2023-03-24T17:55:00Z,4.16363406920057e-05,0.001199311924868821,0.0012409482655608268,0
2023-03-24T17:54:55Z,2023-03-24T17:55:00Z,3.456771637258722e-05,0.0011988686365266388,0.001233436352899226,0
2023-03-24T17:55:55Z,2023-03-24T17:56:00Z,2.1308808814641828e-05,0.0012050715584445352,0.001226380367259177,0
2023-03-24T17:55:55Z,2023-03-24T17:56:00Z,3.320821739608666e-06,0.001217637959454499,0.0012209587811941077,0
2023-03-24T17:55:55Z,2023-03-24T17:56:00Z,3.2579588427742757e-06,0.0012199224360209108,0.0012166644771781365,0
2023-03-24T17:55:55Z,2023-03-24T17:56:00Z,5.375069658582025e-06,0.0012090011264913791,0.0012143761961499612,0
2023-03-24T17:55:55Z,2023-03-24T17:56:00Z,7.9838555158856e-06,0.0012050654558093457,0.0012130493113252313,0
2023-03-24T17:55:55Z,2023-03-24T17:56:00Z,1.7364319774814882e-05,0.0012286348805034973,0.0012112705607286824,0
2023-03-24T17:55:55Z,2023-03-24T17:56:00Z,1.8260296178978456e-05,0.0012279144675023746,0.0012096541713233961,0
2023-03-24T17:55:55Z,2023-03-24T17:56:00Z,8.385650573915562e-06,0.0012186520398969462,0.0012102663893230306,0
2023-03-24T17:55:55Z,2023-03-24T17:56:00Z,7.659016572198613e-06,0.0012036664862523176,0.0012113255028245163,0
2023-03-24T17:55:55Z,2023-03-24T17:56:00Z,3.1332402642364563e-06,0.0012098748082876583,0.0012130080485518947,0
2023-03-24T17:55:55Z,2023-03-24T17:56:00Z,6.788398972676054e-06,0.0012066551057175684,0.0012134435046902445,0
2023-03-24T17:55:55Z,2023-03-24T17:56:00Z,1.1689967990512673e-05,0.0012028541538758337,0.0012145441218663464,0
2023-03-24T17:56:55Z,2023-03-24T17:57:00Z,1.4828498798253719e-05,0.001199873977795396,0.0012147024765936498,0
2023-03-24T17:56:55Z,2023-03-24T17:57:00Z,2.4703205547865455e-05,0.0011885208904879178,0.0012132240960357832,0
2023-03-24T17:56:55Z,2023-03-24T17:57:00Z,8.752977760710613e-06,0.0012024662724525212,0.0012112192502132318,0
2023-03-24T17:56:55Z,2023-03-24T17:57:00Z,8.854410840805366e-06,0.00120031681577208,0.0012091712266128853,0
2023-03-24T17:56:55Z,2023-03-24T17:57:00Z,2.005682943215692e-05,0.00122896813770936,0.001208911308277203,0
2023-03-24T17:56:55Z,2023-03-24T17:57:00Z,3.1656013630028445e-05,0.00123773551543409,0.0012060795018040615,0
2023-03-24T17:56:55Z,2023-03-24T17:57:00Z,3.752238441744309e-05,0.001243707253242203,0.0012061848688247599,0
2023-03-24T17:56:55Z,2023-03-24T17:57:00Z,4.373497596798018e-05,0.0012518281923464543,0.001208093216378474,0
2023-03-24T17:56:55Z,2023-03-24T17:57:00Z,6.507488217518146e-05,0.0012771721752526442,0.0012120972930774628,0
2023-03-24T17:56:55Z,2023-03-24T17:57:00Z,8.047996211083398e-05,0.0012967725935941765,0.0012162926314833425,0
2023-03-24T17:56:55Z,2023-03-24T17:57:00Z,7.299367660696613e-05,0.0012963380150438162,0.00122334433843685,0
2023-03-24T17:56:55Z,2023-03-24T17:57:00Z,7.684324044124205e-05,0.0013095794228499262,0.0012327361824086842,0
2023-03-24T17:57:55Z,2023-03-24T17:58:00Z,8.618305029778816e-05,0.0013285656364313144,0.0012423825861335263,0
2023-03-24T17:57:55Z,2023-03-24T17:58:00Z,8.88767955114693e-05,0.0013433652348811965,0.0012544884393697272,0
2023-03-24T17:57:55Z,2023-03-24T17:58:00Z,6.521458692435901e-05,0.0013323129626919654,0.0012670983757676064,0
2023-03-24T17:57:55Z,2023-03-24T17:58:00Z,7.073497018457464e-05,0.0013521381878630926,0.001281403217678518,0
2023-03-24T17:57:55Z,2023-03-24T17:58:00Z,4.394369288327426e-05,0.0013356813930600528,0.0012917377001767786,0
2023-03-24T17:57:55Z,2023-03-24T17:58:00Z,1.577208332024919e-05,0.0013189500507399278,0.0013031779674196786,0
2023-03-24T17:57:55Z,2023-03-24T17:58:00Z,7.145695273928776e-06,0.0013052296861275352,0.001312375381401464,0
2023-03-24T17:57:55Z,2023-03-24T17:58:00Z,9.312274609955904e-07,0.0013200187947018068,0.0013190875672408112,0
2023-03-24T17:57:55Z,2023-03-24T17:58:00Z,9.532410626829444e-06,0.0013123609077014707,0.0013218933183283001,0
2023-03-24T17:57:55Z,2023-03-24T17:58:00Z,1.2776139067142067e-05,0.0013114417993719213,0.0013242179384390634,0
2023-03-24T17:57:55Z,2023-03-24T17:58:00Z,6.68282730496828e-06,0.0013191374003998608,0.001325820227704829,0
2023-03-24T17:57:55Z,2023-03-24T17:58:00Z,1.9854977755902857e-05,0.0013061514876011257,0.0013260064653570285,0
2023-03-24T17:58:55Z,2023-03-24T17:59:00Z,2.4577984213601045e-05,0.0013004856575402819,0.001325063641753883,0
2023-03-24T17:58:55Z,2023-03-24T17:59:00Z,2.073679086423948e-05,0.0013006054761616364,0.001321342267025876,0
2023-03-24T17:58:55Z,2023-03-24T17:59:00Z,1.2670015621972898e-05,0.0013054895208887349,0.0013181595365107078,0
2023-03-24T17:58:55Z,2023-03-24T17:59:00Z,1.888049855835322e-05,0.0012941257667822086,0.0013130062653405618,0
2023-03-24T17:58:55Z,2023-03-24T17:59:00Z,1.6923798120375196e-05,0.001293063280003055,0.0013099870781234301,0
2023-03-24T17:58:55Z,2023-03-24T17:59:00Z,2.038824149001167e-05,0.0012871164082376466,0.0013075046497276583,0
2023-03-24T17:58:55Z,2023-03-24T17:59:00Z,1.7729334474025698e-05,0.0012885586746411845,0.0013062880091152102,0
2023-03-24T17:58:55Z,2023-03-24T17:59:00Z,1.736465761129958e-05,0.0012856331128574944,0.001302997770468794,0
2023-03-24T17:58:55Z,2023-03-24T17:59:00Z,3.0040086981777958e-05,0.0012705774601809877,0.0013006175471627656,0
2023-03-24T17:58:55Z,2023-03-24T17:59:00Z,2.9783791982992015e-05,0.0012682528865283307,0.0012980366785113227,0
2023-03-24T17:58:55Z,2023-03-24T17:59:00Z,3.275866465272752e-05,0.0012604220198367078,0.0012931806844894353,0