sTime,eTime,Change,Value,Mean_last_18,real_label
2023-03-24T14:00:00Z,2023-03-24T14:00:00Z,None,0.0004051483122371076,None,0
2023-03-24T14:00:55Z,2023-03-24T14:01:00Z,None,0.0004079119156895918,None,0
2023-03-24T14:00:55Z,2023-03-24T14:01:00Z,None,0.0004115470902510216,None,0
2023-03-24T14:00:55Z,2023-03-24T14:01:00Z,None,0.00041562990664287784,None,0
2023-03-24T14:00:55Z,2023-03-24T14:01:00Z,None,0.0004165084461962112,None,0
2023-03-24T14:00:55Z,2023-03-24T14:01:00Z,None,0.00041893170258827124,None,0
2023-03-24T14:00:55Z,2023-03-24T14:01:00Z,None,0.00041707254918376335,None,0
2023-03-24T14:00:55Z,2023-03-24T14:01:00Z,None,0.0004221050375325399,None,0
2023-03-24T14:00:55Z,2023-03-24T14:01:00Z,None,0.0004233696099930798,None,0
2023-03-24T14:00:55Z,2023-03-24T14:01:00Z,None,0.000423042944576785,None,0
2023-03-24T14:00:55Z,2023-03-24T14:01:00Z,None,0.0004270439063071156,None,0
2023-03-24T14:00:55Z,2023-03-24T14:01:00Z,None,0.0004190231048745934,None,0
2023-03-24T14:00:55Z,2023-03-24T14:01:00Z,None,0.000421139089067965,None,0
2023-03-24T14:01:55Z,2023-03-24T14:02:00Z,None,0.0004177455497064312,None,0
2023-03-24T14:01:55Z,2023-03-24T14:02:00Z,None,0.00041684114465334837,None,0
2023-03-24T14:01:55Z,2023-03-24T14:02:00Z,None,0.0004241693404995292,None,0
2023-03-24T14:01:55Z,2023-03-24T14:02:00Z,None,0.00043419957364216667,None,0
2023-03-24T14:01:55Z,2023-03-24T14:02:00Z,None,0.00044482126608218756,None,0
2023-03-24T14:01:55Z,2023-03-24T14:02:00Z,4.277515326557758e-05,0.0004616827546563069,0.0004189076013907293,0
2023-03-24T14:01:55Z,2023-03-24T14:02:00Z,5.579127341545425e-05,0.0004770325779735412,0.00042124130455808696,0
2023-03-24T14:01:55Z,2023-03-24T14:02:00Z,7.114029489085753e-05,0.0004955445899763984,0.0004244042950855408,0
2023-03-24T14:01:55Z,2023-03-24T14:02:00Z,9.561140197923538e-05,0.0005238677845778656,0.0004282563825986302,0
2023-03-24T14:01:55Z,2023-03-24T14:02:00Z,0.00011325173820378914,0.0005462089845279205,0.0004329572463241314,0
2023-03-24T14:01:55Z,2023-03-24T14:02:00Z,0.00011307493058804272,0.000552347432111095,0.00043927250152305225,0
2023-03-24T14:01:55Z,2023-03-24T14:02:00Z,0.00011476106220547862,0.0005615204626661573,0.00044675940046067864,0
2023-03-24T14:02:55Z,2023-03-24T14:03:00Z,0.00011020576854634976,0.0005649225150615774,0.00045471674651522765,0
2023-03-24T14:02:55Z,2023-03-24T14:03:00Z,9.71663779923697e-05,0.0005600840318683983,0.0004629176538760286,0
2023-03-24T14:02:55Z,2023-03-24T14:03:00Z,8.468807291901379e-05,0.00055593236826966,0.0004712442953506462,0
2023-03-24T14:02:55Z,2023-03-24T14:03:00Z,6.890192645934209e-05,0.0005482074622389066,0.00047930553577956456,0
2023-03-24T14:02:55Z,2023-03-24T14:03:00Z,5.708958640989972e-05,0.0005439767964225551,0.0004868872100126554,0
2023-03-24T14:02:55Z,2023-03-24T14:03:00Z,4.7632422031715816e-05,0.0005421187118893309,0.000494486289857615,0
2023-03-24T14:02:55Z,2023-03-24T14:03:00Z,3.292397579571639e-05,0.0005346360131447778,0.0005017120373490614,0
2023-03-24T14:02:55Z,2023-03-24T14:03:00Z,1.4900051083129354e-05,0.0005239281567958908,0.0005090281057127615,0
2023-03-24T14:02:55Z,2023-03-24T14:03:00Z,1.6300430474241122e-05,0.0005322576460982632,0.000515957215624022,0
2023-03-24T14:02:55Z,2023-03-24T14:03:00Z,1.4854188258959329e-05,0.0005366795695474732,0.0005218253812885138,0
2023-03-24T14:02:55Z,2023-03-24T14:03:00Z,1.0455901442026961e-05,0.000538049404639723,0.000527593503197696,0
2023-03-24T14:02:55Z,2023-03-24T14:03:00Z,6.74669702622891e-06,0.0005262502357870722,0.0005329969328133011,0
2023-03-24T14:03:55Z,2023-03-24T14:04:00Z,1.8692267476870354e-05,0.0005187968212178081,0.0005374890886946785,0
2023-03-24T14:03:55Z,2023-03-24T14:04:00Z,1.7744163050963015e-05,0.0005226400819856879,0.0005403842450366509,0
2023-03-24T14:03:55Z,2023-03-24T14:04:00Z,1.6472702814659458e-05,0.0005252793205303096,0.000541752023344969,0
2023-03-24T14:03:55Z,2023-03-24T14:04:00Z,1.4124980942462149e-05,0.0005275548246029671,0.0005416798055454293,0
2023-03-24T14:03:55Z,2023-03-24T14:04:00Z,6.013033915072707e-06,0.0005344356149246147,0.0005404486488396874,0
2023-03-24T14:03:55Z,2023-03-24T14:04:00Z,3.146816822339137e-06,0.0005358434433403996,0.0005389902601627387,0
2023-03-24T14:03:55Z,2023-03-24T14:04:00Z,1.8313352569634565e-06,0.0005392283690819644,0.000537397033825001,0
2023-03-24T14:03:55Z,2023-03-24T14:04:00Z,6.374057528370594e-06,0.000542060557722714,0.0005356865001943434,0
2023-03-24T14:03:55Z,2023-03-24T14:04:00Z,6.366161961949115e-07,0.0005350963126972186,0.0005344596965010237,0
2023-03-24T14:03:55Z,2023-03-24T14:04:00Z,5.350024971374572e-06,0.0005282936826739464,0.000533643707645321,0
2023-03-24T14:03:55Z,2023-03-24T14:04:00Z,2.1564539565587697e-06,0.0005307160095980747,0.0005328724635546335,0
2023-03-24T14:03:55Z,2023-03-24T14:04:00Z,4.7225335449781365e-07,0.0005314776740972763,0.0005319499274517741,0
2023-03-24T14:04:55Z,2023-03-24T14:05:00Z,9.00741388314369e-06,0.0005402865941413147,0.000531279180258171,0
2023-03-24T14:04:55Z,2023-03-24T14:05:00Z,3.84316787796035e-06,0.0005349365634862782,0.0005310933956083179,0
2023-03-24T14:04:55Z,2023-03-24T14:05:00Z,5.4887715449054375e-06,0.0005265668850837316,0.000532055656628637,0
2023-03-24T14:04:55Z,2023-03-24T14:05:00Z,1.2572327718117266e-05,0.0005196409122862853,0.0005322132400044026,0
2023-03-24T14:04:55Z,2023-03-24T14:05:00Z,2.3354994547451617e-05,0.000508263381664966,0.0005316183762124176,0
2023-03-24T14:04:55Z,2023-03-24T14:05:00Z,2.089274606350926e-05,0.0005096427776575297,0.0005305355237210389,0
2023-03-24T14:04:55Z,2023-03-24T14:05:00Z,1.4343183560868648e-05,0.0005151342899176935,0.0005294774734785621,0
2023-03-24T14:04:55Z,2023-03-24T14:05:00Z,9.672586504883788e-06,0.0005192664138230738,0.0005289390003279576,0
2023-03-24T14:04:55Z,2023-03-24T14:05:00Z,6.613705395005793e-06,0.0005218837777524816,0.0005284974831474874,0
2023-03-24T14:04:55Z,2023-03-24T14:05:00Z,2.0720967714521693e-06,0.0005260716859814919,0.0005281437827529441,0
2023-03-24T14:04:55Z,2023-03-24T14:05:00Z,1.1117751775991552e-05,0.0005166924399857474,0.000527810191761739,0
2023-03-24T14:05:55Z,2023-03-24T14:06:00Z,1.74720150748971e-05,0.0005098461808666581,0.0005273181959415552,0
2023-03-24T14:05:55Z,2023-03-24T14:06:00Z,3.3155211187920765e-05,0.0004930364551445373,0.000526191666332458,0
2023-03-24T14:05:55Z,2023-03-24T14:06:00Z,4.1541165504232526e-05,0.00048292213681556045,0.000524463302319793,0
2023-03-24T14:05:55Z,2023-03-24T14:06:00Z,4.778891074406707e-05,0.00047379062083583313,0.0005215795315799002,0
2023-03-24T14:05:55Z,2023-03-24T14:06:00Z,5.5363254366925586e-05,0.00046314720804346545,0.000518510462410391,0
2023-03-24T14:05:55Z,2023-03-24T14:06:00Z,6.181992870951767e-05,0.0004534844712398078,0.0005153043999493255,0
2023-03-24T14:05:55Z,2023-03-24T14:06:00Z,4.0461322144299346e-05,0.00047086844241946087,0.0005113297645637602,0
2023-03-24T14:05:55Z,2023-03-24T14:06:00Z,3.071256128564146e-05,0.00047602936781591476,0.0005067419291015562,0
2023-03-24T14:05:55Z,2023-03-24T14:06:00Z,2.3478915203220616e-05,0.00047917959320881485,0.0005026585084120355,0
2023-03-24T14:05:55Z,2023-03-24T14:06:00Z,9.381736614303771e-06,0.0004898116426406513,0.0004991933792549551,0
2023-03-24T14:05:55Z,2023-03-24T14:06:00Z,4.913727138638416e-06,0.0004914921643589688,0.0004964058914976072,0
2023-03-24T14:05:55Z,2023-03-24T14:06:00Z,2.3362089578123427e-06,0.0004969874375350881,0.0004946512285772757,0
2023-03-24T14:05:55Z,2023-03-24T14:06:00Z,2.2695956279834058e-07,0.0004938916459456036,0.0004936646863828053,0
2023-03-24T14:06:55Z,2023-03-24T14:07:00Z,1.0999908540577225e-06,0.0004940202454649547,0.000492920254610897,0
2023-03-24T14:06:55Z,2023-03-24T14:07:00Z,2.1752774354030866e-06,0.0004938459647538243,0.0004916706873184212,0
2023-03-24T14:06:55Z,2023-03-24T14:07:00Z,4.540298475379646e-06,0.0004947259170668526,0.0004901856185914729,0
2023-03-24T14:06:55Z,2023-03-24T14:07:00Z,4.862574676486962e-06,0.0004933989101503917,0.0004885363354739048,0
2023-03-24T14:06:55Z,2023-03-24T14:07:00Z,1.1675393825598271e-06,0.00048786000609678004,0.0004866924667142202,0
2023-03-24T14:06:55Z,2023-03-24T14:07:00Z,4.4955948105400456e-06,0.00048082666426630625,0.0004853222590768463,0
2023-03-24T14:06:55Z,2023-03-24T14:07:00Z,5.509800800927256e-06,0.000478519153877691,0.00048402895467861823,0
2023-03-24T14:06:55Z,2023-03-24T14:07:00Z,1.3634921606336871e-05,0.0004696758100794443,0.00048331073168578117,0
2023-03-24T14:06:55Z,2023-03-24T14:07:00Z,2.091736813817285e-05,0.000462134364551263,0.00048305173268943584,0
2023-03-24T14:06:55Z,2023-03-24T14:07:00Z,2.630744347730576e-05,0.0004565022415205778,0.00048280968499788356,0
2023-03-24T14:06:55Z,2023-03-24T14:07:00Z,3.478084409781399e-05,0.0004479692618711165,0.00048275010596893046,0
2023-03-24T14:06:55Z,2023-03-24T14:07:00Z,4.1100535481389884e-05,0.0004418270863864094,0.0004829276218677993,0
2023-03-24T14:07:55Z,2023-03-24T14:08:00Z,4.531551488816415e-05,0.00043626509635914427,0.0004815806112473084,0
2023-03-24T14:07:55Z,2023-03-24T14:08:00Z,5.063491173603322e-05,0.00042893380060365726,0.0004795687123396905,0
2023-03-24T14:07:55Z,2023-03-24T14:08:00Z,5.998732155799389e-05,0.0004170570086140689,0.0004770443301720628,0
2023-03-24T14:07:55Z,2023-03-24T14:08:00Z,5.4003201094978185e-05,0.0004194600795454968,0.000473463280640475,0
2023-03-24T14:07:55Z,2023-03-24T14:08:00Z,5.057747117479867e-05,0.00041850727089244686,0.0004690847420672455,0
2023-03-24T14:07:55Z,2023-03-24T14:08:00Z,4.780189957545025e-05,0.0004167224096688781,0.00046452430924432835,0
2023-03-24T14:07:55Z,2023-03-24T14:08:00Z,4.188857844192187e-05,0.0004182013557992796,0.0004600899342412015,0
2023-03-24T14:07:55Z,2023-03-24T14:08:00Z,3.652080780612983e-05,0.00041902219491765544,0.00045554300272378527,0
2023-03-24T14:07:55Z,2023-03-24T14:08:00Z,3.261177352808755e-05,0.0004184815463160186,0.00045109331984410613,0
2023-03-24T14:07:55Z,2023-03-24T14:08:00Z,2.441545206387051e-05,0.00042222470765381225,0.00044664015971768276,0
2023-03-24T14:07:55Z,2023-03-24T14:08:00Z,1.7536111828970796e-05,0.0004246971441337488,0.0004422332559627196,0
2023-03-24T14:07:55Z,2023-03-24T14:08:00Z,1.6474468570784487e-05,0.00042189788748352527,0.00043837235605430976,0
2023-03-24T14:08:55Z,2023-03-24T14:09:00Z,1.7661141692706212e-05,0.00041740947788321785,0.00043507061957592406,0
2023-03-24T14:08:55Z,2023-03-24T14:09:00Z,1.5873019439259734e-05,0.0004158669374075957,0.00043173995684685543,0
2023-03-24T14:08:55Z,2023-03-24T14:09:00Z,8.171775951390232e-06,0.0004204936907662755,0.0004286654667176657,0
2023-03-24T14:08:55Z,2023-03-24T14:09:00Z,2.505068259833472e-06,0.00042343878509644,0.0004259438533562735,0
2023-03-24T14:08:55Z,2023-03-24T14:09:00Z,6.097825211522914e-06,0.0004299235285234257,0.00042382570331190276,0
2023-03-24T14:08:55Z,2023-03-24T14:09:00Z,9.786532651285889e-06,0.00043216926674114885,0.00042238273408986296,0
2023-03-24T14:08:55Z,2023-03-24T14:09:00Z,1.0883202220220221e-05,0.0004325657270240254,0.00042168252480380517,0
2023-03-24T14:08:55Z,2023-03-24T14:09:00Z,1.5597898230220353e-05,0.0004370394918800257,0.00042144159364980536,0
2023-03-24T14:08:55Z,2023-03-24T14:09:00Z,1.7048974797712253e-05,0.0004387042111781275,0.00042165523638041524,0
2023-03-24T14:08:55Z,2023-03-24T14:09:00Z,1.769377195969603e-05,0.00044052444853222636,0.00042283067657253033,0
2023-03-24T14:08:55Z,2023-03-24T14:09:00Z,1.781897206680873e-05,0.00044178165638243504,0.0004239626843156263,0
2023-03-24T14:09:55Z,2023-03-24T14:10:00Z,2.073641859299749e-05,0.00044599423100508145,0.00042525781241208396,0
2023-03-24T14:09:55Z,2023-03-24T14:10:00Z,2.40234402107663e-05,0.00045075532595894175,0.00042673188574817545,0
2023-03-24T14:09:55Z,2023-03-24T14:10:00Z,3.077092107629017e-05,0.0004591376818365716,0.00042836676076028144,0
2023-03-24T14:09:55Z,2023-03-24T14:10:00Z,3.3532389160597265e-05,0.00046376580468801326,0.000430233415527416,0
2023-03-24T14:09:55Z,2023-03-24T14:10:00Z,2.496246821733812e-05,0.00045758742112831605,0.00043262495291097793,0
2023-03-24T14:09:55Z,2023-03-24T14:10:00Z,2.7771861262829883e-05,0.00046284040811699604,0.00043506854685416616,0
2023-03-24T14:09:55Z,2023-03-24T14:10:00Z,2.55539983502512e-05,0.0004625572673805684,0.0004370032690303172,0
2023-03-24T14:09:55Z,2023-03-24T14:10:00Z,2.2061999941976474e-05,0.00046147365253896845,0.000439411652596992,0
2023-03-24T14:09:55Z,2023-03-24T14:10:00Z,2.1248489045266655e-05,0.00046331589396563227,0.0004420674049203656,0
2023-03-24T14:09:55Z,2023-03-24T14:10:00Z,2.5387317122216866e-05,0.0004701374699914867,0.0004447501528692698,0
2023-03-24T14:09:55Z,2023-03-24T14:10:00Z,2.7392413031203963e-05,0.0004746615190298477,0.00044726910599864376,0
2023-03-24T14:09:55Z,2023-03-24T14:10:00Z,3.613791411468455e-05,0.0004861540015777428,0.00045001608746305825,0
2023-03-24T14:09:55Z,2023-03-24T14:10:00Z,5.391802271044574e-05,0.0005065657566738818,0.00045264773396343607,0
2023-03-24T14:10:55Z,2023-03-24T14:11:00Z,6.704908052278371e-05,0.0005228723871236664,0.0004558233066008827,0
2023-03-24T14:10:55Z,2023-03-24T14:11:00Z,6.708487044986748e-05,0.0005272611199713301,0.0004601762495214626,0
2023-03-24T14:10:55Z,2023-03-24T14:11:00Z,5.879465108604134e-05,0.0005240198944453651,0.0004652252433593238,0
2023-03-24T14:10:55Z,2023-03-24T14:11:00Z,5.022901749193829e-05,0.0005206634907802739,0.00047043447328833565,0
2023-03-24T14:10:55Z,2023-03-24T14:11:00Z,4.0653665250686656e-05,0.0005159996353574423,0.0004753459701067556,0
2023-03-24T14:10:55Z,2023-03-24T14:11:00Z,3.732592127445798e-05,0.0005173119992869688,0.00047998607801251085,0
2023-03-24T14:10:55Z,2023-03-24T14:11:00Z,2.947982296635295e-05,0.0005135838659407673,0.00048410404297441435,0
2023-03-24T14:10:55Z,2023-03-24T14:11:00Z,2.402495587975706e-05,0.0005120440972852319,0.0004880191414054748,0
2023-03-24T14:10:55Z,2023-03-24T14:11:00Z,1.5287671081726326e-05,0.0005065095291992126,0.0004912218581174863,0
2023-03-24T14:10:55Z,2023-03-24T14:11:00Z,1.2609321842928299e-05,0.0005066710795249568,0.0004940617576820285,0
2023-03-24T14:10:55Z,2023-03-24T14:11:00Z,1.646705997658776e-06,0.0004985862347426813,0.0004969395287450225,0
2023-03-24T14:10:55Z,2023-03-24T14:11:00Z,8.96893348222125e-06,0.0004905488700515048,0.0004995178035337261,0
2023-03-24T14:11:55Z,2023-03-24T14:12:00Z,2.6360105939466792e-05,0.00047527704861556006,0.0005016371545550269,0
2023-03-24T14:11:55Z,2023-03-24T14:12:00Z,3.928203616494107e-05,0.00046406542530258796,0.000503347461467529,0
2023-03-24T14:11:55Z,2023-03-24T14:12:00Z,5.5095102776310046e-05,0.0004489559560235676,0.0005040510587998777,0
2023-03-24T14:11:55Z,2023-03-24T14:12:00Z,6.943243753061582e-05,0.00043426144216991485,0.0005036938797005307,0
2023-03-24T14:11:55Z,2023-03-24T14:12:00Z,6.978758659725019e-05,0.0004323942011617346,0.0005021817877589848,0
2023-03-24T14:11:55Z,2023-03-24T14:12:00Z,5.89419568847564e-05,0.0004401873273796504,0.0004991292842644068,0
2023-03-24T14:11:55Z,2023-03-24T14:12:00Z,5.4842569645915874e-05,0.00043992368194130567,0.0004947662515872215,0
2023-03-24T14:11:55Z,2023-03-24T14:12:00Z,4.1484226747017915e-05,0.000448418197796438,0.0004899024245434559,0
2023-03-24T14:11:55Z,2023-03-24T14:12:00Z,3.383421855691161e-05,0.00045093070963183696,0.00048476492818874857,0
2023-03-24T14:11:55Z,2023-03-24T14:12:00Z,2.7570385024655315e-05,0.00045274738453768574,0.00048031776956234106,0
2023-03-24T14:11:55Z,2023-03-24T14:12:00Z,1.718124738372029e-05,0.0004590345938757715,0.0004762158412594918,0
2023-03-24T14:11:55Z,2023-03-24T14:12:00Z,2.8456609366825174e-06,0.00047534078155971813,0.0004724951206230356,0
2023-03-24T14:12:55Z,2023-03-24T14:13:00Z,1.7985717221859307e-05,0.0004870527551736481,0.0004690670379517888,0
2023-03-24T14:12:55Z,2023-03-24T14:13:00Z,2.135734190350665e-05,0.00048817478665641006,0.0004668174447529034,0
2023-03-24T14:12:55Z,2023-03-24T14:13:00Z,1.9574375188214223e-05,0.00048492174099337747,0.00046534736580516325,0
2023-03-24T14:12:55Z,2023-03-24T14:13:00Z,1.5290345423220732e-05,0.0004795591969611603,0.00046426885153793955,0
2023-03-24T14:12:55Z,2023-03-24T14:13:00Z,1.3636028686063646e-05,0.00047662550736920443,0.0004629894786831408,0
2023-03-24T14:12:55Z,2023-03-24T14:13:00Z,1.2988150178263995e-05,0.0004748583913448447,0.0004618702411665807,0
2023-03-24T14:12:55Z,2023-03-24T14:13:00Z,1.1571932237861276e-05,0.000472623152070189,0.0004610512198323277,0
2023-03-24T14:12:55Z,2023-03-24T14:13:00Z,1.212693436121638e-05,0.0004731535272952668,0.0004610265929340504,0
2023-03-24T14:12:55Z,2023-03-24T14:13:00Z,1.075592554934657e-05,0.00047228591417560877,0.0004615299886262622,0
2023-03-24T14:12:55Z,2023-03-24T14:13:00Z,3.601210221509466e-06,0.0004665545853931657,0.0004629533751716562,0
2023-03-24T14:12:55Z,2023-03-24T14:13:00Z,1.9475199317605957e-06,0.0004632425888872895,0.0004651901088190501,0
2023-03-24T14:12:55Z,2023-03-24T14:13:00Z,3.538227351782507e-06,0.0004636613158338223,0.0004671995431856048,0
2023-03-24T14:13:55Z,2023-03-24T14:14:00Z,8.07843087117301e-06,0.0004604773041678223,0.00046855573503899533,0
2023-03-24T14:13:55Z,2023-03-24T14:14:00Z,2.6309264098770815e-06,0.00047258299285431453,0.00046995206644443745,0
2023-03-24T14:13:55Z,2023-03-24T14:14:00Z,1.21007703198831e-05,0.00048276219596263725,0.00047066142564275416,0
2023-03-24T14:13:55Z,2023-03-24T14:14:00Z,2.3688286928990286e-05,0.0004956233762907138,0.0004719350893617235,0
2023-03-24T14:13:55Z,2023-03-24T14:14:00Z,3.0981009905827915e-05,0.0005046816764101956,0.0004737006665043677,0
2023-03-24T14:13:55Z,2023-03-24T14:14:00Z,4.366129910096206e-05,0.0005195142469238558,0.00047585294782289376,0
2023-03-24T14:13:55Z,2023-03-24T14:14:00Z,5.431222760871691e-05,0.0005318911104228151,0.00047757888281409823,0
2023-03-24T14:13:55Z,2023-03-24T14:14:00Z,4.9742356611896126e-05,0.0005292307389407124,0.0004794883823288163,0
2023-03-24T14:13:55Z,2023-03-24T14:14:00Z,3.969515089898403e-05,0.0005217550816846477,0.0004820599307856637,0
2023-03-24T14:13:55Z,2023-03-24T14:14:00Z,2.6227269064445723e-05,0.0005108936114940703,0.0004846663424296246,0
2023-03-24T14:13:55Z,2023-03-24T14:14:00Z,1.493651407575555e-05,0.0005020849673714676,0.0004871484532957121,0
2023-03-24T14:13:55Z,2023-03-24T14:14:00Z,1.1134759808148465e-05,0.000500298983934735,0.0004891642241265866,0
2023-03-24T14:14:55Z,2023-03-24T14:15:00Z,4.717160235680521e-06,0.00048604862718658966,0.0004907657874222702,0
2023-03-24T14:14:55Z,2023-03-24T14:15:00Z,1.2347325313585649e-05,0.0004800464522183638,0.0004923937775319495,0
2023-03-24T14:14:55Z,2023-03-24T14:15:00Z,1.646424271324902e-05,0.0004766880701064253,0.0004931523128196743,0
2023-03-24T14:14:55Z,2023-03-24T14:15:00Z,8.547481533305984e-06,0.0004850613335241774,0.0004936088150574834,0
2023-03-24T14:14:55Z,2023-03-24T14:15:00Z,6.090925903968233e-06,0.0005002958282975258,0.0004942049023935576,0
2023-03-24T14:14:55Z,2023-03-24T14:15:00Z,6.3389276907887095e-06,0.0004891494302696446,0.0004954883579604333,0
2023-03-24T14:14:55Z,2023-03-24T14:15:00Z,1.223400376537063e-05,0.00048540932551645685,0.0004976433292818275,0
2023-03-24T14:14:55Z,2023-03-24T14:15:00Z,1.3109303630350218e-05,0.0004862206213045257,0.0004993299249348759,0
2023-03-24T14:14:55Z,2023-03-24T14:15:00Z,1.2553743409923139e-05,0.00048753067168154937,0.0005000844150914725,0
2023-03-24T14:14:55Z,2023-03-24T14:15:00Z,9.679616264943115e-06,0.0004906082356113464,0.0005002878518762895,0
2023-03-24T14:14:55Z,2023-03-24T14:15:00Z,8.346878096982826e-06,0.0004914649323317087,0.0004998118104286916,0
2023-03-24T14:14:55Z,2023-03-24T14:15:00Z,1.002333762536718e-05,0.0004889606233445687,0.0004989839609699358,0
2023-03-24T14:15:55Z,2023-03-24T14:16:00Z,8.2797074593908e-06,0.0004890542938286541,0.0004973340012880449,0
2023-03-24T14:15:55Z,2023-03-24T14:16:00Z,2.2026470625006707e-06,0.0004926060314562355,0.0004948086785187362,0
2023-03-24T14:15:55Z,2023-03-24T14:16:00Z,7.537251355312492e-06,0.0004999826095733393,0.0004924453582180268,0
2023-03-24T14:15:55Z,2023-03-24T14:16:00Z,6.419063233018669e-06,0.0004971497714376094,0.0004907307082045908,0
2023-03-24T14:15:55Z,2023-03-24T14:16:00Z,5.2197652419888e-06,0.00048486911932020603,0.0004900888845621948,0
2023-03-24T14:15:55Z,2023-03-24T14:16:00Z,8.30731618295204e-06,0.0004981058951019789,0.0004897985789190268,0
2023-03-24T14:15:55Z,2023-03-24T14:16:00Z,1.5674713378839426e-05,0.000504565653202894,0.0004888909398240546,0
2023-03-24T14:15:55Z,2023-03-24T14:16:00Z,1.8136755953505066e-05,0.000507736946831406,0.0004896001908779009,0
2023-03-24T14:15:55Z,2023-03-24T14:16:00Z,2.5727858998555357e-05,0.0005167703558167228,0.0004910424968181675,0
2023-03-24T14:15:55Z,2023-03-24T14:16:00Z,2.8093931430447287e-05,0.0005209628327618489,0.0004928689013314016,0
2023-03-24T14:15:55Z,2023-03-24T14:16:00Z,3.13070165883616e-05,0.0005260411545252071,0.0004947341379368455,0
2023-03-24T14:16:55Z,2023-03-24T14:17:00Z,3.459846516972397e-05,0.0005305483092515296,0.0004959498440818056,0
2023-03-24T14:16:55Z,2023-03-24T14:17:00Z,3.4787076568770954e-05,0.0005329070220773743,0.0004981199455086034,0
2023-03-24T14:16:55Z,2023-03-24T14:17:00Z,3.0483398957794412e-05,0.0005312585788037551,0.0005007751798459607,0
2023-03-24T14:16:55Z,2023-03-24T14:17:00Z,2.6140892843509755e-05,0.0005296623315584614,0.0005035214387149517,0
2023-03-24T14:16:55Z,2023-03-24T14:17:00Z,2.693801042414853e-05,0.0005330316789698182,0.0005060936685456697,0
2023-03-24T14:16:55Z,2023-03-24T14:17:00Z,2.6462096601273305e-05,0.000534853064908538,0.0005083909683072647,0
2023-03-24T14:16:55Z,2023-03-24T14:17:00Z,2.2898142572293093e-05,0.000533734213622976,0.0005108360710506829,0
2023-03-24T14:16:55Z,2023-03-24T14:17:00Z,1.942414510743679e-05,0.0005329597715442357,0.0005135356264367989,0
2023-03-24T14:16:55Z,2023-03-24T14:17:00Z,1.241995306718903e-05,0.0005285838100801244,0.0005161638570129354,0
2023-03-24T14:16:55Z,2023-03-24T14:17:00Z,9.454235876163431e-06,0.00052799184230604,0.0005185376064298766,0
2023-03-24T14:16:55Z,2023-03-24T14:17:00Z,6.718375410162984e-06,0.0005269384053992621,0.0005202200299890992,0
2023-03-24T14:16:55Z,2023-03-24T14:17:00Z,3.319102695476363e-06,0.0005253533721474243,0.000522034269451948,0
2023-03-24T14:16:55Z,2023-03-24T14:17:00Z,7.2594406674536104e-06,0.0005172494926714977,0.0005245089333389513,0
2023-03-24T14:17:55Z,2023-03-24T14:18:00Z,8.138504921670646e-06,0.0005179732211846598,0.0005261117261063304,0
2023-03-24T14:17:55Z,2023-03-24T14:18:00Z,1.599873411399868e-06,0.0005252579608989661,0.000526857834310366,0
2023-03-24T14:17:55Z,2023-03-24T14:18:00Z,1.3458842251032202e-06,0.0005288058523209547,0.0005274599680958515,0
2023-03-24T14:17:55Z,2023-03-24T14:18:00Z,1.235688601508968e-06,0.0005291949275845512,0.0005279592389830423,0
2023-03-24T14:17:55Z,2023-03-24T14:18:00Z,9.493696701805038e-06,0.0005379142897765595,0.0005284205930747545,0
2023-03-24T14:17:55Z,2023-03-24T14:18:00Z,1.1181875079099976e-05,0.0005397879842161688,0.0005286061091370688,0
2023-03-24T14:17:55Z,2023-03-24T14:18:00Z,1.5240603169948581e-05,0.0005442800052790779,0.0005290394021091293,0
2023-03-24T14:17:55Z,2023-03-24T14:18:00Z,1.5429177780281887e-05,0.0005448733423681637,0.0005294441645878819,0
2023-03-24T14:17:55Z,2023-03-24T14:18:00Z,8.337099948783596e-06,0.0005385472307999199,0.0005302101308511363,0
2023-03-24T14:17:55Z,2023-03-24T14:18:00Z,4.25945658300334e-06,0.0005353643527758867,0.0005311048961928834,0
2023-03-24T14:17:55Z,2023-03-24T14:18:00Z,3.5378175251554993e-06,0.000534967157943339,0.0005314293404181835,0
2023-03-24T14:17:55Z,2023-03-24T14:18:00Z,7.687074730227685e-06,0.000539146490905314,0.0005314594161750863,0
2023-03-24T14:18:55Z,2023-03-24T14:19:00Z,8.223797802478722e-06,0.0005397557401140571,0.0005315319423115784,0
2023-03-24T14:18:55Z,2023-03-24T14:19:00Z,5.805193977812114e-06,0.0005377010609576891,0.000531895866979877,0
2023-03-24T14:18:55Z,2023-03-24T14:19:00Z,8.483686206040226e-06,0.0005410367255408543,0.0005325530393348141,0
2023-03-24T14:18:55Z,2023-03-24T14:19:00Z,9.81128214766079e-06,0.0005429354519913956,0.0005331241698437348,0
2023-03-24T14:18:55Z,2023-03-24T14:19:00Z,2.901743616473974e-05,0.00056297091895798,0.0005339534827932403,0
2023-03-24T14:18:55Z,2023-03-24T14:19:00Z,2.1710420707213188e-05,0.0005566981434912753,0.0005349877227840621,0
2023-03-24T14:18:55Z,2023-03-24T14:19:00Z,1.2170569358096084e-05,0.0005498477878060688,0.0005376772184479727,0
2023-03-24T14:18:55Z,2023-03-24T14:19:00Z,3.381338206094424e-07,0.0005396170212336349,0.0005399551550542443,0
2023-03-24T14:18:55Z,2023-03-24T14:19:00Z,1.3396859679124266e-05,0.0005280047557814203,0.0005414016154605446,0
2023-03-24T14:18:55Z,2023-03-24T14:19:00Z,3.5427166404958916e-05,0.0005066104001680963,0.0005420375665730552,0
2023-03-24T14:18:55Z,2023-03-24T14:19:00Z,5.439596604350002e-05,0.00048757159042348854,0.0005419675564669886,0
2023-03-24T14:18:55Z,2023-03-24T14:19:00Z,6.315569344652477e-05,0.00047697045774937753,0.0005401261511959023,0
2023-03-24T14:19:55Z,2023-03-24T14:20:00Z,6.203675689898719e-05,0.0004750178417208753,0.0005370545986198625,0
2023-03-24T14:19:55Z,2023-03-24T14:20:00Z,5.9479405730850587e-05,0.00047361580774020603,0.0005330952134710566,0
2023-03-24T14:19:55Z,2023-03-24T14:20:00Z,5.71470082257106e-05,0.0004718390581484466,0.0005289860663741572,0
2023-03-24T14:19:55Z,2023-03-24T14:20:00Z,5.3679505195737835e-05,0.00047148706570431854,0.0005251665709000564,0
2023-03-24T14:19:55Z,2023-03-24T14:20:00Z,5.26600043446137e-05,0.0004687697845185344,0.0005214297888631481,0
2023-03-24T14:19:55Z,2023-03-24T14:20:00Z,4.9937621612431294e-05,0.0004677580441778332,0.0005176956657902645,0
2023-03-24T14:19:55Z,2023-03-24T14:20:00Z,4.848878159121044e-05,0.00046506707794100825,0.0005135558595322187,0
2023-03-24T14:19:55Z,2023-03-24T14:20:00Z,4.301507680045817e-05,0.00046630562414727686,0.000509320700947735,0
2023-03-24T14:19:55Z,2023-03-24T14:20:00Z,4.4154704132778476e-05,0.00046089340957868106,0.0005050481137114595,0
2023-03-24T14:19:55Z,2023-03-24T14:20:00Z,3.782107231139483e-05,0.00046283109425926616,0.000500652166570661,0
2023-03-24T14:19:55Z,2023-03-24T14:20:00Z,3.246582325146317e-05,0.0004633603408243321,0.0004958261640757953,0
2023-03-24T14:19:55Z,2023-03-24T14:20:00Z,2.6509993831981148e-05,0.0004634255923203604,0.0004899355861523416,0
2023-03-24T14:20:55Z,2023-03-24T14:21:00Z,2.0774836247848462e-05,0.00046367029092408475,0.0004844451271719332,0
2023-03-24T14:20:55Z,2023-03-24T14:21:00Z,1.6723762532311825e-05,0.00046263770608163853,0.00047936146861395036,0
2023-03-24T14:20:55Z,2023-03-24T14:21:00Z,1.5502127449226603e-05,0.00045939188644063267,0.00047489401388985927,0
2023-03-24T14:20:55Z,2023-03-24T14:21:00Z,1.2548633052462152e-05,0.00045850026026682164,0.0004710488933192838,0
2023-03-24T14:20:55Z,2023-03-24T14:21:00Z,1.0516238972115336e-05,0.0004577550947161412,0.0004682713336882565,0
2023-03-24T14:20:55Z,2023-03-24T14:21:00Z,1.0002820913255074e-05,0.0004565584345304916,0.00046656125544374666,0
2023-03-24T14:20:55Z,2023-03-24T14:21:00Z,7.663396774278781e-06,0.00045776754319692465,0.00046543093997120343,0
2023-03-24T14:20:55Z,2023-03-24T14:21:00Z,8.098657933406327e-06,0.0004562464345560098,0.00046434509248941615,0
2023-03-24T14:20:55Z,2023-03-24T14:21:00Z,1.791813394273116e-06,0.00046162102823965584,0.00046341284163392896,0
2023-03-24T14:20:55Z,2023-03-24T14:21:00Z,8.543440512253373e-08,0.00046241019407631016,0.0004624956284814327,0
2023-03-24T14:20:55Z,2023-03-24T14:21:00Z,1.394915836606253e-07,0.0004620547649201132,0.00046191527333645256,0
2023-03-24T14:20:55Z,2023-03-24T14:21:00Z,6.576912020207944e-07,0.0004608834885790068,0.0004615411797810276,0
2023-03-24T14:21:55Z,2023-03-24T14:22:00Z,4.468935449117946e-06,0.0004656746282149856,0.00046120569276586763,0
2023-03-24T14:21:55Z,2023-03-24T14:22:00Z,3.521650972648598e-06,0.0004644812502466338,0.0004609595992739852,0
2023-03-24T14:21:55Z,2023-03-24T14:22:00Z,5.666181424529516e-06,0.00046658866329073287,0.00046092248186620335,0
2023-03-24T14:21:55Z,2023-03-24T14:22:00Z,6.548681093606582e-06,0.0004676822124108659,0.0004611335313172593,0
2023-03-24T14:21:55Z,2023-03-24T14:22:00Z,7.846392563618377e-06,0.000469200957353317,0.0004613545647896986,0
2023-03-24T14:21:55Z,2023-03-24T14:22:00Z,3.5586731044499127e-06,0.00046516746563453283,0.0004616087925300829,0
2023-03-24T14:21:55Z,2023-03-24T14:22:00Z,3.283002031043657e-06,0.0004652315219160064,0.0004619485198849627,0
2023-03-24T14:21:55Z,2023-03-24T14:22:00Z,2.886467651423512e-06,0.00046492305663700087,0.00046203658898557736,0
2023-03-24T14:21:55Z,2023-03-24T14:22:00Z,3.554710889774578e-06,0.00046574387727737354,0.00046218916638759896,0
2023-03-24T14:21:55Z,2023-03-24T14:22:00Z,7.077718721038332e-06,0.00046959224806136486,0.00046251452934032653,0
2023-03-24T14:21:55Z,2023-03-24T14:22:00Z,1.8543234751519644e-08,0.00046295916769334574,0.0004629406244585942,0
2023-03-24T14:21:55Z,2023-03-24T14:22:00Z,6.227166638860947e-07,0.0004630142109326625,0.0004636369275965486,0
2023-03-24T14:22:55Z,2023-03-24T14:23:00Z,6.494607379230199e-06,0.0004575188339327804,0.0004640134413120106,0
2023-03-24T14:22:55Z,2023-03-24T14:23:00Z,7.312340721057529e-06,0.00045700972810482,0.00046432206882587754,0
2023-03-24T14:22:55Z,2023-03-24T14:23:00Z,4.844446478855348e-06,0.00045955246936918513,0.0004643969158480405,0
2023-03-24T14:22:55Z,2023-03-24T14:23:00Z,3.7081314070562424e-06,0.00046041753149187625,0.0004641256628989325,0
2023-03-24T14:22:55Z,2023-03-24T14:23:00Z,3.559841714341331e-07,0.000463601577274138,0.00046395756144557214,0
2023-03-24T14:22:55Z,2023-03-24T14:23:00Z,4.1886520506370845e-06,0.0004680499056474895,0.00046386125359685243,0
2023-03-24T14:22:55Z,2023-03-24T14:23:00Z,4.665888708216173e-06,0.0004686870298753703,0.00046402114116715415,0
2023-03-24T14:22:55Z,2023-03-24T14:23:00Z,8.415668826845368e-06,0.0004725765321959116,0.0004641608633690662,0
2023-03-24T14:22:55Z,2023-03-24T14:23:00Z,6.858296371475966e-06,0.00047126655854223256,0.0004644082621707566,0
2023-03-24T14:22:55Z,2023-03-24T14:23:00Z,3.7494842992458286e-06,0.00046850997405265996,0.00046476048975341414,0
2023-03-24T14:22:55Z,2023-03-24T14:23:00Z,8.502350985838125e-06,0.0004734736846293327,0.00046497133364349456,0
2023-03-24T14:23:55Z,2023-03-24T14:24:00Z,9.368323757736111e-06,0.0004742990113247214,0.0004649306875669853,0
2023-03-24T14:23:55Z,2023-03-24T14:24:00Z,1.0339601342720136e-05,0.0004757588900270466,0.00046541928868432645,0
2023-03-24T14:23:55Z,2023-03-24T14:24:00Z,1.556178729348825e-05,0.0004815144577077392,0.00046595267041425097,0
2023-03-24T14:23:55Z,2023-03-24T14:24:00Z,1.0193343700264242e-05,0.0004767834160786355,0.00046659007237837127,0
2023-03-24T14:23:55Z,2023-03-24T14:24:00Z,9.982625585728308e-06,0.00047750037916588576,0.00046751775358015745,0
2023-03-24T14:23:55Z,2023-03-24T14:24:00Z,2.7653750694411677e-06,0.0004707061385329675,0.0004679407634635263,0
2023-03-24T14:23:55Z,2023-03-24T14:24:00Z,4.938227762063725e-06,0.0004737343566063276,0.0004687961288442639,0
2023-03-24T14:23:55Z,2023-03-24T14:24:00Z,6.13272868719766e-06,0.0004753813238608913,0.00046924859517369366,0
2023-03-24T14:23:55Z,2023-03-24T14:24:00Z,1.1648473615231297e-06,0.00046903760208708505,0.0004702024494486082,0
2023-03-24T14:23:55Z,2023-03-24T14:24:00Z,8.285264890147217e-06,0.0004629978666617593,0.00047128313155190654,0
2023-03-24T14:23:55Z,2023-03-24T14:24:00Z,1.1163073407391725e-05,0.00046067800712792066,0.0004718410805353124,0
2023-03-24T14:23:55Z,2023-03-24T14:24:00Z,7.2990865437429285e-06,0.0004646937784133273,0.00047199286495707023,0
2023-03-24T14:24:55Z,2023-03-24T14:25:00Z,4.098934148925328e-06,0.0004677219560936616,0.0004718208902425869,0
2023-03-24T14:24:55Z,2023-03-24T14:25:00Z,7.061948963073587e-06,0.00046456152203044486,0.00047162347099351845,0
2023-03-24T14:24:55Z,2023-03-24T14:25:00Z,1.2529100804080633e-05,0.000459037601143455,0.0004715667019475356,0
2023-03-24T14:24:55Z,2023-03-24T14:25:00Z,1.2900287998078987e-05,0.00045819494276325276,0.00047109523076133174,0
2023-03-24T14:24:55Z,2023-03-24T14:25:00Z,2.1150568566191143e-05,0.0004492253117599184,0.0004703758803261095,0
2023-03-24T14:24:55Z,2023-03-24T14:25:00Z,1.7104576371292047e-05,0.0004526645374083817,0.00046976911377967376,0
2023-03-24T14:24:55Z,2023-03-24T14:25:00Z,1.7588323598167002e-05,0.0004507544153068354,0.0004683427389050024,0
2023-03-24T14:24:55Z,2023-03-24T14:25:00Z,1.9905578679737883e-05,0.00044716454411253856,0.00046707012279227644,0
2023-03-24T14:24:55Z,2023-03-24T14:25:00Z,1.3692545947125497e-05,0.00045190672539102087,0.00046559927133814637,0
2023-03-24T14:24:55Z,2023-03-24T14:25:00Z,9.9909801127481e-06,0.00045358770807273947,0.00046357868818548757,0
2023-03-24T14:24:55Z,2023-03-24T14:25:00Z,5.469101226206045e-06,0.00045664625221295127,0.0004621153534391573,0
2023-03-24T14:24:55Z,2023-03-24T14:25:00Z,1.1314290507795236e-06,0.00045957729667701625,0.0004607087257277958,0
2023-03-24T14:24:55Z,2023-03-24T14:25:00Z,1.6263840612304784e-06,0.0004582552895300937,0.0004598816735913242,0
2023-03-24T14:25:55Z,2023-03-24T14:26:00Z,1.999129226832935e-06,0.00046104803458702116,0.0004590489053601882,0
2023-03-24T14:25:55Z,2023-03-24T14:26:00Z,4.344142736674515e-06,0.0004623856343126982,0.00045804149157602366,0
2023-03-24T14:25:55Z,2023-03-24T14:26:00Z,5.773886782104603e-06,0.00046334540379930095,0.00045757151701719635,0
2023-03-24T14:25:55Z,2023-03-24T14:26:00Z,1.1247875869834921e-05,0.00046878337921943945,0.0004575355033496045,0
2023-03-24T14:25:55Z,2023-03-24T14:26:00Z,1.2428241643767696e-05,0.00047012065067992404,0.00045769240903615634,0
2023-03-24T14:25:55Z,2023-03-24T14:26:00Z,7.431885422382837e-06,0.0004653648592118398,0.000457932973789457,0
2023-03-24T14:25:55Z,2023-03-24T14:26:00Z,7.420261449700601e-06,0.00046549433492070244,0.00045807407347100184,0
2023-03-24T14:25:55Z,2023-03-24T14:26:00Z,5.112623520900264e-06,0.00046323395212021954,0.0004581213285993193,0
2023-03-24T14:25:55Z,2023-03-24T14:26:00Z,3.2369429822628527e-06,0.000461738079450832,0.00045850113646856913,0
2023-03-24T14:25:55Z,2023-03-24T14:26:00Z,4.964489678779122e-06,0.00046376203846246395,0.00045879754878368483,0
2023-03-24T14:25:55Z,2023-03-24T14:26:00Z,6.066499929117844e-06,0.00046560009387109166,0.0004595335939419738,0
2023-03-24T14:25:55Z,2023-03-24T14:26:00Z,5.962475077030051e-06,0.0004661488631986558,0.00046018638812162573,0
2023-03-24T14:26:55Z,2023-03-24T14:27:00Z,3.4263496002370558e-06,0.0004644860129315249,0.00046105966333128784,0
2023-03-24T14:26:55Z,2023-03-24T14:27:00Z,5.243496261791525e-06,0.00046741988424520386,0.00046217638798341234,0
2023-03-24T14:26:55Z,2023-03-24T14:27:00Z,4.703146404397556e-06,0.0004676194924784279,0.00046291634607403034,0
2023-03-24T14:26:55Z,2023-03-24T14:27:00Z,1.7241644778823086e-06,0.0004654541679738222,0.0004637300034959399,0
2023-03-24T14:26:55Z,2023-03-24T14:27:00Z,4.65408287042687e-07,0.00046391007993039596,0.00046437548821743864,0
2023-03-24T14:26:55Z,2023-03-24T14:27:00Z,2.256817058114485e-07,0.00046449550482320395,0.0004647211865290154,0
2023-03-24T14:26:55Z,2023-03-24T14:27:00Z,1.6633717567682196e-07,0.00046522015843412175,0.0004650538212584449,0
2023-03-24T14:26:55Z,2023-03-24T14:27:00Z,1.6528556058938507e-07,0.0004650913280646899,0.00046525661362527927,0
2023-03-24T14:26:55Z,2023-03-24T14:27:00Z,3.7154588655444122e-06,0.00046170789147275976,0.0004654233503383042,0
2023-03-24T14:26:55Z,2023-03-24T14:27:00Z,1.1710873794607045e-05,0.0004538151779710728,0.00046552605176567987,0
2023-03-24T14:26:55Z,2023-03-24T14:27:00Z,1.5933554629435354e-05,0.0004491762919746751,0.00046510984660411045,0
2023-03-24T14:26:55Z,2023-03-24T14:27:00Z,1.5194680182340956e-05,0.0004489560209683078,0.00046415070115064875,0
2023-03-24T14:27:55Z,2023-03-24T14:28:00Z,1.3991917274060834e-05,0.00044920651521557816,0.000463198432489639,0
2023-03-24T14:27:55Z,2023-03-24T14:28:00Z,9.22808480433875e-06,0.00045299750568810057,0.0004622255904924393,0
2023-03-24T14:27:55Z,2023-03-24T14:28:00Z,5.23592247136023e-06,0.00045616452467374727,0.0004614004471451075,0
2023-03-24T14:27:55Z,2023-03-24T14:28:00Z,1.2115376802923107e-06,0.00046209783342759204,0.00046088629574729973,0
2023-03-24T14:27:55Z,2023-03-24T14:28:00Z,7.201554102256348e-06,0.00046764093727374924,0.0004604393831714929,0
2023-03-24T14:27:55Z,2023-03-24T14:28:00Z,1.0323148247288214e-05,0.0004705565160985753,0.0004602333678512871,0
2023-03-24T14:27:55Z,2023-03-24T14:28:00Z,8.921252513430201e-06,0.00046924238942795807,0.00046032113691452786,0
2023-03-24T14:27:55Z,2023-03-24T14:28:00Z,9.710728316725085e-06,0.00047038895365284416,0.0004606782253361191,0
2023-03-24T14:27:55Z,2023-03-24T14:28:00Z,1.0931371254533457e-05,0.0004717168027778733,0.00046078543152333986,0
2023-03-24T14:27:55Z,2023-03-24T14:28:00Z,1.155420625772839e-05,0.00047250254726191625,0.00046094834100418786,0
2023-03-24T14:27:55Z,2023-03-24T14:28:00Z,8.965875819162683e-06,0.0004702826071059418,0.0004613167312867791,0
2023-03-24T14:27:55Z,2023-03-24T14:28:00Z,1.1345513421350201e-05,0.00047316768396292463,0.00046182217054157443,0
2023-03-24T14:28:55Z,2023-03-24T14:29:00Z,1.3987938021876997e-05,0.000476150526344789,0.000462162588322912,0
2023-03-24T14:28:55Z,2023-03-24T14:29:00Z,1.436739454729072e-05,0.0004769974843718969,0.0004626300898246062,0
2023-03-24T14:28:55Z,2023-03-24T14:29:00Z,1.3484780122707991e-05,0.0004767654110226142,0.0004632806308999062,0
2023-03-24T14:28:55Z,2023-03-24T14:29:00Z,1.038703524733624e-05,0.0004745670539648388,0.00046418001871750255,0
2023-03-24T14:28:55Z,2023-03-24T14:29:00Z,8.591311566152231e-06,0.0004741213439925689,0.00046553003242641666,0
2023-03-24T14:28:55Z,2023-03-24T14:29:00Z,1.0331304761110967e-05,0.00047735491142224316,0.0004670236066611322,0
2023-03-24T14:28:55Z,2023-03-24T14:29:00Z,1.0547414171604421e-05,0.0004790513339518109,0.0004685039197802065,0
2023-03-24T14:28:55Z,2023-03-24T14:29:00Z,1.0122680990871816e-05,0.00048028238878323494,0.0004701597077923631,0
2023-03-24T14:28:55Z,2023-03-24T14:29:00Z,1.3527795934867325e-05,0.0004852200818603899,0.0004716922859255226,0
2023-03-24T14:28:55Z,2023-03-24T14:29:00Z,1.0776918680795709e-05,0.0004838879024951117,0.000473110983814316,0
2023-03-24T14:28:55Z,2023-03-24T14:29:00Z,2.120613788418081e-06,0.00047659172986348687,0.0004744711160750688,0
2023-03-24T14:28:55Z,2023-03-24T14:29:00Z,3.767375222926521e-06,0.0004716594446886931,0.0004754268199116196,0
2023-03-24T14:29:55Z,2023-03-24T14:30:00Z,9.502278401551966e-06,0.0004662795540844741,0.00047578183248602607,0
2023-03-24T14:29:55Z,2023-03-24T14:30:00Z,2.419720506130306e-05,0.0004517268071459427,0.00047592401220724576,0
2023-03-24T14:29:55Z,2023-03-24T14:30:00Z,3.200929639575402e-05,0.00044367298642511703,0.00047568228282087106,0
2023-03-24T14:29:55Z,2023-03-24T14:30:00Z,3.215597423687376e-05,0.00044235042648800143,0.0004745064007248752,0
2023-03-24T14:29:55Z,2023-03-24T14:30:00Z,3.662485154132386e-05,0.0004361856926637396,0.00047281054420506344,0
2023-03-24T14:29:55Z,2023-03-24T14:30:00Z,3.065909749400754e-05,0.00044050837726294174,0.0004711674747569493,0
2023-03-24T14:29:55Z,2023-03-24T14:30:00Z,2.83057551138547e-05,0.00044068630839020137,0.00046899206350405607,0
2023-03-24T14:29:55Z,2023-03-24T14:30:00Z,2.4633767116472103e-05,0.00044226169938276947,0.0004668954664992416,0
2023-03-24T14:29:55Z,2023-03-24T14:30:00Z,2.8019822240514232e-05,0.0004367396927303922,0.00046475951497090644,0
2023-03-24T14:29:55Z,2023-03-24T14:30:00Z,2.4881329992947608e-05,0.0004378485548814974,0.00046272988487444503,0
2023-03-24T14:29:55Z,2023-03-24T14:30:00Z,1.8743082330870305e-05,0.00044176166364743083,0.00046050474597830114,0
2023-03-24T14:29:55Z,2023-03-24T14:30:00Z,1.9141074334019326e-05,0.0004392299781671599,0.00045837105250117925,0
2023-03-24T14:30:55Z,2023-03-24T14:31:00Z,7.924752000640389e-06,0.00044835258004319697,0.00045627733204383735,0
2023-03-24T14:30:55Z,2023-03-24T14:31:00Z,2.0736192092622664e-06,0.0004560085185598849,0.00045393489935062264,0
2023-03-24T14:30:55Z,2023-03-24T14:31:00Z,7.409285523557701e-06,0.00045946596083064865,0.00045205667530709095,0
2023-03-24T14:30:55Z,2023-03-24T14:31:00Z,9.254680215163157e-06,0.0004595930282692833,0.00045033834805412014,0
2023-03-24T14:30:55Z,2023-03-24T14:31:00Z,1.683289017538717e-05,0.0004657346534257153,0.00044890176325032815,0
2023-03-24T14:30:55Z,2023-03-24T14:31:00Z,1.714007209057338e-05,0.00046504191171771307,0.0004479018396271397,0
2023-03-24T14:30:55Z,2023-03-24T14:31:00Z,1.8411094501710626e-05,0.000465964416995734,0.00044755332249402335,0
2023-03-24T14:30:55Z,2023-03-24T14:31:00Z,1.4793057154801324e-05,0.0004622735771566622,0.0004474805200018609,0
2023-03-24T14:30:55Z,2023-03-24T14:31:00Z,1.4900737776006449e-05,0.0004632187642396199,0.00044831802646361343,0
2023-03-24T14:30:55Z,2023-03-24T14:31:00Z,1.0867648427594458e-05,0.00046027982728718105,0.0004494121788595866,0
2023-03-24T14:30:55Z,2023-03-24T14:31:00Z,1.3177677133989192e-05,0.00046381740527308283,0.00045063972813909364,0
2023-03-24T14:30:55Z,2023-03-24T14:31:00Z,1.587063897396274e-05,0.0004679276691497293,0.0004520570301757666,0
2023-03-24T14:31:55Z,2023-03-24T14:32:00Z,7.670730413065195e-06,0.00046109887988354597,0.0004534281494704808,0
2023-03-24T14:31:55Z,2023-03-24T14:32:00Z,6.675560890546017e-06,0.00046170614334688144,0.0004550305824563354,0
2023-03-24T14:31:55Z,2023-03-24T14:32:00Z,9.4273880811737e-06,0.00046556603997873126,0.00045613865189755756,0
2023-03-24T14:31:55Z,2023-03-24T14:32:00Z,9.043416755367278e-06,0.0004666506833950712,0.0004576072666397039,0
2023-03-24T14:31:55Z,2023-03-24T14:32:00Z,9.510972013210164e-06,0.0004687486789527514,0.00045923770693954123,0
2023-03-24T14:31:55Z,2023-03-24T14:32:00Z,1.4553096872112268e-05,0.00047525486379680875,0.0004607017669246965,0
2023-03-24T14:31:55Z,2023-03-24T14:32:00Z,1.882801786252811e-05,0.00048126617895108295,0.00046243816108855484,0
2023-03-24T14:31:55Z,2023-03-24T14:32:00Z,1.6686920664833998e-05,0.000480707569033013,0.000464020648368179,0
2023-03-24T14:31:55Z,2023-03-24T14:32:00Z,1.869924670429968e-05,0.0004842056398013728,0.0004655063930970731,0
2023-03-24T14:31:55Z,2023-03-24T14:32:00Z,2.300395605575725e-05,0.0004897598555176752,0.000466755899461918,0
2023-03-24T14:31:55Z,2023-03-24T14:32:00Z,2.3774721573677497e-05,0.0004919784217139538,0.0004682037001402763,0
2023-03-24T14:31:55Z,2023-03-24T14:32:00Z,1.9507548350213152e-05,0.0004891244956723694,0.0004696169473221563,0
2023-03-24T14:32:55Z,2023-03-24T14:33:00Z,1.69751743535293e-05,0.0004881766222636997,0.0004712014479101704,0
2023-03-24T14:32:55Z,2023-03-24T14:33:00Z,1.0919832575316058e-05,0.0004834836380547003,0.00047256380547938426,0
2023-03-24T14:32:55Z,2023-03-24T14:33:00Z,1.0413332637060715e-05,0.00048450084665215313,0.0004740875140150924,0
2023-03-24T14:32:55Z,2023-03-24T14:33:00Z,6.573972234446331e-06,0.00048185353765042583,0.0004752795654159795,0
2023-03-24T14:32:55Z,2023-03-24T14:33:00Z,3.905710812556558e-06,0.00048061004207353435,0.0004767043312609778,0
2023-03-24T14:32:55Z,2023-03-24T14:33:00Z,1.727781516517766e-06,0.00047949306174086865,0.0004777652802243509,0
2023-03-24T14:32:55Z,2023-03-24T14:33:00Z,1.8250733632919534e-06,0.0004766862287977534,0.00047851130216104536,0
2023-03-24T14:32:55Z,2023-03-24T14:33:00Z,1.4191455653146928e-07,0.00047945139830200345,0.0004795933128585349,0
2023-03-24T14:32:55Z,2023-03-24T14:33:00Z,2.0733504197630905e-06,0.0004825478447754081,0.000480474494355645,0
2023-03-24T14:32:55Z,2023-03-24T14:33:00Z,1.0417652952208773e-06,0.000480249514844146,0.0004812912801393669,0
2023-03-24T14:32:55Z,2023-03-24T14:33:00Z,3.885454757011691e-06,0.0004861118620363984,0.0004822264072793867,0
2023-03-24T14:32:55Z,2023-03-24T14:33:00Z,8.411675039926353e-06,0.0004913146020776304,0.0004829029270377041,0
2023-03-24T14:33:55Z,2023-03-24T14:34:00Z,1.0687578141815727e-05,0.0004942291521347897,0.00048354157399297396,0
2023-03-24T14:33:55Z,2023-03-24T14:34:00Z,1.3481743253272e-05,0.0004976144009595724,0.00048413265770630036,0
2023-03-24T14:33:55Z,2023-03-24T14:34:00Z,8.309069415060578e-06,0.0004932371143626419,0.0004849280449475813,0
2023-03-24T14:33:55Z,2023-03-24T14:34:00Z,1.210569080039171e-05,0.0004978224864043378,0.0004857167956039461,0
2023-03-24T14:33:55Z,2023-03-24T14:34:00Z,7.464068967815828e-06,0.000493385409209701,0.0004859213402418852,0
2023-03-24T14:33:55Z,2023-03-24T14:34:00Z,1.0149156570174239e-05,0.0004964142653232585,0.0004862651087530843,0
2023-03-24T14:33:55Z,2023-03-24T14:34:00Z,1.2793260603881015e-05,0.0004993090113297495,0.0004865157507258685,0
2023-03-24T14:33:55Z,2023-03-24T14:34:00Z,1.7711006057759228e-05,0.0005047113240224253,0.0004870003179646661,0
2023-03-24T14:33:55Z,2023-03-24T14:34:00Z,1.4827235215694279e-05,0.0005027584574906573,0.000487931222274963,0
2023-03-24T14:33:55Z,2023-03-24T14:34:00Z,9.772981701100633e-06,0.0004988930555860797,0.0004891200738849791,0
2023-03-24T14:33:55Z,2023-03-24T14:34:00Z,1.4576598207162493e-06,0.0004918074348727678,0.0004903497750520516,0
2023-03-24T14:33:55Z,2023-03-24T14:34:00Z,7.63856538448036e-06,0.0004837866810506621,0.0004914252464351425,0
2023-03-24T14:34:55Z,2023-03-24T14:35:00Z,8.81773375486681e-06,0.00048333188757038734,0.0004921496213252542,0
2023-03-24T14:34:55Z,2023-03-24T14:35:00Z,8.900997681560521e-06,0.0004836662973056294,0.0004925672949871899,0
2023-03-24T14:34:55Z,2023-03-24T14:35:00Z,4.011305285473604e-06,0.0004887842537763271,0.0004927955590618007,0
2023-03-24T14:34:55Z,2023-03-24T14:35:00Z,5.116798946176195e-06,0.00048774455144093173,0.0004928613503871079,0
2023-03-24T14:34:55Z,2023-03-24T14:35:00Z,8.270937308202462e-06,0.0004850924565455044,0.0004933633938537068,0
2023-03-24T14:34:55Z,2023-03-24T14:35:00Z,1.352575872295205e-05,0.0004799336756839626,0.0004934594344069146,0
2023-03-24T14:34:55Z,2023-03-24T14:35:00Z,1.6429063860387452e-05,0.00047666436198581384,0.0004930934258462013,0
2023-03-24T14:34:55Z,2023-03-24T14:35:00Z,1.9933504463770697e-05,0.0004723190110029702,0.0004922525154667409,0
2023-03-24T14:34:55Z,2023-03-24T14:35:00Z,1.71882800272791e-05,0.0004738318802057113,0.0004910201602329904,0
2023-03-24T14:34:55Z,2023-03-24T14:35:00Z,1.5171172923426467e-05,0.000474618510641348,0.0004897896835647745,0
2023-03-24T14:34:55Z,2023-03-24T14:35:00Z,1.3852118805074084e-05,0.00047452635263036937,0.0004883784714354435,0
2023-03-24T14:34:55Z,2023-03-24T14:35:00Z,1.0022108977672853e-05,0.00047725242724786746,0.0004872745362255403,0
2023-03-24T14:35:55Z,2023-03-24T14:36:00Z,9.650038379656648e-06,0.00047633697356983136,0.000485987011949488,0
2023-03-24T14:35:55Z,2023-03-24T14:36:00Z,1.1091604434493741e-05,0.00047359796139253077,0.0004846895658270245,0
2023-03-24T14:35:55Z,2023-03-24T14:36:00Z,1.0580519272450828e-05,0.0004724399671161857,0.00048302048638863653,0
2023-03-24T14:35:55Z,2023-03-24T14:36:00Z,1.0322354356479815e-05,0.0004709828087322668,0.0004813051630887466,0
2023-03-24T14:35:55Z,2023-03-24T14:36:00Z,6.122129422066441e-06,0.00047362696963903947,0.0004797490990611059,0
2023-03-24T14:35:55Z,2023-03-24T14:36:00Z,6.846203378246829e-06,0.0004716779176745943,0.0004785241210528411,0
2023-03-24T14:35:55Z,2023-03-24T14:36:00Z,2.353102743170006e-06,0.00047557338822663446,0.00047792649096980446,0
2023-03-24T14:35:55Z,2023-03-24T14:36:00Z,1.8532373217570379e-06,0.0004753877260071185,0.0004772409633288755,0
2023-03-24T14:35:55Z,2023-03-24T14:36:00Z,3.0290039992502456e-06,0.00047373590585439034,0.0004767649098536406,0
2023-03-24T14:35:55Z,2023-03-24T14:36:00Z,8.360618178982837e-08,0.00047589327262660317,0.000475976878808393,0
2023-03-24T14:35:55Z,2023-03-24T14:36:00Z,4.796130370365056e-07,0.00047467322779567756,0.00047515284083271406,0
2023-03-24T14:36:55Z,2023-03-24T14:37:00Z,3.313758069259452e-06,0.0004779254704361558,0.0004746117123668964,0
2023-03-24T14:36:55Z,2023-03-24T14:37:00Z,5.670574596948897e-06,0.00047997284885276966,0.00047430227425582076,0
2023-03-24T14:36:55Z,2023-03-24T14:37:00Z,7.735575585675672e-06,0.0004821120326915165,0.00047437645710584085,0
2023-03-24T14:36:55Z,2023-03-24T14:37:00Z,8.10388869373007e-06,0.0004829305715554415,0.00047482668286171143,0
2023-03-24T14:36:55Z,2023-03-24T14:37:00Z,5.038031429913917e-06,0.00048035178208490797,0.00047531375065499405,0
2023-03-24T14:36:55Z,2023-03-24T14:37:00Z,3.971241221631665e-06,0.0004797739366362783,0.00047580269541464665,0
2023-03-24T14:36:55Z,2023-03-24T14:37:00Z,6.589960889129536e-06,0.00048273532862463134,0.0004761453677355018,0
2023-03-24T14:36:55Z,2023-03-24T14:37:00Z,4.885531832480119e-06,0.0004811792236496532,0.0004762936918171731,0
2023-03-24T14:36:55Z,2023-03-24T14:37:00Z,7.1712065224375414e-06,0.0004838412721663635,0.00047667006564392595,0
2023-03-24T14:36:55Z,2023-03-24T14:37:00Z,7.560562224321829e-06,0.000484676584471608,0.0004771160222472862,0
2023-03-24T14:36:55Z,2023-03-24T14:37:00Z,8.096785021103161e-06,0.00048588347227134095,0.0004777866872502378,0
2023-03-24T14:36:55Z,2023-03-24T14:37:00Z,1.5038553653193482e-05,0.0004936307571233925,0.00047859220347019904,0
2023-03-24T14:36:55Z,2023-03-24T14:37:00Z,1.6075723748047548e-05,0.0004953888979613232,0.0004793131742132756,0
2023-03-24T14:37:55Z,2023-03-24T14:38:00Z,1.014626132889374e-05,0.0004907507790391575,0.00048060451771026375,0
2023-03-24T14:37:55Z,2023-03-24T14:38:00Z,6.348668644705184e-06,0.0004881188045746565,0.00048177013592995134,0
2023-03-24T14:37:55Z,2023-03-24T14:38:00Z,7.878282533033544e-06,0.0004905521274648695,0.00048267384493183596,0
2023-03-24T14:37:55Z,2023-03-24T14:38:00Z,1.1135273570220521e-05,0.0004946551713679545,0.000483519897797734,0
2023-03-24T14:37:55Z,2023-03-24T14:38:00Z,1.0077918448861444e-05,0.000494460101825317,0.00048438218337645557,0
2023-03-24T14:37:55Z,2023-03-24T14:38:00Z,1.2567799735562228e-05,0.0004981253915574458,0.0004855575918218836,0
2023-03-24T14:37:55Z,2023-03-24T14:38:00Z,1.3087924865163626e-05,0.0004996181420628802,0.00048653021719771656,0
2023-03-24T14:37:55Z,2023-03-24T14:38:00Z,9.27426470154636e-06,0.0004968722785289498,0.0004875980138274034,0
2023-03-24T14:37:55Z,2023-03-24T14:38:00Z,7.54260530720001e-06,0.0004961703902740954,0.0004886277849668954,0
2023-03-24T14:37:55Z,2023-03-24T14:38:00Z,8.622020106390199e-06,0.000498069905483492,0.0004894478853771018,0
2023-03-24T14:37:55Z,2023-03-24T14:38:00Z,3.616762176694168e-06,0.0004939951539178658,0.0004903783917411716,0
2023-03-24T14:37:55Z,2023-03-24T14:38:00Z,2.1773644175092062e-06,0.0004892772607852633,0.0004914546252027725,0
2023-03-24T14:38:55Z,2023-03-24T14:39:00Z,1.5441238721621182e-07,0.000491962555479864,0.0004921169678670802,0
2023-03-24T14:38:55Z,2023-03-24T14:39:00Z,1.3611558349066813e-06,0.000493954478827611,0.0004925933229927044,0
2023-03-24T14:38:55Z,2023-03-24T14:39:00Z,3.439723543242944e-06,0.0004896313219973145,0.0004930710455405574,0
2023-03-24T14:38:55Z,2023-03-24T14:39:00Z,5.561565965757126e-06,0.00048805523806633,0.0004936168040320871,0
2023-03-24T14:38:55Z,2023-03-24T14:39:00Z,5.835721606521106e-06,0.0004880015441741525,0.0004938372657806736,0
2023-03-24T14:38:55Z,2023-03-24T14:39:00Z,1.2585109730232566e-05,0.0004809241843412021,0.0004935092940714347,0
2023-03-24T14:38:55Z,2023-03-24T14:39:00Z,4.178565619844445e-06,0.0004888961782288156,0.00049307474384866,0
2023-03-24T14:38:55Z,2023-03-24T14:39:00Z,1.8512205846095853e-06,0.0004943479294510369,0.0004924967088664273,0
2023-03-24T14:38:55Z,2023-03-24T14:39:00Z,4.976058548978018e-06,0.0004975184952774147,0.0004925424367284367,0
2023-03-24T14:38:55Z,2023-03-24T14:39:00Z,1.4617951814644217e-06,0.0004942275143796757,0.0004927657191982112,0
2023-03-24T14:38:55Z,2023-03-24T14:39:00Z,2.526616092703312e-06,0.0004954607661091181,0.0004929341500164148,0
2023-03-24T14:39:55Z,2023-03-24T14:40:00Z,6.163298628883884e-06,0.0004990837670308491,0.0004929204684019652,0
2023-03-24T14:39:55Z,2023-03-24T14:40:00Z,6.234480966991205e-06,0.0004989982066955253,0.0004927637257285341,0
2023-03-24T14:39:55Z,2023-03-24T14:40:00Z,6.26352886914385e-06,0.0004989958207722644,0.0004927322919031206,0
2023-03-24T14:39:55Z,2023-03-24T14:40:00Z,1.4307804298915741e-06,0.000494288126931046,0.0004928573465011545,0
2023-03-24T14:39:55Z,2023-03-24T14:40:00Z,2.4538474513793873e-07,0.0004932689330403024,0.0004930235482951645,0
2023-03-24T14:39:55Z,2023-03-24T14:40:00Z,3.208682784006187e-07,0.0004924802224548552,0.0004928010907332558,0
2023-03-24T14:39:55Z,2023-03-24T14:40:00Z,5.087191160142051e-06,0.00048767118069796306,0.0004927583718581051,0
2023-03-24T14:39:55Z,2023-03-24T14:40:00Z,1.4773971507729775e-05,0.0004781728098603513,0.0004929467813680811,0
2023-03-24T14:39:55Z,2023-03-24T14:40:00Z,1.697510677080321e-05,0.0004757192407865779,0.0004926943475573811,0
2023-03-24T14:39:55Z,2023-03-24T14:40:00Z,1.193192760316975e-05,0.00047983408648554887,0.0004917660140887186,0
2023-03-24T14:39:55Z,2023-03-24T14:40:00Z,1.3833788030105784e-05,0.00047711386834033425,0.00049094765637044,0
2023-03-24T14:39:55Z,2023-03-24T14:40:00Z,1.9486803081716507e-05,0.00047097725613691276,0.0004904640592186293,0
2023-03-24T14:39:55Z,2023-03-24T14:40:00Z,2.0616378771403613e-05,0.0004692072289275894,0.000489823607698993,0
2023-03-24T14:40:55Z,2023-03-24T14:41:00Z,2.0026994807673766e-05,0.0004692114994675375,0.0004892384942752113,0
2023-03-24T14:40:55Z,2023-03-24T14:41:00Z,1.9006245438618337e-05,0.00046907407534828554,0.0004880803207869039,0
2023-03-24T14:40:55Z,2023-03-24T14:41:00Z,1.1532470293353276e-05,0.00047506923696510943,0.0004866017072584627,0
2023-03-24T14:40:55Z,2023-03-24T14:41:00Z,9.067602753057887e-06,0.00047586090333310313,0.000484928506086161,0
2023-03-24T14:40:55Z,2023-03-24T14:41:00Z,5.5580411328608604e-06,0.0004782435074583256,0.0004838015485911865,0
2023-03-24T14:40:55Z,2023-03-24T14:41:00Z,1.3067085115920241e-06,0.0004839553239983071,0.00048264861548671505,0
2023-03-24T14:40:55Z,2023-03-24T14:41:00Z,1.6451233671098647e-06,0.0004830678412319117,0.00048142271786480185,0
2023-03-24T14:40:55Z,2023-03-24T14:41:00Z,1.996109920190557e-06,0.00048253395233221493,0.00048053784241202437,0
2023-03-24T14:40:55Z,2023-03-24T14:41:00Z,2.1548299172454745e-07,0.0004793854194473379,0.00047960090243906245,0
2023-03-24T14:40:55Z,2023-03-24T14:41:00Z,1.8408440737510212e-07,0.0004790935648112122,0.0004789094804038371,0
2023-03-24T14:40:55Z,2023-03-24T14:41:00Z,8.051770938243821e-06,0.00048614457407190653,0.0004780928031336627,0
2023-03-24T14:40:55Z,2023-03-24T14:41:00Z,8.33953049006491e-06,0.0004856448831741015,0.00047730535268403657,0
2023-03-24T14:41:55Z,2023-03-24T14:42:00Z,4.6748275677998e-06,0.0004818903798620684,0.0004772155522942686,0
2023-03-24T14:41:55Z,2023-03-24T14:42:00Z,1.8459613518452913e-06,0.0004795010473704522,0.0004776550860186069,0
2023-03-24T14:41:55Z,2023-03-24T14:42:00Z,2.167942331797034e-06,0.0004758501518677209,0.00047801809419951795,0
2023-03-24T14:41:55Z,2023-03-24T14:42:00Z,1.2939755832981495e-06,0.00047929247924663395,0.0004779985036633358,0
2023-03-24T14:41:55Z,2023-03-24T14:42:00Z,5.961846497939797e-06,0.00048388601389818083,0.00047792416740024104,0
2023-03-24T14:41:55Z,2023-03-24T14:42:00Z,1.1470835936186344e-06,0.00047956038176501974,0.0004784132981714011,0
2023-03-24T14:41:55Z,2023-03-24T14:42:00Z,4.17281018007731e-06,0.00048344956629092496,0.00047927675611084765,0
2023-03-24T14:41:55Z,2023-03-24T14:42:00Z,2.398078398216873e-06,0.0004822835922912693,0.00047988551389305245,0
2023-03-24T14:41:55Z,2023-03-24T14:42:00Z,6.406326015150781e-06,0.000487137457022476,0.00048073113100732524,0
2023-03-24T14:41:55Z,2023-03-24T14:42:00Z,1.1845678680479348e-05,0.00049300118353052,0.0004811555048500406,0
2023-03-24T14:41:55Z,2023-03-24T14:42:00Z,1.3749056375027713e-05,0.0004955678879126785,0.0004818188315376508,0
2023-03-24T14:42:55Z,2023-03-24T14:43:00Z,1.4926130504294233e-05,0.000497613060634427,0.00048268693013013277,0
2023-03-24T14:42:55Z,2023-03-24T14:43:00Z,1.6865801545553043e-05,0.0005002358236706489,0.0004833700221250958,0
2023-03-24T14:42:55Z,2023-03-24T14:43:00Z,1.9253727407063837e-05,0.0005034793506734841,0.00048422562326642027,0
2023-03-24T14:42:55Z,2023-03-24T14:43:00Z,1.675722564203712e-05,0.000502024135457777,0.00048526690981573993,0
2023-03-24T14:42:55Z,2023-03-24T14:43:00Z,1.4580149699068611e-05,0.0005012643495869348,0.00048668419988786616,0
2023-03-24T14:42:55Z,2023-03-24T14:43:00Z,8.443962199535773e-06,0.0004964770191842587,0.00048803305698472295,0
2023-03-24T14:42:55Z,2023-03-24T14:43:00Z,1.1166845298066523e-05,0.000500089300842497,0.0004889224555444304,0
2023-03-24T14:42:55Z,2023-03-24T14:43:00Z,8.880445785805469e-06,0.0004984400858014217,0.0004895596400156162,0
2023-03-24T14:42:55Z,2023-03-24T14:43:00Z,7.867551624796782e-06,0.0004984977164039677,0.0004906301647791709,0
2023-03-24T14:42:55Z,2023-03-24T14:43:00Z,4.078852064404084e-06,0.0004958230779277495,0.0004917442258633454,0
2023-03-24T14:42:55Z,2023-03-24T14:43:00Z,5.5426306767987444e-06,0.000498619066218747,0.0004930764355419483,0
2023-03-24T14:42:55Z,2023-03-24T14:43:00Z,1.2399288008689991e-06,0.0004952887525005299,0.0004940488236996609,0
2023-03-24T14:42:55Z,2023-03-24T14:43:00Z,6.005023576070357e-06,0.0005009204974122351,0.0004949154738361647,0
2023-03-24T14:43:55Z,2023-03-24T14:44:00Z,1.00913360068629e-05,0.0005059320081215871,0.0004958406721147242,0
2023-03-24T14:43:55Z,2023-03-24T14:44:00Z,1.3134774016124238e-05,0.0005100031479615138,0.0004968683739453895,0
2023-03-24T14:43:55Z,2023-03-24T14:44:00Z,1.8757080099483466e-05,0.0005170165373290093,0.0004982594572295259,0
2023-03-24T14:43:55Z,2023-03-24T14:44:00Z,1.9468974502313287e-05,0.0005190734723753118,0.0004996044978729985,0
2023-03-24T14:43:55Z,2023-03-24T14:44:00Z,2.1062481132608332e-05,0.0005220796468761063,0.000501017165743498,0
2023-03-24T14:43:55Z,2023-03-24T14:44:00Z,2.592380837333763e-05,0.0005283236555558142,0.0005023998471824766,0
2023-03-24T14:43:55Z,2023-03-24T14:44:00Z,2.4755270723006732e-05,0.0005285943288608761,0.0005038390581378694,0
2023-03-24T14:43:55Z,2023-03-24T14:44:00Z,2.776156267804929e-05,0.0005332528462209284,0.0005054912835428791,0
2023-03-24T14:43:55Z,2023-03-24T14:44:00Z,2.5068555704468062e-05,0.000532037190905429,0.000506968635200961,0
2023-03-24T14:43:55Z,2023-03-24T14:44:00Z,2.24973945300909e-05,0.0005313030127171197,0.0005088056181870288,0
2023-03-24T14:43:55Z,2023-03-24T14:44:00Z,2.444860109167453e-05,0.0005350643864150853,0.0005106157853234108,0
2023-03-24T14:43:55Z,2023-03-24T14:44:00Z,2.0020747565437655e-05,0.0005326851207437226,0.000512664373178285,0
2023-03-24T14:44:55Z,2023-03-24T14:45:00Z,1.0014876109613598e-05,0.0005247366072627567,0.0005147217311531431,0
2023-03-24T14:44:55Z,2023-03-24T14:45:00Z,6.433472544330838e-06,0.0005231696175176092,0.0005167361449732783,0
2023-03-24T14:44:55Z,2023-03-24T14:45:00Z,3.386932384884982e-06,0.0005216665415263275,0.0005182796091414425,0
2023-03-24T14:44:55Z,2023-03-24T14:45:00Z,1.4509970256138243e-06,0.0005184372320917027,0.0005198882291173165,0
2023-03-24T14:44:55Z,2023-03-24T14:45:00Z,1.1064602355718338e-06,0.0005201375027233671,0.0005212439629589389,0
2023-03-24T14:44:55Z,2023-03-24T14:45:00Z,5.2272942362512585e-06,0.0005173783439927567,0.0005226056382290079,0
2023-03-24T14:44:55Z,2023-03-24T14:45:00Z,2.229276278330368e-06,0.000521506774027803,0.0005237360503061334,0
2023-03-24T14:44:55Z,2023-03-24T14:45:00Z,1.7520866869685228e-06,0.0005261614508678766,0.0005244093641809081,0
2023-03-24T14:44:55Z,2023-03-24T14:45:00Z,3.755746306789514e-06,0.0005288417943739499,0.0005250860480671604,0
2023-03-24T14:44:55Z,2023-03-24T14:45:00Z,3.583726567805523e-06,0.0005292077107254874,0.0005256239841576819,0
2023-03-24T14:44:55Z,2023-03-24T14:45:00Z,2.7421384268585397e-06,0.000528940729760931,0.0005261985913340725,0
2023-03-24T14:44:55Z,2023-03-24T14:45:00Z,4.098042700981545e-07,0.0005270276934776635,0.0005266178892075654,0
2023-03-24T14:45:55Z,2023-03-24T14:46:00Z,4.8261151097626345e-06,0.000531480302799982,0.0005266541876902194,0
2023-03-24T14:45:55Z,2023-03-24T14:46:00Z,9.150021557183751e-06,0.0005357120542248612,0.0005265620326676774,0
2023-03-24T14:45:55Z,2023-03-24T14:46:00Z,1.1919540861923057e-05,0.0005383773062695448,0.0005264577654076218,0
2023-03-24T14:45:55Z,2023-03-24T14:46:00Z,1.4197038335414351e-05,0.0005408709721735909,0.0005266739338381766,0
2023-03-24T14:45:55Z,2023-03-24T14:46:00Z,1.22940161762803e-05,0.0005393840849293053,0.000527090068753025,0
2023-03-24T14:45:55Z,2023-03-24T14:46:00Z,1.5671574899618992e-05,0.0005431032075207915,0.0005274316326211725,0
2023-03-24T14:45:55Z,2023-03-24T14:46:00Z,1.3955143782147278e-05,0.0005417808331201189,0.0005278256893379716,0
2023-03-24T14:45:55Z,2023-03-24T14:46:00Z,1.4415369730354341e-05,0.0005433214473187986,0.0005289060775884442,0
2023-03-24T14:45:55Z,2023-03-24T14:46:00Z,1.4649761870635198e-05,0.0005446506168474623,0.0005300008549768271,0
2023-03-24T14:45:55Z,2023-03-24T14:46:00Z,1.6873933285684018e-05,0.0005481486062503036,0.0005312746729646196,0
2023-03-24T14:45:55Z,2023-03-24T14:46:00Z,1.2568297102476971e-05,0.0005453849338762589,0.0005328166367737819,0
2023-03-24T14:45:55Z,2023-03-24T14:46:00Z,1.1345390645838113e-05,0.0005458097393917927,0.0005344643487459545,0
2023-03-24T14:46:55Z,2023-03-24T14:47:00Z,1.0303330783125527e-05,0.0005464151259928155,0.00053611179520969,0
2023-03-24T14:46:55Z,2023-03-24T14:47:00Z,6.4323829407031364e-06,0.0005439737643482749,0.0005375413814075718,0
2023-03-24T14:46:55Z,2023-03-24T14:47:00Z,4.602029518539124e-06,0.000543334803580519,0.0005387327740619799,0
2023-03-24T14:46:55Z,2023-03-24T14:47:00Z,2.009438946616441e-06,0.0005416323288894389,0.0005396228899428225,0
2023-03-24T14:46:55Z,2023-03-24T14:47:00Z,1.6541575111175605e-06,0.0005387997378937657,0.0005404538954048833,0
2023-03-24T14:46:55Z,2023-03-24T14:47:00Z,3.4859982787821325e-06,0.0005446864583382834,0.0005412004600595013,0
2023-03-24T14:46:55Z,2023-03-24T14:47:00Z,4.420260236132436e-06,0.000546313193496581,0.0005418929332604486,0
2023-03-24T14:46:55Z,2023-03-24T14:47:00Z,4.312420517942864e-06,0.0005469821864571149,0.0005426697659391721,0
2023-03-24T14:46:55Z,2023-03-24T14:47:00Z,4.91207186170716e-06,0.0005482054342286275,0.0005432933623669204,0
2023-03-24T14:46:55Z,2023-03-24T14:47:00Z,4.367348270468475e-06,0.0005481668800601869,0.0005437995317897185,0
2023-03-24T14:46:55Z,2023-03-24T14:47:00Z,5.054171258022516e-06,0.0005492851419921551,0.0005442309707341325,0
2023-03-24T14:46:55Z,2023-03-24T14:47:00Z,4.5151632081469415e-06,0.0005492627689499784,0.0005447476057418314,0
2023-03-24T14:47:55Z,2023-03-24T14:48:00Z,1.0119538782233511e-05,0.0005552307877282628,0.0005451112489460293,0
2023-03-24T14:47:55Z,2023-03-24T14:48:00Z,4.877324880760451e-06,0.0005504286876991343,0.0005455513628183739,0
2023-03-24T14:47:55Z,2023-03-24T14:48:00Z,4.850814755462569e-06,0.0005511027270096874,0.0005462519122542248,0
2023-03-24T14:47:55Z,2023-03-24T14:48:00Z,8.69374614516675e-06,0.0005552855449200781,0.0005465917987749114,0
2023-03-24T14:47:55Z,2023-03-24T14:48:00Z,1.2772554185572194e-05,0.0005595381247698591,0.0005467655705842869,0
2023-03-24T14:47:55Z,2023-03-24T14:48:00Z,6.17451670908032e-06,0.0005535224761782977,0.0005473479594692174,0
2023-03-24T14:47:55Z,2023-03-24T14:48:00Z,3.403930923381263e-08,0.0005481895508595141,0.0005481555115502803,0
2023-03-24T14:47:55Z,2023-03-24T14:48:00Z,2.8757947428104634e-06,0.0005456977962301451,0.0005485735909729556,0
2023-03-24T14:47:55Z,2023-03-24T14:48:00Z,1.3164337361813152e-06,0.0005475051446786118,0.0005488215784147931,0
2023-03-24T14:47:55Z,2023-03-24T14:48:00Z,3.7087172105123873e-06,0.0005452518607719059,0.0005489605779824182,0
2023-03-24T14:47:55Z,2023-03-24T14:48:00Z,3.963899988846742e-06,0.0005453421377458758,0.0005493060377347225,0
2023-03-24T14:47:55Z,2023-03-24T14:48:00Z,7.338486576661304e-06,0.0005423470877979518,0.0005496855743746131,0
2023-03-24T14:48:55Z,2023-03-24T14:49:00Z,1.4071510195602503e-05,0.0005356526335559278,0.0005497241437515303,0
2023-03-24T14:48:55Z,2023-03-24T14:49:00Z,1.5160505157904938e-05,0.0005343303382584119,0.0005494908434163168,0
2023-03-24T14:48:55Z,2023-03-24T14:49:00Z,1.7758559038232036e-05,0.0005310658400897797,0.0005488243991280117,0
2023-03-24T14:48:55Z,2023-03-24T14:49:00Z,2.1332491514821565e-05,0.0005266757254972952,0.0005480082170121167,0
2023-03-24T14:48:55Z,2023-03-24T14:49:00Z,3.013957980456817e-05,0.0005168626936798775,0.0005470022734844457,0
2023-03-24T14:48:55Z,2023-03-24T14:49:00Z,3.8573876850960085e-05,0.0005070984309573175,0.0005456723078082775,0
2023-03-24T14:48:55Z,2023-03-24T14:49:00Z,3.759559849320722e-05,0.0005061708225344761,0.0005437664210276833,0
2023-03-24T14:48:55Z,2023-03-24T14:49:00Z,3.89696549436254e-05,0.0005019654509798847,0.0005409351059235101,0
2023-03-24T14:48:55Z,2023-03-24T14:49:00Z,3.821625754383499e-05,0.0005001154445464598,0.0005383317020902948,0
2023-03-24T14:48:55Z,2023-03-24T14:49:00Z,2.9298156659735832e-05,0.000506143117428806,0.0005354412740885418,0
2023-03-24T14:48:55Z,2023-03-24T14:49:00Z,2.0584656313919476e-05,0.0005116113177526446,0.0005321959740665641,0
2023-03-24T14:49:55Z,2023-03-24T14:50:00Z,1.3566425146482701e-05,0.0005154886661353136,0.0005290550912817963,1
2023-03-24T14:49:55Z,2023-03-24T14:50:00Z,4.7614106769855186e-07,0.0005261135879537651,0.0005265897290214637,1
2023-03-24T14:49:55Z,2023-03-24T14:50:00Z,8.667550515062752e-06,0.0005333336980821618,0.0005246661475670991,1
2023-03-24T14:49:55Z,2023-03-24T14:50:00Z,5.954572828248774e-06,0.000529468708143796,0.0005235141353155473,1
2023-03-24T14:49:55Z,2023-03-24T14:50:00Z,1.647918015556572e-05,0.0005391597009654395,0.0005226805208098738,1
2023-03-24T14:49:55Z,2023-03-24T14:50:00Z,2.0956795553660527e-05,0.0005427088956207043,0.0005217521000670437,1
2023-03-24T14:49:55Z,2023-03-24T14:50:00Z,2.2663512328991104e-05,0.0005440519396442445,0.0005213884273152534,1
2023-03-24T14:49:55Z,2023-03-24T14:50:00Z,2.249966751930192e-05,0.0005439093776476586,0.0005214097101283566,1
2023-03-24T14:49:55Z,2023-03-24T14:50:00Z,2.0558390690998164e-05,0.0005424621776480791,0.000521903786957081,1
2023-03-24T14:49:55Z,2023-03-24T14:50:00Z,2.819351185087075e-05,0.0005506607717132016,0.0005224672598623309,1
2023-03-24T14:49:55Z,2023-03-24T14:50:00Z,3.5172363093015054e-05,0.000558309995752893,0.000523137632659878,1
2023-03-24T14:49:55Z,2023-03-24T14:50:00Z,3.689711566022915e-05,0.000561445633391631,0.0005245485177314018,1
2023-03-24T14:49:55Z,2023-03-24T14:50:00Z,3.9711756810350066e-05,0.0005666983511342822,0.0005269865943239321,1
2023-03-24T14:50:55Z,2023-03-24T14:51:00Z,3.358189488451965e-05,0.0005637653834692938,0.0005301834885847741,1
2023-03-24T14:50:55Z,2023-03-24T14:51:00Z,2.91684935616515e-05,0.0005629124250052376,0.0005337439314435861,1
2023-03-24T14:50:55Z,2023-03-24T14:51:00Z,3.518025869959571e-05,0.0005725594802896177,0.000537379221590022,1
2023-03-24T14:50:55Z,2023-03-24T14:51:00Z,2.518362366202482e-05,0.0005662567852790338,0.0005410731616170089,1
2023-03-24T14:50:55Z,2023-03-24T14:51:00Z,1.636080004729912e-05,0.0005613408065384734,0.0005449800064911743,1
2023-03-24T14:50:55Z,2023-03-24T14:51:00Z,1.2015483547080726e-05,0.0005602099293045133,0.0005481944457574326,1
2023-03-24T14:50:55Z,2023-03-24T14:51:00Z,8.89559055532662e-06,0.0005597872210423568,0.0005508916304870302,1
2023-03-24T14:50:55Z,2023-03-24T14:51:00Z,7.956989430710584e-06,0.00056085428705602,0.0005528972976253094,1
2023-03-24T14:50:55Z,2023-03-24T14:51:00Z,4.114970307997844e-06,0.000558568357519201,0.0005544533872112032,1
2023-03-24T14:50:55Z,2023-03-24T14:51:00Z,6.866286361830202e-06,0.0005494333113736215,0.0005562995977354517,1
2023-03-24T14:50:55Z,2023-03-24T14:51:00Z,2.3019886555881433e-05,0.0005344213968592033,0.0005574412834150847,1
2023-03-24T14:51:55Z,2023-03-24T14:52:00Z,3.681908974388962e-05,0.0005210177475390139,0.0005578368372829035,1
2023-03-24T14:51:55Z,2023-03-24T14:52:00Z,4.907011303992856e-05,0.0005082002217262077,0.0005572703347661363,1
2023-03-24T14:51:55Z,2023-03-24T14:52:00Z,5.549189631335423e-05,0.000500431871975803,0.0005559237682891573,1
2023-03-24T14:51:55Z,2023-03-24T14:52:00Z,5.981063742319852e-05,0.0004940977216940839,0.0005539083591172824,1
2023-03-24T14:51:55Z,2023-03-24T14:52:00Z,5.2062160394382526e-05,0.0004988915575618766,0.0005509537179562591,1
2023-03-24T14:51:55Z,2023-03-24T14:52:00Z,5.287373891108872e-05,0.0004943027864534757,0.0005471765253645644,1
2023-03-24T14:51:55Z,2023-03-24T14:52:00Z,5.305800420532731e-05,0.0004904388696398398,0.0005434968738451671,1
2023-03-24T14:51:55Z,2023-03-24T14:52:00Z,5.244443099538642e-05,0.0004867938802214978,0.0005392383112168842,1
2023-03-24T14:51:55Z,2023-03-24T14:52:00Z,4.8463039519473414e-05,0.0004864619473545018,0.0005349249868739752,1
2023-03-24T14:51:55Z,2023-03-24T14:52:00Z,4.579340379679437e-05,0.00048465402161931376,0.0005304474254161081,1
2023-03-24T14:51:55Z,2023-03-24T14:52:00Z,4.097463694226802e-05,0.00048440822771295106,0.0005253828646552191,1
2023-03-24T14:51:55Z,2023-03-24T14:52:00Z,3.5241987010832586e-05,0.0004853407150761676,0.0005205827020870002,1
2023-03-24T14:51:55Z,2023-03-24T14:52:00Z,2.8458233508751104e-05,0.0004875990227649831,0.0005160572562737342,1
2023-03-24T14:52:55Z,2023-03-24T14:53:00Z,2.0250437719062037e-05,0.0004914027471294753,0.0005116531848485373,1
2023-03-24T14:52:55Z,2023-03-24T14:53:00Z,1.712655617565795e-05,0.000490280264068328,0.000507406820243986,1
2023-03-24T14:52:55Z,2023-03-24T14:53:00Z,1.206808073810886e-05,0.0004912533548043156,0.0005033214355424244,1
2023-03-24T14:52:55Z,2023-03-24T14:53:00Z,1.7949357382414258e-05,0.0004813551314864295,0.0004993044888688437,1
2023-03-24T14:52:55Z,2023-03-24T14:53:00Z,1.590004795039854e-05,0.00047998209053201537,0.0004958821384824139,1
2023-03-24T14:52:55Z,2023-03-24T14:53:00Z,9.30221844467412e-06,0.000483458375015812,0.0004927605934604861,1
2023-03-24T14:52:55Z,2023-03-24T14:53:00Z,1.5816226619509276e-06,0.000488765108621653,0.0004903467312836039,1
2023-03-24T14:52:55Z,2023-03-24T14:53:00Z,5.670669909623154e-06,0.0004945619984455568,0.0004888913285359337,1
2023-03-24T14:52:55Z,2023-03-24T14:53:00Z,9.319290515660069e-06,0.0004975243388542907,0.00048820504833863064,1
2023-03-24T14:52:55Z,2023-03-24T14:53:00Z,1.8537358305948987e-05,0.000506769717041725,0.00048823235873577607,1
2023-03-24T14:52:55Z,2023-03-24T14:53:00Z,2.3029855790897876e-05,0.0005111817898968159,0.00048815193410591803,1
2023-03-24T14:53:55Z,2023-03-24T14:54:00Z,2.030887169923723e-05,0.0005091941546632875,0.0004888852829640503,1
2023-03-24T14:53:55Z,2023-03-24T14:54:00Z,1.730975072627473e-05,0.0005074152054701472,0.0004901054547438725,1
2023-03-24T14:53:55Z,2023-03-24T14:54:00Z,2.0579609050784585e-05,0.0005120027269971152,0.0004914231179463306,1
2023-03-24T14:53:55Z,2023-03-24T14:54:00Z,1.937787254258918e-05,0.0005120335350839578,0.0004926556625413686,1
2023-03-24T14:53:55Z,2023-03-24T14:54:00Z,2.1450825836408596e-05,0.0005157152357529419,0.0004942644099165333,1
2023-03-24T14:53:55Z,2023-03-24T14:54:00Z,2.3054538096576845e-05,0.0005189439660937578,0.000495889427997181,1
2023-03-24T14:53:55Z,2023-03-24T14:54:00Z,1.9950147651359804e-05,0.0005176263121589391,0.0004976761645075793,1
2023-03-24T14:53:55Z,2023-03-24T14:54:00Z,2.146728354269394e-05,0.0005209872682460835,0.0004995199847033896,1
2023-03-24T14:53:55Z,2023-03-24T14:54:00Z,1.2114204465748938e-05,0.0005131767518179307,0.0005010625473521817,1
2023-03-24T14:53:55Z,2023-03-24T14:54:00Z,2.1877605076226435e-05,0.0005247464467918055,0.000502868841715579,1
2023-03-24T14:53:55Z,2023-03-24T14:54:00Z,3.0524918756729964e-05,0.0005346833720613453,0.0005041584533046153,1
2023-03-24T14:53:55Z,2023-03-24T14:54:00Z,4.3285555543401866e-05,0.0005499964391600981,0.0005067108836166963,1
2023-03-24T14:53:55Z,2023-03-24T14:54:00Z,5.350244214946025e-05,0.0005634310482090581,0.0005099286060595979,1
2023-03-24T14:54:55Z,2023-03-24T14:55:00Z,5.510549604959361e-05,0.0005689481058823848,0.0005138426098327912,0
2023-03-24T14:54:55Z,2023-03-24T14:55:00Z,4.5542041361820414e-05,0.0005637767652879884,0.0005182347239261679,0
2023-03-24T14:54:55Z,2023-03-24T14:55:00Z,2.7677707208348563e-05,0.0005502880845131534,0.0005226103773048049,0
2023-03-24T14:54:55Z,2023-03-24T14:55:00Z,1.0147014814375376e-05,0.0005366545936741037,0.0005265075788597283,0
2023-03-24T14:54:55Z,2023-03-24T14:55:00Z,1.982028488062694e-06,0.0005310495113166985,0.0005290674828286358,0
2023-03-24T14:54:55Z,2023-03-24T14:55:00Z,7.572026295552393e-06,0.000522993856755277,0.0005305658830508294,0
2023-03-24T14:54:55Z,2023-03-24T14:55:00Z,1.3049081427564022e-05,0.0005188024108381718,0.0005318514922657358,0
2023-03-24T14:54:55Z,2023-03-24T14:55:00Z,1.6100050806203982e-05,0.0005166678327115984,0.0005327678835178024,0
2023-03-24T14:54:55Z,2023-03-24T14:55:00Z,1.663230851889786e-05,0.0005165355564013195,0.0005331678649202173,0
2023-03-24T14:54:55Z,2023-03-24T14:55:00Z,1.4983507053807242e-05,0.0005184569636092124,0.0005334404706630197,0
2023-03-24T14:54:55Z,2023-03-24T14:55:00Z,1.4852552239169202e-05,0.0005186361725796375,0.0005334887248188067,0
2023-03-24T14:54:55Z,2023-03-24T14:55:00Z,1.839325327625892e-05,0.0005150668243375746,0.0005334600776138335,0
2023-03-24T14:55:55Z,2023-03-24T14:56:00Z,1.6378801444043127e-05,0.000517140679723949,0.0005335194811679922,0
2023-03-24T14:55:55Z,2023-03-24T14:56:00Z,1.7166037287602467e-05,0.0005160051824740068,0.0005331712197616092,0
2023-03-24T14:55:55Z,2023-03-24T14:56:00Z,1.0704073630809943e-05,0.000522700318360565,0.0005334043919913749,0
2023-03-24T14:55:55Z,2023-03-24T14:56:00Z,1.416070257579771e-06,0.0005314741297151013,0.000532890199972681,0
2023-03-24T14:55:55Z,2023-03-24T14:56:00Z,9.57026673696561e-07,0.0005331423411345669,0.0005321853144608703,0
2023-03-24T14:55:55Z,2023-03-24T14:56:00Z,3.7731266713091766e-06,0.0005273226401751498,0.0005310957668464589,0
2023-03-24T14:55:55Z,2023-03-24T14:56:00Z,4.656899383344618e-06,0.0005246571788116736,0.0005293140781950182,0
2023-03-24T14:55:55Z,2023-03-24T14:56:00Z,4.65519567167266e-06,0.0005222103257170375,0.0005268655213887102,0
2023-03-24T14:55:55Z,2023-03-24T14:56:00Z,2.373614026010334e-06,0.0005269379832690549,0.0005245643692430446,0
2023-03-24T14:55:55Z,2023-03-24T14:56:00Z,3.1898487584081873e-06,0.0005261025851310931,0.0005229127363726849,0
2023-03-24T14:55:55Z,2023-03-24T14:56:00Z,4.809045005804138e-07,0.0005228220755553213,0.0005223411710547409,0
2023-03-24T14:56:55Z,2023-03-24T14:57:00Z,3.865099087554274e-06,0.0005259152744843184,0.0005220501753967641,0
2023-03-24T14:56:55Z,2023-03-24T14:57:00Z,4.607431879419602e-06,0.0005266475024997158,0.0005220400706202962,0
2023-03-24T14:56:55Z,2023-03-24T14:57:00Z,6.6029423152330884e-06,0.0005290614166794202,0.0005224584743641871,0
2023-03-24T14:56:55Z,2023-03-24T14:57:00Z,7.163175217634265e-06,0.0005302086889811224,0.0005230455137634881,0
2023-03-24T14:56:55Z,2023-03-24T14:57:00Z,6.243827994020421e-06,0.000530026157067985,0.0005237823290739646,0
2023-03-24T14:56:55Z,2023-03-24T14:57:00Z,1.3633174409199739e-05,0.0005381067814462177,0.000524473607037018,0
2023-03-24T14:56:55Z,2023-03-24T14:57:00Z,2.8429568058594475e-05,0.0005535731741831624,0.0005251436061245679,0
2023-03-24T14:56:55Z,2023-03-24T14:57:00Z,3.93334075928333e-05,0.0005658323053120273,0.000526498897719194,0
2023-03-24T14:56:55Z,2023-03-24T14:57:00Z,4.4084820636653256e-05,0.0005727268062652128,0.0005286419856285595,0
2023-03-24T14:56:55Z,2023-03-24T14:57:00Z,3.87678821509006e-05,0.0005703408750052261,0.0005315729928543255,0
2023-03-24T14:56:55Z,2023-03-24T14:57:00Z,3.4609299059234306e-05,0.0005691250264961861,0.0005345157274369518,0
2023-03-24T14:56:55Z,2023-03-24T14:57:00Z,3.861952371150899e-05,0.0005754215302831739,0.0005368020065716649,0
2023-03-24T14:56:55Z,2023-03-24T14:57:00Z,3.9335162573800276e-05,0.0005782537976961486,0.0005389186351223484,0
2023-03-24T14:57:55Z,2023-03-24T14:58:00Z,4.080521226202435e-05,0.0005825531938613154,0.0005417479815992911,0
2023-03-24T14:57:55Z,2023-03-24T14:58:00Z,4.251565842581617e-05,0.0005874163823124293,0.0005449007238866132,0
2023-03-24T14:57:55Z,2023-03-24T14:58:00Z,2.9386612630044303e-05,0.0005778369169957326,0.0005484503043656883,0
2023-03-24T14:57:55Z,2023-03-24T14:58:00Z,2.3374385647360234e-05,0.0005753822428979529,0.0005520078572505926,0
2023-03-24T14:57:55Z,2023-03-24T14:58:00Z,9.693233367468867e-06,0.0005647442866100992,0.0005550510532426303,0
2023-03-24T14:57:55Z,2023-03-24T14:58:00Z,6.3565279454983045e-06,0.0005517862998466985,0.0005581428277921968,0
2023-03-24T14:57:55Z,2023-03-24T14:58:00Z,3.593878841221887e-05,0.0005244880989167886,0.0005604268873290075,0
2023-03-24T14:57:55Z,2023-03-24T14:58:00Z,7.064841831252761e-05,0.0004912572218015964,0.0005619056401141241,0
2023-03-24T14:57:55Z,2023-03-24T14:58:00Z,0.00010769151129562512,0.0004539451101265795,0.0005616366214222046,0
2023-03-24T14:57:55Z,2023-03-24T14:58:00Z,0.00013495657994711555,0.00042438877869982293,0.0005593453586469385,0
2023-03-24T14:57:55Z,2023-03-24T14:58:00Z,0.00012670724014263044,0.00042816276280187223,0.0005548700029445027,0
2023-03-24T14:57:55Z,2023-03-24T14:58:00Z,0.00013225880264888053,0.00041592190601642256,0.0005481807086653031,0
2023-03-24T14:58:55Z,2023-03-24T14:59:00Z,0.00011002668635936544,0.00043077693928350895,0.0005408036256428744,0
2023-03-24T14:58:55Z,2023-03-24T14:59:00Z,8.500349731649452e-05,0.0004469818695442854,0.0005319853668607799,0
2023-03-24T14:58:55Z,2023-03-24T14:59:00Z,7.778163616845387e-05,0.00044585373851693165,0.0005236353746853855,0
2023-03-24T14:58:55Z,2023-03-24T14:59:00Z,4.6009355826442976e-05,0.00047036960677300483,0.0005163789625994478,0
2023-03-24T14:58:55Z,2023-03-24T14:59:00Z,1.6664239803137635e-05,0.0004924634705622364,0.000509127710365374,0
2023-03-24T14:58:55Z,2023-03-24T14:59:00Z,5.427199412613715e-06,0.0005083753848656249,0.0005029481854530112,0
2023-03-24T14:58:55Z,2023-03-24T14:59:00Z,3.481899010263068e-05,0.0005327206857242353,0.0004979016956216046,0
2023-03-24T14:58:55Z,2023-03-24T14:59:00Z,6.0598097274485374e-05,0.0005541363923669317,0.0004935382950924463,0
2023-03-24T14:58:55Z,2023-03-24T14:59:00Z,7.955388392878314e-05,0.0005698747851042768,0.0004903209011754936,0
2023-03-24T14:58:55Z,2023-03-24T14:59:00Z,8.38508749553997e-05,0.0005727776276233169,0.0004889267526679172,0
2023-03-24T14:58:55Z,2023-03-24T14:59:00Z,7.923565970158219e-05,0.000567838444263989,0.0004886027845624068,0
2023-03-24T14:58:55Z,2023-03-24T14:59:00Z,6.847610861541141e-05,0.0005575514426491839,0.0004890753340337725,0
2023-03-24T14:59:55Z,2023-03-24T15:00:00Z,6.0790865557615076e-05,0.00055081044338064,0.000490019577823025,0
2023-03-24T14:59:55Z,2023-03-24T15:00:00Z,5.5477941387784956e-05,0.0005474424217833037,0.0004919644803955187,0
2023-03-24T14:59:55Z,2023-03-24T15:00:00Z,4.4015349479435196e-05,0.0005394829605560743,0.0004954676110766391,0
2023-03-24T14:59:55Z,2023-03-24T15:00:00Z,4.014239686605896e-05,0.0005411098498048582,0.0005009674529387993,0
2023-03-24T14:59:55Z,2023-03-24T15:00:00Z,3.601036608990129e-05,0.0005437480650202448,0.0005077376989303435,0
2023-03-24T14:59:55Z,2023-03-24T15:00:00Z,3.869194247156974e-05,0.0005530735876962064,0.0005143816452246367,0
2023-03-24T14:59:55Z,2023-03-24T15:00:00Z,3.744603848860695e-05,0.0005593468695369979,0.000521900831048391,0
2023-03-24T14:59:55Z,2023-03-24T15:00:00Z,3.1592346036498384e-05,0.000560687097579754,0.0005290947515432556,0
2023-03-24T14:59:55Z,2023-03-24T15:00:00Z,2.9295752858264374e-05,0.0005650002102834443,0.0005357044574251799,0
2023-03-24T14:59:55Z,2023-03-24T15:00:00Z,2.1710633580177344e-05,0.0005641699944796408,0.0005424593608994634,0
2023-03-24T14:59:55Z,2023-03-24T15:00:00Z,1.9206243592769455e-05,0.0005672321105810822,0.0005480258669883128,0
2023-03-24T14:59:55Z,2023-03-24T15:00:00Z,2.1629357346606955e-05,0.0005738732551535907,0.0005522438978069837,0
2023-03-24T15:00:55Z,2023-03-24T15:01:00Z,1.989359369509243e-05,0.0005755996518382794,0.000555706058143187,0
2023-03-24T15:00:55Z,2023-03-24T15:01:00Z,2.217725240373416e-05,0.0005803040499251185,0.0005581267975213844,0
2023-03-24T15:00:55Z,2023-03-24T15:01:00Z,2.335018434947351e-05,0.0005827395265456431,0.0005593893421961696,0
2023-03-24T15:00:55Z,2023-03-24T15:01:00Z,1.9506382257686306e-05,0.0005795092106197877,0.0005600028283621014,0
2023-03-24T15:00:55Z,2023-03-24T15:01:00Z,1.857729732531539e-05,0.0005791661197416713,0.0005605888224163559,0
2023-03-24T15:00:55Z,2023-03-24T15:01:00Z,2.0690956491770736e-05,0.000581966294576115,0.0005612753380843442,0
2023-03-24T15:00:55Z,2023-03-24T15:01:00Z,1.1712288113762109e-05,0.000574259077791782,0.0005625467896780198,0
2023-03-24T15:00:55Z,2023-03-24T15:01:00Z,6.908256553351936e-06,0.0005712877433605173,0.0005643794868071654,0
2023-03-24T15:00:55Z,2023-03-24T15:01:00Z,3.7456071661463386e-06,0.0005697025443267517,0.0005659569371606054,0
2023-03-24T15:00:55Z,2023-03-24T15:01:00Z,3.082019068746753e-06,0.0005709098258060841,0.0005678278067373373,0
2023-03-24T15:00:55Z,2023-03-24T15:01:00Z,4.459289290484098e-06,0.0005650504406540235,0.0005695097299445076,0
2023-03-24T15:00:55Z,2023-03-24T15:01:00Z,6.874731941054128e-06,0.0005642327486379145,0.0005711074805789686,0
2023-03-24T15:01:55Z,2023-03-24T15:02:00Z,3.256728559901303e-06,0.0005685552727812919,0.0005718120013411932,1
2023-03-24T15:01:55Z,2023-03-24T15:02:00Z,1.545280598361969e-06,0.0005736446865925503,0.0005720994059941883,1
2023-03-24T15:01:55Z,2023-03-24T15:02:00Z,6.881928681105897e-06,0.0005794441685106787,0.0005725622398295729,1
2023-03-24T15:01:55Z,2023-03-24T15:02:00Z,1.3203758190348438e-05,0.0005862744966263392,0.0005730707384359908,1
2023-03-24T15:01:55Z,2023-03-24T15:02:00Z,1.8652689174085608e-05,0.0005926219084354317,0.0005739692192613461,1
2023-03-24T15:01:55Z,2023-03-24T15:02:00Z,1.2903968413995027e-05,0.0005879933280309443,0.0005750893596169493,1
2023-03-24T15:01:55Z,2023-03-24T15:02:00Z,1.1315238188803231e-05,0.000587507459763508,0.0005761922215747048,1
2023-03-24T15:01:55Z,2023-03-24T15:02:00Z,1.1187160280793154e-05,0.0005881084216315369,0.0005769212613507438,1
2023-03-24T15:01:55Z,2023-03-24T15:02:00Z,5.65577451328242e-06,0.0005830007658545197,0.0005773449913412373,1
2023-03-24T15:01:55Z,2023-03-24T15:02:00Z,6.345373708523702e-06,0.0005840061824077548,0.0005776608086992311,1
2023-03-24T15:01:55Z,2023-03-24T15:02:00Z,7.688870274788918e-06,0.0005855550645760631,0.0005778661943012742,1
2023-03-24T15:01:55Z,2023-03-24T15:02:00Z,1.2426219510395381e-08,0.0005781384776503568,0.0005781509038698672,1
2023-03-24T15:02:55Z,2023-03-24T15:03:00Z,7.207726964232912e-06,0.0005711542810232784,0.0005783620079875113,1
2023-03-24T15:02:55Z,2023-03-24T15:03:00Z,8.384149405191513e-06,0.0005702060585740007,0.0005785902079791922,1
2023-03-24T15:02:55Z,2023-03-24T15:03:00Z,9.615775713761273e-06,0.000568966581539711,0.0005785823572534723,1
2023-03-24T15:02:55Z,2023-03-24T15:03:00Z,6.078869274593569e-06,0.0005725331064640109,0.0005786119757386044,1
2023-03-24T15:02:55Z,2023-03-24T15:03:00Z,7.560395419694589e-06,0.0005709372718326527,0.0005784976672523473,1
2023-03-24T15:02:55Z,2023-03-24T15:03:00Z,2.052866743784492e-06,0.000580990690808484,0.0005789378240646995,1
2023-03-24T15:02:55Z,2023-03-24T15:03:00Z,4.837857150113414e-06,0.0005841700649321504,0.000579332207782037,1
2023-03-24T15:02:55Z,2023-03-24T15:03:00Z,1.20448603762453e-05,0.0005921085633363524,0.0005800637029601071,1
2023-03-24T15:02:55Z,2023-03-24T15:03:00Z,1.4506482847759456e-05,0.0005951893257101959,0.0005806828428624364,1
2023-03-24T15:02:55Z,2023-03-24T15:03:00Z,1.4138630683107971e-05,0.0005955664379470547,0.0005814278072639467,1
2023-03-24T15:02:55Z,2023-03-24T15:03:00Z,1.7982647153651026e-05,0.000599934856128413,0.0005819522089747619,1
2023-03-24T15:03:55Z,2023-03-24T15:04:00Z,2.0845218036416092e-05,0.0006029706346295086,0.0005821254165930926,1
2023-03-24T15:03:55Z,2023-03-24T15:04:00Z,1.9130855809515392e-05,0.0006019587152318709,0.0005828278594223555,1
2023-03-24T15:03:55Z,2023-03-24T15:04:00Z,8.160860267700937e-06,0.0005918983182115859,0.0005837374579438849,1
2023-03-24T15:03:55Z,2023-03-24T15:04:00Z,1.035105852573051e-06,0.0005835170752442727,0.0005845521810968458,1
2023-03-24T15:03:55Z,2023-03-24T15:04:00Z,7.547973599363782e-06,0.0005775275929302506,0.0005850755665296143,1
2023-03-24T15:03:55Z,2023-03-24T15:04:00Z,1.0021269949294612e-05,0.0005750255255707032,0.0005850467955199978,1
2023-03-24T15:03:55Z,2023-03-24T15:04:00Z,1.0631206720011755e-05,0.0005739433845855264,0.0005845745913055382,1
2023-03-24T15:03:55Z,2023-03-24T15:04:00Z,9.344655423563402e-06,0.0005750468210537599,0.0005843914764773233,1
2023-03-24T15:03:55Z,2023-03-24T15:04:00Z,1.6253787086855796e-05,0.0005683017543058939,0.0005845555413927497,1
2023-03-24T15:03:55Z,2023-03-24T15:04:00Z,1.947562361984275e-05,0.0005653646685070103,0.0005848402921268531,1
2023-03-24T15:03:55Z,2023-03-24T15:04:00Z,2.5329692211016304e-05,0.0005594714924314946,0.0005848011846425109,1
2023-03-24T15:03:55Z,2023-03-24T15:04:00Z,3.0273616481473658e-05,0.0005541058953400373,0.000584379511821511,1
2023-03-24T15:03:55Z,2023-03-24T15:04:00Z,3.096537463162887e-05,0.0005527396795780492,0.0005837050542096781,1
2023-03-24T15:04:55Z,2023-03-24T15:05:00Z,3.422635035655805e-05,0.0005478972452961526,0.0005821235956527107,1
2023-03-24T15:04:55Z,2023-03-24T15:05:00Z,3.5525393317029454e-05,0.0005447493561383811,0.0005802747494554106,1
2023-03-24T15:04:55Z,2023-03-24T15:05:00Z,4.075038386634636e-05,0.0005369236998219937,0.00057767408368834,1
2023-03-24T15:04:55Z,2023-03-24T15:05:00Z,3.7235488903652634e-05,0.0005374715377510512,0.0005747070266547039,1
2023-03-24T15:04:55Z,2023-03-24T15:05:00Z,3.2015297132493995e-05,0.000539242156691324,0.000571257453823818,1
2023-03-24T15:04:55Z,2023-03-24T15:05:00Z,3.0876826248214806e-05,0.000536706314729876,0.0005675831409780908,1
2023-03-24T15:04:55Z,2023-03-24T15:05:00Z,2.7416775030419992e-05,0.0005364176319513069,0.0005638344069817269,1
2023-03-24T15:04:55Z,2023-03-24T15:05:00Z,1.9979183506866325e-05,0.0005400168469747432,0.0005599960304816095,1
2023-03-24T15:04:55Z,2023-03-24T15:05:00Z,1.9502420261732333e-05,0.0005372300404398607,0.0005567324607015931,1
2023-03-24T15:04:55Z,2023-03-24T15:05:00Z,1.0717216933926591e-05,0.0005434564068106353,0.0005541736237445619,1
2023-03-24T15:04:55Z,2023-03-24T15:05:00Z,5.783240522451113e-06,0.0005460199389579703,0.0005518031794804214,1
2023-03-24T15:04:55Z,2023-03-24T15:05:00Z,2.5547634857358854e-06,0.000552500935980271,0.0005499461724945351,1
2023-03-24T15:05:55Z,2023-03-24T15:06:00Z,1.2099887604180592e-05,0.0005604035044735653,0.0005483036168693847,1
2023-03-24T15:05:55Z,2023-03-24T15:06:00Z,1.657502581416993e-05,0.0005635524141498201,0.0005469773883356501,1
2023-03-24T15:05:55Z,2023-03-24T15:06:00Z,2.389925486299255e-05,0.0005704120402673293,0.0005465127854043367,1
2023-03-24T15:05:55Z,2023-03-24T15:06:00Z,2.875056897432384e-05,0.0005751567511811787,0.0005464061822068549,1
2023-03-24T15:05:55Z,2023-03-24T15:06:00Z,2.590802886341518e-05,0.0005729577727076721,0.0005470497438442569,1
2023-03-24T15:05:55Z,2023-03-24T15:06:00Z,2.3484406405625564e-05,0.0005717724358875965,0.000548288029481971,1
2023-03-24T15:05:55Z,2023-03-24T15:06:00Z,2.1581178395357523e-05,0.0005710585074731888,0.0005494773290778313,1
2023-03-24T15:05:55Z,2023-03-24T15:06:00Z,1.833496024904776e-05,0.0005692167123028463,0.0005508817520537985,1
2023-03-24T15:05:55Z,2023-03-24T15:06:00Z,1.7566689643217317e-05,0.0005699960388343575,0.0005524293491911402,1
2023-03-24T15:05:55Z,2023-03-24T15:06:00Z,8.368954579288145e-06,0.0005626978927398902,0.000554328938160602,1
2023-03-24T15:05:55Z,2023-03-24T15:06:00Z,1.569167104881349e-06,0.0005578113112115603,0.0005562421441066789,1
2023-03-24T15:05:55Z,2023-03-24T15:06:00Z,3.282305683292115e-06,0.0005543395876027141,0.0005576218932860063,1
2023-03-24T15:06:55Z,2023-03-24T15:07:00Z,4.518897778960562e-06,0.0005543444658883213,0.0005588633636672819,1
2023-03-24T15:06:55Z,2023-03-24T15:07:00Z,1.4897777425022622e-06,0.0005584278186101566,0.0005599175963526588,1
2023-03-24T15:06:55Z,2023-03-24T15:07:00Z,3.533524789708551e-06,0.0005572268726755136,0.0005607603974652222,1
2023-03-24T15:06:55Z,2023-03-24T15:07:00Z,6.867454000763877e-06,0.0005551398715921228,0.0005620073255928866,1
2023-03-24T15:06:55Z,2023-03-24T15:07:00Z,3.4278966005373782e-06,0.0005593894563961657,0.0005628173529967031,1
2023-03-24T15:06:55Z,2023-03-24T15:07:00Z,1.6470323765846147e-06,0.0005650008519988262,0.0005633538196222415,1
2023-03-24T15:06:55Z,2023-03-24T15:07:00Z,1.2887290004208744e-05,0.0005766463167097383,0.0005637590267055295,1
2023-03-24T15:06:55Z,2023-03-24T15:07:00Z,1.933021594077613e-05,0.0005833596748536739,0.0005640294589128978,1
2023-03-24T15:06:55Z,2023-03-24T15:07:00Z,1.7102716194103223e-05,0.0005819024046693491,0.0005647996884752458,1
2023-03-24T15:06:55Z,2023-03-24T15:07:00Z,1.8051624262982176e-05,0.0005836129383021306,0.0005655613140391484,1
2023-03-24T15:06:55Z,2023-03-24T15:07:00Z,2.159903681360324e-05,0.0005875571539991146,0.0005659581171855114,1
2023-03-24T15:06:55Z,2023-03-24T15:07:00Z,2.0318625826157137e-05,0.0005869035174584014,0.0005665848916322442,1
2023-03-24T15:07:55Z,2023-03-24T15:08:00Z,1.8102288640103013e-05,0.0005856156931024365,0.0005675134044623335,1
2023-03-24T15:07:55Z,2023-03-24T15:08:00Z,1.6460188843997556e-05,0.0005849056527172259,0.0005684454638732283,1
2023-03-24T15:07:55Z,2023-03-24T15:08:00Z,1.8158767819913008e-05,0.000587568877622529,0.000569410109802616,1
2023-03-24T15:07:55Z,2023-03-24T15:08:00Z,1.7932491709319437e-05,0.0005882196376226925,0.000570287145913373,1
2023-03-24T15:07:55Z,2023-03-24T15:08:00Z,1.4892856172197123e-05,0.0005866430011963134,0.0005717501450241163,1
2023-03-24T15:07:55Z,2023-03-24T15:08:00Z,1.0794168712009483e-05,0.0005843330388191337,0.0005735388701071242,1
2023-03-24T15:07:55Z,2023-03-24T15:08:00Z,7.15419389499131e-08,0.0005753675289677978,0.0005754390709067477,1
2023-03-24T15:07:55Z,2023-03-24T15:08:00Z,7.779380129471053e-06,0.0005694237244790892,0.0005772031046085603,1
2023-03-24T15:07:55Z,2023-03-24T15:08:00Z,1.1324851109822541e-05,0.0005668747070491871,0.0005781995581590096,1
2023-03-24T15:07:55Z,2023-03-24T15:08:00Z,2.8226994824976205e-06,0.0005760943205473107,0.0005789170200298083,1
2023-03-24T15:07:55Z,2023-03-24T15:08:00Z,3.6637015632986613e-07,0.0005792409343121293,0.0005796073044684591,1
2023-03-24T15:08:55Z,2023-03-24T15:09:00Z,3.3453214359401235e-06,0.0005839352649721135,0.0005805899435361734,0
2023-03-24T15:08:55Z,2023-03-24T15:09:00Z,3.803375600549392e-06,0.0005852309710375055,0.0005814275954369561,0
2023-03-24T15:08:55Z,2023-03-24T15:09:00Z,9.461691862951149e-07,0.0005828025262857438,0.0005818563570994487,0
2023-03-24T15:08:55Z,2023-03-24T15:09:00Z,2.5991222255222855e-06,0.0005845655555710786,0.0005819664333455563,0
2023-03-24T15:08:55Z,2023-03-24T15:09:00Z,3.291982226695479e-06,0.0005787273994492372,0.0005820193816759326,0
2023-03-24T15:08:55Z,2023-03-24T15:09:00Z,2.4231724871596333e-06,0.0005844985904730304,0.0005820754179858708,0
2023-03-24T15:08:55Z,2023-03-24T15:09:00Z,3.0146375950396674e-06,0.0005785413830643677,0.0005815560206594073,0
2023-03-24T15:08:55Z,2023-03-24T15:09:00Z,2.114078683598049e-06,0.0005835286330497483,0.0005814145543661502,0
2023-03-24T15:08:55Z,2023-03-24T15:09:00Z,8.926073351158618e-06,0.0005899244918327165,0.0005809984184815579,0
2023-03-24T15:08:55Z,2023-03-24T15:09:00Z,1.1463899030390032e-05,0.0005923813163550375,0.0005809174173246475,0
2023-03-24T15:08:55Z,2023-03-24T15:09:00Z,1.5034787546492246e-05,0.0005960907704129155,0.0005810559828664233,0
2023-03-24T15:08:55Z,2023-03-24T15:09:00Z,1.7304867437619342e-05,0.000598605654935357,0.0005813007874977377,0
2023-03-24T15:08:55Z,2023-03-24T15:09:00Z,1.3630865065206036e-05,0.0005954874036933321,0.0005818565386281261,0
2023-03-24T15:09:55Z,2023-03-24T15:10:00Z,1.2024248163763538e-05,0.000594720352445785,0.0005826961042820214,0
2023-03-24T15:09:55Z,2023-03-24T15:10:00Z,1.4217386847951421e-05,0.0005980970131726515,0.0005838796263247,0
2023-03-24T15:09:55Z,2023-03-24T15:10:00Z,1.0492504345270483e-05,0.0005958601676091878,0.0005853676632639174,0
2023-03-24T15:09:55Z,2023-03-24T15:10:00Z,9.228883800784632e-06,0.0005964331533072588,0.0005872042695064741,0
2023-03-24T15:09:55Z,2023-03-24T15:10:00Z,7.685287429760662e-06,0.0005960522538222275,0.0005883669663924668,0
2023-03-24T15:09:55Z,2023-03-24T15:10:00Z,1.4331042308274745e-05,0.0006037093157004553,0.0005893782733921805,0
2023-03-24T15:09:55Z,2023-03-24T15:10:00Z,9.836125941177346e-06,0.0005999271633833644,0.0005900910374421871,0
2023-03-24T15:09:55Z,2023-03-24T15:10:00Z,1.1890084112427387e-05,0.0006030680830053761,0.0005911779988929487,0
2023-03-24T15:09:55Z,2023-03-24T15:10:00Z,1.8328307026565485e-05,0.000610513637513492,0.0005921853304869265,0
2023-03-24T15:09:55Z,2023-03-24T15:10:00Z,1.6257874550806763e-05,0.0006095315890044567,0.00059327371445365,0
2023-03-24T15:09:55Z,2023-03-24T15:10:00Z,1.3900763998257303e-05,0.0006090442571615693,0.000595143493163312,0
2023-03-24T15:09:55Z,2023-03-24T15:10:00Z,1.5448664687978423e-05,0.0006120646871766684,0.00059661602248869,0
2023-03-24T15:10:55Z,2023-03-24T15:11:00Z,1.3107945774698732e-05,0.0006115182549749888,0.0005984103092002901,0
2023-03-24T15:10:55Z,2023-03-24T15:11:00Z,4.751110864077463e-06,0.0006048400114835982,0.0006000889006195207,0
2023-03-24T15:10:55Z,2023-03-24T15:11:00Z,8.656323813041817e-07,0.000602224754362135,0.0006013591219808308,0
2023-03-24T15:10:55Z,2023-03-24T15:11:00Z,9.636423101441836e-06,0.000592455563298716,0.0006020919864001579,0
2023-03-24T15:10:55Z,2023-03-24T15:11:00Z,3.480497127193532e-05,0.0005676478377134709,0.0006024528089854062,0
2023-03-24T15:10:55Z,2023-03-24T15:11:00Z,3.188963753391e-05,0.0005702014013552231,0.0006020910388891331,0
2023-03-24T15:10:55Z,2023-03-24T15:11:00Z,3.250335753017281e-05,0.0005679500598307331,0.000600453417360906,0
2023-03-24T15:10:55Z,2023-03-24T15:11:00Z,3.0688961417644784e-05,0.00056832216470264,0.0005990111261202848,0
2023-03-24T15:10:55Z,2023-03-24T15:11:00Z,1.9070565502064926e-05,0.0005781672104216364,0.0005972377759237013,0
2023-03-24T15:10:55Z,2023-03-24T15:11:00Z,8.012947227868032e-06,0.0005876049461719186,0.0005956178933997867,0
2023-03-24T15:10:55Z,2023-03-24T15:11:00Z,4.066240118075974e-06,0.0005904771860531446,0.0005945434261712206,0
2023-03-24T15:11:55Z,2023-03-24T15:12:00Z,2.629660262047813e-07,0.0005943094917474073,0.0005940465257212026,1
2023-03-24T15:11:55Z,2023-03-24T15:12:00Z,8.831583930633065e-06,0.0006020997490843468,0.0005932681651537137,1
2023-03-24T15:11:55Z,2023-03-24T15:12:00Z,1.6168768657144985e-05,0.0006091064825381554,0.0005929377138810104,1
2023-03-24T15:11:55Z,2023-03-24T15:12:00Z,5.5133112949983095e-06,0.0005983940643571245,0.0005928807530621262,1
2023-03-24T15:11:55Z,2023-03-24T15:12:00Z,4.76597863687824e-07,0.0005932745771037353,0.0005927979792400475,1
2023-03-24T15:11:55Z,2023-03-24T15:12:00Z,3.899135884208316e-06,0.0005960419666155893,0.000592142830731381,1
2023-03-24T15:11:55Z,2023-03-24T15:12:00Z,5.2035840041488165e-06,0.0005964187864968336,0.0005912152024926848,1
2023-03-24T15:11:55Z,2023-03-24T15:12:00Z,8.886700604089875e-06,0.0005991593901225936,0.0005902726895185037,1
2023-03-24T15:11:55Z,2023-03-24T15:12:00Z,5.5879862448680396e-06,0.000594972471735245,0.0005893844854903769,1
2023-03-24T15:11:55Z,2023-03-24T15:12:00Z,5.359880616919474e-06,0.0005944102119095902,0.0005890503312926707,1
2023-03-24T15:11:55Z,2023-03-24T15:12:00Z,5.72879872275014e-06,0.0005943525251550156,0.0005886237264322655,1
2023-03-24T15:11:55Z,2023-03-24T15:12:00Z,7.460361584096364e-07,0.0005894847419207266,0.000588738705762317,1
2023-03-24T15:11:55Z,2023-03-24T15:12:00Z,5.049788237608565e-06,0.0005852597814918581,0.0005903095697294666,1
2023-03-24T15:12:55Z,2023-03-24T15:13:00Z,9.053447300236966e-06,0.0005823904365801415,0.0005914438838803785,1
2023-03-24T15:12:55Z,2023-03-24T15:13:00Z,1.8982528386352103e-05,0.0005734795744152692,0.0005924621028016213,1
2023-03-24T15:12:55Z,2023-03-24T15:13:00Z,1.2654556260381796e-05,0.0005806350919457984,0.0005932896482061802,1
2023-03-24T15:12:55Z,2023-03-24T15:13:00Z,1.836785904703504e-05,0.0005746460458646528,0.0005930139049116879,1
2023-03-24T15:12:55Z,2023-03-24T15:13:00Z,2.3105791022878645e-05,0.0005694981224637433,0.000592603913486622,1
2023-03-24T15:12:55Z,2023-03-24T15:13:00Z,1.965561485978292e-05,0.0005720170550863396,0.0005916726699461226,1
2023-03-24T15:12:55Z,2023-03-24T15:13:00Z,2.0047012770190646e-05,0.0005701661648651282,0.0005902131776353188,1
2023-03-24T15:12:55Z,2023-03-24T15:13:00Z,8.19355105555013e-06,0.0005802500563445917,0.0005884436074001418,1
2023-03-24T15:12:55Z,2023-03-24T15:13:00Z,4.849295140548957e-06,0.0005813037053376502,0.0005861530004781991,1
2023-03-24T15:12:55Z,2023-03-24T15:13:00Z,6.4005119507849805e-06,0.0005786851939384416,0.0005850857058892266,1
2023-03-24T15:12:55Z,2023-03-24T15:13:00Z,4.687169739036375e-06,0.0005796943672227733,0.0005843815369618097,1
2023-03-24T15:13:55Z,2023-03-24T15:14:00Z,1.1220343400905521e-06,0.000584482584673833,0.0005833605503337424,0
2023-03-24T15:13:55Z,2023-03-24T15:14:00Z,2.6114290425728647e-06,0.0005797653319221071,0.00058237676096468,0
2023-03-24T15:13:55Z,2023-03-24T15:14:00Z,4.673260498631957e-06,0.0005861866799663259,0.000581513419467694,0
2023-03-24T15:13:55Z,2023-03-24T15:14:00Z,1.9327688155998954e-06,0.0005825516506472271,0.0005806188818316272,0
2023-03-24T15:13:55Z,2023-03-24T15:14:00Z,6.510084713184754e-06,0.0005866452293716786,0.0005801351446584938,0
2023-03-24T15:13:55Z,2023-03-24T15:14:00Z,1.4589083555094882e-06,0.00058089988392531,0.0005794409755698005,0
2023-03-24T15:13:55Z,2023-03-24T15:14:00Z,7.733315818044678e-07,0.0005800472770016609,0.0005792739454198564,0
2023-03-24T15:13:55Z,2023-03-24T15:14:00Z,1.2614345562372538e-06,0.0005802789154133556,0.0005790174808571184,0
2023-03-24T15:13:55Z,2023-03-24T15:14:00Z,2.030820266965116e-06,0.000576848827673772,0.0005788796479407371,0
2023-03-24T15:13:55Z,2023-03-24T15:14:00Z,5.884141518340503e-06,0.0005733954676575782,0.0005792796091759187,0
2023-03-24T15:13:55Z,2023-03-24T15:14:00Z,3.1491483265716535e-06,0.0005759077394215807,0.0005790568877481523,0
2023-03-24T15:13:55Z,2023-03-24T15:14:00Z,3.923998764289341e-06,0.0005750593255599176,0.000578983324324207,0
2023-03-24T15:13:55Z,2023-03-24T15:14:00Z,3.197277183557604e-06,0.0005761630834322867,0.0005793603606158443,0
2023-03-24T15:14:55Z,2023-03-24T15:15:00Z,1.056697300823512e-05,0.0005689723446942902,0.0005795393177025253,0
2023-03-24T15:14:55Z,2023-03-24T15:15:00Z,1.6177684300714757e-05,0.0005637143933175259,0.0005798920776182406,0
2023-03-24T15:14:55Z,2023-03-24T15:15:00Z,1.6063194857905715e-05,0.0005631654879573759,0.0005792286828152816,0
2023-03-24T15:14:55Z,2023-03-24T15:15:00Z,1.3982270177292271e-05,0.0005642117472250409,0.0005781940174023331,0
2023-03-24T15:14:55Z,2023-03-24T15:15:00Z,3.0301459004344238e-06,0.0005742509476206596,0.000577281093521094,0
2023-03-24T15:14:55Z,2023-03-24T15:15:00Z,4.535821568649981e-06,0.0005718345295996363,0.0005763703511682863,0
2023-03-24T15:14:55Z,2023-03-24T15:15:00Z,3.810848024046092e-06,0.0005719576421411123,0.0005757684901651584,0
2023-03-24T15:14:55Z,2023-03-24T15:15:00Z,4.651772816820785e-06,0.0005706501995646629,0.0005753019723814837,0
2023-03-24T15:14:55Z,2023-03-24T15:15:00Z,1.0586987126892308e-06,0.0005734062714437819,0.0005744649701564711,0
2023-03-24T15:14:55Z,2023-03-24T15:15:00Z,4.057328677230308e-06,0.0005697075561214429,0.0005737648847986732,0
2023-03-24T15:14:55Z,2023-03-24T15:15:00Z,5.369873693967294e-07,0.0005724491351982238,0.0005729861225676205,0
2023-03-24T15:14:55Z,2023-03-24T15:15:00Z,6.837822868406866e-07,0.0005716439680570228,0.0005723277503438635,0
2023-03-24T15:15:55Z,2023-03-24T15:16:00Z,8.776883294703275e-06,0.0005806576841207176,0.0005718808008260143,0
2023-03-24T15:15:55Z,2023-03-24T15:16:00Z,1.1751658526902987e-05,0.000583124521273133,0.00057137286274623,0
2023-03-24T15:15:55Z,2023-03-24T15:16:00Z,1.8446938116153098e-05,0.0005900438512416152,0.0005715969131254621,0
2023-03-24T15:15:55Z,2023-03-24T15:16:00Z,2.0936439645497353e-05,0.0005931056500424628,0.0005721692103969655,0
2023-03-24T15:15:55Z,2023-03-24T15:16:00Z,2.1222376810254868e-05,0.000594223123196634,0.0005730007463863792,0
2023-03-24T15:15:55Z,2023-03-24T15:16:00Z,2.447062992108563e-05,0.0005985329248064381,0.0005740622948853524,0
2023-03-24T15:15:55Z,2023-03-24T15:16:00Z,2.4364833913677504e-05,0.0005994894840792857,0.0005751246501656082,0
2023-03-24T15:15:55Z,2023-03-24T15:16:00Z,2.223981889917326e-05,0.0005991033267184372,0.0005768635078192639,0
2023-03-24T15:15:55Z,2023-03-24T15:16:00Z,2.659418646400473e-05,0.0006055621113869016,0.0005789679249228968,0
2023-03-24T15:15:55Z,2023-03-24T15:16:00Z,2.745278118257942e-05,0.0006085346966208328,0.0005810819154382534,0
2023-03-24T15:15:55Z,2023-03-24T15:16:00Z,2.056279152906279e-05,0.0006040770813297786,0.0005835142898007158,0
2023-03-24T15:16:55Z,2023-03-24T15:17:00Z,1.4992287296447505e-05,0.0006005232682148205,0.000585530980918373,0
2023-03-24T15:16:55Z,2023-03-24T15:17:00Z,1.279621798625874e-05,0.0006002238195946402,0.0005874276016083815,0
2023-03-24T15:16:55Z,2023-03-24T15:17:00Z,1.0437952455774808e-05,0.0005995458850096685,0.0005891079325538937,0
2023-03-24T15:16:55Z,2023-03-24T15:17:00Z,1.2502614974522108e-05,0.0006033501722360615,0.0005908475572615394,0
2023-03-24T15:16:55Z,2023-03-24T15:17:00Z,8.502714625350182e-06,0.0006008878962142945,0.0005923851815889444,0
2023-03-24T15:16:55Z,2023-03-24T15:17:00Z,1.1192621676919291e-05,0.0006055567806843707,0.0005943641590074514,0
2023-03-24T15:16:55Z,2023-03-24T15:17:00Z,6.556796686476673e-06,0.0006025938239889911,0.0005960370273025144,0
2023-03-24T15:16:55Z,2023-03-24T15:17:00Z,7.795055547808543e-06,0.0006058269541813435,0.0005980318986335349,0
2023-03-24T15:16:55Z,2023-03-24T15:17:00Z,1.0910829368291318e-05,0.0006102330891705482,0.0005993222598022569,0
2023-03-24T15:16:55Z,2023-03-24T15:17:00Z,5.278321845847661e-06,0.0006059360188779993,0.0006006576970321516,0
2023-03-24T15:16:55Z,2023-03-24T15:17:00Z,8.392390386433761e-06,0.000610237689649699,0.0006018452992632653,0
2023-03-24T15:16:55Z,2023-03-24T15:17:00Z,1.4541990502406517e-05,0.0006171420173442328,0.0006026000268418263,0
2023-03-24T15:16:55Z,2023-03-24T15:17:00Z,2.1792567065622836e-05,0.0006253346272282177,0.0006035420601625948,0
2023-03-24T15:17:55Z,2023-03-24T15:18:00Z,2.4325541917963583e-05,0.0006289622545827816,0.000604636712664818,0
2023-03-24T15:17:55Z,2023-03-24T15:18:00Z,3.6768693478607286e-05,0.0006429257086815977,0.0006061570152029904,0
2023-03-24T15:17:55Z,2023-03-24T15:18:00Z,3.529722577502075e-05,0.0006432106484994433,0.0006079134227244226,0
2023-03-24T15:17:55Z,2023-03-24T15:18:00Z,3.219814800247962e-05,0.000642309429391296,0.0006101112813888164,0
2023-03-24T15:17:55Z,2023-03-24T15:18:00Z,2.3531279574419742e-05,0.0006356823228384484,0.0006121510432640287,0
2023-03-24T15:17:55Z,2023-03-24T15:18:00Z,2.5034047784117542e-05,0.0006394340526988237,0.0006144000049147062,0
2023-03-24T15:17:55Z,2023-03-24T15:18:00Z,1.1133436630555906e-05,0.0006276016212290051,0.0006164681845984492,0
2023-03-24T15:17:55Z,2023-03-24T15:18:00Z,4.560893288465357e-06,0.0006233355621871605,0.0006187746688986951,0
2023-03-24T15:17:55Z,2023-03-24T15:18:00Z,6.788110903845762e-06,0.0006272131172272077,0.0006204250063233619,0
2023-03-24T15:17:55Z,2023-03-24T15:18:00Z,7.162294623764848e-06,0.0006144383228731912,0.0006216006174969561,0
2023-03-24T15:17:55Z,2023-03-24T15:18:00Z,2.0416733551340753e-05,0.0006027324263581397,0.0006231491599094804,0
2023-03-24T15:17:55Z,2023-03-24T15:18:00Z,3.468057867168223e-05,0.0005889910248959641,0.0006236716035676463,0
2023-03-24T15:18:55Z,2023-03-24T15:19:00Z,4.881363296698198e-05,0.0005748661236812025,0.0006236797566481845,0
2023-03-24T15:18:55Z,2023-03-24T15:19:00Z,5.361152617380956e-05,0.0005690778816928821,0.0006226894078666916,0
2023-03-24T15:18:55Z,2023-03-24T15:19:00Z,5.636863075397368e-05,0.0005642403673780503,0.000620608998132024,0
2023-03-24T15:18:55Z,2023-03-24T15:19:00Z,5.648432261555253e-05,0.0005619565497997,0.0006184408724152525,0
2023-03-24T15:18:55Z,2023-03-24T15:19:00Z,5.216666321226568e-05,0.0005635684843634781,0.0006157351475757438,0
2023-03-24T15:18:55Z,2023-03-24T15:19:00Z,4.691906292249846e-05,0.0005655698806800375,0.000612488943602536,0
2023-03-24T15:18:55Z,2023-03-24T15:19:00Z,3.882246558401057e-05,0.0005700331754970702,0.0006088556410810807,0
2023-03-24T15:18:55Z,2023-03-24T15:19:00Z,3.251459773896497e-05,0.000572612080171366,0.0006051266779103309,0
2023-03-24T15:18:55Z,2023-03-24T15:19:00Z,2.3175179577144666e-05,0.0005776637022635083,0.0006008388818406529,0
2023-03-24T15:18:55Z,2023-03-24T15:19:00Z,5.503294075101853e-06,0.000591182730805076,0.0005966860248801778,0
2023-03-24T15:18:55Z,2023-03-24T15:19:00Z,3.1555611009631297e-06,0.0005960388961500946,0.0005928833350491314,0
2023-03-24T15:18:55Z,2023-03-24T15:19:00Z,3.98932952526041e-06,0.0005942550415136053,0.0005902657119883449,0
2023-03-24T15:19:55Z,2023-03-24T15:20:00Z,1.141454569094627e-05,0.000599127601411719,0.0005877130557207727,0
2023-03-24T15:19:55Z,2023-03-24T15:20:00Z,1.1907713001635617e-05,0.0005976592052097376,0.000585751492208102,0
2023-03-24T15:19:55Z,2023-03-24T15:20:00Z,6.387707640340156e-06,0.0005907152021557691,0.000584327494515429,0
2023-03-24T15:19:55Z,2023-03-24T15:20:00Z,8.687123842433656e-06,0.0005912761529450704,0.0005825890291026368,0
2023-03-24T15:19:55Z,2023-03-24T15:20:00Z,1.037998343358308e-05,0.0005915735348469597,0.0005811935514133766,0
2023-03-24T15:19:55Z,2023-03-24T15:20:00Z,1.3087733907532896e-05,0.0005936073868848464,0.0005805196529773135,0
2023-03-24T15:19:55Z,2023-03-24T15:20:00Z,1.5498267494337735e-05,0.0005961698328217099,0.0005806715653273722,0
2023-03-24T15:19:55Z,2023-03-24T15:20:00Z,1.0425482352739127e-05,0.0005921994749273845,0.0005817739925746454,0
2023-03-24T15:19:55Z,2023-03-24T15:20:00Z,5.2924253072666756e-06,0.0005780752114514273,0.000583367636758694,0
2023-03-24T15:19:55Z,2023-03-24T15:20:00Z,2.235389698171386e-05,0.0005626583931622351,0.000585012290143949,0
2023-03-24T15:19:55Z,2023-03-24T15:20:00Z,3.464773209542287e-05,0.0005513127146162748,0.0005859604467116976,0
2023-03-24T15:19:55Z,2023-03-24T15:20:00Z,3.236147383884117e-05,0.0005535454380963128,0.000585906911935154,0
2023-03-24T15:20:55Z,2023-03-24T15:21:00Z,3.391273984389837e-05,0.0005511555152639754,0.0005850682551078737,0
2023-03-24T15:20:55Z,2023-03-24T15:21:00Z,3.046292031284425e-05,0.0005536354678891027,0.000584098388201947,0
2023-03-24T15:20:55Z,2023-03-24T15:21:00Z,2.1404856540604e-05,0.0005614313807844375,0.0005828362373250416,0
2023-03-24T15:20:55Z,2023-03-24T15:21:00Z,2.0664825883457533e-05,0.0005607579858901483,0.0005814228117736059,0
2023-03-24T15:20:55Z,2023-03-24T15:21:00Z,1.4234521189731685e-05,0.0005654382111708956,0.0005796727323606273,0
2023-03-24T15:20:55Z,2023-03-24T15:21:00Z,2.5064501053370333e-05,0.000552532883644907,0.0005775973846982774,0
2023-03-24T15:20:55Z,2023-03-24T15:21:00Z,2.3214837094597766e-05,0.0005526874399364613,0.0005759022770310591,0
2023-03-24T15:20:55Z,2023-03-24T15:21:00Z,1.1094237717114994e-05,0.0005620671735629553,0.0005731614112800703,0
2023-03-24T15:20:55Z,2023-03-24T15:21:00Z,4.177240976998837e-06,0.0005663387723458199,0.0005705160133228187,0
2023-03-24T15:20:55Z,2023-03-24T15:21:00Z,5.908051601392645e-06,0.0005747388867716928,0.0005688308351703002,0
2023-03-24T15:20:55Z,2023-03-24T15:21:00Z,1.770260488443635e-05,0.0005850665353136043,0.0005673639304291679,0
2023-03-24T15:20:55Z,2023-03-24T15:21:00Z,1.9202914615327115e-05,0.0005855765716283027,0.0005663736570129756,0
2023-03-24T15:21:55Z,2023-03-24T15:22:00Z,2.2310348279593203e-05,0.0005881816022589665,0.0005658712539793732,0
2023-03-24T15:21:55Z,2023-03-24T15:22:00Z,2.255228541583475e-05,0.000587800406383831,0.0005652481209679962,0
2023-03-24T15:21:55Z,2023-03-24T15:22:00Z,2.4287187124801663e-05,0.0005892989626417145,0.0005650117755169129,0
2023-03-24T15:21:55Z,2023-03-24T15:22:00Z,2.9685336822737017e-05,0.0005952691826297912,0.0005655838458070542,0
2023-03-24T15:21:55Z,2023-03-24T15:22:00Z,2.658140008039039e-05,0.000593732338209767,0.0005671509381293766,0
2023-03-24T15:21:55Z,2023-03-24T15:22:00Z,3.583665135307773e-05,0.0006055732640714846,0.0005697366127184069,0
2023-03-24T15:21:55Z,2023-03-24T15:22:00Z,3.3081364691829704e-05,0.0006051819127110281,0.0005721005480191984,0
2023-03-24T15:21:55Z,2023-03-24T15:22:00Z,2.661110581618075e-05,0.0006019126978828797,0.0005753015920666989,0
2023-03-24T15:21:55Z,2023-03-24T15:22:00Z,2.52433943754058e-05,0.0006035771302551592,0.0005783337358797534,0
2023-03-24T15:21:55Z,2023-03-24T15:22:00Z,2.2848411935394116e-05,0.0006035634017621147,0.0005807149898267206,0
2023-03-24T15:21:55Z,2023-03-24T15:22:00Z,1.950344876977539e-05,0.0006027372117944377,0.0005832337630246623,0
2023-03-24T15:21:55Z,2023-03-24T15:22:00Z,2.0763009403851752e-05,0.0006062394306985858,0.000585476421294734,0
2023-03-24T15:22:55Z,2023-03-24T15:23:00Z,2.274754308141246e-05,0.0006111771601496483,0.0005884296170682358,0
2023-03-24T15:22:55Z,2023-03-24T15:23:00Z,2.282115245434734e-05,0.0006144008866262377,0.0005915797341718903,0
2023-03-24T15:22:55Z,2023-03-24T15:23:00Z,2.311925789056377e-05,0.0006175878148028477,0.0005944685569122839,0
2023-03-24T15:22:55Z,2023-03-24T15:23:00Z,1.5932517355763884e-05,0.0006132282574610136,0.0005972957401052497,0
2023-03-24T15:22:55Z,2023-03-24T15:23:00Z,1.7196505514869035e-05,0.000617012770798422,0.0005998162652835529,0
2023-03-24T15:22:55Z,2023-03-24T15:23:00Z,9.23696702720498e-06,0.0006107098042017821,0.0006014728371745771,0
2023-03-24T15:22:55Z,2023-03-24T15:23:00Z,1.7308758365312555e-06,0.0006050529011975859,0.0006033220253610546,0
2023-03-24T15:22:55Z,2023-03-24T15:23:00Z,3.5715178977914486e-06,0.0006010756958128406,0.000604647213710632,0
2023-03-24T15:22:55Z,2023-03-24T15:23:00Z,1.7874491649149315e-05,0.000587787574697586,0.0006056620663467353,0
2023-03-24T15:22:55Z,2023-03-24T15:23:00Z,2.4644250116884984e-05,0.0005817105652399165,0.0006063548153568015,0
2023-03-24T15:22:55Z,2023-03-24T15:23:00Z,2.9050799777401506e-05,0.0005768639209951527,0.0006059147207725542,0
2023-03-24T15:22:55Z,2023-03-24T15:23:00Z,3.980835589856063e-05,0.0005653992017581199,0.0006052075576566806,0
2023-03-24T15:23:55Z,2023-03-24T15:24:00Z,4.543935410645074e-05,0.0005580794186633868,0.0006035187727698375,0
2023-03-24T15:23:55Z,2023-03-24T15:24:00Z,4.711174159557159e-05,0.0005540668717064478,0.0006011786133020194,0
2023-03-24T15:23:55Z,2023-03-24T15:24:00Z,4.778444280176264e-05,0.0005508157423108747,0.0005986001851126374,0
2023-03-24T15:23:55Z,2023-03-24T15:24:00Z,4.312838627914357e-05,0.0005525594306835696,0.0005956878169627132,0
2023-03-24T15:23:55Z,2023-03-24T15:24:00Z,4.522887422562713e-05,0.0005473561392399543,0.0005925850134655815,0
2023-03-24T15:23:55Z,2023-03-24T15:24:00Z,3.7306193787288054e-05,0.0005523271854953011,0.0005896333792825892,0
2023-03-24T15:23:55Z,2023-03-24T15:24:00Z,3.00596128825001e-05,0.0005561100433731107,0.0005861696562556108,0
2023-03-24T15:23:55Z,2023-03-24T15:24:00Z,2.8416040070820543e-05,0.0005542918529698287,0.0005827078930406493,0
2023-03-24T15:23:55Z,2023-03-24T15:24:00Z,1.9834148879482026e-05,0.0005594448710286305,0.0005792790199081125,0
2023-03-24T15:23:55Z,2023-03-24T15:24:00Z,1.3006894432617249e-05,0.0005625488336029646,0.0005755557280355819,0
2023-03-24T15:23:55Z,2023-03-24T15:24:00Z,1.2713684314102913e-05,0.0005596783151078095,0.0005723919994219124,0
2023-03-24T15:23:55Z,2023-03-24T15:24:00Z,3.575148230877895e-07,0.0005695457532335026,0.0005691882384104148,0
2023-03-24T15:24:55Z,2023-03-24T15:25:00Z,3.5693493030067996e-07,0.0005658294511804686,0.0005661863861107693,0
2023-03-24T15:24:55Z,2023-03-24T15:25:00Z,6.256882036026305e-06,0.0005578408483121501,0.0005640977303481764,0
2023-03-24T15:24:55Z,2023-03-24T15:25:00Z,7.070047450385823e-06,0.0005549543743900038,0.0005620244218403896,0
2023-03-24T15:24:55Z,2023-03-24T15:25:00Z,6.0959925299104885e-06,0.0005541668571701594,0.0005602628497000699,0
2023-03-24T15:24:55Z,2023-03-24T15:25:00Z,4.38750925047329e-06,0.0005543014468701899,0.0005586889561206632,0
2023-03-24T15:24:55Z,2023-03-24T15:25:00Z,1.4302146923136742e-05,0.0005430516877960563,0.0005573538347191931,0
2023-03-24T15:24:55Z,2023-03-24T15:25:00Z,1.752000424905156e-05,0.0005391810213590869,0.0005567010256081385,0
2023-03-24T15:24:55Z,2023-03-24T15:25:00Z,2.2308751878432633e-05,0.0005335082895610392,0.0005558170414394719,0
2023-03-24T15:24:55Z,2023-03-24T15:25:00Z,2.672976408129885e-05,0.0005282116391024459,0.0005549414031837447,0
2023-03-24T15:24:55Z,2023-03-24T15:25:00Z,2.7618606910483545e-05,0.0005263047108173887,0.0005539233177278722,0
2023-03-24T15:24:55Z,2023-03-24T15:25:00Z,2.9498278129728105e-05,0.0005229928165639602,0.0005524910946936883,0
2023-03-24T15:24:55Z,2023-03-24T15:25:00Z,3.4592216255961445e-05,0.0005166605591187525,0.000551252775374714,0
2023-03-24T15:25:55Z,2023-03-24T15:26:00Z,2.6474399349216637e-05,0.000523052824911889,0.0005495272242611056,0
2023-03-24T15:25:55Z,2023-03-24T15:26:00Z,2.14077326476887e-05,0.0005257989337161019,0.0005472066663637906,0
2023-03-24T15:25:55Z,2023-03-24T15:26:00Z,1.722590455802023e-05,0.0005281431719200091,0.0005453690764780293,0
2023-03-24T15:25:55Z,2023-03-24T15:26:00Z,1.7886400257211216e-05,0.0005255035034377282,0.0005433899036949394,0
2023-03-24T15:25:55Z,2023-03-24T15:26:00Z,1.0652642597213063e-05,0.0005307133986457878,0.0005413660412430008,0
2023-03-24T15:25:55Z,2023-03-24T15:26:00Z,1.5920666189030153e-08,0.0005393716788697734,0.0005393557582035844,0
2023-03-24T15:25:55Z,2023-03-24T15:26:00Z,1.0427591201351682e-07,0.0005369672261393523,0.0005370715020513658,0
2023-03-24T15:25:55Z,2023-03-24T15:26:00Z,1.8609233747753193e-05,0.0005541243962514311,0.0005355151625036779,0
2023-03-24T15:25:55Z,2023-03-24T15:26:00Z,2.114671691481418e-05,0.0005554340192906803,0.0005342873023758661,0
2023-03-24T15:25:55Z,2023-03-24T15:26:00Z,2.4743137783984448e-05,0.0005589816179164052,0.0005342384801324207,0
2023-03-24T15:25:55Z,2023-03-24T15:26:00Z,4.187338235113827e-05,0.000576186401431825,0.0005343130190806867,0
2023-03-24T15:25:55Z,2023-03-24T15:26:00Z,5.5012761823871356e-05,0.0005896010850837472,0.0005345883232598758,0
2023-03-24T15:26:55Z,2023-03-24T15:27:00Z,5.613091784994627e-05,0.0005926683419119259,0.0005365374240619797,0
2023-03-24T15:26:55Z,2023-03-24T15:27:00Z,5.723746422342079e-05,0.0005967407743868513,0.0005395033101634305,0
2023-03-24T15:26:55Z,2023-03-24T15:27:00Z,6.568126421253753e-05,0.0006086645774554319,0.0005429833132428943,0
2023-03-24T15:26:55Z,2023-03-24T15:27:00Z,7.232398288202447e-05,0.0006193384217298839,0.0005470144388478594,0
2023-03-24T15:26:55Z,2023-03-24T15:27:00Z,6.629299942880688e-05,0.0006181521363141982,0.0005518591368853913,0
2023-03-24T15:26:55Z,2023-03-24T15:27:00Z,5.833354886176196e-05,0.0006158600742863252,0.0005575265254245633,0
2023-03-24T15:26:55Z,2023-03-24T15:27:00Z,5.545236843552091e-05,0.0006189489866362868,0.0005634966182007659,0
2023-03-24T15:26:55Z,2023-03-24T15:27:00Z,5.2117386066637605e-05,0.0006210732542306057,0.0005689558681639681,0
2023-03-24T15:26:55Z,2023-03-24T15:27:00Z,5.195014377448043e-05,0.0006263854268161065,0.000574435283041626,0
2023-03-24T15:26:55Z,2023-03-24T15:27:00Z,4.743014990194372e-05,0.0006273319083736049,0.0005799017584716612,0
2023-03-24T15:26:55Z,2023-03-24T15:27:00Z,3.355745198640623e-05,0.0006193934412450308,0.0005858359892586246,0
2023-03-24T15:26:55Z,2023-03-24T15:27:00Z,1.921752823890908e-05,0.0006107369592462287,0.0005915194310073197,0
2023-03-24T15:27:55Z,2023-03-24T15:28:00Z,1.5549704773291277e-05,0.0006117762982732732,0.000596226593499982,0
2023-03-24T15:27:55Z,2023-03-24T15:28:00Z,1.9114260388058643e-05,0.0006196802499531509,0.0006005659895650923,0
2023-03-24T15:27:55Z,2023-03-24T15:28:00Z,5.782598388081347e-06,0.0006097398763073997,0.0006039572779193183,0
2023-03-24T15:27:55Z,2023-03-24T15:28:00Z,7.531798754574167e-06,0.000600204669203713,0.0006077364679582871,0
2023-03-24T15:27:55Z,2023-03-24T15:28:00Z,1.0256267586341802e-05,0.0006004659802772979,0.0006107222478636397,0
2023-03-24T15:27:55Z,2023-03-24T15:28:00Z,6.641512878632406e-06,0.0006054935742657067,0.0006121350871443391,0
2023-03-24T15:27:55Z,2023-03-24T15:28:00Z,7.131012119976528e-06,0.0006056431865063361,0.0006127741986263126,0
2023-03-24T15:27:55Z,2023-03-24T15:28:00Z,1.3900218483408407e-05,0.0005996284055754795,0.0006135286240588879,0
2023-03-24T15:27:55Z,2023-03-24T15:28:00Z,1.5471713559096767e-05,0.0005985805818009373,0.0006140522953600341,0
2023-03-24T15:27:55Z,2023-03-24T15:28:00Z,1.7830919307831286e-05,0.0005956898365298527,0.000613520755837684,0
2023-03-24T15:27:55Z,2023-03-24T15:28:00Z,1.954609010081012e-05,0.0005927536163292888,0.000612299706430099,0
2023-03-24T15:27:55Z,2023-03-24T15:28:00Z,2.325530425067654e-05,0.0005877230904274021,0.0006109783946780786,0
2023-03-24T15:28:55Z,2023-03-24T15:29:00Z,2.9275803527006265e-05,0.0005803433877418348,0.0006096191912688411,0
2023-03-24T15:28:55Z,2023-03-24T15:29:00Z,3.480875810016966e-05,0.0005729736157446194,0.0006077823738447891,0
2023-03-24T15:28:55Z,2023-03-24T15:29:00Z,3.4608468775519695e-05,0.0005707780305699299,0.0006053864993454496,0
2023-03-24T15:28:55Z,2023-03-24T15:29:00Z,3.469263187371645e-05,0.0005675519962322339,0.0006022446281059503,0
2023-03-24T15:28:55Z,2023-03-24T15:29:00Z,3.650318728144633e-05,0.0005624147421301703,0.0005989179294116166,0
2023-03-24T15:28:55Z,2023-03-24T15:29:00Z,3.614620993001058e-05,0.0005597222227161474,0.000595868432646158,0
2023-03-24T15:28:55Z,2023-03-24T15:29:00Z,4.0138830227446146e-05,0.0005528871190589436,0.0005930259492863898,0
2023-03-24T15:28:55Z,2023-03-24T15:29:00Z,4.473432077366506e-05,0.0005452296240681879,0.000589963944841853,0
2023-03-24T15:28:55Z,2023-03-24T15:29:00Z,4.7639979859575676e-05,0.0005383949572826181,0.0005860349371421937,0
2023-03-24T15:28:55Z,2023-03-24T15:29:00Z,4.492186985615798e-05,0.000537318346566082,0.00058224021642224,0
2023-03-24T15:28:55Z,2023-03-24T15:29:00Z,3.736548895374677e-05,0.0005412388620613701,0.0005786043510151169,0
2023-03-24T15:28:55Z,2023-03-24T15:29:00Z,2.636568412262637e-05,0.0005485241002035953,0.0005748897843262217,0
2023-03-24T15:29:55Z,2023-03-24T15:30:00Z,2.1643323738757708e-05,0.0005494667716342678,0.0005711100953730256,0
2023-03-24T15:29:55Z,2023-03-24T15:30:00Z,1.3791073816390694e-05,0.0005539590753035323,0.000567750149119923,0
2023-03-24T15:29:55Z,2023-03-24T15:30:00Z,2.181784225509806e-06,0.0005626176805449302,0.00056479946477044,0
2023-03-24T15:29:55Z,2023-03-24T15:30:00Z,9.416978822172776e-06,0.0005715916490927654,0.0005621746702705926,0
2023-03-24T15:29:55Z,2023-03-24T15:30:00Z,2.2361032765167354e-05,0.0005825902820954706,0.0005602292493303032,0
2023-03-24T15:29:55Z,2023-03-24T15:30:00Z,2.4704203973834743e-05,0.0005836886317019894,0.0005589844277281547,0
2023-03-24T15:29:55Z,2023-03-24T15:30:00Z,3.531278847516831e-05,0.0005939952863014447,0.0005586824978262764,0
2023-03-24T15:29:55Z,2023-03-24T15:30:00Z,4.7986736073904164e-05,0.0006068660129566602,0.0005588792768827561,0
2023-03-24T15:29:55Z,2023-03-24T15:30:00Z,5.3534973690986284e-05,0.0006136508194300262,0.0005601158457390399,0
2023-03-24T15:29:55Z,2023-03-24T15:30:00Z,5.567234863020662e-05,0.0006179110168625836,0.0005622386682323769,0
2023-03-24T15:29:55Z,2023-03-24T15:30:00Z,5.176943310024676e-05,0.0006167197968148468,0.0005649503637146,0
2023-03-24T15:29:55Z,2023-03-24T15:30:00Z,4.7520911207152815e-05,0.0006157357616707183,0.0005682148504635655,0
2023-03-24T15:30:55Z,2023-03-24T15:31:00Z,5.444454581977009e-05,0.0006260121947597297,0.0005715676489399596,0
2023-03-24T15:30:55Z,2023-03-24T15:31:00Z,5.1218189575791056e-05,0.0006264828174929139,0.0005752646279171228,0
2023-03-24T15:30:55Z,2023-03-24T15:31:00Z,4.5976000038576654e-05,0.0006259925438787315,0.0005800165438401548,0
2023-03-24T15:30:55Z,2023-03-24T15:31:00Z,3.529088080124704e-05,0.0006204890634773014,0.0005851981826760544,0
2023-03-24T15:30:55Z,2023-03-24T15:31:00Z,1.7860211002431966e-05,0.0006082745229321718,0.0005904143119297398,0
2023-03-24T15:30:55Z,2023-03-24T15:31:00Z,6.029729419033589e-06,0.0006011058179026516,0.000595076088483618,0
2023-03-24T15:30:55Z,2023-03-24T15:31:00Z,2.7890592717553673e-06,0.0005958017599606026,0.0005985908192323579,0
2023-03-24T15:30:55Z,2023-03-24T15:31:00Z,1.5061429080806717e-05,0.0005865669811085149,0.0006016284101893216,0
2023-03-24T15:30:55Z,2023-03-24T15:31:00Z,1.5966547002809113e-05,0.0005881231975781049,0.000604089744580914,0
2023-03-24T15:30:55Z,2023-03-24T15:31:00Z,1.5708979804612356e-05,0.0005897895471623949,0.0006054985269670072,0
2023-03-24T15:30:55Z,2023-03-24T15:31:00Z,1.1370268820594712e-05,0.0005951007021749619,0.0006064709709955566,0
2023-03-24T15:31:55Z,2023-03-24T15:32:00Z,1.1234020630802562e-05,0.0005956604365451614,0.0006068944571759639,0
2023-03-24T15:31:55Z,2023-03-24T15:32:00Z,9.913027803825172e-06,0.0005976527276352547,0.0006075657554390799,0
2023-03-24T15:31:55Z,2023-03-24T15:32:00Z,1.0254544820250994e-05,0.0005974091606331652,0.0006076637054534162,0
2023-03-24T15:31:55Z,2023-03-24T15:32:00Z,1.0444525229526074e-05,0.0005966772222638074,0.0006071217474933335,0
2023-03-24T15:31:55Z,2023-03-24T15:32:00Z,1.0820554792390991e-05,0.0005953458010070096,0.0006061663557994006,0
2023-03-24T15:31:55Z,2023-03-24T15:32:00Z,5.333372776761009e-07,0.0006043839717806198,0.0006049173090582959,0
2023-03-24T15:31:55Z,2023-03-24T15:32:00Z,4.610866904268475e-06,0.0006082708820915152,0.0006036600151872468,0
2023-03-24T15:31:55Z,2023-03-24T15:32:00Z,4.236212715282906e-06,0.0005987560501254875,0.0006029922628407704,0
2023-03-24T15:31:55Z,2023-03-24T15:32:00Z,4.8855377381164505e-06,0.000597063118475112,0.0006019486562132284,0
2023-03-24T15:31:55Z,2023-03-24T15:32:00Z,3.7547145053087785e-06,0.0005965629553921886,0.0006003176698974973,0
2023-03-24T15:31:55Z,2023-03-24T15:32:00Z,4.991140410229864e-06,0.0005936247985811723,0.0005986159389914021,0
2023-03-24T15:31:55Z,2023-03-24T15:32:00Z,5.533644981075875e-06,0.0005916748758876727,0.0005972085208687485,0
2023-03-24T15:31:55Z,2023-03-24T15:32:00Z,8.937868021358878e-07,0.0005972405591796491,0.0005963467723775132,0
2023-03-24T15:32:55Z,2023-03-24T15:33:00Z,1.6903621077988705e-06,0.0005974823731903133,0.0005957920110825144,0
2023-03-24T15:32:55Z,2023-03-24T15:33:00Z,1.7458485195635766e-06,0.0005976224948502573,0.0005958766463306937,0
2023-03-24T15:32:55Z,2023-03-24T15:33:00Z,7.6140278747298396e-06,0.0006041327560925881,0.0005965187282178583,0
2023-03-24T15:32:55Z,2023-03-24T15:33:00Z,1.4360972302936777e-05,0.0006114384827132746,0.0005970775104103378,0
2023-03-24T15:32:55Z,2023-03-24T15:33:00Z,8.244099762652157e-06,0.0006061653283453543,0.0005979212285827021,0
2023-03-24T15:32:55Z,2023-03-24T15:33:00Z,1.302939642231762e-05,0.0006119116709190381,0.0005988822744967205,0
2023-03-24T15:32:55Z,2023-03-24T15:33:00Z,2.1218411959263617e-05,0.0006207186212677602,0.0005995002093084966,0
2023-03-24T15:32:55Z,2023-03-24T15:33:00Z,2.5885652594897298e-05,0.0006262246232730282,0.0006003389706781309,0
2023-03-24T15:32:55Z,2023-03-24T15:33:00Z,2.3187481369279215e-05,0.0006248975967906216,0.0006017101154213424,0
2023-03-24T15:32:55Z,2023-03-24T15:33:00Z,1.9213753164297334e-05,0.0006226619509979468,0.0006034481978336494,0
2023-03-24T15:32:55Z,2023-03-24T15:33:00Z,2.825622672012406e-05,0.0006334427654822212,0.0006051865387620972,0
2023-03-24T15:32:55Z,2023-03-24T15:33:00Z,2.1943885019728797e-05,0.0006282055990299041,0.0006062617140101753,0
2023-03-24T15:33:55Z,2023-03-24T15:34:00Z,2.7145468534535942e-05,0.000634887881567694,0.000607742413033158,0
2023-03-24T15:33:55Z,2023-03-24T15:34:00Z,2.3054201169330434e-05,0.0006325289406086305,0.0006094747394393001,0
2023-03-24T15:33:55Z,2023-03-24T15:34:00Z,1.7104492013880583e-05,0.0006288042175174503,0.0006116997255035697,0
2023-03-24T15:33:55Z,2023-03-24T15:34:00Z,1.4283610464320721e-05,0.000628098982157093,0.0006138153716927722,0
2023-03-24T15:33:55Z,2023-03-24T15:34:00Z,1.756533870145543e-05,0.0006334500879787145,0.0006158847492772591,0
2023-03-24T15:33:55Z,2023-03-24T15:34:00Z,1.1286144447575862e-05,0.0006293134882112715,0.0006180273437636956,0
2023-03-24T15:33:55Z,2023-03-24T15:34:00Z,8.674126308510924e-06,0.0006288314423545045,0.0006201573160459936,0
2023-03-24T15:33:55Z,2023-03-24T15:34:00Z,6.4988559762245435e-06,0.0006285285905528626,0.0006220297345766381,0
2023-03-24T15:33:55Z,2023-03-24T15:34:00Z,2.848443295761058e-06,0.0006267139983138256,0.0006238655550180645,0
2023-03-24T15:33:55Z,2023-03-24T15:34:00Z,8.258309571194662e-06,0.0006335589136751576,0.0006253006041039629,0
2023-03-24T15:33:55Z,2023-03-24T15:34:00Z,8.192747453501185e-06,0.000634391911298673,0.0006261991638451718,0
2023-03-24T15:33:55Z,2023-03-24T15:34:00Z,1.2275008578775562e-05,0.0006400855597962887,0.0006278105512175132,0
2023-03-24T15:34:55Z,2023-03-24T15:35:00Z,1.1618711483297323e-05,0.0006407516297819656,0.0006291329182986682,0
2023-03-24T15:34:55Z,2023-03-24T15:35:00Z,1.2055717994660761e-05,0.0006423278679714777,0.000630272149976817,0
2023-03-24T15:34:55Z,2023-03-24T15:35:00Z,1.8688068574473676e-05,0.0006498147483459341,0.0006311266797714604,0
2023-03-24T15:34:55Z,2023-03-24T15:35:00Z,1.5200999685689742e-05,0.0006473529895266121,0.0006321519898409224,0
2023-03-24T15:34:55Z,2023-03-24T15:35:00Z,8.22667545625111e-06,0.0006419758886705846,0.0006337492132143335,0
2023-03-24T15:34:55Z,2023-03-24T15:35:00Z,2.50386579101489e-06,0.0006370713274785479,0.000634567461687533,0
2023-03-24T15:34:55Z,2023-03-24T15:35:00Z,9.573671816464355e-06,0.0006258038069087557,0.0006353774787252201,0
2023-03-24T15:34:55Z,2023-03-24T15:35:00Z,1.1767992474364828e-05,0.0006237379242456113,0.0006355059167199762,0
2023-03-24T15:34:55Z,2023-03-24T15:35:00Z,1.2041657741317536e-05,0.000623068662878666,0.0006351103206199835,0
2023-03-24T15:34:55Z,2023-03-24T15:35:00Z,1.5986971044003946e-05,0.0006188253323246949,0.0006348123033686989,0
2023-03-24T15:34:55Z,2023-03-24T15:35:00Z,2.2822629994334186e-05,0.0006116937722403396,0.0006345164022346737,0
2023-03-24T15:34:55Z,2023-03-24T15:35:00Z,2.3672563509961647e-05,0.000609983558980358,0.0006336561224903197,0
2023-03-24T15:35:55Z,2023-03-24T15:36:00Z,2.5319290792065658e-05,0.0006073003778176108,0.0006326196686096765,0
2023-03-24T15:35:55Z,2023-03-24T15:36:00Z,2.704289742299986e-05,0.0006044680721646682,0.000631510969587668,0
2023-03-24T15:35:55Z,2023-03-24T15:36:00Z,4.033269948939286e-05,0.0005899295517020838,0.0006302622511914766,0
2023-03-24T15:35:55Z,2023-03-24T15:36:00Z,3.584990424852536e-05,0.0005931037630518244,0.0006289536673003498,0
2023-03-24T15:35:55Z,2023-03-24T15:36:00Z,3.414075216313028e-05,0.0005922464820799798,0.0006263872342431101,0
2023-03-24T15:35:55Z,2023-03-24T15:36:00Z,2.6012797656080897e-05,0.0005979457219842734,0.0006239585196403543,0
2023-03-24T15:35:55Z,2023-03-24T15:36:00Z,1.5242538289972655e-05,0.0006059019179553047,0.0006211444562452774,0
2023-03-24T15:35:55Z,2023-03-24T15:36:00Z,1.2953652569457682e-05,0.0006056728090994847,0.0006186264616689424,0
2023-03-24T15:35:55Z,2023-03-24T15:36:00Z,5.910919506044035e-06,0.0006105728392207705,0.0006164837587268146,0
2023-03-24T15:35:55Z,2023-03-24T15:36:00Z,6.584182697518155e-06,0.000620471356762777,0.0006138871740652589,0
2023-03-24T15:35:55Z,2023-03-24T15:36:00Z,8.370884387756444e-06,0.0006200945201997306,0.0006117236358119741,0
2023-03-24T15:35:55Z,2023-03-24T15:36:00Z,9.430668483741828e-06,0.0006198893318305507,0.0006104586633468088,0
2023-03-24T15:36:55Z,2023-03-24T15:37:00Z,1.267844089769413e-05,0.0006221384685222197,0.0006094600276245255,0
2023-03-24T15:36:55Z,2023-03-24T15:37:00Z,1.4011988525988468e-05,0.000623124105851796,0.0006091121173258076,0
2023-03-24T15:36:55Z,2023-03-24T15:37:00Z,1.8433529034037055e-05,0.0006274515607290568,0.0006090180316950198,0
2023-03-24T15:36:55Z,2023-03-24T15:37:00Z,1.6655094728218185e-05,0.0006256763877745985,0.0006090212930463803,0
2023-03-24T15:36:55Z,2023-03-24T15:37:00Z,1.6557873855963662e-05,0.0006260865921026007,0.000609528718246637,0
2023-03-24T15:36:55Z,2023-03-24T15:37:00Z,2.0858023744575217e-05,0.0006312092487873452,0.00061035122504277,0
2023-03-24T15:36:55Z,2023-03-24T15:37:00Z,2.7112379003100206e-05,0.0006384108412883549,0.0006112984622852547,0
2023-03-24T15:36:55Z,2023-03-24T15:37:00Z,3.0050236948724746e-05,0.0006427551034086697,0.000612704866459945,0
2023-03-24T15:36:55Z,2023-03-24T15:37:00Z,3.797430978118082e-05,0.0006526758097189898,0.000614701499937809,0
2023-03-24T15:36:55Z,2023-03-24T15:37:00Z,3.681241159289453e-05,0.0006546212969252085,0.0006178088853323139,0
2023-03-24T15:36:55Z,2023-03-24T15:37:00Z,2.7442999494654602e-05,0.0006487561228662135,0.0006213131233715589,0
2023-03-24T15:36:55Z,2023-03-24T15:37:00Z,2.1627049044795218e-05,0.000646609279171956,0.0006249822301271608,0
2023-03-24T15:37:55Z,2023-03-24T15:38:00Z,1.1125669309313877e-05,0.0006390967465471769,0.000627971077237863,0
2023-03-24T15:37:55Z,2023-03-24T15:38:00Z,8.045739709467e-06,0.0006384113676071331,0.0006303656278976661,0
2023-03-24T15:37:55Z,2023-03-24T15:38:00Z,6.475785003352288e-06,0.0006388075268685297,0.0006323317418651774,0
2023-03-24T15:37:55Z,2023-03-24T15:38:00Z,2.1388321854763984e-06,0.0006361081345439693,0.0006339693023584929,0
2023-03-24T15:37:55Z,2023-03-24T15:38:00Z,3.261944434592009e-07,0.0006353740950434669,0.0006350479006000077,0
2023-03-24T15:37:55Z,2023-03-24T15:38:00Z,1.1312655164756949e-05,0.0006246772227496178,0.0006359898779143748,0
2023-03-24T15:37:55Z,2023-03-24T15:38:00Z,1.1816577122637653e-05,0.0006250841692160262,0.0006369007463386639,0
2023-03-24T15:37:55Z,2023-03-24T15:38:00Z,9.782376964314102e-06,0.0006272677078583143,0.0006370500848226284,0
2023-03-24T15:37:55Z,2023-03-24T15:38:00Z,2.021783020088254e-05,0.0006169475524667006,0.0006371653826675831,0
2023-03-24T15:37:55Z,2023-03-24T15:38:00Z,3.211534656846857e-05,0.000605039221224365,0.0006371545677928336,0
2023-03-24T15:37:55Z,2023-03-24T15:38:00Z,2.5154116595909248e-05,0.0006114869902964598,0.000636641106892369,0
2023-03-24T15:37:55Z,2023-03-24T15:38:00Z,3.033459085504623e-05,0.0006050684353974266,0.0006354030262524728,0
2023-03-24T15:38:55Z,2023-03-24T15:39:00Z,2.3396365520547712e-05,0.00061084652787952,0.0006342428934000677,0
2023-03-24T15:38:55Z,2023-03-24T15:39:00Z,2.6958273035812053e-05,0.0006053233023706717,0.0006322815754064838,0
2023-03-24T15:38:55Z,2023-03-24T15:39:00Z,2.5201916396904627e-05,0.0006052026839784526,0.0006304046003753573,0
2023-03-24T15:38:55Z,2023-03-24T15:39:00Z,2.395597135378027e-05,0.0006036631874128523,0.0006276191587666326,0
2023-03-24T15:38:55Z,2023-03-24T15:39:00Z,1.809902390715332e-05,0.0006066131576273172,0.0006247121815344705,0
2023-03-24T15:38:55Z,2023-03-24T15:39:00Z,1.0112630567559377e-05,0.0006119470253520075,0.0006220596559195669,0
2023-03-24T15:38:55Z,2023-03-24T15:39:00Z,9.361599296754414e-06,0.000610345343590775,0.0006197069428875294,0
2023-03-24T15:38:55Z,2023-03-24T15:39:00Z,1.402707832329588e-05,0.0006040828221409882,0.0006181099004642841,0
2023-03-24T15:38:55Z,2023-03-24T15:39:00Z,2.0430810245043902e-05,0.0005960281476300427,0.0006164589578750866,0
2023-03-24T15:38:55Z,2023-03-24T15:39:00Z,1.1139021083834077e-05,0.0006032773071013971,0.0006144163281852312,0
2023-03-24T15:38:55Z,2023-03-24T15:39:00Z,8.21203860504403e-06,0.0006038466432911326,0.0006120586818961766,0
2023-03-24T15:39:55Z,2023-03-24T15:40:00Z,1.6496733211624403e-06,0.0006118203088678057,0.0006101706355466432,0
2023-03-24T15:39:55Z,2023-03-24T15:40:00Z,6.783359492481254e-06,0.0006021619478507217,0.0006089453073432029,0
2023-03-24T15:39:55Z,2023-03-24T15:40:00Z,8.948352205739776e-06,0.000599216728058156,0.0006081650802638958,0
2023-03-24T15:39:55Z,2023-03-24T15:40:00Z,8.206248500999477e-08,0.0006067703333366945,0.0006066882708516845,0
2023-03-24T15:39:55Z,2023-03-24T15:40:00Z,2.0434279378916866e-06,0.000603601853242702,0.0006056452811805937,0
2023-03-24T15:39:55Z,2023-03-24T15:40:00Z,1.5367486503472128e-05,0.0005903796248013763,0.0006057471113048484,0
2023-03-24T15:39:55Z,2023-03-24T15:40:00Z,1.328863322106323e-05,0.0005919946464923876,0.0006052832797134508,0
2023-03-24T15:39:55Z,2023-03-24T15:40:00Z,1.8741745026680827e-05,0.0005856774870046493,0.0006044192320313302,0
2023-03-24T15:39:55Z,2023-03-24T15:40:00Z,1.552442419049322e-05,0.0005877858736415939,0.0006033102978320871,0
2023-03-24T15:39:55Z,2023-03-24T15:40:00Z,6.0260685331966005e-06,0.0005961285931008892,0.0006021546616340858,0
2023-03-24T15:39:55Z,2023-03-24T15:40:00Z,1.1702221721775208e-05,0.0005894279216572011,0.0006011301433789763,0
2023-03-24T15:39:55Z,2023-03-24T15:40:00Z,8.922797325828158e-06,0.0005917641346230328,0.000600686931948861,0
2023-03-24T15:39:55Z,2023-03-24T15:40:00Z,2.453090366321873e-06,0.0005972229453490028,0.0005996760357153246,0
2023-03-24T15:40:55Z,2023-03-24T15:41:00Z,1.0003393957126218e-05,0.0006084922008060406,0.0005984888068489144,1
2023-03-24T15:40:55Z,2023-03-24T15:41:00Z,8.65829131451324e-06,0.0006063751923844999,0.0005977169010699866,1
2023-03-24T15:40:55Z,2023-03-24T15:41:00Z,1.6693404190074772e-06,0.0005963069358665706,0.000597976276285578,1
2023-03-24T15:40:55Z,2023-03-24T15:41:00Z,1.1340337552714387e-06,0.0005974508922217452,0.0005985849259770166,1
2023-03-24T15:40:55Z,2023-03-24T15:41:00Z,7.577029651446702e-06,0.0005905978744882272,0.0005981749041396739,1
2023-03-24T15:40:55Z,2023-03-24T15:41:00Z,1.6571327226209943e-05,0.0005812273562623236,0.0005977986834885335,1
2023-03-24T15:40:55Z,2023-03-24T15:41:00Z,2.5503214524174537e-05,0.0005710470904714425,0.000596550304995617,1
2023-03-24T15:40:55Z,2023-03-24T15:41:00Z,3.9149367407599286e-05,0.0005561694910239943,0.0005953188584315936,1
2023-03-24T15:40:55Z,2023-03-24T15:41:00Z,5.59582743833749e-05,0.000537703546543118,0.0005936618209264929,1
2023-03-24T15:40:55Z,2023-03-24T15:41:00Z,6.43648354048999e-05,0.0005263204653855518,0.0005906853007904517,1
2023-03-24T15:40:55Z,2023-03-24T15:41:00Z,3.95132647284189e-05,0.0005472956650797044,0.0005868089298081233,1
2023-03-24T15:41:55Z,2023-03-24T15:42:00Z,2.7977924543225174e-05,0.0005550628194169084,0.0005830407439601336,1
2023-03-24T15:41:55Z,2023-03-24T15:42:00Z,2.2947292749657356e-05,0.0005574640993626713,0.0005804113921123287,1
2023-03-24T15:41:55Z,2023-03-24T15:42:00Z,1.2984540922164438e-05,0.0005656259883908852,0.0005786105293130497,1
2023-03-24T15:41:55Z,2023-03-24T15:42:00Z,7.726872406349527e-06,0.0005691000231255872,0.0005768268955319367,1
2023-03-24T15:41:55Z,2023-03-24T15:42:00Z,5.7591594708482395e-06,0.000569273465195794,0.0005750326246666423,1
2023-03-24T15:41:55Z,2023-03-24T15:42:00Z,1.4867993067797054e-06,0.0005723500666227089,0.0005738368659294886,1
2023-03-24T15:41:55Z,2023-03-24T15:42:00Z,4.4757496139781906e-07,0.0005729614603363429,0.0005725138853749451,1
2023-03-24T15:41:55Z,2023-03-24T15:42:00Z,3.869022797323802e-06,0.0005749197976589575,0.0005710507748616337,1
2023-03-24T15:41:55Z,2023-03-24T15:42:00Z,7.091626459504365e-06,0.0005760523577640971,0.0005689607313045927,1
2023-03-24T15:41:55Z,2023-03-24T15:42:00Z,9.99610855458629e-06,0.0005771065225223823,0.000567110413967796,1
2023-03-24T15:41:55Z,2023-03-24T15:42:00Z,1.476014605474008e-05,0.0005806791142518023,0.0005659189681970622,1
2023-03-24T15:41:55Z,2023-03-24T15:42:00Z,1.4268529781071015e-05,0.000578990770348759,0.000564722240567688,1
2023-03-24T15:41:55Z,2023-03-24T15:42:00Z,1.4573667285992125e-05,0.0005787124513691846,0.0005641387840831925,1
2023-03-24T15:42:55Z,2023-03-24T15:43:00Z,2.4624518440806886e-05,0.0005886317386467307,0.0005640072202059239,1
2023-03-24T15:42:55Z,2023-03-24T15:43:00Z,2.3159615179058545e-05,0.0005876177389672027,0.0005644581237881441,1
2023-03-24T15:42:55Z,2023-03-24T15:43:00Z,1.7468544234330754e-05,0.0005838362120002829,0.0005663676677659521,1
2023-03-24T15:42:55Z,2023-03-24T15:43:00Z,1.404223634298373e-05,0.0005833460330750584,0.0005693037967320747,1
2023-03-24T15:42:55Z,2023-03-24T15:43:00Z,1.4329425489070834e-05,0.0005870165014337768,0.0005726870759447059,1
2023-03-24T15:42:55Z,2023-03-24T15:43:00Z,1.2883833600651606e-05,0.0005876915194274371,0.0005748076858267855,1
2023-03-24T15:42:55Z,2023-03-24T15:43:00Z,6.466028891958706e-06,0.0005831533430726778,0.0005766873141807191,1
2023-03-24T15:42:55Z,2023-03-24T15:43:00Z,4.002253242169551e-06,0.00058246765095611,0.0005784653977139405,1
2023-03-24T15:42:55Z,2023-03-24T15:43:00Z,6.204412593600233e-06,0.0005857008311711756,0.0005794964185775754,1
2023-03-24T15:42:55Z,2023-03-24T15:43:00Z,3.0195746890125707e-06,0.0005833023243154422,0.0005802827496264296,1
2023-03-24T15:42:55Z,2023-03-24T15:43:00Z,4.696975098517227e-06,0.0005859460403705576,0.0005812490652720404,1
2023-03-24T15:42:55Z,2023-03-24T15:43:00Z,2.2796569487308713e-06,0.0005841729726732849,0.000581893315724554,1
2023-03-24T15:43:55Z,2023-03-24T15:44:00Z,7.244800779470837e-06,0.0005754123137706254,0.0005826571145500963,1
2023-03-24T15:43:55Z,2023-03-24T15:44:00Z,1.194854017735913e-05,0.0005712528787853445,0.0005832014189627036,1
2023-03-24T15:43:55Z,2023-03-24T15:44:00Z,1.0268872431635199e-05,0.0005728948968843937,0.0005831637693160289,1
2023-03-24T15:43:55Z,2023-03-24T15:44:00Z,5.4851969721198815e-06,0.0005773342403593774,0.0005828194373314972,1
2023-03-24T15:43:55Z,2023-03-24T15:44:00Z,8.36386026651227e-07,0.0005831979282188892,0.0005823615421922379,1
2023-03-24T15:43:55Z,2023-03-24T15:44:00Z,9.121617370789104e-06,0.0005913857166224751,0.000582264099251686,1
2023-03-24T15:43:55Z,2023-03-24T15:44:00Z,1.4377039164243125e-05,0.0005969049899953236,0.0005825279508310804,1
2023-03-24T15:43:55Z,2023-03-24T15:44:00Z,1.792534128795863e-05,0.0006006152908234946,0.000582689949535536,1
2023-03-24T15:43:55Z,2023-03-24T15:44:00Z,1.2451180830127476e-05,0.0005956874392496706,0.0005832362584195431,1
2023-03-24T15:43:55Z,2023-03-24T15:44:00Z,1.2488062029292896e-05,0.0005967113250854955,0.0005842232630562026,1
2023-03-24T15:43:55Z,2023-03-24T15:44:00Z,8.509437190037938e-06,0.0005934586653153353,0.0005849492281252974,1
2023-03-24T15:44:55Z,2023-03-24T15:45:00Z,1.4283734093673136e-05,0.0005998032459631892,0.000585519511869516,1
2023-03-24T15:44:55Z,2023-03-24T15:45:00Z,1.1469467080289873e-05,0.0005973282228255648,0.0005858587557452749,1
2023-03-24T15:44:55Z,2023-03-24T15:45:00Z,1.3712686262992756e-05,0.0006005508480606506,0.0005868381617976579,1
2023-03-24T15:44:55Z,2023-03-24T15:45:00Z,1.1532823918963841e-05,0.0005992451370030602,0.0005877123130840964,1
2023-03-24T15:44:55Z,2023-03-24T15:45:00Z,7.399010446680794e-06,0.0005959848539360405,0.0005885858434893597,1
2023-03-24T15:44:55Z,2023-03-24T15:45:00Z,5.090910327777698e-07,0.0005900327470331737,0.0005895236560003959,1
2023-03-24T15:44:55Z,2023-03-24T15:45:00Z,6.371465395662462e-06,0.000583742709049762,0.0005901141744454244,1
2023-03-24T15:44:55Z,2023-03-24T15:45:00Z,4.917775763519077e-06,0.0005855410912913105,0.0005904588670548296,1
2023-03-24T15:44:55Z,2023-03-24T15:45:00Z,1.2085282553861497e-05,0.000578863607752682,0.0005909488903065435,1
2023-03-24T15:44:55Z,2023-03-24T15:45:00Z,1.1497713043505278e-05,0.0005802916603516244,0.0005917893733951297,1
2023-03-24T15:44:55Z,2023-03-24T15:45:00Z,1.259127069252173e-05,0.0005795492033419191,0.0005921404740344408,1
2023-03-24T15:44:55Z,2023-03-24T15:45:00Z,1.4597364945691921e-05,0.0005777170749706457,0.0005923144399163377,1
2023-03-24T15:44:55Z,2023-03-24T15:45:00Z,1.9581402877158786e-05,0.000572518406164063,0.0005920998090412218,1
2023-03-24T15:45:55Z,2023-03-24T15:46:00Z,1.344590447125045e-05,0.0005778498668257462,0.0005912957712969967,1
2023-03-24T15:45:55Z,2023-03-24T15:46:00Z,2.5040259469352733e-05,0.0005648210068963934,0.0005898612663657461,1
2023-03-24T15:45:55Z,2023-03-24T15:46:00Z,2.7950868167919717e-05,0.0005605712556097234,0.0005885221237776432,1
2023-03-24T15:45:55Z,2023-03-24T15:46:00Z,1.9685315914945325e-05,0.0005670211353713285,0.0005867064512862739,1
2023-03-24T15:45:55Z,2023-03-24T15:46:00Z,1.8286467325283784e-05,0.0005662940975212389,0.0005845805648465227,1
2023-03-24T15:45:55Z,2023-03-24T15:46:00Z,1.678195404468993e-05,0.000566243461981597,0.0005830254160262869,1
2023-03-24T15:45:55Z,2023-03-24T15:46:00Z,2.248061103046295e-05,0.0005585736786168858,0.0005810542896473488,1
2023-03-24T15:45:55Z,2023-03-24T15:46:00Z,2.081779475530726e-05,0.0005584079795482785,0.0005792257743035857,1
2023-03-24T15:45:55Z,2023-03-24T15:46:00Z,2.5361694149446043e-05,0.0005513948348927419,0.000576756529042188,1
2023-03-24T15:45:55Z,2023-03-24T15:46:00Z,1.693852630444781e-05,0.0005574158170051058,0.0005743543433095536,1
2023-03-24T15:45:55Z,2023-03-24T15:46:00Z,1.4683465224076746e-05,0.0005570479357888124,0.0005717314010128891,1
2023-03-24T15:45:55Z,2023-03-24T15:46:00Z,9.264826949069156e-06,0.0005605479311209924,0.0005698127580700615,1
2023-03-24T15:46:55Z,2023-03-24T15:47:00Z,1.4323506959977692e-05,0.000553918970330028,0.0005682424772900056,1
2023-03-24T15:46:55Z,2023-03-24T15:47:00Z,5.303604733270743e-06,0.0005614686866643633,0.000566772291397634,1
2023-03-24T15:46:55Z,2023-03-24T15:47:00Z,2.7423159021044106e-06,0.0005680472756866411,0.0005653049597845367,1
2023-03-24T15:46:55Z,2023-03-24T15:47:00Z,1.3687489923241807e-06,0.0005628289770459031,0.0005641977260382273,1
2023-03-24T15:46:55Z,2023-03-24T15:47:00Z,8.770743722095803e-06,0.0005547503983364092,0.000563521142058505,1
2023-03-24T15:46:55Z,2023-03-24T15:47:00Z,1.9340874703053547e-05,0.0005433044968892901,0.0005626453715923437,1
2023-03-24T15:46:55Z,2023-03-24T15:47:00Z,2.532852021777936e-05,0.0005362716744435258,0.0005616001946613052,1
2023-03-24T15:46:55Z,2023-03-24T15:47:00Z,2.716584868495413e-05,0.0005324022653918536,0.0005595681140768078,1
2023-03-24T15:46:55Z,2023-03-24T15:47:00Z,2.7394473500791665e-05,0.0005304942680787886,0.0005578887415795803,1
2023-03-24T15:46:55Z,2023-03-24T15:47:00Z,5.812164347969331e-05,0.0004981100986753064,0.0005562317421549997,1
2023-03-24T15:46:55Z,2023-03-24T15:47:00Z,3.751962552785517e-05,0.0005165634773746421,0.0005540831029024973,1
2023-03-24T15:46:55Z,2023-03-24T15:47:00Z,1.5724854620859812e-05,0.0005343474248201122,0.000550072279440972,1
2023-03-24T15:47:55Z,2023-03-24T15:48:00Z,6.378085776860575e-06,0.0005535280131821293,0.0005471499274052687,0
2023-03-24T15:47:55Z,2023-03-24T15:48:00Z,2.8733674737011134e-05,0.0005744585283895284,0.0005457248536525173,0
2023-03-24T15:47:55Z,2023-03-24T15:48:00Z,5.245769827809876e-05,0.0005978954950855486,0.0005454377968074498,0
2023-03-24T15:47:55Z,2023-03-24T15:48:00Z,7.83137209755451e-05,0.000625108205635747,0.0005467944846602019,0
2023-03-24T15:47:55Z,2023-03-24T15:48:00Z,9.724933744822831e-05,0.0006464249796425739,0.0005491756421943456,0
2023-03-24T15:47:55Z,2023-03-24T15:48:00Z,0.00011819263191167005,0.0006713718193911294,0.0005531791874794594,0
2023-03-24T15:47:55Z,2023-03-24T15:48:00Z,0.00011863092771314328,0.0006768617062821074,0.0005582307785689641,0
2023-03-24T15:47:55Z,2023-03-24T15:48:00Z,0.00010206094821620527,0.0006672007179064108,0.0005651397696902055,0
2023-03-24T15:47:55Z,2023-03-24T15:48:00Z,7.539366284620597e-05,0.000647321257219808,0.0005719275943736021,0
2023-03-24T15:47:55Z,2023-03-24T15:48:00Z,5.3182006189411e-05,0.0006309421559877055,0.0005777601497982945,0
2023-03-24T15:47:55Z,2023-03-24T15:48:00Z,4.81422573740273e-05,0.0006308725413001986,0.0005827302839261713,0
2023-03-24T15:47:55Z,2023-03-24T15:48:00Z,4.22791714926727e-05,0.0006294913235159791,0.0005872121520233064,0
2023-03-24T15:48:55Z,2023-03-24T15:49:00Z,3.313045184144027e-05,0.0006254936653006825,0.0005923632134592422,0
2023-03-24T15:48:55Z,2023-03-24T15:49:00Z,2.100717448889108e-05,0.000618853896717101,0.0005978467222282099,0
2023-03-24T15:48:55Z,2023-03-24T15:49:00Z,2.5601560808992656e-07,0.0006035787025368192,0.0006033226869287293,0
2023-03-24T15:48:55Z,2023-03-24T15:49:00Z,1.3437448078119463e-05,0.0005950828640646283,0.0006085203121427477,0
2023-03-24T15:48:55Z,2023-03-24T15:49:00Z,2.1137535366870367e-05,0.0005935868122971429,0.0006147243476640132,0
2023-03-24T15:48:55Z,2023-03-24T15:49:00Z,2.5168706277318856e-05,0.0005941744288390465,0.0006193431351163653,0
2023-03-24T15:48:55Z,2023-03-24T15:49:00Z,2.9776068407314123e-05,0.0005930517365606412,0.0006228278049679553,0
2023-03-24T15:48:55Z,2023-03-24T15:49:00Z,3.1630185409220793e-05,0.0005935885851856119,0.0006252187705948327,0
2023-03-24T15:48:55Z,2023-03-24T15:49:00Z,2.7688325086618537e-05,0.0005986241636359268,0.0006263124887225454,0
2023-03-24T15:48:55Z,2023-03-24T15:49:00Z,2.544428995236638e-05,0.0006006148511290062,0.0006260591410813726,0
2023-03-24T15:48:55Z,2023-03-24T15:49:00Z,3.254192899694347e-05,0.0005919593272609103,0.0006245012562578538,0
2023-03-24T15:48:55Z,2023-03-24T15:49:00Z,3.043541466985931e-05,0.0005913711281460198,0.0006218065428158791,0
2023-03-24T15:49:55Z,2023-03-24T15:50:00Z,2.6204601349283352e-05,0.0005909306184001124,0.0006171352197493958,0
2023-03-24T15:49:55Z,2023-03-24T15:50:00Z,1.1758563679348157e-05,0.0006003477985326306,0.0006121063622119788,0
2023-03-24T15:49:55Z,2023-03-24T15:50:00Z,7.942318052331365e-07,0.000608414117575665,0.0006076198857704318,0
2023-03-24T15:49:55Z,2023-03-24T15:50:00Z,9.559012620539509e-06,0.0006144157537623137,0.0006048567411417742,0
2023-03-24T15:49:55Z,2023-03-24T15:50:00Z,1.7130039271946447e-05,0.0006206616016836006,0.0006035315624116542,0
2023-03-24T15:49:55Z,2023-03-24T15:50:00Z,1.780901202370834e-05,0.0006203725281096046,0.0006025635160858962,0
2023-03-24T15:49:55Z,2023-03-24T15:50:00Z,2.5032479184766763e-05,0.0006270765998687584,0.0006020441206839916,0
2023-03-24T15:49:55Z,2023-03-24T15:50:00Z,3.0535405773613974e-05,0.0006322782830934245,0.0006017428773198105,0
2023-03-24T15:49:55Z,2023-03-24T15:50:00Z,2.9645253386627237e-05,0.0006318718191271234,0.0006022265657404962,0
2023-03-24T15:49:55Z,2023-03-24T15:50:00Z,2.501651678728581e-05,0.0006289312931487588,0.000603914776361473,0
2023-03-24T15:49:55Z,2023-03-24T15:50:00Z,1.9841297927480255e-05,0.0006259201304691001,0.0006060788325416199,0
2023-03-24T15:49:55Z,2023-03-24T15:50:00Z,1.0679939704254064e-05,0.0006188378593547925,0.0006081579196505385,0
2023-03-24T15:50:55Z,2023-03-24T15:51:00Z,1.1135508063404615e-05,0.0006211608219274758,0.0006100253138640712,0
2023-03-24T15:50:55Z,2023-03-24T15:51:00Z,8.654106997827674e-06,0.0006201962516144958,0.0006115421446166681,0
2023-03-24T15:50:55Z,2023-03-24T15:51:00Z,1.5120426120342981e-07,0.000613012836634398,0.0006131640408956014,0
2023-03-24T15:50:55Z,2023-03-24T15:51:00Z,5.552080273729318e-06,0.0006088809069735526,0.0006144329872472819,0
2023-03-24T15:50:55Z,2023-03-24T15:51:00Z,1.3858135662289618e-05,0.0006013041448500154,0.000615162280512305,0
2023-03-24T15:50:55Z,2023-03-24T15:51:00Z,2.2281738000623692e-05,0.0005938759295536014,0.0006161576675542251,0
2023-03-24T15:50:55Z,2023-03-24T15:51:00Z,2.538113961746656e-05,0.0005913608230369936,0.0006167419626544601,0
2023-03-24T15:50:55Z,2023-03-24T15:51:00Z,2.4487738791015247e-05,0.000592427477460709,0.0006169152162517242,0
2023-03-24T15:50:55Z,2023-03-24T15:51:00Z,2.53565730121227e-05,0.0005910299976222112,0.0006163865706343339,0
2023-03-24T15:50:55Z,2023-03-24T15:51:00Z,2.40632212565226e-05,0.0005913829587828139,0.0006154461800393365,0
2023-03-24T15:50:55Z,2023-03-24T15:51:00Z,2.0525303425524477e-05,0.0005935452438996881,0.0006140705473252126,0
2023-03-24T15:51:55Z,2023-03-24T15:52:00Z,1.1733824548551823e-05,0.0006006144496648498,0.0006123482742134016,0
2023-03-24T15:51:55Z,2023-03-24T15:52:00Z,5.856220008706287e-06,0.0006049139786629356,0.0006107701986716419,0
2023-03-24T15:51:55Z,2023-03-24T15:52:00Z,2.6379316886361755e-06,0.0006065756699121876,0.0006092136016008238,0
2023-03-24T15:51:55Z,2023-03-24T15:52:00Z,4.185891624545329e-06,0.0006117898282588698,0.0006076039366343244,0
2023-03-24T15:51:55Z,2023-03-24T15:52:00Z,6.846312323306454e-06,0.0006129622401802817,0.0006061159278569752,0
2023-03-24T15:51:55Z,2023-03-24T15:52:00Z,1.2315479058258604e-05,0.0006174230854511227,0.0006051076063928641,0
2023-03-24T15:51:55Z,2023-03-24T15:52:00Z,1.0123048929869716e-05,0.0006144684264822151,0.0006043453775523453,0
2023-03-24T15:51:55Z,2023-03-24T15:52:00Z,1.5036959961190898e-05,0.0006192991155192027,0.0006042621555580118,0
2023-03-24T15:51:55Z,2023-03-24T15:52:00Z,1.2595333304772464e-05,0.0006164638185424749,0.0006038684852377025,0
2023-03-24T15:51:55Z,2023-03-24T15:52:00Z,8.688177416792705e-06,0.0006125038899430072,0.0006038157125262145,0
2023-03-24T15:51:55Z,2023-03-24T15:52:00Z,1.0169241076592476e-05,0.0006141879525385762,0.0006040187114619837,0
2023-03-24T15:51:55Z,2023-03-24T15:52:00Z,1.4103277642559019e-05,0.0006183351057498048,0.0006042318281072457,0
2023-03-24T15:51:55Z,2023-03-24T15:52:00Z,1.8403235817520628e-05,0.0006233929349652701,0.0006049896991477495,0
2023-03-24T15:52:55Z,2023-03-24T15:53:00Z,1.3848208801066722e-05,0.0006202766830191812,0.0006064284742181144,0
2023-03-24T15:52:55Z,2023-03-24T15:53:00Z,7.081779438117492e-06,0.0006153944955343658,0.0006083127160962483,0
2023-03-24T15:52:55Z,2023-03-24T15:53:00Z,1.8055337491227133e-06,0.0006081453709093885,0.0006099509046585112,0
2023-03-24T15:52:55Z,2023-03-24T15:53:00Z,1.4214759312840709e-05,0.0005971693511052092,0.0006113841104180499,0
2023-03-24T15:52:55Z,2023-03-24T15:53:00Z,1.900751443572289e-05,0.0005933626202250667,0.0006123701346607896,0
2023-03-24T15:52:55Z,2023-03-24T15:53:00Z,1.7892312837924766e-05,0.0005946910045996601,0.0006125833174375849,0
2023-03-24T15:52:55Z,2023-03-24T15:53:00Z,2.200611053960501e-05,0.0005901506286956396,0.0006121567392352446,0
2023-03-24T15:52:55Z,2023-03-24T15:53:00Z,1.462281143233251e-05,0.0005969325763874254,0.0006115553878197579,0
2023-03-24T15:52:55Z,2023-03-24T15:53:00Z,1.0563424466850774e-05,0.0006000257844578161,0.0006105892089246669,0
2023-03-24T15:52:55Z,2023-03-24T15:53:00Z,8.968479665767324e-06,0.0006007467732664616,0.0006097152529322289,0
2023-03-24T15:52:55Z,2023-03-24T15:53:00Z,1.2366671098244775e-05,0.0005965876138503098,0.0006089542849485545,0
2023-03-24T15:53:55Z,2023-03-24T15:54:00Z,1.969005346417747e-05,0.0005882832719441029,0.0006079733254082803,0
2023-03-24T15:53:55Z,2023-03-24T15:54:00Z,1.6017469859537243e-05,0.000590904043040984,0.0006069215129005213,0
2023-03-24T15:53:55Z,2023-03-24T15:54:00Z,1.2431429410175525e-05,0.0005926656221035751,0.0006050970515137506,0
2023-03-24T15:53:55Z,2023-03-24T15:54:00Z,8.479921655091694e-06,0.0005951136136526888,0.0006035935353077804,0
2023-03-24T15:53:55Z,2023-03-24T15:54:00Z,4.1212090911471166e-06,0.0005983053692849021,0.0006024265783760492,0
2023-03-24T15:53:55Z,2023-03-24T15:54:00Z,3.6988512396734802e-06,0.0006050034096812588,0.0006013045584415853,0
2023-03-24T15:53:55Z,2023-03-24T15:54:00Z,1.5880646159218488e-05,0.0006160069848087507,0.0006001263386495322,0
2023-03-24T15:53:55Z,2023-03-24T15:54:00Z,2.3944714403155583e-05,0.0006229893162712753,0.0005990446018681198,0
2023-03-24T15:53:55Z,2023-03-24T15:54:00Z,2.4630853465567736e-05,0.0006234242966154269,0.0005987934431498592,0
2023-03-24T15:53:55Z,2023-03-24T15:54:00Z,2.875812507276078e-05,0.0006279983223836146,0.0005992401973108539,0
2023-03-24T15:53:55Z,2023-03-24T15:54:00Z,3.728465905118467e-05,0.0006374236166976878,0.0006001389576465032,0
2023-03-24T15:53:55Z,2023-03-24T15:54:00Z,3.765724204579581e-05,0.0006396096685910288,0.0006019524265452329,0
2023-03-24T15:53:55Z,2023-03-24T15:54:00Z,3.494290571431739e-05,0.000639487155581469,0.0006045442498671516,0
2023-03-24T15:54:55Z,2023-03-24T15:55:00Z,3.502814786904545e-05,0.0006422146720886306,0.0006071865242195852,0
2023-03-24T15:54:55Z,2023-03-24T15:55:00Z,2.0236484807395158e-05,0.0006303251576673233,0.0006100886728599281,0
2023-03-24T15:54:55Z,2023-03-24T15:55:00Z,1.2962256998391253e-05,0.0006257145825466256,0.0006127523255482344,0
2023-03-24T15:54:55Z,2023-03-24T15:55:00Z,1.2915548720906556e-05,0.0006274501903402883,0.0006145346416193818,0
2023-03-24T15:54:55Z,2023-03-24T15:55:00Z,4.079353977753724e-06,0.0006200826902606746,0.0006160033362829208,0
2023-03-24T15:54:55Z,2023-03-24T15:55:00Z,3.2374841369916824e-06,0.0006210562660957936,0.0006178187819588019,0
2023-03-24T15:54:55Z,2023-03-24T15:55:00Z,2.781769962001803e-07,0.0006199675129736239,0.0006196893359774237,0
2023-03-24T15:54:55Z,2023-03-24T15:55:00Z,2.8891519484916094e-06,0.0006185738442086269,0.0006214629961571185,0
2023-03-24T15:54:55Z,2023-03-24T15:55:00Z,2.161245030657096e-06,0.0006209077447070525,0.0006230689897377096,0
2023-03-24T15:54:55Z,2023-03-24T15:55:00Z,1.7276656537452322e-05,0.0006071723467623713,0.0006244490032998236,0
2023-03-24T15:54:55Z,2023-03-24T15:55:00Z,2.177105753667049e-05,0.0006040074972585736,0.000625778554795244,0
2023-03-24T15:54:55Z,2023-03-24T15:55:00Z,2.223048959524936e-05,0.0006036756497341779,0.0006259061393294273,0
2023-03-24T15:55:55Z,2023-03-24T15:56:00Z,2.467414362978355e-05,0.0006005261434908097,0.0006252002871205933,0
2023-03-24T15:55:55Z,2023-03-24T15:56:00Z,1.4740252511320946e-05,0.0006093239365776784,0.0006240641890889994,0
2023-03-24T15:55:55Z,2023-03-24T15:56:00Z,1.6311661583173417e-05,0.000606405577322025,0.0006227172389051984,0
2023-03-24T15:55:55Z,2023-03-24T15:56:00Z,1.2240469905859183e-05,0.000609378275716637,0.0006216187456224961,0
2023-03-24T15:55:55Z,2023-03-24T15:56:00Z,5.506612894648185e-06,0.0006142875421763384,0.0006197941550709866,0
2023-03-24T15:55:55Z,2023-03-24T15:56:00Z,4.7654868875302925e-06,0.0006132503509555509,0.0006180158378430812,0
2023-03-24T15:55:55Z,2023-03-24T15:56:00Z,3.399335995744098e-07,0.000616193574043205,0.0006165335076427794,0
2023-03-24T15:55:55Z,2023-03-24T15:56:00Z,4.195602257402176e-06,0.0006106341217893136,0.0006148297240467158,0
2023-03-24T15:55:55Z,2023-03-24T15:56:00Z,1.2019329731950777e-05,0.000601979124689817,0.0006139984544217677,0
2023-03-24T15:55:55Z,2023-03-24T15:56:00Z,4.367182006886254e-06,0.0006087441864879807,0.000613111368494867,0
2023-03-24T15:55:55Z,2023-03-24T15:56:00Z,7.887087674933436e-06,0.0006195001581903609,0.0006116130705154275,0
2023-03-24T15:55:55Z,2023-03-24T15:56:00Z,7.80408226256008e-06,0.0006187501819678292,0.0006109460997052691,0
2023-03-24T15:56:55Z,2023-03-24T15:57:00Z,1.602385977738708e-05,0.0006268784237235131,0.000610854563946126,0
2023-03-24T15:56:55Z,2023-03-24T15:57:00Z,1.2534854147679586e-05,0.0006233178103875824,0.0006107829562399028,0
2023-03-24T15:56:55Z,2023-03-24T15:57:00Z,1.434094523839163e-05,0.0006256124061556407,0.0006112714609172491,0
2023-03-24T15:56:55Z,2023-03-24T15:57:00Z,1.1221127774567897e-05,0.0006226343572612598,0.0006114132294866919,0
2023-03-24T15:56:55Z,2023-03-24T15:57:00Z,4.901446602074955e-06,0.0006173993854648417,0.0006124979388627668,0
2023-03-24T15:56:55Z,2023-03-24T15:57:00Z,2.9240125293709474e-06,0.0006165176490393545,0.0006135936365099836,0
2023-03-24T15:56:55Z,2023-03-24T15:57:00Z,1.9616427285289043e-06,0.0006124392723538466,0.0006144009150823755,0
2023-03-24T15:56:55Z,2023-03-24T15:57:00Z,6.1588264093938565e-06,0.0006091827654699548,0.0006153415918793486,0
2023-03-24T15:56:55Z,2023-03-24T15:57:00Z,1.2147165869825149e-05,0.0006033776810551807,0.0006155248469250058,0
2023-03-24T15:56:55Z,2023-03-24T15:57:00Z,1.9294702584051154e-05,0.0005963935083496563,0.0006156882109337074,0
2023-03-24T15:56:55Z,2023-03-24T15:57:00Z,2.7621872027734228e-05,0.000587713362749417,0.0006153352347771512,0
2023-03-24T15:56:55Z,2023-03-24T15:57:00Z,2.899402606781139e-05,0.0005852886184842408,0.0006142826445520522,0
2023-03-24T15:57:55Z,2023-03-24T15:58:00Z,3.276312132691661e-05,0.0005800173474483043,0.000612780468775221,0
2023-03-24T15:57:55Z,2023-03-24T15:58:00Z,2.498279901197388e-05,0.000585979731200955,0.0006109625302129288,0
2023-03-24T15:57:55Z,2023-03-24T15:58:00Z,1.838191363575097e-05,0.0005907796298512361,0.0006091615434869871,0
2023-03-24T15:57:55Z,2023-03-24T15:58:00Z,1.57559686413208e-05,0.0005924644340522038,0.0006082204026935246,0
2023-03-24T15:57:55Z,2023-03-24T15:58:00Z,1.631771079905358e-05,0.0005908459532687802,0.0006071636640678338,0
2023-03-24T15:57:55Z,2023-03-24T15:58:00Z,2.034753653360464e-05,0.0005852257908202198,0.0006055733273538245,0
2023-03-24T15:57:55Z,2023-03-24T15:58:00Z,2.7187194290628964e-05,0.0005767447078456043,0.0006039319021362333,0
2023-03-24T15:57:55Z,2023-03-24T15:58:00Z,1.6140679047748252e-05,0.0005853410682118208,0.0006014817472595691,0
2023-03-24T15:57:55Z,2023-03-24T15:58:00Z,1.1428104468750775e-05,0.0005873140485236431,0.0005987421529923939,0
2023-03-24T15:57:55Z,2023-03-24T15:58:00Z,9.314270754357803e-06,0.0005870589800060467,0.0005963732507604045,0
2023-03-24T15:57:55Z,2023-03-24T15:58:00Z,9.647291464642133e-06,0.0005846482940759025,0.0005942955855405447,0
2023-03-24T15:58:55Z,2023-03-24T15:59:00Z,4.737532593591183e-06,0.0005877733232140833,0.0005925108558076745,0
2023-03-24T15:58:55Z,2023-03-24T15:59:00Z,2.8168824684189717e-06,0.0005934530703370668,0.0005906361878686478,0
2023-03-24T15:58:55Z,2023-03-24T15:59:00Z,3.3792623758470376e-06,0.0005925645120598028,0.0005891852496839558,0
2023-03-24T15:58:55Z,2023-03-24T15:59:00Z,3.415527952337549e-06,0.0005916755014520058,0.0005882599734996683,0
2023-03-24T15:58:55Z,2023-03-24T15:59:00Z,5.034690378877011e-06,0.0005926585951141114,0.0005876239047352344,0
2023-03-24T15:58:55Z,2023-03-24T15:59:00Z,6.914178994538167e-06,0.0005942605539122636,0.0005873463749177254,0
2023-03-24T15:58:55Z,2023-03-24T15:59:00Z,1.219267350673547e-05,0.0005998299444459137,0.0005876372709391782,0
2023-03-24T15:58:55Z,2023-03-24T15:59:00Z,1.9429189701143635e-05,0.0006075942215478526,0.000588165031846709,0
2023-03-24T15:58:55Z,2023-03-24T15:59:00Z,1.7574311802394903e-05,0.000606904790531316,0.0005893304787289211,0
2023-03-24T15:58:55Z,2023-03-24T15:59:00Z,2.203581404562258e-05,0.0006126377333831848,0.0005906019193375622,0
2023-03-24T15:58:55Z,2023-03-24T15:59:00Z,2.9623821244154926e-05,0.0006211742794452512,0.0005915504582010962,0
2023-03-24T15:58:55Z,2023-03-24T15:59:00Z,3.688754611472049e-05,0.0006296246689823451,0.0005927371228676246,0
2023-03-24T15:58:55Z,2023-03-24T15:59:00Z,3.884193834486954e-05,0.0006333630803993453,0.0005945211420544758,0
2023-03-24T15:59:55Z,2023-03-24T16:00:00Z,3.133049997065449e-05,0.0006284633407405495,0.000597132840769895,0
2023-03-24T15:59:55Z,2023-03-24T16:00:00Z,1.910694505485454e-05,0.0006195702783279107,0.0006004633332730562,0
2023-03-24T15:59:55Z,2023-03-24T16:00:00Z,6.9439784915036745e-06,0.0006099439160309557,0.000602999937539452,0
2023-03-24T15:59:55Z,2023-03-24T16:00:00Z,2.50707900835694e-06,0.0006023902838136991,0.000604897362822056,0
2023-03-24T15:59:55Z,2023-03-24T16:00:00Z,6.039046641071431e-06,0.0006002044888883322,0.0006062435355294036,0
2023-03-24T15:59:55Z,2023-03-24T16:00:00Z,7.126800425751381e-06,0.0006001603815588166,0.000607287181984568,0
2023-03-24T15:59:55Z,2023-03-24T16:00:00Z,1.191396926170942e-05,0.0005961044577625204,0.0006080184270242298,0
2023-03-24T15:59:55Z,2023-03-24T16:00:00Z,7.769611121910915e-06,0.0006006433636212452,0.0006084129747431561,0
2023-03-24T15:59:55Z,2023-03-24T16:00:00Z,7.649550547030688e-07,0.0006093861618980191,0.0006086212068433161,0
2023-03-24T15:59:55Z,2023-03-24T16:00:00Z,8.373260915493308e-06,0.0006007754672318958,0.0006091487281473891,0
2023-03-24T15:59:55Z,2023-03-24T16:00:00Z,1.2099680927267053e-05,0.0005980330217368224,0.0006101327026640894,0
2023-03-24T15:59:55Z,2023-03-24T16:00:00Z,2.0438990327996593e-05,0.0005900769425313654,0.000610515932859362,0
2023-03-24T16:00:55Z,2023-03-24T16:01:00Z,1.207465751801556e-05,0.0005983355740055173,0.0006104102315235329,0
2023-03-24T16:00:55Z,2023-03-24T16:01:00Z,9.653716674046155e-06,0.0005997260866720465,0.0006093798033460926,0
2023-03-24T16:00:55Z,2023-03-24T16:01:00Z,3.1105118769673154e-06,0.0006119862436627188,0.0006088757317857515,0
2023-03-24T16:00:55Z,2023-03-24T16:01:00Z,1.0331422785587823e-05,0.0006184476459412724,0.0006081162231556846,0
2023-03-24T16:00:55Z,2023-03-24T16:01:00Z,1.1715528921686321e-05,0.0006192912793842808,0.0006075757504625945,0
2023-03-24T16:00:55Z,2023-03-24T16:01:00Z,1.4195344804551063e-05,0.0006211136233235529,0.0006069182785190018,0
2023-03-24T16:00:55Z,2023-03-24T16:01:00Z,2.4669812296955777e-05,0.0006307603378150716,0.0006060905255181158,0
2023-03-24T16:00:55Z,2023-03-24T16:01:00Z,1.578316329355425e-05,0.0006214413524930232,0.0006056581891994689,0
2023-03-24T16:00:55Z,2023-03-24T16:01:00Z,5.45286235891472e-06,0.0006117692903517461,0.0006063164279928314,0
2023-03-24T16:00:55Z,2023-03-24T16:01:00Z,1.4963586388014208e-05,0.0006219563341727318,0.0006069927477847176,0
2023-03-24T16:00:55Z,2023-03-24T16:01:00Z,1.600831977812355e-05,0.0006235527738297851,0.0006075444540516615,0
2023-03-24T16:00:55Z,2023-03-24T16:01:00Z,1.5071398451194855e-05,0.0006238953728137034,0.0006088239743625085,0
2023-03-24T16:01:55Z,2023-03-24T16:02:00Z,1.0963806833746092e-05,0.0006211638042710175,0.0006101999974372714,0
2023-03-24T16:01:55Z,2023-03-24T16:02:00Z,1.1302967149690014e-05,0.0006231377242958546,0.0006118347571461646,0
2023-03-24T16:01:55Z,2023-03-24T16:02:00Z,3.2582720412544473e-06,0.0006163001139315233,0.0006130418418902688,0
2023-03-24T16:01:55Z,2023-03-24T16:02:00Z,6.454548211149791e-07,0.0006144962121465506,0.0006138507573254356,0
2023-03-24T16:01:55Z,2023-03-24T16:02:00Z,2.872915002366202e-06,0.0006176368868395447,0.0006147639718371785,0
2023-03-24T16:01:55Z,2023-03-24T16:02:00Z,9.82242513828638e-07,0.0006147501522886278,0.0006157323948024565,0
2023-03-24T16:01:55Z,2023-03-24T16:02:00Z,1.4468900757777406e-05,0.0006028846672392779,0.0006173535679970553,0
2023-03-24T16:01:55Z,2023-03-24T16:02:00Z,1.1093606944304057e-05,0.0006072255244811696,0.0006183191314254737,0
2023-03-24T16:01:55Z,2023-03-24T16:02:00Z,1.0778741034273356e-05,0.0006077261892480962,0.0006185049302823696,0
2023-03-24T16:01:55Z,2023-03-24T16:02:00Z,1.1863333549637649e-05,0.0006063615544279349,0.0006182248879775726,0
2023-03-24T16:01:55Z,2023-03-24T16:02:00Z,2.307791941792497e-05,0.0005945162946365195,0.0006175942140544445,0
2023-03-24T16:02:55Z,2023-03-24T16:03:00Z,2.8238837079947658e-05,0.0005885948049182412,0.0006168336419981889,0
2023-03-24T16:02:55Z,2023-03-24T16:03:00Z,2.45069550529962e-05,0.0005907621381988968,0.000615269093251893,0
2023-03-24T16:02:55Z,2023-03-24T16:03:00Z,2.4285196737677123e-05,0.0005885035710496962,0.0006127887677873734,0
2023-03-24T16:02:55Z,2023-03-24T16:03:00Z,2.1798949321430775e-05,0.0005891851588015822,0.000610984108123013,0
2023-03-24T16:02:55Z,2023-03-24T16:03:00Z,2.2572490858038135e-05,0.0005870430455413248,0.000609615536399363,0
2023-03-24T16:02:55Z,2023-03-24T16:03:00Z,2.292084829669098e-05,0.0005847669719043691,0.00060768782020106,0
2023-03-24T16:02:55Z,2023-03-24T16:03:00Z,2.181586687147836e-05,0.0005837243222537899,0.0006055401891252683,0
2023-03-24T16:02:55Z,2023-03-24T16:03:00Z,1.954772617021811e-05,0.0005836907923133247,0.0006032385184835429,0
2023-03-24T16:02:55Z,2023-03-24T16:03:00Z,1.775930583911131e-05,0.0005832768901728298,0.0006010361960119412,0
2023-03-24T16:02:55Z,2023-03-24T16:03:00Z,1.5524453514516464e-05,0.0005831913347337464,0.0005987157882482629,0
2023-03-24T16:02:55Z,2023-03-24T16:03:00Z,1.6938808007343413e-05,0.0005798344376668786,0.0005967732456742221,0
2023-03-24T16:02:55Z,2023-03-24T16:03:00Z,1.4306139476235095e-05,0.0005806256428207633,0.0005949317822969984,0
2023-03-24T16:03:55Z,2023-03-24T16:04:00Z,7.4150395064975566e-06,0.0005852930693097557,0.0005927081088162533,0
2023-03-24T16:03:55Z,2023-03-24T16:04:00Z,4.833721724431831e-06,0.0005858670630054764,0.0005907007847299082,0
2023-03-24T16:03:55Z,2023-03-24T16:04:00Z,2.6717663719367114e-06,0.0005869942184797644,0.0005896659848517011,0
2023-03-24T16:03:55Z,2023-03-24T16:04:00Z,2.2509890625414765e-06,0.000590660593827437,0.0005884096047648955,0
2023-03-24T16:03:55Z,2023-03-24T16:04:00Z,4.556486997453826e-06,0.0005917465640700947,0.0005871900770726408,0
2023-03-24T16:03:55Z,2023-03-24T16:04:00Z,8.262396018857122e-06,0.0005945288871738216,0.0005862664911549645,0
2023-03-24T16:03:55Z,2023-03-24T16:04:00Z,1.705783789036463e-05,0.0006031614037178923,0.0005861035658275277,0
2023-03-24T16:03:55Z,2023-03-24T16:04:00Z,1.2815095838773554e-05,0.0005992677253283943,0.0005864526294896207,0
2023-03-24T16:03:55Z,2023-03-24T16:04:00Z,1.0680202457864817e-05,0.0005978622005074263,0.0005871819980495615,0
2023-03-24T16:03:55Z,2023-03-24T16:04:00Z,1.4299616217975579e-05,0.000602114799813343,0.0005878151835953674,0
2023-03-24T16:03:55Z,2023-03-24T16:04:00Z,1.674066647363876e-05,0.0006050662642869969,0.0005883255978133582,0
2023-03-24T16:03:55Z,2023-03-24T16:04:00Z,1.9374244026093448e-05,0.0006085864156201586,0.0005892121715940651,0
2023-03-24T16:03:55Z,2023-03-24T16:04:00Z,2.374545367368709e-05,0.0006141517012902598,0.0005904062476165727,0
2023-03-24T16:04:55Z,2023-03-24T16:05:00Z,1.565571464608108e-05,0.0006075244383430285,0.0005918687236969474,0
2023-03-24T16:04:55Z,2023-03-24T16:05:00Z,1.2770480859037431e-05,0.0006064310227310986,0.0005936605418720612,0
2023-03-24T16:04:55Z,2023-03-24T16:05:00Z,2.805696489024804e-06,0.0005978925647240388,0.000595086868235014,0
2023-03-24T16:04:55Z,2023-03-24T16:05:00Z,1.92705998769741e-07,0.0005966466147042163,0.0005964539087054465,0
2023-03-24T16:04:55Z,2023-03-24T16:05:00Z,1.8873453736483045e-06,0.0005956288060998664,0.0005975161514735147,0
2023-03-24T16:04:55Z,2023-03-24T16:05:00Z,9.256765363557166e-06,0.0005892017962207488,0.0005984585615843059,0
2023-03-24T16:04:55Z,2023-03-24T16:05:00Z,9.613752735864096e-06,0.0005894527933655073,0.0005990665461013714,0
2023-03-24T16:04:55Z,2023-03-24T16:05:00Z,8.162984824207353e-06,0.000591099722054533,0.0005992627068787404,0
2023-03-24T16:04:55Z,2023-03-24T16:05:00Z,9.176832953041456e-07,0.000600325012226147,0.0005994073289308429,0
2023-03-24T16:04:55Z,2023-03-24T16:05:00Z,6.545454596822804e-06,0.0006059786145998478,0.000599433160003025,0
2023-03-24T16:04:55Z,2023-03-24T16:05:00Z,8.291269836608142e-06,0.0006082290444370481,0.0005999377746004399,0
2023-03-24T16:04:55Z,2023-03-24T16:05:00Z,2.6318911103754943e-06,0.000597979396868066,0.0006006112879784415,0
2023-03-24T16:05:55Z,2023-03-24T16:06:00Z,5.62436472582124e-06,0.0005952850197655116,0.0006009093844913328,0
2023-03-24T16:05:55Z,2023-03-24T16:06:00Z,1.669958818695163e-05,0.0005841340122773031,0.0006008336004642548,0
2023-03-24T16:05:55Z,2023-03-24T16:06:00Z,2.3532176702688442e-05,0.0005771498248943949,0.0006006820015970833,0
2023-03-24T16:05:55Z,2023-03-24T16:06:00Z,3.082805187922292e-05,0.0005687962563333875,0.0005996243082126104,0
2023-03-24T16:05:55Z,2023-03-24T16:06:00Z,8.407299495818868e-06,0.000589574865223109,0.0005979821647189279,0
2023-03-24T16:05:55Z,2023-03-24T16:06:00Z,3.3916994471085713e-06,0.0005990332665609322,0.0005956415671138236,0
2023-03-24T16:05:55Z,2023-03-24T16:06:00Z,1.5568718150038986e-05,0.0006097645890246185,0.0005941958708745795,0
2023-03-24T16:05:55Z,2023-03-24T16:06:00Z,1.7068216757357363e-05,0.0006107646069388724,0.000593696390181515,0
2023-03-24T16:05:55Z,2023-03-24T16:06:00Z,2.7628817293920286e-05,0.0006215212996103482,0.000593892482316428,0
2023-03-24T16:05:55Z,2023-03-24T16:06:00Z,2.765778081686987e-05,0.0006223074420871116,0.0005946496612702417,0
2023-03-24T16:05:55Z,2023-03-24T16:06:00Z,3.218425797306358e-05,0.0006282971360024895,0.000596112878029426,0
2023-03-24T16:05:55Z,2023-03-24T16:06:00Z,3.232852043214538e-05,0.0006300107299902328,0.0005976822095580875,0
2023-03-24T16:06:55Z,2023-03-24T16:07:00Z,3.507644831825848e-05,0.0006350583837458602,0.0005999819354276017,0
2023-03-24T16:06:55Z,2023-03-24T16:07:00Z,2.9050485034769267e-05,0.0006314181814402961,0.0006023676964055268,0
2023-03-24T16:06:55Z,2023-03-24T16:07:00Z,2.5538117789914512e-05,0.0006304916178243429,0.0006049535000344283,0
2023-03-24T16:06:55Z,2023-03-24T16:07:00Z,3.5311194893401766e-05,0.0006420937048816035,0.0006067825099882018,0
2023-03-24T16:06:55Z,2023-03-24T16:07:00Z,3.9693064391574146e-05,0.0006479175157459227,0.0006082244513543485,0
2023-03-24T16:06:55Z,2023-03-24T16:07:00Z,4.793127063157203e-05,0.0006581477608356003,0.0006102164902040283,0
2023-03-24T16:06:55Z,2023-03-24T16:07:00Z,3.99355151540679e-05,0.0006530895417626759,0.000613154026608608,0
2023-03-24T16:06:55Z,2023-03-24T16:07:00Z,3.766429169536998e-05,0.0006545161266022186,0.0006168518349068486,0
2023-03-24T16:06:55Z,2023-03-24T16:07:00Z,2.9073490276749548e-05,0.0006499815328003848,0.0006209080425236352,0
2023-03-24T16:06:55Z,2023-03-24T16:07:00Z,2.970988585445332e-05,0.0006551688873020782,0.0006254590014476249,0
2023-03-24T16:06:55Z,2023-03-24T16:07:00Z,2.4601312932422234e-05,0.0006548359188781058,0.0006302346059456835,0
2023-03-24T16:06:55Z,2023-03-24T16:07:00Z,2.1677940342982953e-05,0.0006557710181756646,0.0006340930778326817,0
2023-03-24T16:07:55Z,2023-03-24T16:08:00Z,2.5361837436097792e-05,0.0006627374242286132,0.0006373755867925154,0
2023-03-24T16:07:55Z,2023-03-24T16:08:00Z,1.8332239280966054e-05,0.0006584140866117783,0.0006400818473308122,0
2023-03-24T16:07:55Z,2023-03-24T16:08:00Z,1.4741732856827822e-05,0.0006283973390204399,0.0006431390718772677,0
2023-03-24T16:07:55Z,2023-03-24T16:08:00Z,1.2221366495071898e-06,0.0006465313724680354,0.0006453092358185282,0
2023-03-24T16:07:55Z,2023-03-24T16:08:00Z,1.9720071231336348e-05,0.0006653875362812368,0.0006456674650499004,0
2023-03-24T16:07:55Z,2023-03-24T16:08:00Z,2.0089040942376812e-05,0.0006668291081373094,0.0006467400671949326,0
2023-03-24T16:07:55Z,2023-03-24T16:08:00Z,2.697213381196357e-05,0.0006757931896122492,0.0006488210558002857,0
2023-03-24T16:07:55Z,2023-03-24T16:08:00Z,1.547157253334124e-05,0.0006661614944743004,0.0006506899219409592,0
2023-03-24T16:07:55Z,2023-03-24T16:08:00Z,7.723754582471547e-06,0.0006610239711217808,0.0006533002165393093,0
2023-03-24T16:07:55Z,2023-03-24T16:08:00Z,7.39214813766972e-06,0.0006627905927152118,0.0006553984445775421,0
2023-03-24T16:07:55Z,2023-03-24T16:08:00Z,9.70989780716368e-06,0.0006662218874576574,0.0006565119896504937,0
2023-03-24T16:07:55Z,2023-03-24T16:08:00Z,1.9002642729216155e-05,0.0006763895192602564,0.0006573868765310403,0
2023-03-24T16:08:55Z,2023-03-24T16:09:00Z,9.754300984630179e-06,0.0006676161261404972,0.0006578618251558671,0
2023-03-24T16:08:55Z,2023-03-24T16:09:00Z,1.0962389604055175e-06,0.0006581361731070839,0.0006592324120674894,0
2023-03-24T16:08:55Z,2023-03-24T16:09:00Z,1.1383390676595034e-07,0.0006601168341823894,0.0006600030002756234,0
2023-03-24T16:08:55Z,2023-03-24T16:09:00Z,3.916243724915217e-06,0.0006565664412746319,0.0006604826849995471,0
2023-03-24T16:08:55Z,2023-03-24T16:09:00Z,2.7336240920330327e-07,0.0006605003782891855,0.0006607737406983888,0
2023-03-24T16:08:55Z,2023-03-24T16:09:00Z,1.4040577804426478e-05,0.0006468349583290522,0.0006608755361334787,0
2023-03-24T16:08:55Z,2023-03-24T16:09:00Z,3.4641279773778223e-05,0.000626512454013437,0.0006611537337872152,0
2023-03-24T16:08:55Z,2023-03-24T16:09:00Z,7.030784721903747e-05,0.0005899104473976153,0.0006602182946166528,0
2023-03-24T16:08:55Z,2023-03-24T16:09:00Z,9.820381322929537e-05,0.0005601379147639256,0.0006583417279932209,0
2023-03-24T16:08:55Z,2023-03-24T16:09:00Z,0.00010711615659012616,0.000548961636601752,0.0006560777931918782,0
2023-03-24T16:08:55Z,2023-03-24T16:09:00Z,9.739682068126906e-05,0.0005535990044103674,0.0006509958250916364,0
2023-03-24T16:08:55Z,2023-03-24T16:09:00Z,8.889095709863689e-05,0.0005552562856589123,0.0006441472427575492,0
2023-03-24T16:09:55Z,2023-03-24T16:10:00Z,8.316414607373052e-05,0.0005543225023469396,0.0006374866484206702,0
2023-03-24T16:09:55Z,2023-03-24T16:10:00Z,6.000270128109751e-05,0.0005703935410246706,0.0006303962423057681,0
2023-03-24T16:09:55Z,2023-03-24T16:10:00Z,2.7345732467994478e-05,0.0005964717455949876,0.000623817478062982,0
2023-03-24T16:09:55Z,2023-03-24T16:10:00Z,3.907506599475628e-06,0.0006223937828920394,0.0006184862762925638,0
2023-03-24T16:09:55Z,2023-03-24T16:10:00Z,1.4542026206304797e-05,0.0006291271938447378,0.000614585167638433,0
2023-03-24T16:09:55Z,2023-03-24T16:10:00Z,2.5385657757866676e-05,0.0006373927015983223,0.0006120070438404556,0
2023-03-24T16:09:55Z,2023-03-24T16:10:00Z,1.8198917904864182e-05,0.0006274258249561715,0.0006092269070513074,0
2023-03-24T16:09:55Z,2023-03-24T16:10:00Z,8.069520615257156e-06,0.0006155185791640836,0.0006074490585488264,0
2023-03-24T16:09:55Z,2023-03-24T16:10:00Z,2.962730655253873e-06,0.0006086052981363795,0.0006056425674811257,0
2023-03-24T16:09:55Z,2023-03-24T16:10:00Z,8.802107304451052e-06,0.0006118212480197942,0.0006030191407153431,0
2023-03-24T16:09:55Z,2023-03-24T16:10:00Z,1.0380441382453636e-05,0.0006105783383837819,0.0006001978970013283,0
2023-03-24T16:09:55Z,2023-03-24T16:10:00Z,1.1123488566086386e-05,0.0006084579073162739,0.0005973344187501876,0
2023-03-24T16:10:55Z,2023-03-24T16:11:00Z,2.499026782254042e-05,0.0006201919442230062,0.0005952016764004658,0
2023-03-24T16:10:55Z,2023-03-24T16:11:00Z,2.735407252488643e-05,0.0006214937167666955,0.000594139644241809,0
2023-03-24T16:10:55Z,2023-03-24T16:11:00Z,2.7912028805367976e-05,0.0006238329375663177,0.0005959209087609497,0
2023-03-24T16:10:55Z,2023-03-24T16:11:00Z,2.4753769122786372e-05,0.0006242838427074285,0.0005995300735846421,0
2023-03-24T16:10:55Z,2023-03-24T16:11:00Z,1.6391228170444493e-05,0.0006203254959294727,0.0006039342677590283,0
2023-03-24T16:10:55Z,2023-03-24T16:11:00Z,1.0345008321058615e-05,0.0006184372077446198,0.0006080921994235612,0
2023-03-24T16:10:55Z,2023-03-24T16:11:00Z,5.117404545552126e-06,0.0006170372045732641,0.000611919800027712,0
2023-03-24T16:10:55Z,2023-03-24T16:11:00Z,7.241655910368507e-06,0.0006084495973760304,0.0006156912532863989,0
2023-03-24T16:10:55Z,2023-03-24T16:11:00Z,9.509503486043757e-06,0.0006089254947149784,0.0006184349982010221,0
2023-03-24T16:10:55Z,2023-03-24T16:11:00Z,1.874939228871679e-05,0.0006003901854288373,0.0006191395777175541,0
2023-03-24T16:10:55Z,2023-03-24T16:11:00Z,2.4009789195220967e-05,0.0005943375362766237,0.0006183473254718447,0
2023-03-24T16:10:55Z,2023-03-24T16:11:00Z,2.7165272920610484e-05,0.0005894916402914753,0.0006166569132120857,0
2023-03-24T16:11:55Z,2023-03-24T16:12:00Z,3.168773512175478e-05,0.0005824365213067016,0.0006141242564284563,0
2023-03-24T16:11:55Z,2023-03-24T16:12:00Z,2.8305467504978368e-05,0.0005835873662961429,0.0006118928338011213,0
2023-03-24T16:11:55Z,2023-03-24T16:12:00Z,2.857177466880471e-05,0.0005813750557289412,0.0006099468303977459,0
2023-03-24T16:11:55Z,2023-03-24T16:12:00Z,2.606763643386422e-05,0.000582407550914456,0.0006084751873483203,0
2023-03-24T16:11:55Z,2023-03-24T16:12:00Z,2.8798267764754506e-05,0.0005778859670958683,0.0006066842348606228,0
2023-03-24T16:11:55Z,2023-03-24T16:12:00Z,2.9224943306926606e-05,0.000575802186408442,0.0006050271297153686,0
2023-03-24T16:11:55Z,2023-03-24T16:12:00Z,2.0219375698120865e-05,0.000583009404592518,0.0006032287802906389,0
2023-03-24T16:11:55Z,2023-03-24T16:12:00Z,4.3971674532054415e-06,0.0006050147855194583,0.0006006176180662528,0
2023-03-24T16:11:55Z,2023-03-24T16:12:00Z,5.467694537344189e-06,0.0006038215295345276,0.0005983538349971834,0
2023-03-24T16:11:55Z,2023-03-24T16:12:00Z,1.2920280087483837e-05,0.0006101671649642637,0.0005972468848767799,0
2023-03-24T16:11:55Z,2023-03-24T16:12:00Z,3.456991567476781e-05,0.0006306131350707889,0.0005960432193960211,0
2023-03-24T16:12:55Z,2023-03-24T16:13:00Z,4.152720327053427e-05,0.0006369728737862491,0.0005954456705157148,0
2023-03-24T16:12:55Z,2023-03-24T16:13:00Z,4.22580205523093e-05,0.0006384199220872103,0.000596161901534901,0
2023-03-24T16:12:55Z,2023-03-24T16:13:00Z,5.186818888214858e-05,0.0006492027768413429,0.0005973345879591943,0
2023-03-24T16:12:55Z,2023-03-24T16:13:00Z,5.910668500761114e-05,0.0006582042332439336,0.0005990975482363225,0
2023-03-24T16:12:55Z,2023-03-24T16:13:00Z,6.767190184685788e-05,0.0006691387019729666,0.0006014668001261088,0
2023-03-24T16:12:55Z,2023-03-24T16:13:00Z,7.2230538254462e-05,0.0006770981647226352,0.0006048676264681732,0
2023-03-24T16:12:55Z,2023-03-24T16:13:00Z,7.05160695805867e-05,0.000679783764619133,0.0006092676950385463,0
2023-03-24T16:12:55Z,2023-03-24T16:13:00Z,6.49576171444494e-05,0.0006793786371495345,0.0006144210200050851,0
2023-03-24T16:12:55Z,2023-03-24T16:13:00Z,5.4800068572060604e-05,0.0006749473970072888,0.0006201473284352282,0
2023-03-24T16:12:55Z,2023-03-24T16:13:00Z,5.1400601559143375e-05,0.0006771827106328062,0.0006257821090736628,0
2023-03-24T16:12:55Z,2023-03-24T16:13:00Z,4.8048618236388486e-05,0.0006793349826793659,0.0006312863644429774,0
2023-03-24T16:12:55Z,2023-03-24T16:13:00Z,3.76305629538273e-05,0.0006744919367920019,0.0006368613738381746,0
2023-03-24T16:12:55Z,2023-03-24T16:13:00Z,3.111492777214454e-05,0.0006739438907622894,0.0006428289629901449,0
2023-03-24T16:13:55Z,2023-03-24T16:14:00Z,2.0080197725863688e-05,0.0006687144401503357,0.000648634242424472,0
2023-03-24T16:13:55Z,2023-03-24T16:14:00Z,3.7276068872396e-06,0.0006502557229589837,0.0006539833298462233,0
2023-03-24T16:13:55Z,2023-03-24T16:14:00Z,2.1423541602154524e-05,0.0006363068267517674,0.0006577303683539219,0
2023-03-24T16:13:55Z,2023-03-24T16:14:00Z,3.728709467169962e-05,0.0006231746968248373,0.0006604617914965369,0
2023-03-24T16:13:55Z,2023-03-24T16:14:00Z,4.386360670002713e-05,0.0006181358119604806,0.0006619994186605078,0
2023-03-24T16:13:55Z,2023-03-24T16:14:00Z,4.430283682562992e-05,0.0006172590266439395,0.0006615618634695695,0
2023-03-24T16:13:55Z,2023-03-24T16:14:00Z,4.217779179642423e-05,0.0006182760092128059,0.0006604538010092302,0
2023-03-24T16:13:55Z,2023-03-24T16:14:00Z,4.4043192790512624e-05,0.000615165849663231,0.0006592090424537437,0
2023-03-24T16:13:55Z,2023-03-24T16:14:00Z,4.821967943627553e-05,0.00060917014139226,0.0006573898208285355,0
2023-03-24T16:13:55Z,2023-03-24T16:14:00Z,5.1756659326382035e-05,0.0006031014918797593,0.0006548581512061414,0
2023-03-24T16:13:55Z,2023-03-24T16:14:00Z,4.833512062128189e-05,0.0006029954681977591,0.000651330588819041,0
2023-03-24T16:13:55Z,2023-03-24T16:14:00Z,4.040975148286491e-05,0.0006065680918748304,0.0006469778433576953,0
2023-03-24T16:14:55Z,2023-03-24T16:15:00Z,3.3484260967911526e-05,0.0006089766237767618,0.0006424608847446733,0
2023-03-24T16:14:55Z,2023-03-24T16:15:00Z,2.4674136956708156e-05,0.000613503774536512,0.0006381779114932202,0
2023-03-24T16:14:55Z,2023-03-24T16:15:00Z,1.8725902717791503e-05,0.0006155713750559858,0.0006342972777737773,0
2023-03-24T16:14:55Z,2023-03-24T16:15:00Z,1.539383304915553e-05,0.0006151576249542515,0.000630551458003407,0
2023-03-24T16:14:55Z,2023-03-24T16:15:00Z,9.397071819957064e-06,0.0006174035857350159,0.000626800657554973,0
2023-03-24T16:14:55Z,2023-03-24T16:15:00Z,1.1407902932686039e-05,0.0006119025009847722,0.0006233104039174583,0
2023-03-24T16:14:55Z,2023-03-24T16:15:00Z,9.771451623747838e-06,0.0006102130519979885,0.0006199845036217363,0
2023-03-24T16:14:55Z,2023-03-24T16:15:00Z,6.3325196820886555e-06,0.0006103101051652027,0.0006166426248472913,0
2023-03-24T16:14:55Z,2023-03-24T16:15:00Z,1.9213515235774964e-06,0.0006123658220907143,0.0006142871736142918,0
2023-03-24T16:14:55Z,2023-03-24T16:15:00Z,7.73159103276079e-06,0.0006204895457301957,0.000612757954697435,0
2023-03-24T16:14:55Z,2023-03-24T16:15:00Z,1.525015648577916e-05,0.0006273722950223834,0.0006121221385366043,0
2023-03-24T16:14:55Z,2023-03-24T16:15:00Z,1.3703778057854257e-05,0.0006259643715220887,0.0006122605934642345,0
2023-03-24T16:15:55Z,2023-03-24T16:16:00Z,1.9142030704010068e-05,0.000631997522308153,0.000612855491604143,0
2023-03-24T16:15:55Z,2023-03-24T16:16:00Z,1.4673860505213512e-05,0.0006279816087157847,0.0006133077482105712,0
2023-03-24T16:15:55Z,2023-03-24T16:16:00Z,2.200749202362041e-05,0.0006363053386250695,0.0006142978466014491,0
2023-03-24T16:15:55Z,2023-03-24T16:16:00Z,1.5593747965228434e-05,0.0006309981514680613,0.0006154044035028329,0
2023-03-24T16:15:55Z,2023-03-24T16:16:00Z,1.3118703488190666e-05,0.0006304762744466301,0.0006173575709584394,0
2023-03-24T16:15:55Z,2023-03-24T16:16:00Z,2.2644139508755726e-05,0.000641648927130154,0.0006190047876213983,0
2023-03-24T16:15:55Z,2023-03-24T16:16:00Z,2.1152058671832885e-05,0.0006415632099739253,0.0006204111513020925,0
2023-03-24T16:15:55Z,2023-03-24T16:16:00Z,2.1413123460206542e-05,0.0006437461749595573,0.0006223330514993508,0
2023-03-24T16:15:55Z,2023-03-24T16:16:00Z,2.085876189792746e-05,0.0006448423684230083,0.0006239836065250809,0
2023-03-24T16:15:55Z,2023-03-24T16:16:00Z,1.8610937072913365e-05,0.0006442518847687927,0.0006256409476958794,0
2023-03-24T16:15:55Z,2023-03-24T16:16:00Z,1.3064060619210195e-05,0.0006404511696956048,0.0006273871090763946,0
2023-03-24T16:15:55Z,2023-03-24T16:16:00Z,6.811735100829613e-06,0.0006357781558850933,0.0006289664207842637,0
2023-03-24T16:16:55Z,2023-03-24T16:17:00Z,7.172670033235985e-06,0.0006234730842046061,0.0006306457542378421,0
2023-03-24T16:16:55Z,2023-03-24T16:17:00Z,5.452341745233974e-06,0.0006376019256234939,0.0006321495838782599,0
2023-03-24T16:16:55Z,2023-03-24T16:17:00Z,5.009260322897942e-06,0.000627914616440033,0.0006329238767629309,0
2023-03-24T16:16:55Z,2023-03-24T16:17:00Z,6.640899833609782e-06,0.0006410492532749393,0.0006344083534413295,0
2023-03-24T16:16:55Z,2023-03-24T16:17:00Z,1.2375871802855834e-06,0.0006360827094868996,0.000634845122306614,0
2023-03-24T16:16:55Z,2023-03-24T16:17:00Z,5.624544396436539e-06,0.0006300251048662101,0.0006356496492626466,0
2023-03-24T16:16:55Z,2023-03-24T16:17:00Z,1.0691083426231916e-05,0.0006255537621872861,0.000636244845613518,0
2023-03-24T16:16:55Z,2023-03-24T16:17:00Z,8.771679923948715e-06,0.0006273571411341608,0.0006361288210581095,0
2023-03-24T16:16:55Z,2023-03-24T16:17:00Z,5.673710612593818e-06,0.0006303122959438394,0.0006359860065564332,0
2023-03-24T16:16:55Z,2023-03-24T16:17:00Z,1.2900436479236369e-06,0.0006367496856460681,0.0006354596419981444,0
2023-03-24T16:16:55Z,2023-03-24T16:17:00Z,5.62489349779623e-07,0.0006359817869053229,0.0006354192975555433,0
2023-03-24T16:16:55Z,2023-03-24T16:17:00Z,2.189104713038793e-06,0.0006379774264567841,0.0006357883217437453,0
2023-03-24T16:17:55Z,2023-03-24T16:18:00Z,8.787045361624514e-06,0.0006442420059156739,0.0006354549605540494,0
2023-03-24T16:17:55Z,2023-03-24T16:18:00Z,6.933621566301449e-06,0.0006421776536781661,0.0006352440321118647,0
2023-03-24T16:17:55Z,2023-03-24T16:18:00Z,1.5676551871718304e-05,0.0006509497505104134,0.0006352731986386951,0
2023-03-24T16:17:55Z,2023-03-24T16:18:00Z,8.845445556038408e-06,0.0006439618962685664,0.000635116450712528,0
2023-03-24T16:17:55Z,2023-03-24T16:18:00Z,7.16601500067623e-06,0.0006426764578156525,0.0006355104428149762,0
2023-03-24T16:17:55Z,2023-03-24T16:18:00Z,1.9593663910584427e-05,0.0006553106200533819,0.0006357169561427975,0
2023-03-24T16:17:55Z,2023-03-24T16:18:00Z,2.0532672845664573e-05,0.0006566554114549655,0.0006361227386093009,0
2023-03-24T16:17:55Z,2023-03-24T16:18:00Z,1.3871219312954234e-05,0.0006518667541486538,0.0006379955348356995,0
2023-03-24T16:17:55Z,2023-03-24T16:18:00Z,7.72187640645601e-06,0.0006468382045263597,0.0006391163281199037,0
2023-03-24T16:17:55Z,2023-03-24T16:18:00Z,2.0115645902618086e-06,0.0006425368419871433,0.0006405252773968815,0
2023-03-24T16:17:55Z,2023-03-24T16:18:00Z,5.268436398656907e-07,0.0006413926475809482,0.0006408658039410826,0
2023-03-24T16:17:55Z,2023-03-24T16:18:00Z,4.148394960601051e-06,0.0006453938537546392,0.0006412454587940382,0
2023-03-24T16:18:55Z,2023-03-24T16:19:00Z,1.053522629019621e-05,0.0006524493640674541,0.0006419141377772579,1
2023-03-24T16:18:55Z,2023-03-24T16:19:00Z,6.765395153698547e-06,0.0006498465971408008,0.0006430812019871023,1
2023-03-24T16:18:55Z,2023-03-24T16:19:00Z,1.4566849195997086e-05,0.0006591240642968225,0.0006445572151008254,1
2023-03-24T16:18:55Z,2023-03-24T16:19:00Z,2.3274532637055983e-05,0.0006689808242788792,0.0006457062916418232,1
2023-03-24T16:18:55Z,2023-03-24T16:19:00Z,1.958971097054587e-05,0.0006666121425330015,0.0006470224315624556,1
2023-03-24T16:18:55Z,2023-03-24T16:19:00Z,1.2821348540565758e-05,0.0006617848999485248,0.000648963551407959,1
2023-03-24T16:18:55Z,2023-03-24T16:19:00Z,1.3578085966390783e-05,0.0006642260324376567,0.0006506479464712659,1
2023-03-24T16:18:55Z,2023-03-24T16:19:00Z,2.2659190890495862e-05,0.0006743390723048708,0.0006516798814143749,1
2023-03-24T16:18:55Z,2023-03-24T16:19:00Z,2.491979767782948e-05,0.0006778966425486449,0.0006529768448708154,1
2023-03-24T16:18:55Z,2023-03-24T16:19:00Z,2.2374568941608696e-05,0.0006767272562709216,0.0006543526873293129,1
2023-03-24T16:18:55Z,2023-03-24T16:19:00Z,1.77061224950841e-05,0.000674054971370284,0.0006563488488751999,1
2023-03-24T16:18:55Z,2023-03-24T16:19:00Z,2.1033613760861958e-05,0.0006793854507804896,0.0006583518370196276,1
2023-03-24T16:19:55Z,2023-03-24T16:20:00Z,2.7685844816095284e-05,0.0006871402907367171,0.0006594544459206218,0
2023-03-24T16:19:55Z,2023-03-24T16:20:00Z,1.3460077284274219e-05,0.0006742515843416915,0.0006607915070574173,0
2023-03-24T16:19:55Z,2023-03-24T16:20:00Z,6.43780758247212e-06,0.0006693042285568343,0.0006628664209743622,0
2023-03-24T16:19:55Z,2023-03-24T16:20:00Z,5.822284245526909e-06,0.0006586566884826784,0.0006644789727282053,0
2023-03-24T16:19:55Z,2023-03-24T16:20:00Z,3.897722619407881e-06,0.0006621558022599556,0.0006660535248793635,0
2023-03-24T16:19:55Z,2023-03-24T16:20:00Z,7.76503118311866e-06,0.0006593040255139938,0.0006670690566971125,0
2023-03-24T16:19:55Z,2023-03-24T16:20:00Z,1.1599345871530359e-05,0.000656455707796483,0.0006680550536680134,0
2023-03-24T16:19:55Z,2023-03-24T16:20:00Z,1.1982733815172372e-05,0.0006564755352320492,0.0006684582690472216,0
2023-03-24T16:19:55Z,2023-03-24T16:20:00Z,9.644590087253967e-06,0.0006592024501750077,0.0006688470402622617,0
2023-03-24T16:19:55Z,2023-03-24T16:20:00Z,3.4405973901891363e-06,0.0006652506470447329,0.0006686912444349221,0
2023-03-24T16:19:55Z,2023-03-24T16:20:00Z,6.573519171803265e-06,0.0006746895651300271,0.0006681160459582238,0
2023-03-24T16:20:55Z,2023-03-24T16:21:00Z,3.4022547974067036e-06,0.000664633703190919,0.0006680359579883257,0
2023-03-24T16:20:55Z,2023-03-24T16:21:00Z,9.596438630971016e-06,0.0006591986173092076,0.0006687950559401786,0
2023-03-24T16:20:55Z,2023-03-24T16:21:00Z,6.312368765641358e-06,0.0006625066678070822,0.0006688190365727235,0
2023-03-24T16:20:55Z,2023-03-24T16:21:00Z,5.06836064722389e-07,0.0006684352576377011,0.0006679284215729787,0
2023-03-24T16:20:55Z,2023-03-24T16:21:00Z,5.949905303138654e-06,0.0006729730342442606,0.000667023128941122,0
2023-03-24T16:20:55Z,2023-03-24T16:21:00Z,5.318896570605659e-06,0.0006718542608862442,0.0006665353643156385,0
2023-03-24T16:20:55Z,2023-03-24T16:21:00Z,8.449548245816367e-06,0.0006749212692011005,0.0006664717209552842,0
2023-03-24T16:20:55Z,2023-03-24T16:21:00Z,1.537536252746094e-05,0.0006814040723124954,0.0006660287097850345,0
2023-03-24T16:20:55Z,2023-03-24T16:21:00Z,4.715278162381012e-06,0.0006605946656499702,0.0006653099438123512,0
2023-03-24T16:20:55Z,2023-03-24T16:21:00Z,1.7789213348950745e-05,0.0006479414650499182,0.000665730678398869,0
2023-03-24T16:20:55Z,2023-03-24T16:21:00Z,2.0749805136123056e-05,0.0006444685460329304,0.0006652183511690534,0
2023-03-24T16:20:55Z,2023-03-24T16:21:00Z,2.3579410626495723e-05,0.0006410086332818071,0.0006645880439083028,0
2023-03-24T16:21:55Z,2023-03-24T16:22:00Z,2.6407859680425256e-05,0.0006371397573909938,0.000663547617071419,0
2023-03-24T16:21:55Z,2023-03-24T16:22:00Z,2.6374901484138222e-05,0.0006360965160442109,0.0006624714175283491,0
2023-03-24T16:21:55Z,2023-03-24T16:22:00Z,3.139601613499725e-05,0.0006299391690165585,0.0006613351851515557,0
2023-03-24T16:21:55Z,2023-03-24T16:22:00Z,3.862984438543992e-05,0.0006215065749315371,0.000660136419316977,0
2023-03-24T16:21:55Z,2023-03-24T16:22:00Z,3.985641424325093e-05,0.0006185586355938174,0.0006584150498370684,0
2023-03-24T16:21:55Z,2023-03-24T16:22:00Z,3.6615488874313035e-05,0.0006192263802502143,0.0006558418691245273,0
2023-03-24T16:21:55Z,2023-03-24T16:22:00Z,3.5838641121154705e-05,0.0006167014086188897,0.0006525400497400444,0
2023-03-24T16:21:55Z,2023-03-24T16:22:00Z,3.4469012963513155e-05,0.0006154000177800192,0.0006498690307435324,0
2023-03-24T16:21:55Z,2023-03-24T16:22:00Z,1.859469815516338e-05,0.0006287744967830561,0.0006473691949382195,0
2023-03-24T16:21:55Z,2023-03-24T16:22:00Z,5.635643223791324e-06,0.0006389625723010715,0.0006445982155248628,0
2023-03-24T16:21:55Z,2023-03-24T16:22:00Z,3.4901641618552068e-06,0.0006457553937540919,0.0006422652295922367,0
2023-03-24T16:21:55Z,2023-03-24T16:22:00Z,1.413313400318414e-06,0.0006416779275841322,0.0006402646141838138,0
2023-03-24T16:22:55Z,2023-03-24T16:23:00Z,4.554510455625506e-06,0.0006341748762498263,0.0006387293867054518,0
2023-03-24T16:22:55Z,2023-03-24T16:23:00Z,2.614041390222913e-06,0.000634159854631878,0.0006367738960221009,0
2023-03-24T16:22:55Z,2023-03-24T16:23:00Z,5.684498769039032e-07,0.0006345641578953182,0.0006339957080184143,0
2023-03-24T16:22:55Z,2023-03-24T16:23:00Z,6.1442439196195565e-06,0.0006262964752153776,0.0006324407191349972,0
2023-03-24T16:22:55Z,2023-03-24T16:23:00Z,1.4917627207355314e-05,0.0006465714459214937,0.0006316538187141384,0
2023-03-24T16:22:55Z,2023-03-24T16:23:00Z,1.5196219492055263e-05,0.0006457810928639847,0.0006305848733719295,0
2023-03-24T16:22:55Z,2023-03-24T16:23:00Z,1.9811182049662784e-05,0.000650723279694515,0.0006309120976448522,0
2023-03-24T16:22:55Z,2023-03-24T16:23:00Z,3.318135842551482e-05,0.0006646017699217194,0.0006314204114962046,0
2023-03-24T16:22:55Z,2023-03-24T16:23:00Z,3.207637015531593e-05,0.0006643571795133031,0.0006322808093579871,0
2023-03-24T16:22:55Z,2023-03-24T16:23:00Z,2.3845346285566397e-05,0.0006581651321673865,0.0006343197858818201,0
2023-03-24T16:22:55Z,2023-03-24T16:23:00Z,5.875523805325741e-06,0.0006427159334860734,0.0006368404096807476,0
2023-03-24T16:22:55Z,2023-03-24T16:23:00Z,5.115798672196393e-06,0.0006442860022690363,0.0006391702035968399,0
2023-03-24T16:23:55Z,2023-03-24T16:24:00Z,5.941281608908802e-06,0.0006464932236313874,0.0006405519420224786,0
2023-03-24T16:23:55Z,2023-03-24T16:24:00Z,8.200708389043696e-06,0.0006503752735674133,0.0006421745651783696,0
2023-03-24T16:23:55Z,2023-03-24T16:24:00Z,4.204055289160893e-06,0.0006482076325764345,0.0006440035772872736,0
2023-03-24T16:23:55Z,2023-03-24T16:24:00Z,1.695246275962368e-05,0.000662226673975389,0.0006452742112157653,0
2023-03-24T16:23:55Z,2023-03-24T16:24:00Z,1.5124914246289283e-05,0.000660942952537076,0.0006458180382907867,0
2023-03-24T16:23:55Z,2023-03-24T16:24:00Z,2.6598758202951017e-06,0.0006494468129476286,0.0006467869371273335,0
2023-03-24T16:23:55Z,2023-03-24T16:24:00Z,4.033244330789833e-07,0.0006475168494561923,0.0006479201738892713,0
2023-03-24T16:23:55Z,2023-03-24T16:24:00Z,6.063370146662181e-06,0.0006427551529601269,0.0006488185231067891,0
2023-03-24T16:23:55Z,2023-03-24T16:24:00Z,1.7809760602124718e-05,0.0006317944680825652,0.0006496042286846899,0
2023-03-24T16:23:55Z,2023-03-24T16:24:00Z,2.248041356901992e-05,0.0006276056383547764,0.0006500860519237963,0
2023-03-24T16:23:55Z,2023-03-24T16:24:00Z,1.1396194239522576e-05,0.0006390132690294025,0.0006504094632689251,0
2023-03-24T16:23:55Z,2023-03-24T16:24:00Z,6.833848100424342e-06,0.000642459979429282,0.0006492938275297063,0
2023-03-24T16:23:55Z,2023-03-24T16:24:00Z,7.3273298800090574e-06,0.0006415683903653101,0.0006488957202453191,0
2023-03-24T16:24:55Z,2023-03-24T16:25:00Z,1.373253634872132e-05,0.0006346771074104078,0.0006484096437591291,0
2023-03-24T16:24:55Z,2023-03-24T16:25:00Z,2.0593113528224972e-05,0.0006264616255511152,0.0006470547390793401,0
2023-03-24T16:24:55Z,2023-03-24T16:25:00Z,2.664243842952609e-05,0.0006186664140555261,0.0006453088524850522,0
2023-03-24T16:24:55Z,2023-03-24T16:25:00Z,3.429285084129727e-05,0.0006091510894898567,0.0006434439403311539,0
2023-03-24T16:24:55Z,2023-03-24T16:25:00Z,2.8941564207528563e-05,0.0006130876985100638,0.0006420292627175924,0
2023-03-24T16:24:55Z,2023-03-24T16:25:00Z,2.3198001189388422e-05,0.0006167645019529582,0.0006399625031423466,0
2023-03-24T16:24:55Z,2023-03-24T16:25:00Z,2.1287437124053034e-05,0.000616710035128804,0.000637997472252857,0
2023-03-24T16:24:55Z,2023-03-24T16:25:00Z,2.1156791037171786e-05,0.0006148635770030702,0.000636020368040242,0
2023-03-24T16:24:55Z,2023-03-24T16:25:00Z,2.260926101843564e-05,0.0006115583071719457,0.0006341675681903813,0
2023-03-24T16:24:55Z,2023-03-24T16:25:00Z,3.038138117594303e-05,0.0006010001224866548,0.0006313815036625978,0
2023-03-24T16:24:55Z,2023-03-24T16:25:00Z,2.4187722472342535e-05,0.00060428880205113,0.0006284765245234725,0
2023-03-24T16:25:55Z,2023-03-24T16:26:00Z,2.618321018640153e-05,0.0005994435090158373,0.0006256267192022388,1
2023-03-24T16:25:55Z,2023-03-24T16:26:00Z,2.6719016587899917e-05,0.000596364876296394,0.0006230838928842939,1
2023-03-24T16:25:55Z,2023-03-24T16:26:00Z,3.84089655916691e-05,0.000582127183531196,0.0006205361491228651,1
2023-03-24T16:25:55Z,2023-03-24T16:26:00Z,4.490106640016268e-05,0.0005735509890882216,0.0006184520554883843,1
2023-03-24T16:25:55Z,2023-03-24T16:26:00Z,4.562975007521076e-05,0.000570147102188257,0.0006157768522634678,1
2023-03-24T16:25:55Z,2023-03-24T16:26:00Z,4.1016524867688105e-05,0.0005709096050462986,0.0006119261299139867,1
2023-03-24T16:25:55Z,2023-03-24T16:26:00Z,3.447748021434061e-05,0.0005731949510384092,0.0006076724312527498,1
2023-03-24T16:25:55Z,2023-03-24T16:26:00Z,3.8692853360399056e-05,0.0005648231787559383,0.0006035160321163374,1
2023-03-24T16:25:55Z,2023-03-24T16:26:00Z,3.780496971182994e-05,0.0005620944649708605,0.0005998994346826904,1
2023-03-24T16:25:55Z,2023-03-24T16:26:00Z,3.788201494077739e-05,0.0005583916287539614,0.0005962736436947388,1
2023-03-24T16:25:55Z,2023-03-24T16:26:00Z,4.0244486761725805e-05,0.0005527013952221505,0.0005929458819838763,1
2023-03-24T16:25:55Z,2023-03-24T16:26:00Z,4.9051739462622253e-05,0.0005409082918897307,0.000589960031352353,1
2023-03-24T16:25:55Z,2023-03-24T16:26:00Z,4.354261453945148e-05,0.0005428652813253772,0.0005864078958648287,1
2023-03-24T16:26:55Z,2023-03-24T16:27:00Z,4.1381972952389393e-05,0.00054056379290872,0.0005819457658611094,1
2023-03-24T16:26:55Z,2023-03-24T16:27:00Z,4.106976209039407e-05,0.000536532194723455,0.000577601956813849,1
2023-03-24T16:26:55Z,2023-03-24T16:27:00Z,4.4406643593904605e-05,0.0005288247376849827,0.0005732313812788873,1
2023-03-24T16:26:55Z,2023-03-24T16:27:00Z,3.604458897368086e-05,0.0005327734915729421,0.000568818080546623,1
2023-03-24T16:26:55Z,2023-03-24T16:27:00Z,3.4239689963640294e-05,0.0005303327797122963,0.0005645724696759365,1
2023-03-24T16:26:55Z,2023-03-24T16:27:00Z,3.6216666584525906e-05,0.0005241490201221054,0.0005603656867066313,1
2023-03-24T16:26:55Z,2023-03-24T16:27:00Z,3.411355882140625e-05,0.0005221867908673698,0.000556300349688776,1
2023-03-24T16:26:55Z,2023-03-24T16:27:00Z,3.6288416803409375e-05,0.0005157639413457025,0.0005520523581491119,1
2023-03-24T16:26:55Z,2023-03-24T16:27:00Z,2.9092594301078712e-05,0.0005194338583972199,0.0005485264526982986,1
2023-03-24T16:26:55Z,2023-03-24T16:27:00Z,2.413978409945318e-05,0.0005209874304963443,0.0005451272145957975,1
2023-03-24T16:26:55Z,2023-03-24T16:27:00Z,2.2730204819379875e-05,0.0005194138777887095,0.0005421440826080894,1
2023-03-24T16:26:55Z,2023-03-24T16:27:00Z,3.156094110516171e-05,0.0005076465429999891,0.0005392074841051508,1
2023-03-24T16:27:55Z,2023-03-24T16:28:00Z,3.054193384985121e-05,0.0005055019577111998,0.000536043891561051,1
2023-03-24T16:27:55Z,2023-03-24T16:28:00Z,2.3030638600661773e-05,0.0005096499214453334,0.0005326805600459952,1
2023-03-24T16:27:55Z,2023-03-24T16:28:00Z,1.1679613877034934e-05,0.0005176719751536861,0.0005293515890307211,1
2023-03-24T16:27:55Z,2023-03-24T16:28:00Z,1.7895459389132614e-05,0.0005085889703881397,0.0005264844297772723,1
2023-03-24T16:27:55Z,2023-03-24T16:28:00Z,2.467154896900565e-05,0.0004997523266865923,0.0005244238756555979,1
2023-03-24T16:27:55Z,2023-03-24T16:28:00Z,2.197865646621415e-05,0.0005005440826304666,0.0005225227390966808,1
2023-03-24T16:27:55Z,2023-03-24T16:28:00Z,1.8897796263837342e-05,0.0005010888866776207,0.000519986682941458,1
2023-03-24T16:27:55Z,2023-03-24T16:28:00Z,1.0771725501461773e-05,0.0005068608568353933,0.000517632582336855,1
2023-03-24T16:27:55Z,2023-03-24T16:28:00Z,1.685271725611955e-05,0.000498694964607451,0.0005155476818635706,1
2023-03-24T16:27:55Z,2023-03-24T16:28:00Z,2.0114268122319273e-05,0.0004941414207500991,0.0005142556888724183,1
2023-03-24T16:27:55Z,2023-03-24T16:28:00Z,1.7265741541404268e-05,0.0004949853280977498,0.0005122510696391541,1
2023-03-24T16:27:55Z,2023-03-24T16:28:00Z,1.2597626566241316e-05,0.0004975245396045483,0.0005101221661707896,1
2023-03-24T16:28:55Z,2023-03-24T16:29:00Z,1.5412552227286923e-05,0.0004929941026479524,0.0005084066548752393,1
2023-03-24T16:28:55Z,2023-03-24T16:29:00Z,5.4414465062085546e-05,0.00045254146915063467,0.0005069559342127202,1
2023-03-24T16:28:55Z,2023-03-24T16:29:00Z,6.446250697232832e-05,0.00044115402496405374,0.0005056165319363821,1
2023-03-24T16:28:55Z,2023-03-24T16:29:00Z,4.544403523440237e-05,0.00045623765027571,0.0005016816855101123,1
2023-03-24T16:28:55Z,2023-03-24T16:29:00Z,1.5651632678924702e-05,0.00048133397015281753,0.0004969856028317422,1
2023-03-24T16:28:55Z,2023-03-24T16:29:00Z,8.285877066149978e-06,0.000501555231220657,0.000493269354154507,1
2023-03-24T16:28:55Z,2023-03-24T16:29:00Z,3.76707479033359e-05,0.0005293923036550682,0.0004917215557517323,1
2023-03-24T16:28:55Z,2023-03-24T16:29:00Z,6.369748639815356e-05,0.0005551868817680891,0.0004914893953699356,1
2023-03-24T16:28:55Z,2023-03-24T16:29:00Z,9.395228318561212e-05,0.0005866029951561204,0.0004926507119705082,1
2023-03-24T16:28:55Z,2023-03-24T16:29:00Z,0.00012203676246947347,0.0006168942336525937,0.0004948574711831202,1
2023-03-24T16:28:55Z,2023-03-24T16:29:00Z,0.0001472404471856406,0.0006466869786492303,0.0004994465314635897,1
2023-03-24T16:28:55Z,2023-03-24T16:29:00Z,0.00016181270972154174,0.0006681499415948962,0.0005063372318733544,1
2023-03-24T16:29:55Z,2023-03-24T16:30:00Z,0.00015801216472478212,0.0006729460375404167,0.0005149338728156346,0
2023-03-24T16:29:55Z,2023-03-24T16:30:00Z,0.00011702058650673599,0.0006417815801998574,0.0005247609936931214,0
2023-03-24T16:29:55Z,2023-03-24T16:30:00Z,6.764011559682356e-05,0.0006021708258020052,0.0005345307102051816,0
2023-03-24T16:29:55Z,2023-03-24T16:30:00Z,5.530725439957063e-05,0.0005982548243454821,0.0005429475699459114,0
2023-03-24T16:29:55Z,2023-03-24T16:30:00Z,4.939324124025597e-05,0.0005986954820715737,0.0005493022408313178,0
2023-03-24T16:29:55Z,2023-03-24T16:30:00Z,4.053914046076403e-05,0.0005959160575419484,0.0005553769170811843,0
2023-03-24T16:29:55Z,2023-03-24T16:30:00Z,3.505106776318897e-05,0.0005963792167541983,0.0005613281489910094,0
2023-03-24T16:29:55Z,2023-03-24T16:30:00Z,3.292342473880925e-05,0.0006003058063706419,0.0005673823816318326,0
2023-03-24T16:29:55Z,2023-03-24T16:30:00Z,2.8977393168565214e-05,0.0006048208187770781,0.0005758434256085129,0
2023-03-24T16:29:55Z,2023-03-24T16:30:00Z,3.111671675149635e-05,0.0006163220118545143,0.000585205295103018,0
2023-03-24T16:29:55Z,2023-03-24T16:30:00Z,2.112049917934371e-05,0.0006150659806647952,0.0005939454814854515,0
2023-03-24T16:29:55Z,2023-03-24T16:30:00Z,2.500591515497289e-06,0.0006043865460422249,0.0006018859545267277,0
2023-03-24T16:30:55Z,2023-03-24T16:31:00Z,5.21616226238739e-06,0.0006137792196975938,0.0006085630574352064,0
2023-03-24T16:30:55Z,2023-03-24T16:31:00Z,1.102663293017737e-05,0.0006240011163881577,0.0006129744834579803,0
2023-03-24T16:30:55Z,2023-03-24T16:31:00Z,1.4682044886985533e-05,0.0006311031364584661,0.0006164210915714806,0
2023-03-24T16:30:55Z,2023-03-24T16:31:00Z,1.0141342741295275e-05,0.0006287623237970134,0.0006186209810557182,0
2023-03-24T16:30:55Z,2023-03-24T16:31:00Z,1.1334221010110817e-05,0.0006307910198779392,0.0006194567988678283,0
2023-03-24T16:30:55Z,2023-03-24T16:31:00Z,1.6922978800292822e-05,0.000635325386206226,0.0006184024074059332,0
2023-03-24T16:30:55Z,2023-03-24T16:31:00Z,1.4807291108304707e-05,0.0006310121148838286,0.0006162048237755239,0
2023-03-24T16:30:55Z,2023-03-24T16:31:00Z,1.4161270279031092e-05,0.0006281531145643085,0.0006139918442852774,0
2023-03-24T16:30:55Z,2023-03-24T16:31:00Z,1.406224842354835e-05,0.0006274205947490593,0.000613358346325511,0
2023-03-24T16:30:55Z,2023-03-24T16:31:00Z,9.221885990833879e-07,0.0006158089048517888,0.0006148867162527054,0
2023-03-24T16:30:55Z,2023-03-24T16:31:00Z,2.7880374857369413e-06,0.0006138143123201199,0.0006166023498058569,0
2023-03-24T16:30:55Z,2023-03-24T16:31:00Z,3.0211109860514822e-06,0.0006145879107480534,0.0006176090217341048,0
2023-03-24T16:31:55Z,2023-03-24T16:32:00Z,4.981473199248488e-06,0.0006136803870512194,0.0006186618602504679,0
2023-03-24T16:31:55Z,2023-03-24T16:32:00Z,1.4399314040368372e-05,0.0006053336458567969,0.0006197329598971652,0
2023-03-24T16:31:55Z,2023-03-24T16:32:00Z,1.8461223070018727e-05,0.0006020584768671806,0.0006205196999371993,0
2023-03-24T16:31:55Z,2023-03-24T16:32:00Z,1.2259723237618698e-05,0.0006082901429983876,0.0006205498662360063,0
2023-03-24T16:31:55Z,2023-03-24T16:32:00Z,8.770795707574875e-06,0.0006109400390585882,0.0006197108347661631,0
2023-03-24T16:31:55Z,2023-03-24T16:32:00Z,1.1118349180530692e-05,0.000608193906899373,0.0006193122560799037,0
2023-03-24T16:31:55Z,2023-03-24T16:32:00Z,1.4505626534348217e-05,0.0006051921291347535,0.0006196977556691017,0
2023-03-24T16:31:55Z,2023-03-24T16:32:00Z,1.483884682345379e-05,0.0006045303610339878,0.0006193692078574416,0
2023-03-24T16:31:55Z,2023-03-24T16:32:00Z,1.4999561754054972e-05,0.0006032632350884804,0.0006182627968425354,0
2023-03-24T16:31:55Z,2023-03-24T16:32:00Z,6.6053537392044e-06,0.0006100943386665971,0.0006166996924058015,0
2023-03-24T16:31:55Z,2023-03-24T16:32:00Z,7.801945646417822e-06,0.0006073978003647639,0.0006151997460111817,0
2023-03-24T16:31:55Z,2023-03-24T16:32:00Z,4.803186149040031e-06,0.0006091791080261805,0.0006139822941752205,0
2023-03-24T16:32:55Z,2023-03-24T16:33:00Z,3.7921141865743333e-06,0.0006085473808215013,0.0006123394950080756,0
2023-03-24T16:32:55Z,2023-03-24T16:33:00Z,6.710115134016086e-07,0.000610384188973636,0.0006110552004870376,0
2023-03-24T16:32:55Z,2023-03-24T16:33:00Z,1.9820704995100746e-06,0.0006118839925310884,0.0006099019220315783,0
2023-03-24T16:32:55Z,2023-03-24T16:33:00Z,4.19793825714933e-06,0.0006047018422582275,0.0006088997805153768,0
2023-03-24T16:32:55Z,2023-03-24T16:33:00Z,9.722361944148467e-06,0.0005989465413758932,0.0006086689033200416,0
2023-03-24T16:32:55Z,2023-03-24T16:33:00Z,5.9212267172473925e-06,0.0006022116489520947,0.0006081328756693421,0
2023-03-24T16:32:55Z,2023-03-24T16:33:00Z,1.0669802439736446e-06,0.0006082797753620121,0.0006072127951180385,0
2023-03-24T16:32:55Z,2023-03-24T16:33:00Z,7.70767125614271e-06,0.0006142458347212915,0.0006065381634651488,0
2023-03-24T16:32:55Z,2023-03-24T16:33:00Z,7.866946166308316e-06,0.000614578411367058,0.0006067114652007497,0
2023-03-24T16:32:55Z,2023-03-24T16:33:00Z,6.464287831876251e-06,0.0006138926564358089,0.0006074283686039327,0
2023-03-24T16:32:55Z,2023-03-24T16:33:00Z,4.696155713716766e-06,0.000612494422456983,0.0006077982667432663,0
2023-03-24T16:32:55Z,2023-03-24T16:33:00Z,6.6255614266458535e-06,0.0006145975115450428,0.000607971950118397,0
2023-03-24T16:33:55Z,2023-03-24T16:34:00Z,3.194983228500337e-06,0.000611419904850286,0.0006082249216217857,0
2023-03-24T16:33:55Z,2023-03-24T16:34:00Z,4.0874594411152015e-06,0.0006128656388517415,0.0006087781794106263,0
2023-03-24T16:33:55Z,2023-03-24T16:34:00Z,2.3870865140916426e-06,0.0006115705332080297,0.000609183446693938,0
2023-03-24T16:33:55Z,2023-03-24T16:34:00Z,7.3045871651280115e-06,0.0006170528811392577,0.0006097482939741297,0
2023-03-24T16:33:55Z,2023-03-24T16:34:00Z,1.3846071160411306e-05,0.0006236812001075666,0.0006098351289471553,0
2023-03-24T16:33:55Z,2023-03-24T16:34:00Z,2.2748632846267855e-05,0.0006331517077213344,0.0006104030748750666,0
2023-03-24T16:33:55Z,2023-03-24T16:34:00Z,2.264290349367063e-05,0.0006338990426088188,0.0006112561391151481,0
2023-03-24T16:33:55Z,2023-03-24T16:34:00Z,2.4384555331802477e-05,0.0006370880077939997,0.0006127034524621972,0
2023-03-24T16:33:55Z,2023-03-24T16:34:00Z,2.9681095605335215e-05,0.0006437677747519549,0.0006140866791466197,0
2023-03-24T16:33:55Z,2023-03-24T16:34:00Z,3.324621190877136e-05,0.0006488154801885034,0.000615569268279732,0
2023-03-24T16:33:55Z,2023-03-24T16:34:00Z,3.47309800625621e-05,0.000652598244371337,0.0006178672643087749,0
2023-03-24T16:33:55Z,2023-03-24T16:34:00Z,2.0344786381296825e-05,0.0006411455176790488,0.000620800731297752,0
2023-03-24T16:34:55Z,2023-03-24T16:35:00Z,1.3008325541041072e-05,0.0006367729742163955,0.0006237646486753544,0
2023-03-24T16:34:55Z,2023-03-24T16:35:00Z,9.435619856084342e-06,0.0006351335474912644,0.0006256979276351801,0
2023-03-24T16:34:55Z,2023-03-24T16:35:00Z,1.0580554104802349e-05,0.0006376036075926358,0.0006270230534878334,0
2023-03-24T16:34:55Z,2023-03-24T16:35:00Z,6.8409835073639106e-06,0.0006350731626495622,0.0006282321791421983,0
2023-03-24T16:34:55Z,2023-03-24T16:35:00Z,1.1705197682864528e-06,0.0006307974607432393,0.0006296269409749529,0
2023-03-24T16:34:55Z,2023-03-24T16:35:00Z,4.8218117521948815e-06,0.0006261332904105569,0.0006309551021627518,0
2023-03-24T16:34:55Z,2023-03-24T16:35:00Z,3.5602649205936e-06,0.0006283477754302874,0.000631908040350881,0
2023-03-24T16:34:55Z,2023-03-24T16:35:00Z,3.393514033722461e-07,0.0006324341822157599,0.0006327735336191322,0
2023-03-24T16:34:55Z,2023-03-24T16:35:00Z,4.820673380393002e-06,0.0006288635741551243,0.0006336842475355173,0
2023-03-24T16:34:55Z,2023-03-24T16:35:00Z,2.6992029812371744e-06,0.0006322123180253229,0.0006349115210065601,0
2023-03-24T16:34:55Z,2023-03-24T16:35:00Z,8.779594097884161e-07,0.0006364842270643408,0.0006356062676545524,0
2023-03-24T16:34:55Z,2023-03-24T16:35:00Z,7.788220952025231e-06,0.0006438963190723279,0.0006361080981203027,0
2023-03-24T16:35:55Z,2023-03-24T16:36:00Z,2.498055851734703e-05,0.0006612846871872384,0.0006363041286698913,0
2023-03-24T16:35:55Z,2023-03-24T16:36:00Z,3.955793840378335e-05,0.0006764501421597633,0.00063689220375598,0
2023-03-24T16:35:55Z,2023-03-24T16:36:00Z,4.375207679850829e-05,0.0006820676146364436,0.0006383155378379353,0
2023-03-24T16:35:55Z,2023-03-24T16:36:00Z,5.262285690410507e-05,0.0006928608869424997,0.0006402380300383946,0
2023-03-24T16:35:55Z,2023-03-24T16:36:00Z,5.242017431257291e-05,0.0006946142122596699,0.000642194037947097,0
2023-03-24T16:35:55Z,2023-03-24T16:36:00Z,4.415939136076031e-05,0.0006887218200473375,0.0006445624286865772,0
2023-03-24T16:35:55Z,2023-03-24T16:36:00Z,4.0438656526575246e-05,0.0006881463025414243,0.000647707646014849,0
2023-03-24T16:35:55Z,2023-03-24T16:36:00Z,2.8071033539106452e-05,0.0006788344940145991,0.0006507634604754926,0
2023-03-24T16:35:55Z,2023-03-24T16:36:00Z,3.1977679337976154e-05,0.0006858595371693606,0.0006538818578313844,0
2023-03-24T16:35:55Z,2023-03-24T16:36:00Z,3.336567855134981e-05,0.0006896728826428498,0.0006563072040915,0
2023-03-24T16:35:55Z,2023-03-24T16:36:00Z,3.31732777133811e-05,0.0006924679156001632,0.0006592946378867821,0
2023-03-24T16:35:55Z,2023-03-24T16:36:00Z,2.415602316344686e-05,0.0006869139211619707,0.0006627578979985239,0
2023-03-24T16:36:55Z,2023-03-24T16:37:00Z,1.3776013651852393e-05,0.0006804359484262355,0.0006666599347743831,0
2023-03-24T16:36:55Z,2023-03-24T16:37:00Z,8.11259045125929e-08,0.000670186128074877,0.0006701050021703644,0
2023-03-24T16:36:55Z,2023-03-24T16:37:00Z,2.1648077653873762e-07,0.0006727121547003242,0.0006729286354768629,0
2023-03-24T16:36:55Z,2023-03-24T16:37:00Z,1.2302603033714278e-05,0.0006630567709090165,0.0006753593739427308,0
2023-03-24T16:36:55Z,2023-03-24T16:37:00Z,1.4266631251960509e-05,0.0006634750860245939,0.0006777417172765544,0
2023-03-24T16:36:55Z,2023-03-24T16:37:00Z,1.0777255320726267e-05,0.0006685275527702208,0.0006793048080909471,0
2023-03-24T16:36:55Z,2023-03-24T16:37:00Z,2.052459978536434e-05,0.0006599319004792454,0.0006804565002646098,0
2023-03-24T16:36:55Z,2023-03-24T16:37:00Z,2.5798023428786525e-05,0.0006550845277524692,0.0006808825511812558,0
2023-03-24T16:36:55Z,2023-03-24T16:37:00Z,2.03352064161754e-05,0.0006595756834897559,0.0006799108899059313,0
2023-03-24T16:36:55Z,2023-03-24T16:37:00Z,1.7992362843856293e-05,0.0006603312866571353,0.0006783236495009916,0
2023-03-24T16:36:55Z,2023-03-24T16:37:00Z,1.5641672918857296e-05,0.0006607240234378552,0.0006763656963567125,0
2023-03-24T16:36:55Z,2023-03-24T16:37:00Z,4.132433813136354e-06,0.0006702166198610742,0.0006743490536742106,0
2023-03-24T16:37:55Z,2023-03-24T16:38:00Z,9.927237865501996e-06,0.0006826293623273901,0.0006727021244618881,0
2023-03-24T16:37:55Z,2023-03-24T16:38:00Z,3.303872019579752e-05,0.0007046861574411944,0.0006716474372453968,0
2023-03-24T16:37:55Z,2023-03-24T16:38:00Z,4.474250972964224e-05,0.0007166131745228503,0.0006718706647932081,0
2023-03-24T16:37:55Z,2023-03-24T16:38:00Z,6.14325169802449e-05,0.0007344106300247374,0.0006729781130444925,0
2023-03-24T16:37:55Z,2023-03-24T16:38:00Z,6.429524533508224e-05,0.0007388580814313394,0.0006745628360962572,0
2023-03-24T16:37:55Z,2023-03-24T16:38:00Z,6.65586676905865e-05,0.0007435887222824068,0.0006770300545918203,0
2023-03-24T16:37:55Z,2023-03-24T16:38:00Z,6.46549713899286e-05,0.0007447405648211235,0.0006800855934311949,0
2023-03-24T16:37:55Z,2023-03-24T16:38:00Z,6.949260093224547e-05,0.0007532930634138035,0.0006838004624815581,0
2023-03-24T16:37:55Z,2023-03-24T16:38:00Z,6.167143372645483e-05,0.0007498574513107332,0.0006881860175842784,0
2023-03-24T16:37:55Z,2023-03-24T16:38:00Z,5.5443549298937896e-05,0.0007483696203369505,0.0006929260710380126,0
2023-03-24T16:37:55Z,2023-03-24T16:38:00Z,5.680941193765836e-05,0.0007548414053522425,0.0006980319934145841,0
2023-03-24T16:38:55Z,2023-03-24T16:39:00Z,6.39401816413303e-05,0.0007669659711919352,0.0007030257895506049,0
2023-03-24T16:38:55Z,2023-03-24T16:39:00Z,7.45788892409985e-05,0.0007826819642376047,0.0007081030749966062,0
2023-03-24T16:38:55Z,2023-03-24T16:39:00Z,6.495346007881736e-05,0.0007793526568820525,0.0007143991968032352,0
2023-03-24T16:38:55Z,2023-03-24T16:39:00Z,5.644765466841491e-05,0.0007783525830295993,0.0007219049283611844,0
2023-03-24T16:38:55Z,2023-03-24T16:39:00Z,4.93960521764776e-05,0.0007783466848548557,0.0007289506326783781,0
2023-03-24T16:38:55Z,2023-03-24T16:39:00Z,4.267005556853737e-05,0.0007785631174452958,0.0007358930618767584,0
2023-03-24T16:38:55Z,2023-03-24T16:39:00Z,3.933961405867955e-05,0.000782151656018791,0.0007428120419601114,0
2023-03-24T16:38:55Z,2023-03-24T16:39:00Z,3.891955640851453e-05,0.0007881049217559331,0.0007491853653474185,0
2023-03-24T16:38:55Z,2023-03-24T16:39:00Z,3.936934705075384e-05,0.0007944089649682549,0.000755039617917501,0
2023-03-24T16:38:55Z,2023-03-24T16:39:00Z,4.9389790534685616e-05,0.0008093363945883476,0.000759946604053662,0
2023-03-24T16:38:55Z,2023-03-24T16:39:00Z,5.542125715172661e-05,0.0008199440841727654,0.0007645228270210388,0
2023-03-24T16:38:55Z,2023-03-24T16:39:00Z,6.26729230550412e-05,0.0008316031479915864,0.0007689302249365452,0
2023-03-24T16:38:55Z,2023-03-24T16:39:00Z,5.286890399015603e-05,0.000826568893793844,0.000773699989803688,0
2023-03-24T16:39:55Z,2023-03-24T16:40:00Z,5.446440254737949e-05,0.0008333417115104309,0.0007788773089630514,0
2023-03-24T16:39:55Z,2023-03-24T16:40:00Z,6.768395242582204e-05,0.0008513746925049159,0.0007836907400790939,0
2023-03-24T16:39:55Z,2023-03-24T16:40:00Z,6.367037564519284e-05,0.0008520698597299707,0.0007883994840847779,0
2023-03-24T16:39:55Z,2023-03-24T16:40:00Z,7.036247841979318e-05,0.0008647335649277582,0.0007943710865079651,0
2023-03-24T16:39:55Z,2023-03-24T16:40:00Z,6.90544207807704e-05,0.0008695255213706778,0.0008004711005899074,0
2023-03-24T16:39:55Z,2023-03-24T16:40:00Z,6.657441682757996e-05,0.0008735097620984,0.00080693534527082,0
2023-03-24T16:39:55Z,2023-03-24T16:40:00Z,3.0907529712844817e-05,0.0008438757897000614,0.0008129682599872166,0
2023-03-24T16:39:55Z,2023-03-24T16:40:00Z,1.109775273045626e-05,0.0008294088243565432,0.000818311071626087,0
2023-03-24T16:39:55Z,2023-03-24T16:40:00Z,1.6181710642563444e-05,0.0008382882606697099,0.0008221065500271464,0
2023-03-24T16:39:55Z,2023-03-24T16:40:00Z,7.367126286967089e-06,0.0008324769846274631,0.000825109858340496,0
2023-03-24T16:39:55Z,2023-03-24T16:40:00Z,7.000572559818629e-06,0.0008216352608286099,0.0008286358333884286,0
2023-03-24T16:40:55Z,2023-03-24T16:41:00Z,1.2803556611655671e-05,0.0008190036807286651,0.0008318072373403207,0
2023-03-24T16:40:55Z,2023-03-24T16:41:00Z,2.4141719972038895e-05,0.0008099880823570948,0.0008341298023291337,0
2023-03-24T16:40:55Z,2023-03-24T16:41:00Z,4.944340749992804e-05,0.0007865039688864252,0.0008359473763863533,0
2023-03-24T16:40:55Z,2023-03-24T16:41:00Z,4.989691078313436e-05,0.0007869668842731506,0.000836863795056285,0
2023-03-24T16:40:55Z,2023-03-24T16:41:00Z,5.6305177657211625e-05,0.0007792155335342543,0.0008355207111914659,0
2023-03-24T16:40:55Z,2023-03-24T16:41:00Z,5.371118240246836e-05,0.000779869693500785,0.0008335808759032534,0
2023-03-24T16:40:55Z,2023-03-24T16:41:00Z,6.11197634642148e-05,0.0007693794880591955,0.0008304992515234103,0
2023-03-24T16:40:55Z,2023-03-24T16:41:00Z,6.348282201739882e-05,0.000764269417724067,0.0008277522397414658,0
2023-03-24T16:40:55Z,2023-03-24T16:41:00Z,5.8483349428793316e-05,0.0007655064065802467,0.00082398975600904,0
2023-03-24T16:40:55Z,2023-03-24T16:41:00Z,5.8721216161836446e-05,0.0007601447001542125,0.000818865916316049,0
2023-03-24T16:40:55Z,2023-03-24T16:41:00Z,6.227138864649479e-05,0.0007515025598372174,0.0008137739484837122,0
2023-03-24T16:40:55Z,2023-03-24T16:41:00Z,4.63977724393088e-05,0.0007612238898812538,0.0008076216623205626,0
2023-03-24T16:40:55Z,2023-03-24T16:41:00Z,3.668731510117376e-05,0.0007639918200703617,0.0008006791351715354,0
2023-03-24T16:41:55Z,2023-03-24T16:42:00Z,2.223096016444484e-05,0.0007718431237001995,0.0007940740838646444,0
2023-03-24T16:41:55Z,2023-03-24T16:42:00Z,7.496765369874423e-06,0.0007818782614577289,0.0007893750268276033,0
2023-03-24T16:41:55Z,2023-03-24T16:42:00Z,7.762513603781275e-06,0.0007782262955381546,0.0007859888091419359,0
2023-03-24T16:41:55Z,2023-03-24T16:42:00Z,4.158107993249309e-06,0.0007785124659009231,0.0007826705738941724,0
2023-03-24T16:41:55Z,2023-03-24T16:42:00Z,1.0689457884714118e-05,0.0007687898990042048,0.0007794793568889189,0
2023-03-24T16:41:55Z,2023-03-24T16:42:00Z,1.577767972380862e-05,0.000761165042169364,0.0007769427218931726,0
2023-03-24T16:41:55Z,2023-03-24T16:42:00Z,1.689327779348356e-05,0.0007570956922335444,0.000773988970027028,0
2023-03-24T16:41:55Z,2023-03-24T16:42:00Z,5.286647277278939e-06,0.0007658303792092943,0.0007711170264865732,0
2023-03-24T16:41:55Z,2023-03-24T16:42:00Z,5.984026986010325e-06,0.0007634031008739229,0.0007693871278599332,0
2023-03-24T16:41:55Z,2023-03-24T16:42:00Z,9.69144668653448e-06,0.000777835250719182,0.0007681438040326475,0
2023-03-24T16:41:55Z,2023-03-24T16:42:00Z,1.1101933819741817e-05,0.0007783155947547228,0.000767213660934981,0
2023-03-24T16:41:55Z,2023-03-24T16:42:00Z,2.0996031876859998e-05,0.0007880900197070408,0.0007670939878301808,0
2023-03-24T16:42:55Z,2023-03-24T16:43:00Z,2.389674356846627e-05,0.0007915163847336781,0.0007676196411652118,0
2023-03-24T16:42:55Z,2023-03-24T16:43:00Z,2.5809155607867096e-05,0.0007948300086544303,0.0007690208530465632,0
2023-03-24T16:42:55Z,2023-03-24T16:43:00Z,3.110043441792302e-05,0.000801651286179394,0.000770550851761471,0
2023-03-24T16:42:55Z,2023-03-24T16:43:00Z,2.7833970404743543e-05,0.0008004251344309332,0.0007725911640261896,0
2023-03-24T16:42:55Z,2023-03-24T16:43:00Z,2.542479783151398e-05,0.0008009658869366553,0.0007755410891051413,0
2023-03-24T16:42:55Z,2023-03-24T16:43:00Z,2.359331344299392e-05,0.0008014403581098811,0.0007778470446668872,0
2023-03-24T16:42:55Z,2023-03-24T16:43:00Z,2.5664674756851742e-05,0.0008056866645335207,0.0007800219897766689,0
2023-03-24T16:42:55Z,2023-03-24T16:43:00Z,2.4398167836259558e-05,0.0008061611714017334,0.0007817630035654739,0
2023-03-24T16:42:55Z,2023-03-24T16:43:00Z,3.123640551394699e-05,0.0008143999033779967,0.0007831634978640497,0
2023-03-24T16:42:55Z,2023-03-24T16:43:00Z,3.2157787131691096e-05,0.0008169645129877161,0.000784806725856025,0
2023-03-24T16:42:55Z,2023-03-24T16:43:00Z,3.7486139718508884e-05,0.0008244038913084793,0.0007869177515899704,0
2023-03-24T16:42:55Z,2023-03-24T16:43:00Z,4.094927722743651e-05,0.0008307008296399665,0.00078975155241253,0
2023-03-24T16:43:55Z,2023-03-24T16:44:00Z,3.0341597164550583e-05,0.0008238130818793815,0.0007934714847148309,0
2023-03-24T16:43:55Z,2023-03-24T16:44:00Z,2.0348456541211847e-05,0.0008181496552211263,0.0007978011986799144,0
2023-03-24T16:43:55Z,2023-03-24T16:44:00Z,2.016171991437094e-05,0.000821373665810173,0.000801211945895802,0
2023-03-24T16:43:55Z,2023-03-24T16:44:00Z,2.0747190986758414e-05,0.000825179522432396,0.0008044323314456375,0
2023-03-24T16:43:55Z,2023-03-24T16:44:00Z,1.627788487728926e-05,0.0008232712995635734,0.0008069934146862841,0
2023-03-24T16:43:55Z,2023-03-24T16:44:00Z,5.036231819310964e-06,0.0008047138844950715,0.0008097501163143824,0
2023-03-24T16:43:55Z,2023-03-24T16:44:00Z,2.2507529452525177e-05,0.0007893120739122417,0.0008118196033647669,0
2023-03-24T16:43:55Z,2023-03-24T16:44:00Z,3.04030823186117e-05,0.0007821928445615311,0.0008125959268801428,0
2023-03-24T16:43:55Z,2023-03-24T16:44:00Z,3.425504280202534e-05,0.0007780162996815182,0.0008122713424835435,0
2023-03-24T16:43:55Z,2023-03-24T16:44:00Z,3.6487649742979124e-05,0.0007746390785277489,0.000811126728270728,0
2023-03-24T16:43:55Z,2023-03-24T16:44:00Z,1.2325606519118988e-05,0.0007974829550016435,0.0008098085615207625,0
2023-03-24T16:43:55Z,2023-03-24T16:44:00Z,8.197552238175046e-07,0.0008074401705081858,0.0008082599257320033,0
2023-03-24T16:44:55Z,2023-03-24T16:45:00Z,8.6330890963171e-06,0.0008166602264101888,0.0008080271373138717,0
2023-03-24T16:44:55Z,2023-03-24T16:45:00Z,3.0631467672429793e-06,0.0008111934314913889,0.000808130284724146,0
2023-03-24T16:44:55Z,2023-03-24T16:45:00Z,8.131253484996103e-06,0.0008168791296802278,0.0008087478761952317,0
2023-03-24T16:44:55Z,2023-03-24T16:45:00Z,7.985529562003473e-07,0.0008077607072457015,0.0008085592602019018,0
2023-03-24T16:44:55Z,2023-03-24T16:45:00Z,2.8825386072841566e-06,0.0008114367762616866,0.0008085542376544024,0
2023-03-24T16:44:55Z,2023-03-24T16:45:00Z,8.01810465884522e-06,0.0008155933314860254,0.0008075752268271801,0
2023-03-24T16:44:55Z,2023-03-24T16:45:00Z,3.003804029104505e-05,0.0008364800875077383,0.0008064420472166932,0
2023-03-24T16:44:55Z,2023-03-24T16:45:00Z,3.589707224751701e-05,0.0008418556047351893,0.0008059585324876723,0
2023-03-24T16:44:55Z,2023-03-24T16:45:00Z,3.994644506995421e-05,0.0008469832382803684,0.0008070367932104141,0
2023-03-24T16:44:55Z,2023-03-24T16:45:00Z,5.001084317702675e-05,0.0008582524563242065,0.0008082416131471797,0
2023-03-24T16:44:55Z,2023-03-24T16:45:00Z,4.11263957927181e-05,0.0008506505804603669,0.0008095241846676488,0
2023-03-24T16:45:55Z,2023-03-24T16:46:00Z,4.061982997797327e-05,0.0008522017297491887,0.0008115818997712155,0
2023-03-24T16:45:55Z,2023-03-24T16:46:00Z,3.108141962746621e-05,0.0008453654779848755,0.0008142840583574093,0
2023-03-24T16:45:55Z,2023-03-24T16:46:00Z,2.7822106599684746e-05,0.0008458055564769144,0.0008179834498772296,0
2023-03-24T16:45:55Z,2023-03-24T16:46:00Z,1.7526652191685987e-05,0.0008392261393291125,0.0008216994871374265,0
2023-03-24T16:45:55Z,2023-03-24T16:46:00Z,9.268948029623114e-06,0.0008349560385079553,0.0008256870904783322,0
2023-03-24T16:45:55Z,2023-03-24T16:46:00Z,2.7883666374206063e-06,0.0008266979627115799,0.0008294863293490005,0
2023-03-24T16:45:55Z,2023-03-24T16:46:00Z,1.1246756567527831e-05,0.0008204438718112557,0.0008316906283787835,0
2023-03-24T16:45:55Z,2023-03-24T16:46:00Z,1.2462569434984168e-05,0.0008203608702498814,0.0008328234396848656,0
2023-03-24T16:45:55Z,2023-03-24T16:46:00Z,1.0250169562528249e-05,0.0008227958374988707,0.0008330460070613989,0
2023-03-24T16:45:55Z,2023-03-24T16:46:00Z,1.397234229741774e-05,0.000819612925867422,0.0008335852681648397,0
2023-03-24T16:45:55Z,2023-03-24T16:46:00Z,1.6927670651511236e-05,0.0008170056391497191,0.0008339333098012304,0
2023-03-24T16:45:55Z,2023-03-24T16:46:00Z,1.1191077575287904e-05,0.000823439421556632,0.0008346304991319199,0
2023-03-24T16:45:55Z,2023-03-24T16:46:00Z,1.695946599809253e-05,0.0008179986133037115,0.0008349580793018041,0
2023-03-24T16:46:55Z,2023-03-24T16:47:00Z,1.297490652955272e-05,0.000822444707482287,0.0008354196140118398,0
2023-03-24T16:46:55Z,2023-03-24T16:47:00Z,1.6587354540541872e-06,0.0008359912039244807,0.0008343324684704265,0
2023-03-24T16:46:55Z,2023-03-24T16:47:00Z,1.0558695722153854e-05,0.0008437493467071155,0.0008331906509849616,0
2023-03-24T16:46:55Z,2023-03-24T16:47:00Z,2.4231831376380817e-05,0.0008567758921051138,0.000832544060728733,0
2023-03-24T16:46:55Z,2023-03-24T16:47:00Z,2.8104234110351914e-05,0.0008597951707439617,0.0008316909366336098,0
2023-03-24T16:46:55Z,2023-03-24T16:47:00Z,4.214196791238131e-05,0.0008741932169956823,0.000832051249083301,0
2023-03-24T16:46:55Z,2023-03-24T16:47:00Z,4.256047820679553e-05,0.000875058400289789,0.0008324979220829935,0
2023-03-24T16:46:55Z,2023-03-24T16:47:00Z,4.3436862817407794e-05,0.0008776305342539781,0.0008341936714365703,0
2023-03-24T16:46:55Z,2023-03-24T16:47:00Z,4.154674731115951e-05,0.0008774611742661342,0.0008359144269549747,0
2023-03-24T16:46:55Z,2023-03-24T16:47:00Z,3.8083745674932236e-05,0.0008762572546843108,0.0008381735090093786,0
2023-03-24T16:46:55Z,2023-03-24T16:47:00Z,2.871203256536129e-05,0.0008693858436781622,0.000840673811112801,0
2023-03-24T16:47:55Z,2023-03-24T16:48:00Z,4.361426692343884e-05,0.0008872033305052239,0.0008435890635817851,0
2023-03-24T16:47:55Z,2023-03-24T16:48:00Z,4.8784630389193495e-05,0.0008952526334925613,0.0008464680031033678,0
2023-03-24T16:47:55Z,2023-03-24T16:48:00Z,4.661469254267517e-05,0.0008970146050728278,0.0008503999125301526,0
2023-03-24T16:47:55Z,2023-03-24T16:48:00Z,3.452736472695265e-05,0.0008891894417273223,0.0008546620770003697,0
2023-03-24T16:47:55Z,2023-03-24T16:48:00Z,2.73919550933901e-05,0.000886607072047019,0.0008592151169536289,0
2023-03-24T16:47:55Z,2023-03-24T16:48:00Z,2.4839384537435664e-05,0.0008883006075250412,0.0008634612229876055,0
2023-03-24T16:47:55Z,2023-03-24T16:48:00Z,2.2932515244668684e-05,0.0008901094823787675,0.0008671769671340988,0
2023-03-24T16:47:55Z,2023-03-24T16:48:00Z,1.0932558301878967e-05,0.000882244936860762,0.000871312378558883,0
2023-03-24T16:47:55Z,2023-03-24T16:48:00Z,6.34870794605398e-06,0.0008689439514890925,0.0008752926594351465,0
2023-03-24T16:47:55Z,2023-03-24T16:48:00Z,2.938122270273525e-05,0.0008486322445521926,0.0008780134672549279,0
2023-03-24T16:47:55Z,2023-03-24T16:48:00Z,3.082201042565308e-05,0.0008486734924046852,0.0008794955028303382,0
2023-03-24T16:47:55Z,2023-03-24T16:48:00Z,2.39996179475264e-05,0.0008550168467914636,0.00087901646473899,0
2023-03-24T16:47:55Z,2023-03-24T16:48:00Z,8.817546528223767e-06,0.0008871797948943151,0.0008783622483660913,0
2023-03-24T16:48:55Z,2023-03-24T16:49:00Z,1.6757174989438686e-05,0.0008939914015788111,0.0008772342265893724,0
2023-03-24T16:48:55Z,2023-03-24T16:49:00Z,2.5170957096452254e-05,0.0009031182068978557,0.0008779472498014034,0
2023-03-24T16:48:55Z,2023-03-24T16:49:00Z,2.828677862423863e-05,0.0009071964323859263,0.0008789096537616877,0
2023-03-24T16:48:55Z,2023-03-24T16:49:00Z,2.327167116163728e-05,0.0009036905621369557,0.0008804188909753184,0
2023-03-24T16:48:55Z,2023-03-24T16:49:00Z,1.381035606742246e-05,0.0008960491986722477,0.0008822388426048252,0
2023-03-24T16:48:55Z,2023-03-24T16:49:00Z,4.9211385146337525e-06,0.0008793356287054146,0.0008842567672200484,0
2023-03-24T16:48:55Z,2023-03-24T16:49:00Z,1.7533009662220266e-05,0.0008672441027441237,0.000884777112406344,0
2023-03-24T16:48:55Z,2023-03-24T16:49:00Z,8.673495138103969e-06,0.000875167322868996,0.0008838408180071,0
2023-03-24T16:48:55Z,2023-03-24T16:49:00Z,1.097337266544316e-05,0.0008711162393223212,0.0008820896119877644,0
2023-03-24T16:48:55Z,2023-03-24T16:49:00Z,1.4378075593254967e-05,0.0008668867058734315,0.0008812647814666865,0
2023-03-24T16:48:55Z,2023-03-24T16:49:00Z,4.812253207067273e-06,0.0008755413028052252,0.0008803535560122925,0
2023-03-24T16:49:55Z,2023-03-24T16:50:00Z,5.054954298417194e-07,0.0008795994101685102,0.0008790939147386684,0
2023-03-24T16:49:55Z,2023-03-24T16:50:00Z,6.895896531582406e-06,0.0008713410664674658,0.0008782369629990482,0
2023-03-24T16:49:55Z,2023-03-24T16:50:00Z,8.552101818165873e-06,0.0008695292419636911,0.000878081343781857,0
2023-03-24T16:49:55Z,2023-03-24T16:50:00Z,1.6086806565292645e-05,0.0008621355439799981,0.0008782223505452907,0
2023-03-24T16:49:55Z,2023-03-24T16:50:00Z,6.296130505586083e-06,0.0008731554551815575,0.0008794515856871436,0
2023-03-24T16:49:55Z,2023-03-24T16:50:00Z,2.9509768121119273e-07,0.0008805385687551378,0.0008802434710739266,0
2023-03-24T16:49:55Z,2023-03-24T16:50:00Z,3.3489794618711153e-06,0.0008779614685761786,0.0008813104480380498,0
2023-03-24T16:49:55Z,2023-03-24T16:50:00Z,8.870344624184565e-06,0.0008720494430527371,0.0008809197876769217,0
2023-03-24T16:49:55Z,2023-03-24T16:50:00Z,2.722792387640236e-06,0.0008772540580538324,0.0008799768504414726,0
2023-03-24T16:49:55Z,2023-03-24T16:50:00Z,1.7347306415010574e-06,0.0008764145454561411,0.0008781492760976422,0
2023-03-24T16:49:55Z,2023-03-24T16:50:00Z,2.7510919185598417e-06,0.0008736368680419004,0.0008763879599604603,0
2023-03-24T16:49:55Z,2023-03-24T16:50:00Z,9.45175935385676e-06,0.0008653317290371438,0.0008747834883910006,0
2023-03-24T16:49:55Z,2023-03-24T16:50:00Z,4.980555522218961e-06,0.0008684845604787612,0.0008734651160009801,0
2023-03-24T16:50:55Z,2023-03-24T16:51:00Z,4.76363274271301e-06,0.0008678777244542512,0.0008726413571969642,0
2023-03-24T16:50:55Z,2023-03-24T16:51:00Z,8.587456884492049e-07,0.0008718555796105526,0.0008727143252990018,0
2023-03-24T16:50:55Z,2023-03-24T16:51:00Z,1.267394764007182e-09,0.000872286792787016,0.000872285525392252,0
2023-03-24T16:50:55Z,2023-03-24T16:51:00Z,1.1468535666124785e-05,0.0008608604803313172,0.000872329015997442,0
2023-03-24T16:50:55Z,2023-03-24T16:51:00Z,1.6553076946042517e-05,0.000856093591222787,0.0008726466681688295,0
2023-03-24T16:50:55Z,2023-03-24T16:51:00Z,8.29579328920642e-06,0.0008634872970870402,0.0008717830903762466,0
2023-03-24T16:50:55Z,2023-03-24T16:51:00Z,8.865761634311979e-06,0.0008792661567784572,0.0008704003951441452,0
2023-03-24T16:50:55Z,2023-03-24T16:51:00Z,1.2397482542541877e-05,0.0008823358912525445,0.0008699384087100026,0
2023-03-24T16:50:55Z,2023-03-24T16:51:00Z,1.9083722971839222e-05,0.000889594891376828,0.0008705111684049888,0
2023-03-24T16:50:55Z,2023-03-24T16:51:00Z,1.782212747113046e-05,0.0008895215515980337,0.0008716994241269033,0
2023-03-24T16:50:55Z,2023-03-24T16:51:00Z,2.623279622335521e-05,0.0008988992460088039,0.0008726664497854487,0
2023-03-24T16:51:55Z,2023-03-24T16:52:00Z,3.0604355466926666e-05,0.0009037992160078397,0.000873194860540913,0
2023-03-24T16:51:55Z,2023-03-24T16:52:00Z,2.746233023037106e-05,0.0009018888247379091,0.0008744264945075381,0
2023-03-24T16:51:55Z,2023-03-24T16:52:00Z,4.2005884860846937e-05,0.0009183000130716264,0.0008762941282107795,0
2023-03-24T16:51:55Z,2023-03-24T16:52:00Z,4.735804595288153e-05,0.0009251012780862538,0.0008777432321333723,0
2023-03-24T16:51:55Z,2023-03-24T16:52:00Z,5.32183260176294e-05,0.0009334254091872066,0.0008802070831695772,0
2023-03-24T16:51:55Z,2023-03-24T16:52:00Z,4.8883211193162675e-05,0.000932117612600643,0.0008832344014074803,0
2023-03-24T16:51:55Z,2023-03-24T16:52:00Z,4.103347117323823e-05,0.000928273383177781,0.0008872399120045428,0
2023-03-24T16:51:55Z,2023-03-24T16:52:00Z,2.7734279502808772e-05,0.0009187173122204035,0.0008909830327175947,0
2023-03-24T16:51:55Z,2023-03-24T16:52:00Z,2.605966993970087e-05,0.000920595388464562,0.0008945357185248612,0
2023-03-24T16:51:55Z,2023-03-24T16:52:00Z,2.4601634170191584e-05,0.0009218939252015145,0.0008972922910313229,0
2023-03-24T16:51:55Z,2023-03-24T16:52:00Z,1.5074868283851731e-05,0.0009152088414138539,0.0009001339731300022,0
2023-03-24T16:51:55Z,2023-03-24T16:52:00Z,2.021856614505067e-05,0.0009239427419144762,0.0009037241757694256,0
2023-03-24T16:51:55Z,2023-03-24T16:52:00Z,1.695103817519713e-05,0.0008902505052525265,0.0009072015434277237,0
2023-03-24T16:52:55Z,2023-03-24T16:53:00Z,1.7711425639955038e-05,0.0008930463204246766,0.0009107577460646316,0
2023-03-24T16:52:55Z,2023-03-24T16:53:00Z,9.57192101723838e-06,0.0009209758052274034,0.000911403884210165,0
2023-03-24T16:52:55Z,2023-03-24T16:53:00Z,6.034236924865391e-07,0.0009114304857630981,0.0009120339094555847,0
2023-03-24T16:52:55Z,2023-03-24T16:53:00Z,8.781421687627114e-07,0.0009147579877332047,0.000913879845564442,0
2023-03-24T16:52:55Z,2023-03-24T16:53:00Z,3.524240684466581e-06,0.0009116443657132146,0.0009151686063976812,0
2023-03-24T16:52:55Z,2023-03-24T16:53:00Z,3.462998089007901e-06,0.000912638475468932,0.0009161014735579399,0
2023-03-24T16:52:55Z,2023-03-24T16:53:00Z,1.1242584371590788e-05,0.000905320368580783,0.0009165629529523738,0
2023-03-24T16:52:55Z,2023-03-24T16:53:00Z,2.407605499390184e-05,0.0008931192303544144,0.0009171952853483163,0
2023-03-24T16:52:55Z,2023-03-24T16:53:00Z,2.4187195186752453e-05,0.0008922445816621025,0.000916431776848855,0
2023-03-24T16:52:55Z,2023-03-24T16:53:00Z,1.1013786926571795e-05,0.0009035366929968808,0.0009145504799234526,0
2023-03-24T16:52:55Z,2023-03-24T16:53:00Z,2.667632494783817e-05,0.0008854517533564907,0.0009121280783043288,0
2023-03-24T16:53:55Z,2023-03-24T16:54:00Z,4.4361886289677206e-05,0.0008660849614497245,0.0009104468477394017,0
2023-03-24T16:53:55Z,2023-03-24T16:54:00Z,3.662433852910901e-05,0.0008713035898090403,0.0009079279283381493,0
2023-03-24T16:53:55Z,2023-03-24T16:54:00Z,3.13645989016508e-05,0.0008734673088029291,0.0009048319077045799,0
2023-03-24T16:53:55Z,2023-03-24T16:54:00Z,1.867700995306662e-05,0.0008832553801835414,0.0009019323901366081,0
2023-03-24T16:53:55Z,2023-03-24T16:54:00Z,2.9805860303185397e-05,0.0008692779053393882,0.0008990837656425736,0
2023-03-24T16:53:55Z,2023-03-24T16:54:00Z,3.98288910416465e-05,0.0008573752592344381,0.0008972041502760846,0
2023-03-24T16:53:55Z,2023-03-24T16:54:00Z,4.386730213216093e-05,0.0008501212695218597,0.0008939885716540206,0
2023-03-24T16:53:55Z,2023-03-24T16:54:00Z,3.873823907424268e-05,0.000853316494578714,0.0008920547336529567,0
2023-03-24T16:53:55Z,2023-03-24T16:54:00Z,4.152504054670753e-05,0.0008480046901119658,0.0008895297306586733,0
2023-03-24T16:53:55Z,2023-03-24T16:54:00Z,4.252727575663031e-05,0.0008430224954521201,0.0008855497712087504,0
2023-03-24T16:53:55Z,2023-03-24T16:54:00Z,4.40869638303501e-05,0.0008377318782224512,0.0008818188420528013,0
2023-03-24T16:53:55Z,2023-03-24T16:54:00Z,2.8133513118312444e-05,0.0008494655940944252,0.0008775991072127377,0
2023-03-24T16:54:55Z,2023-03-24T16:55:00Z,2.1928189149837446e-05,0.0008513231246810905,0.000873251313830928,0
2023-03-24T16:54:55Z,2023-03-24T16:55:00Z,3.2536393879895606e-05,0.0008369988681054733,0.0008695352619853689,0
2023-03-24T16:54:55Z,2023-03-24T16:55:00Z,4.0886108590198426e-05,0.0008254728449304826,0.000866358953520681,0
2023-03-24T16:54:55Z,2023-03-24T16:55:00Z,4.693309419257906e-05,0.0008161246615487525,0.0008630577557413316,0
2023-03-24T16:54:55Z,2023-03-24T16:55:00Z,4.527071495631651e-05,0.000813859291565508,0.0008591300065218245,0
2023-03-24T16:54:55Z,2023-03-24T16:55:00Z,3.0111710932565188e-05,0.0008238764113864283,0.0008539881223189934,0
2023-03-24T16:54:55Z,2023-03-24T16:55:00Z,1.477105788997657e-05,0.0008350057431471943,0.0008497768010371708,0
2023-03-24T16:54:55Z,2023-03-24T16:55:00Z,6.1943061373478416e-06,0.0008410996390137467,0.0008472939451510946,0
2023-03-24T16:54:55Z,2023-03-24T16:55:00Z,1.0479778539909711e-05,0.0008556385562403075,0.0008451587777003978,0
2023-03-24T16:54:55Z,2023-03-24T16:55:00Z,1.2359570074907183e-05,0.0008556143671994706,0.0008432547971245634,0
2023-03-24T16:54:55Z,2023-03-24T16:55:00Z,8.460837334404569e-06,0.0008500911154034837,0.0008416302780690792,0
2023-03-24T16:54:55Z,2023-03-24T16:55:00Z,1.3818776156335026e-05,0.000854645316687772,0.000840826540531437,0
2023-03-24T16:54:55Z,2023-03-24T16:55:00Z,1.792022904338153e-05,0.0008583182905259388,0.0008403980614825572,0
2023-03-24T16:55:55Z,2023-03-24T16:56:00Z,2.6814006823519293e-05,0.0008674781887276008,0.0008406641819040815,0
2023-03-24T16:55:55Z,2023-03-24T16:56:00Z,3.409018536842132e-05,0.0008750485905635161,0.0008409584051950948,0
2023-03-24T16:55:55Z,2023-03-24T16:56:00Z,3.4495881705787755e-05,0.0008765997868194494,0.0008421039051136616,0
2023-03-24T16:55:55Z,2023-03-24T16:56:00Z,2.6654577076019436e-05,0.0008706423701374102,0.0008439877930613908,0
2023-03-24T16:55:55Z,2023-03-24T16:56:00Z,3.459190507623048e-05,0.0008808660457021505,0.00084627414062592,0
2023-03-24T16:55:55Z,2023-03-24T16:56:00Z,7.03449810212541e-05,0.000917864814355585,0.0008475198333343309,0
2023-03-24T16:55:55Z,2023-03-24T16:56:00Z,7.30135140154175e-05,0.0009222711662333403,0.0008492576522179228,0
2023-03-24T16:55:55Z,2023-03-24T16:56:00Z,7.145918159084171e-05,0.000925473654176418,0.0008540144725855763,0
2023-03-24T16:55:55Z,2023-03-24T16:56:00Z,6.773558719873275e-05,0.0009274440786844772,0.0008597084914857444,0
2023-03-24T16:55:55Z,2023-03-24T16:56:00Z,7.01039305700692e-05,0.000936244715739794,0.0008661407851697248,0
2023-03-24T16:55:55Z,2023-03-24T16:56:00Z,6.693698020387258e-05,0.000939759223439419,0.0008728222432355464,0
2023-03-24T16:55:55Z,2023-03-24T16:56:00Z,5.8340425346186265e-05,0.000937772568837813,0.0008794321434916268,0
2023-03-24T16:56:55Z,2023-03-24T16:57:00Z,5.491393234807642e-05,0.0009405080452686576,0.0008855941129205812,0
2023-03-24T16:56:55Z,2023-03-24T16:57:00Z,5.928091266539366e-05,0.0009505616685168023,0.0008912807558514086,0
2023-03-24T16:56:55Z,2023-03-24T16:57:00Z,1.8726306470113877e-05,0.000914999385205543,0.0008962730787354291,0
2023-03-24T16:56:55Z,2023-03-24T16:57:00Z,1.3989762744752833e-05,0.0009158479768517898,0.000901858214107037,0
2023-03-24T16:56:55Z,2023-03-24T16:57:00Z,8.067180020534777e-06,0.0009137435276453399,0.0009056763476248051,0
2023-03-24T16:56:55Z,2023-03-24T16:57:00Z,1.1526467073697628e-06,0.0009104291508124112,0.0009092765041050414,0
2023-03-24T16:56:55Z,2023-03-24T16:57:00Z,9.43362390640808e-06,0.0009031031882644805,0.0009125368121708886,0
2023-03-24T16:56:55Z,2023-03-24T16:57:00Z,1.6030004465629358e-05,0.0008990333348867188,0.0009150633393523481,0
2023-03-24T16:56:55Z,2023-03-24T16:57:00Z,2.7429713745115024e-05,0.0008892838960602309,0.000916713609805346,0
2023-03-24T16:56:55Z,2023-03-24T16:57:00Z,1.3407007606592984e-05,0.0009046262226732983,0.0009180332302798912,0
2023-03-24T16:56:55Z,2023-03-24T16:57:00Z,1.4605691823211999e-05,0.0009045240988050803,0.0009191297906282923,0
2023-03-24T16:57:55Z,2023-03-24T16:58:00Z,1.748441364361644e-05,0.0009030430344535669,0.0009205274480971834,0
2023-03-24T16:57:55Z,2023-03-24T16:58:00Z,1.0326524684853137e-05,0.0009094161754387712,0.0009197427001236243,0
2023-03-24T16:57:55Z,2023-03-24T16:58:00Z,5.087989172160496e-06,0.0009135236443761831,0.0009186116335483436,0
2023-03-24T16:57:55Z,2023-03-24T16:58:00Z,2.229440949160183e-06,0.0009198965169247011,0.0009176670759755409,0
2023-03-24T16:57:55Z,2023-03-24T16:58:00Z,3.2900070421207697e-06,0.0009201382339407031,0.0009168482268985823,0
2023-03-24T16:57:55Z,2023-03-24T16:58:00Z,3.547959867624415e-07,0.000915531772157991,0.0009158865681447534,0
2023-03-24T16:57:55Z,2023-03-24T16:58:00Z,5.3776146401962556e-06,0.0009201100069320838,0.0009147323922918876,0
2023-03-24T16:57:55Z,2023-03-24T16:58:00Z,2.1286680856743732e-05,0.0009347107909909948,0.000913424110134251,0
2023-03-24T16:57:55Z,2023-03-24T16:58:00Z,2.4360164818395874e-05,0.0009365843903446133,0.0009122242255262174,0
2023-03-24T16:57:55Z,2023-03-24T16:58:00Z,2.0326310147366646e-05,0.0009316181311132425,0.0009112918209658758,0
2023-03-24T16:57:55Z,2023-03-24T16:58:00Z,1.6379651099320252e-05,0.0009289411782498471,0.0009125615271505269,0
2023-03-24T16:57:55Z,2023-03-24T16:58:00Z,1.6922929880645518e-06,0.000915181476271618,0.0009134891832835534,0
2023-03-24T16:58:55Z,2023-03-24T16:59:00Z,6.84508237397863e-06,0.0009212282451048563,0.0009143831627308777,1
2023-03-24T16:58:55Z,2023-03-24T16:59:00Z,8.625625770530073e-06,0.0009232883370578316,0.0009146627112873015,1
2023-03-24T16:58:55Z,2023-03-24T16:59:00Z,2.6483400813271784e-05,0.000942212291914713,0.0009157288911014412,1
2023-03-24T16:58:55Z,2023-03-24T16:59:00Z,3.5616969384003007e-05,0.000952772625319039,0.000917155655935036,1
2023-03-24T16:58:55Z,2023-03-24T16:59:00Z,2.6700034428445282e-05,0.0009469691254137449,0.0009202690909852996,1
2023-03-24T16:58:55Z,2023-03-24T16:59:00Z,2.7714223718077672e-05,0.0009508154560354798,0.0009231012323174021,1
2023-03-24T16:58:55Z,2023-03-24T16:59:00Z,3.367373671461142e-05,0.0009592717353031115,0.0009255979985885001,1
2023-03-24T16:58:55Z,2023-03-24T16:59:00Z,1.6576600166716264e-05,0.0009449847412012113,0.000928408141034495,1
2023-03-24T16:58:55Z,2023-03-24T16:59:00Z,2.003041595366418e-05,0.0009513712369801792,0.000931340821026515,1
2023-03-24T16:58:55Z,2023-03-24T16:59:00Z,2.296662372757016e-05,0.0009561580975084986,0.0009331914737809284,1
2023-03-24T16:58:55Z,2023-03-24T16:59:00Z,1.3008213609900067e-05,0.0009480511415117388,0.0009350429279018388,1
2023-03-24T16:58:55Z,2023-03-24T16:59:00Z,2.3609965232766175e-05,0.0009607717086385931,0.000937161743405827,1
2023-03-24T16:58:55Z,2023-03-24T16:59:00Z,3.5181228562129415e-05,0.0009742558760475884,0.0009390746474854589,1
2023-03-24T16:59:55Z,2023-03-24T17:00:00Z,2.620568489290732e-05,0.0009676721971846317,0.0009414665122917244,1
2023-03-24T16:59:55Z,2023-03-24T17:00:00Z,9.0972488233634e-06,0.0009528899425890051,0.0009437926937656417,1
2023-03-24T16:59:55Z,2023-03-24T17:00:00Z,1.6279199824535077e-05,0.0009293421884611076,0.0009456213882856427,1
2023-03-24T16:59:55Z,2023-03-24T17:00:00Z,2.1044084667090732e-05,0.0009258285866465378,0.0009468726713136286,1
2023-03-24T16:59:55Z,2023-03-24T17:00:00Z,6.508290378996902e-06,0.0009403879697705884,0.0009468962601495853,1
2023-03-24T16:59:55Z,2023-03-24T17:00:00Z,7.512587524641343e-06,0.0009550351482845158,0.0009475225607598744,1
2023-03-24T16:59:55Z,2023-03-24T17:00:00Z,5.404768339061297e-06,0.000954054371726332,0.0009486496033872707,1
2023-03-24T16:59:55Z,2023-03-24T17:00:00Z,1.5218431846102175e-05,0.0009657354947172954,0.0009505170628711932,1
2023-03-24T16:59:55Z,2023-03-24T17:00:00Z,1.372206123965655e-05,0.0009649357170409451,0.0009512136558012885,1
2023-03-24T16:59:55Z,2023-03-24T17:00:00Z,2.17292977808866e-06,0.0009541491073086861,0.0009519761775305974,1
2023-03-24T16:59:55Z,2023-03-24T17:00:00Z,3.764802257576628e-07,0.0009526565556358517,0.0009530330358616094,1
2023-03-24T17:00:55Z,2023-03-24T17:01:00Z,4.701724109899288e-06,0.0009579308571052267,0.0009532291329953274,0
2023-03-24T17:00:55Z,2023-03-24T17:01:00Z,1.1588743858240071e-05,0.0009412512609213662,0.0009528400047796062,0
2023-03-24T17:00:55Z,2023-03-24T17:01:00Z,5.3889618907869614e-05,0.0008997119221013845,0.0009536015410092541,0
2023-03-24T17:00:55Z,2023-03-24T17:01:00Z,6.199771885224763e-05,0.0008910085294476645,0.0009530062482999122,0
2023-03-24T17:00:55Z,2023-03-24T17:01:00Z,7.054949746054069e-05,0.0008791363875801298,0.0009496858850406704,0
2023-03-24T17:00:55Z,2023-03-24T17:01:00Z,7.420323861931789e-05,0.0008721271986528775,0.0009463304372721953,0
2023-03-24T17:00:55Z,2023-03-24T17:01:00Z,7.506256656889985e-05,0.000866465792993974,0.0009415283595628739,0
2023-03-24T17:00:55Z,2023-03-24T17:01:00Z,6.907438047901843e-05,0.000866446409825343,0.0009355207903043615,0
2023-03-24T17:00:55Z,2023-03-24T17:01:00Z,6.371540044903742e-05,0.0008658520719617559,0.0009295674724107933,0
2023-03-24T17:00:55Z,2023-03-24T17:01:00Z,5.506775590326512e-05,0.0008694148028155481,0.0009244825587188132,0
2023-03-24T17:00:55Z,2023-03-24T17:01:00Z,5.5266440416365265e-05,0.000865481405567192,0.0009207478459835573,0
2023-03-24T17:00:55Z,2023-03-24T17:01:00Z,4.5750580065650245e-05,0.0008716788080454958,0.0009174293881111461,0
2023-03-24T17:00:55Z,2023-03-24T17:01:00Z,3.045439225466491e-05,0.0009434775118832583,0.0009130231196285934,0
2023-03-24T17:01:55Z,2023-03-24T17:02:00Z,2.9625936580731076e-05,0.0009377457420776174,0.0009081198054968863,1
2023-03-24T17:01:55Z,2023-03-24T17:02:00Z,2.239107124337792e-05,0.0009298887085142011,0.0009074976372708232,1
2023-03-24T17:01:55Z,2023-03-24T17:02:00Z,3.159079135202781e-05,0.0009374419725852229,0.0009058511812331951,1
2023-03-24T17:01:55Z,2023-03-24T17:02:00Z,4.395015849315248e-05,0.0009477397509894803,0.0009037895924963278,1
2023-03-24T17:01:55Z,2023-03-24T17:02:00Z,5.037582859985937e-05,0.0009531826484653952,0.0009028068198655358,1
2023-03-24T17:01:55Z,2023-03-24T17:02:00Z,5.466695841647431e-05,0.0009571845544792824,0.0009025175960628081,1
2023-03-24T17:01:55Z,2023-03-24T17:02:00Z,5.6880275055237305e-05,0.0009591185647274671,0.0009022382896722298,1
2023-03-24T17:01:55Z,2023-03-24T17:02:00Z,5.3656687288056995e-05,0.0009568322295225171,0.0009031755422344601,1
2023-03-24T17:01:55Z,2023-03-24T17:02:00Z,4.782305688560268e-05,0.0009544931075098324,0.0009066700506242297,1
2023-03-24T17:01:55Z,2023-03-24T17:02:00Z,4.684921531413063e-05,0.0009573912482957046,0.0009105420329815739,1
2023-03-24T17:01:55Z,2023-03-24T17:02:00Z,3.3774763945504925e-05,0.0009487495451582379,0.000914974781212733,1
2023-03-24T17:02:55Z,2023-03-24T17:03:00Z,3.509537561392827e-05,0.0009550856891585922,0.000919990313544664,1
2023-03-24T17:02:55Z,2023-03-24T17:03:00Z,2.2032105052966064e-05,0.0009468626393131749,0.0009248305342602088,1
2023-03-24T17:02:55Z,2023-03-24T17:03:00Z,1.472610229507666e-05,0.0009447707118101825,0.0009300446095151058,1
2023-03-24T17:02:55Z,2023-03-24T17:03:00Z,1.5591552332031695e-05,0.0009504014893383974,0.0009348099370063657,1
2023-03-24T17:02:55Z,2023-03-24T17:03:00Z,5.2527586030680275e-06,0.00094449539613853,0.000939242637535462,1
2023-03-24T17:02:55Z,2023-03-24T17:03:00Z,4.390751955698721e-06,0.0009486286885365256,0.0009442379365808269,1
2023-03-24T17:02:55Z,2023-03-24T17:03:00Z,4.101119188159837e-06,0.0009526223844803419,0.000948521265292182,1
2023-03-24T17:02:55Z,2023-03-24T17:03:00Z,1.4240758932344269e-05,0.0009630650346158949,0.0009488242756835507,1
2023-03-24T17:02:55Z,2023-03-24T17:03:00Z,9.108909217781002e-06,0.0009588082815132564,0.0009496993722954754,1
2023-03-24T17:02:55Z,2023-03-24T17:03:00Z,8.095533417408615e-07,0.0009524604742314338,0.0009516509208896929,1
2023-03-24T17:02:55Z,2023-03-24T17:03:00Z,1.5066456946697922e-06,0.0009514011168966722,0.000952907762591342,1
2023-03-24T17:02:55Z,2023-03-24T17:03:00Z,1.0406714614518298e-05,0.0009427787375792915,0.0009531854521938098,1
2023-03-24T17:03:55Z,2023-03-24T17:04:00Z,2.4209572729961518e-05,0.0009288710834892176,0.0009530806562191791,1
2023-03-24T17:03:55Z,2023-03-24T17:04:00Z,2.4280532753987957e-05,0.000927952722471074,0.0009522332552250619,1
2023-03-24T17:03:55Z,2023-03-24T17:04:00Z,3.095476574923044e-05,0.0009194992258735816,0.000950453991622812,1
2023-03-24T17:03:55Z,2023-03-24T17:04:00Z,6.097302016540849e-05,0.0008877821769249656,0.0009487551970903741,1
2023-03-24T17:03:55Z,2023-03-24T17:04:00Z,7.232069024582205e-05,0.0008743760432188902,0.0009466967334647123,1
2023-03-24T17:03:55Z,2023-03-24T17:04:00Z,7.706265134155559e-05,0.0008655394308660543,0.0009426020822076099,1
2023-03-24T17:03:55Z,2023-03-24T17:04:00Z,7.404655923435948e-05,0.0008641806110944655,0.000938227170328825,1
2023-03-24T17:03:55Z,2023-03-24T17:04:00Z,8.003674194776594e-05,0.0008529230014226742,0.0009329597433704401,1
2023-03-24T17:03:55Z,2023-03-24T17:04:00Z,7.336835835063647e-05,0.0008547277363010563,0.0009280960946516927,1
2023-03-24T17:03:55Z,2023-03-24T17:04:00Z,6.558331725526592e-05,0.0008571099709030437,0.0009226932881583096,1
2023-03-24T17:03:55Z,2023-03-24T17:04:00Z,5.361679129365737e-05,0.0008634486290389265,0.0009170654203325838,1
2023-03-24T17:03:55Z,2023-03-24T17:04:00Z,4.907007603599533e-05,0.0008628550251650892,0.0009119251012010846,1
2023-03-24T17:03:55Z,2023-03-24T17:04:00Z,3.73840069604408e-05,0.000869530502505491,0.0009069145094659318,1
2023-03-24T17:04:55Z,2023-03-24T17:05:00Z,2.5335662330333835e-05,0.0008762984142347008,0.0009016340765650346,1
2023-03-24T17:04:55Z,2023-03-24T17:05:00Z,2.4486560550696242e-05,0.0008716454847137263,0.0008961320452644225,1
2023-03-24T17:04:55Z,2023-03-24T17:05:00Z,1.5953096726785843e-05,0.0008753254269330159,0.0008912785236598017,1
2023-03-24T17:04:55Z,2023-03-24T17:05:00Z,7.89303592496442e-06,0.0008786316648220309,0.0008865247007469953,1
2023-03-24T17:04:55Z,2023-03-24T17:05:00Z,1.4629376486055491e-05,0.0008674202836748424,0.0008820496601608979,1
2023-03-24T17:04:55Z,2023-03-24T17:05:00Z,2.064428400910443e-05,0.0008576320189307782,0.0008782763029398826,1
2023-03-24T17:04:55Z,2023-03-24T17:05:00Z,2.1000342584837637e-05,0.0008536612074247877,0.0008746615500096253,1
2023-03-24T17:04:55Z,2023-03-24T17:05:00Z,3.1493305661102824e-05,0.0008390317323755638,0.0008705250380366666,1
2023-03-24T17:04:55Z,2023-03-24T17:05:00Z,3.241314732456207e-05,0.0008342390660974696,0.0008666522134220317,1
2023-03-24T17:04:55Z,2023-03-24T17:05:00Z,4.8046348908380426e-05,0.0008157381913048629,0.0008637845402132433,1
2023-03-24T17:04:55Z,2023-03-24T17:05:00Z,5.874567814110883e-05,0.0008026778634179333,0.0008614235415590421,1
2023-03-24T17:05:55Z,2023-03-24T17:06:00Z,7.171091914762791e-05,0.0007867831377313441,0.000858494056878972,1
2023-03-24T17:05:55Z,2023-03-24T17:06:00Z,7.380013384909072e-05,0.0007810761143430264,0.0008548762481921171,1
2023-03-24T17:05:55Z,2023-03-24T17:06:00Z,5.3657897183399e-05,0.0007973277707915812,0.0008509856679749802,1
2023-03-24T17:05:55Z,2023-03-24T17:06:00Z,5.2526606359048046e-05,0.0007941266132654598,0.0008466532196245079,1
2023-03-24T17:05:55Z,2023-03-24T17:06:00Z,4.5929861159183676e-05,0.0007972067584587674,0.0008431366196179511,1
2023-03-24T17:05:55Z,2023-03-24T17:06:00Z,4.681070368659315e-05,0.0007922481502976246,0.0008390588539842177,1
2023-03-24T17:05:55Z,2023-03-24T17:06:00Z,3.692057569911085e-05,0.0007982766155376763,0.0008351971912367871,1
2023-03-24T17:05:55Z,2023-03-24T17:06:00Z,1.828975964842717e-05,0.0008123614108702501,0.0008306511705186773,1
2023-03-24T17:05:55Z,2023-03-24T17:06:00Z,7.902432405805884e-06,0.0008181592205424583,0.0008260616529482641,1
2023-03-24T17:05:55Z,2023-03-24T17:06:00Z,2.9180487931116696e-06,0.0008254924032799947,0.0008225743544868831,1
2023-03-24T17:05:55Z,2023-03-24T17:06:00Z,2.274719954192231e-05,0.0008419588360058315,0.0008192116364639092,1
2023-03-24T17:05:55Z,2023-03-24T17:06:00Z,2.9986369178979563e-05,0.0008460721667286514,0.0008160857975496718,1
2023-03-24T17:05:55Z,2023-03-24T17:06:00Z,4.304581009626689e-05,0.0008576338754301145,0.0008145880653338476,1
2023-03-24T17:06:55Z,2023-03-24T17:07:00Z,7.707828946680205e-05,0.0008909863634946422,0.0008139080740278402,1
2023-03-24T17:06:55Z,2023-03-24T17:07:00Z,5.092084921846972e-05,0.0008650626095995644,0.0008141417603810947,1
2023-03-24T17:06:55Z,2023-03-24T17:07:00Z,4.4598370652402294e-05,0.0008617962858052075,0.0008171979151528052,1
2023-03-24T17:06:55Z,2023-03-24T17:07:00Z,3.960380493783571e-05,0.0008586148697084112,0.0008190110647705755,1
2023-03-24T17:06:55Z,2023-03-24T17:07:00Z,2.9958585259272862e-05,0.0008516789497063392,0.0008217203644470663,1
2023-03-24T17:06:55Z,2023-03-24T17:07:00Z,1.8358937853348912e-05,0.0008433697144351493,0.0008250107765818004,1
2023-03-24T17:06:55Z,2023-03-24T17:07:00Z,8.085638763201852e-06,0.0008369138160494136,0.0008288281772862117,1
2023-03-24T17:06:55Z,2023-03-24T17:07:00Z,8.936115058998106e-06,0.0008235563916443975,0.0008324925067033956,1
2023-03-24T17:06:55Z,2023-03-24T17:07:00Z,2.028792453660441e-05,0.0008145331730643106,0.000834821097600915,1
2023-03-24T17:06:55Z,2023-03-24T17:07:00Z,2.9329312464331458e-05,0.0008072229485706387,0.0008365522610349702,1
2023-03-24T17:06:55Z,2023-03-24T17:07:00Z,3.3382561801865106e-05,0.0008041889000922547,0.0008375714618941198,1
2023-03-24T17:07:55Z,2023-03-24T17:08:00Z,4.6784649556282044e-05,0.0007916676828244858,0.0008384523323807678,1
2023-03-24T17:07:55Z,2023-03-24T17:08:00Z,7.867522965609433e-05,0.0007601248841690604,0.0008388001138251547,1
2023-03-24T17:07:55Z,2023-03-24T17:08:00Z,6.650937802802595e-05,0.0007710734576767896,0.0008375828357048156,1
2023-03-24T17:07:55Z,2023-03-24T17:08:00Z,5.608698526418253e-05,0.0007780820659480801,0.0008341690512122627,1
2023-03-24T17:07:55Z,2023-03-24T17:08:00Z,4.9235015288621726e-05,0.0007817329214763937,0.0008309679367650154,1
2023-03-24T17:07:55Z,2023-03-24T17:08:00Z,3.4615107967420154e-05,0.0007925953717353745,0.0008272104797027946,1
2023-03-24T17:07:55Z,2023-03-24T17:08:00Z,2.9824378128449577e-05,0.0007936014400889182,0.0008234258182173678,1
2023-03-24T17:07:55Z,2023-03-24T17:08:00Z,3.0962883335055864e-05,0.0007886371405473274,0.0008196000238823832,1
2023-03-24T17:07:55Z,2023-03-24T17:08:00Z,5.763347127673169e-06,0.0008081081518484909,0.0008138714989761641,1
2023-03-24T17:07:55Z,2023-03-24T17:08:00Z,2.2997099006358745e-06,0.0008070761732489259,0.0008093758831495618,1
2023-03-24T17:07:55Z,2023-03-24T17:08:00Z,5.386634956031024e-06,0.0008116043925787272,0.0008062177576226962,1
2023-03-24T17:07:55Z,2023-03-24T17:08:00Z,3.67097672849939e-05,0.0008398958368806616,0.0008031860695956677,1
2023-03-24T17:07:55Z,2023-03-24T17:08:00Z,7.088413844912294e-05,0.0008717128811549311,0.0008008287427058082,1
2023-03-24T17:08:55Z,2023-03-24T17:09:00Z,9.68727311639778e-05,0.0008974971281312866,0.0008006243969673088,0
2023-03-24T17:08:55Z,2023-03-24T17:09:00Z,0.00012961367990224767,0.0009322850806992929,0.0008026714007970452,0
2023-03-24T17:08:55Z,2023-03-24T17:09:00Z,0.0001467004359301863,0.0009537212918146956,0.0008070208558845093,0
2023-03-24T17:08:55Z,2023-03-24T17:09:00Z,0.00015440261492556413,0.0009683500536121311,0.000813947438686567,0
2023-03-24T17:08:55Z,2023-03-24T17:09:00Z,0.00015236956028048798,0.0009749345485696466,0.0008225649882891586,0
2023-03-24T17:08:55Z,2023-03-24T17:09:00Z,0.0001348760385060172,0.0009670975652375214,0.0008322215267315042,0
2023-03-24T17:08:55Z,2023-03-24T17:09:00Z,0.00011045722191453103,0.0009534591525133978,0.0008430019305988668,0
2023-03-24T17:08:55Z,2023-03-24T17:09:00Z,8.15212875229682e-05,0.0009366980817140972,0.000855176794191129,0
2023-03-24T17:08:55Z,2023-03-24T17:09:00Z,6.595480515273052e-05,0.000931860169628366,0.0008659053644756355,0
2023-03-24T17:08:55Z,2023-03-24T17:09:00Z,3.428871893774641e-05,0.000909524437281971,0.0008752357183442246,0
2023-03-24T17:08:55Z,2023-03-24T17:09:00Z,1.4256265078565794e-05,0.0008983229980199653,0.0008840667329413995,0
2023-03-24T17:08:55Z,2023-03-24T17:09:00Z,1.1180833766435516e-05,0.0009021257470341054,0.0008909449132676699,0
2023-03-24T17:09:55Z,2023-03-24T17:10:00Z,5.919174053264269e-06,0.0008911858308574084,0.0008971050049106727,0
2023-03-24T17:09:55Z,2023-03-24T17:10:00Z,3.0693038627393424e-05,0.0008730877666648544,0.0009037808052922478,0
2023-03-24T17:09:55Z,2023-03-24T17:10:00Z,4.111088881024753e-05,0.0008675568387766424,0.00090866772758689,0
2023-03-24T17:09:55Z,2023-03-24T17:10:00Z,4.659596169674597e-05,0.0008659548007969635,0.0009125507624937095,0
2023-03-24T17:09:55Z,2023-03-24T17:10:00Z,6.28089759360901e-05,0.0008530331069222025,0.0009158420828582926,0
2023-03-24T17:09:55Z,2023-03-24T17:10:00Z,7.2595610935028e-05,0.0008447793521536353,0.0009173749630886633,0
2023-03-24T17:09:55Z,2023-03-24T17:10:00Z,7.75402622226458e-05,0.0008387358906170336,0.0009162761528396794,0
2023-03-24T17:09:55Z,2023-03-24T17:10:00Z,9.84541373468458e-05,0.0008147209698470894,0.0009131751071939352,0
2023-03-24T17:09:55Z,2023-03-24T17:10:00Z,0.00010297051154801984,0.0008047017021116647,0.0009076722136596846,0
2023-03-24T17:09:55Z,2023-03-24T17:10:00Z,0.00010397253026706607,0.0007955231938651124,0.0008994957241321784,0
2023-03-24T17:09:55Z,2023-03-24T17:10:00Z,9.911593069294284e-05,0.000790753419821561,0.0008898693505145039,0
2023-03-24T17:09:55Z,2023-03-24T17:10:00Z,9.760749473048855e-05,0.0007817082466837485,0.0008793157414142371,0
2023-03-24T17:10:55Z,2023-03-24T17:11:00Z,9.437741483302306e-05,0.0007745651415567458,0.0008689425563897688,0
2023-03-24T17:10:55Z,2023-03-24T17:11:00Z,8.129806076600718e-05,0.0007775415011631941,0.0008588395619292013,0
2023-03-24T17:10:55Z,2023-03-24T17:11:00Z,7.064151702048174e-05,0.0007786608131347576,0.0008493023301552393,0
2023-03-24T17:10:55Z,2023-03-24T17:11:00Z,6.515649152317093e-05,0.0007750682698988231,0.000840224761421994,0
2023-03-24T17:10:55Z,2023-03-24T17:11:00Z,5.3443506504637084e-05,0.0007790833946734032,0.0008325269011780403,0
2023-03-24T17:10:55Z,2023-03-24T17:11:00Z,5.238844501575287e-05,0.0007728881780375143,0.0008252766230532672,0
2023-03-24T17:10:55Z,2023-03-24T17:11:00Z,4.143781081862824e-05,0.0007766010268016565,0.0008180388376202848,0
2023-03-24T17:10:55Z,2023-03-24T17:11:00Z,2.283579364128108e-05,0.0007882443585190098,0.0008110801521602909,0
2023-03-24T17:10:55Z,2023-03-24T17:11:00Z,9.951072895057842e-06,0.000795453388685045,0.0008054044615801028,0
2023-03-24T17:10:55Z,2023-03-24T17:11:00Z,1.3342688919731113e-07,0.0008008724484541453,0.000800739021564948,0
2023-03-24T17:10:55Z,2023-03-24T17:11:00Z,1.040176455743651e-05,0.0008069936442334482,0.0007965918796760116,0
2023-03-24T17:10:55Z,2023-03-24T17:11:00Z,2.7904291512713094e-05,0.0008214278971611919,0.0007935236056484788,0
2023-03-24T17:11:55Z,2023-03-24T17:12:00Z,3.8867985777730867e-05,0.0008301689027250223,0.0007913009169472914,0
2023-03-24T17:11:55Z,2023-03-24T17:12:00Z,5.3685955335355025e-05,0.0008439687550205381,0.0007902827996851831,0
2023-03-24T17:11:55Z,2023-03-24T17:12:00Z,5.881301348926462e-05,0.0008500045151084438,0.0007911915016191791,0
2023-03-24T17:11:55Z,2023-03-24T17:12:00Z,6.874592062319491e-05,0.0008622472488840724,0.0007935013282608775,0
2023-03-24T17:11:55Z,2023-03-24T17:12:00Z,7.548381269562065e-05,0.000872189924559047,0.0007967061118634264,0
2023-03-24T17:11:55Z,2023-03-24T17:12:00Z,7.691792302058089e-05,0.0008778295542406256,0.0008009116312200447,0
2023-03-24T17:11:55Z,2023-03-24T17:12:00Z,8.393773534384633e-05,0.0008901718182036144,0.0008062340828597681,0
2023-03-24T17:11:55Z,2023-03-24T17:12:00Z,8.681874650839114e-05,0.000899127206584858,0.0008123084600764669,0
2023-03-24T17:11:55Z,2023-03-24T17:12:00Z,8.353818435479887e-05,0.0009024719571983494,0.0008189337728435505,0
2023-03-24T17:11:55Z,2023-03-24T17:12:00Z,7.806178074997838e-05,0.0009040818120317701,0.0008260200312817917,0
2023-03-24T17:11:55Z,2023-03-24T17:12:00Z,6.726720061873547e-05,0.0009007815664475583,0.0008335143658288228,0
2023-03-24T17:12:55Z,2023-03-24T17:13:00Z,5.400378029831539e-05,0.000894870994207042,0.0008408672139087266,0
2023-03-24T17:12:55Z,2023-03-24T17:13:00Z,4.860340077985053e-05,0.0008969937551832856,0.0008483903544034351,0
2023-03-24T17:12:55Z,2023-03-24T17:13:00Z,3.781461684363894e-05,0.0008931620281532731,0.0008553474113096341,0
2023-03-24T17:12:55Z,2023-03-24T17:13:00Z,3.8041826826546734e-05,0.0008997862614693737,0.000861744434642827,0
2023-03-24T17:12:55Z,2023-03-24T17:13:00Z,3.529695729797492e-05,0.0009027889589683446,0.0008674920016703697,0
2023-03-24T17:12:55Z,2023-03-24T17:13:00Z,2.920602432018762e-05,0.0009025164855796885,0.0008733104612595008,0
2023-03-24T17:12:55Z,2023-03-24T17:13:00Z,2.1703963911064226e-05,0.0009006494436843824,0.0008789454797733182,0
2023-03-24T17:12:55Z,2023-03-24T17:13:00Z,3.1767006982172472e-06,0.000880538696040895,0.0008837153967391122,0
2023-03-24T17:12:55Z,2023-03-24T17:13:00Z,1.317805629530704e-05,0.0008746832546178851,0.0008878613109131921,0
2023-03-24T17:12:55Z,2023-03-24T17:13:00Z,1.548984110256741e-05,0.0008745226428118222,0.0008900124839143896,0
2023-03-24T17:12:55Z,2023-03-24T17:13:00Z,7.710134454371538e-06,0.000883754040019397,0.0008914641744737686,0
2023-03-24T17:12:55Z,2023-03-24T17:13:00Z,2.9653180379157285e-06,0.0008951515745074343,0.0008921862564695186,0
2023-03-24T17:12:55Z,2023-03-24T17:13:00Z,1.0793874694982938e-06,0.0008939458860249197,0.0008928664985554214,0
2023-03-24T17:13:55Z,2023-03-24T17:14:00Z,7.725437362894041e-07,0.0008931128971877679,0.0008938854409240573,0
2023-03-24T17:13:55Z,2023-03-24T17:14:00Z,6.074235948413053e-06,0.0009001816808619589,0.0008941074449135459,0
2023-03-24T17:13:55Z,2023-03-24T17:14:00Z,4.511132077450876e-06,0.0008982647940852856,0.0008937536620078347,0
2023-03-24T17:13:55Z,2023-03-24T17:14:00Z,4.040085513943659e-07,0.0008940229484217943,0.0008936189398703999,0
2023-03-24T17:13:55Z,2023-03-24T17:14:00Z,1.1193956631833047e-05,0.0008820828057123032,0.0008932767623441362,0
2023-03-24T17:13:55Z,2023-03-24T17:14:00Z,1.0917613374186123e-06,0.0008917874352404961,0.0008928791965779147,0
2023-03-24T17:13:55Z,2023-03-24T17:14:00Z,2.477161147635223e-05,0.0009168985616722235,0.0008921269501958712,0
2023-03-24T17:13:55Z,2023-03-24T17:14:00Z,3.8445073327131925e-05,0.0009302657694087215,0.0008918206960815896,0
2023-03-24T17:13:55Z,2023-03-24T17:14:00Z,5.0222856167555846e-05,0.0009434398189267307,0.0008932169627591749,0
2023-03-24T17:13:55Z,2023-03-24T17:14:00Z,4.452344418816171e-05,0.0009395333191790629,0.0008950098749909012,0
2023-03-24T17:13:55Z,2023-03-24T17:14:00Z,4.176785691856536e-05,0.0009391689589658422,0.0008974011020472768,0
2023-03-24T17:13:55Z,2023-03-24T17:14:00Z,4.794434006925028e-05,0.0009475229029164903,0.00089957856284724,0
2023-03-24T17:14:55Z,2023-03-24T17:15:00Z,4.620429678008336e-05,0.0009480487134674092,0.0009018444166873259,0
2023-03-24T17:14:55Z,2023-03-24T17:15:00Z,4.289487682921744e-05,0.0009486795409798137,0.0009057846641505963,0
2023-03-24T17:14:55Z,2023-03-24T17:15:00Z,3.743936426871849e-05,0.0009475396436457574,0.0009101002793770389,0
2023-03-24T17:14:55Z,2023-03-24T17:15:00Z,4.600663812122515e-05,0.0009604690879787341,0.000914462449857509,0
2023-03-24T17:14:55Z,2023-03-24T17:15:00Z,5.741943890241329e-05,0.0009756339830908846,0.0009182145441884713,0
2023-03-24T17:14:55Z,2023-03-24T17:15:00Z,4.257636959917397e-05,0.0009646331204624276,0.0009220567508632536,0
2023-03-24T17:14:55Z,2023-03-24T17:15:00Z,2.024285124804467e-05,0.000947104784291649,0.0009268619330436044,0
2023-03-24T17:14:55Z,2023-03-24T17:15:00Z,8.210966259097831e-06,0.0009392799712600353,0.0009310690050009375,0
2023-03-24T17:14:55Z,2023-03-24T17:15:00Z,1.0677595173562188e-05,0.0009231515923820629,0.0009338291875556251,0
2023-03-24T17:14:55Z,2023-03-24T17:15:00Z,1.6255319352882205e-05,0.0009199865256836104,0.0009362418450364926,0
2023-03-24T17:14:55Z,2023-03-24T17:15:00Z,1.6756914394450823e-05,0.0009211983802867636,0.0009379552946812144,0
2023-03-24T17:15:55Z,2023-03-24T17:16:00Z,2.2238378160835165e-05,0.0009179465471069265,0.0009401849252677617,0
2023-03-24T17:15:55Z,2023-03-24T17:16:00Z,2.998423792634913e-05,0.0009119307429323694,0.0009419149808587185,0
2023-03-24T17:15:55Z,2023-03-24T17:16:00Z,3.963994042385777e-05,0.0009023366866369022,0.00094197662706076,0
2023-03-24T17:15:55Z,2023-03-24T17:16:00Z,4.81705463252312e-05,0.0008927275497663317,0.0009408980960915629,0
2023-03-24T17:15:55Z,2023-03-24T17:16:00Z,4.744805186310936e-05,0.0008910322129172873,0.0009384802647803966,0
2023-03-24T17:15:55Z,2023-03-24T17:16:00Z,4.5679827306652405e-05,0.0008900471569200541,0.0009357269842267065,0
2023-03-24T17:15:55Z,2023-03-24T17:16:00Z,3.925663039721814e-05,0.0008936387805325145,0.0009328954109297326,0
2023-03-24T17:15:55Z,2023-03-24T17:16:00Z,3.2868335328109055e-05,0.0008966461493665391,0.0009295144846946481,0
2023-03-24T17:15:55Z,2023-03-24T17:16:00Z,2.7453605177877737e-05,0.0008988602952264825,0.0009263139004043602,0
2023-03-24T17:15:55Z,2023-03-24T17:16:00Z,2.1226704759389034e-05,0.0009020264079030138,0.0009232531126624028,0
2023-03-24T17:15:55Z,2023-03-24T17:16:00Z,4.231525243914925e-06,0.0009161580963350013,0.0009203896215789162,0
2023-03-24T17:15:55Z,2023-03-24T17:16:00Z,4.916275900752865e-06,0.0009218680927693325,0.0009169518168685797,0
2023-03-24T17:15:55Z,2023-03-24T17:16:00Z,4.146531908972174e-07,0.0009130385821038069,0.0009134532352947041,0
2023-03-24T17:16:55Z,2023-03-24T17:17:00Z,3.5884143999053483e-06,0.0009145260598303099,0.0009109376454304046,0
2023-03-24T17:16:55Z,2023-03-24T17:17:00Z,1.385160709652957e-06,0.000907548590474408,0.0009089337511840609,0
2023-03-24T17:16:55Z,2023-03-24T17:17:00Z,4.080967978808601e-06,0.0009115586067258268,0.0009074776387470182,0
2023-03-24T17:16:55Z,2023-03-24T17:17:00Z,9.879824151495169e-06,0.0008966799909538962,0.0009065598151053914,0
2023-03-24T17:16:55Z,2023-03-24T17:17:00Z,1.2703754990178858e-05,0.0008933603001765194,0.0009060640551666983,0
2023-03-24T17:16:55Z,2023-03-24T17:17:00Z,1.2069324578774091e-05,0.0008925524723918731,0.0009046217969706472,0
2023-03-24T17:16:55Z,2023-03-24T17:17:00Z,1.7476115556138436e-05,0.0008856994315950731,0.0009031755471512116,0
2023-03-24T17:16:55Z,2023-03-24T17:17:00Z,1.4453078991175788e-05,0.0008875825698929477,0.0009020356488841234,0
2023-03-24T17:16:55Z,2023-03-24T17:17:00Z,2.168114330885053e-05,0.0008793758435139889,0.0009010569868228394,0
2023-03-24T17:16:55Z,2023-03-24T17:17:00Z,3.032041636129258e-05,0.0008704339245866419,0.0009007543409479345,0
2023-03-24T17:16:55Z,2023-03-24T17:17:00Z,3.320420584412029e-05,0.0008668644663153849,0.0009000686721595052,0
2023-03-24T17:16:55Z,2023-03-24T17:17:00Z,3.030217803148415e-05,0.0008686127745789968,0.000898914952610481,0
2023-03-24T17:17:55Z,2023-03-24T17:18:00Z,2.13535815067606e-05,0.0008759864114438893,0.0008973399929506499,0
2023-03-24T17:17:55Z,2023-03-24T17:18:00Z,2.9472551379055916e-06,0.0008986382260422293,0.0008956909709043237,0
2023-03-24T17:17:55Z,2023-03-24T17:18:00Z,1.1485110677151352e-06,0.0008954939593965923,0.0008943454483288771,0
2023-03-24T17:17:55Z,2023-03-24T17:18:00Z,1.580574027904881e-05,0.0009099518837925857,0.0008941461435135368,0
2023-03-24T17:17:55Z,2023-03-24T17:18:00Z,1.817497079348448e-05,0.000911105576840056,0.0008929306060465715,0
2023-03-24T17:17:55Z,2023-03-24T17:18:00Z,9.430182490607745e-06,0.0009016598350679589,0.0008922296525773511,0
2023-03-24T17:17:55Z,2023-03-24T17:18:00Z,2.7809338160815272e-05,0.000919925284546181,0.0008921159463853658,0
2023-03-24T17:17:55Z,2023-03-24T17:18:00Z,3.0794674394168226e-05,0.0009221537840288075,0.0008913591096346392,0
2023-03-24T17:17:55Z,2023-03-24T17:18:00Z,3.923543409178301e-05,0.0009313225845541737,0.0008920871504623907,0
2023-03-24T17:17:55Z,2023-03-24T17:18:00Z,5.006390140173422e-05,0.0009427742975878296,0.0008927103961860953,0
2023-03-24T17:17:55Z,2023-03-24T17:18:00Z,4.379994493525024e-05,0.0009385481407448914,0.0008947481958096412,0
2023-03-24T17:17:55Z,2023-03-24T17:18:00Z,5.713225806072556e-05,0.0009547871596004438,0.0008976549015397182,0
2023-03-24T17:18:55Z,2023-03-24T17:19:00Z,2.015793946494402e-05,0.0009205184685548398,0.0009003605290898958,0
2023-03-24T17:18:55Z,2023-03-24T17:19:00Z,5.249622802653252e-05,0.0008519282850636792,0.0009044245130902117,0
2023-03-24T17:18:55Z,2023-03-24T17:19:00Z,0.00011325046129351648,0.0007931114576003359,0.0009063619188938523,0
2023-03-24T17:18:55Z,2023-03-24T17:19:00Z,0.00016457556380486925,0.0007401717928272001,0.0009047473566320694,0
2023-03-24T17:18:55Z,2023-03-24T17:19:00Z,0.00019284579010558586,0.0007073531861155243,0.0009001989762211102,0
2023-03-24T17:18:55Z,2023-03-24T17:19:00Z,0.00019400803762011348,0.0006987384283958095,0.0008927464660159229,0
2023-03-24T17:18:55Z,2023-03-24T17:19:00Z,0.00020881393345458432,0.0006744466744164285,0.0008832606078710128,0
2023-03-24T17:18:55Z,2023-03-24T17:19:00Z,0.00025030841702071774,0.0006225258389062903,0.0008728342559270081,0
2023-03-24T17:18:55Z,2023-03-24T17:19:00Z,0.0002522611580066755,0.0006073853595894031,0.0008596465175960786,0
2023-03-24T17:18:55Z,2023-03-24T17:19:00Z,0.00023934685161147034,0.000604242717720473,0.0008435895693319433,0
2023-03-24T17:18:55Z,2023-03-24T17:19:00Z,0.0002214054033207152,0.0006043861351757467,0.0008257915384964619,0
2023-03-24T17:18:55Z,2023-03-24T17:19:00Z,0.00020691100397686143,0.0006008297781008016,0.000807740782077663,0
2023-03-24T17:19:55Z,2023-03-24T17:20:00Z,0.00018341113904189895,0.0006068429548068103,0.0007902540938487093,0
2023-03-24T17:19:55Z,2023-03-24T17:20:00Z,0.00013111391966675885,0.0006403698502733987,0.0007714837699401575,0
2023-03-24T17:19:55Z,2023-03-24T17:20:00Z,8.19675325860914e-05,0.0006709685415174781,0.0007529360741035695,0
2023-03-24T17:19:55Z,2023-03-24T17:20:00Z,3.2369910414263917e-05,0.000703451296966907,0.0007358212073811709,0
2023-03-24T17:19:55Z,2023-03-24T17:20:00Z,3.072614674414073e-05,0.0007505587802388203,0.0007198326334946796,0
2023-03-24T17:19:55Z,2023-03-24T17:20:00Z,6.161608720204367e-05,0.000767619494592136,0.0007060034073900923,0
2023-03-24T17:19:55Z,2023-03-24T17:20:00Z,9.696070854074289e-05,0.0007909506818507396,0.0006939899733099967,0
2023-03-24T17:19:55Z,2023-03-24T17:20:00Z,0.0001625751884998237,0.0008475711045178967,0.000684995916018073,0
2023-03-24T17:19:55Z,2023-03-24T17:20:00Z,0.00018992688001810297,0.0008713358782001209,0.0006814089981820179,0
2023-03-24T17:19:55Z,2023-03-24T17:20:00Z,0.0001923724701074379,0.0008769849769316652,0.0006846125068242273,0
2023-03-24T17:19:55Z,2023-03-24T17:20:00Z,0.0001756072855442685,0.000867935326802197,0.0006923280412579285,0
2023-03-24T17:19:55Z,2023-03-24T17:20:00Z,0.00015841019642719406,0.0008607165783213661,0.0007023063818941721,0
2023-03-24T17:20:55Z,2023-03-24T17:21:00Z,0.00013802918224309606,0.0008502883228670556,0.0007122591406239596,0
2023-03-24T17:20:55Z,2023-03-24T17:21:00Z,0.0001288700713387408,0.000852086265133579,0.0007232161937948382,0
2023-03-24T17:20:55Z,2023-03-24T17:21:00Z,0.00012405555677377908,0.0008606695437427801,0.000736613986969001,0
2023-03-24T17:20:55Z,2023-03-24T17:21:00Z,0.00011449832820595947,0.0008655064860893238,0.0007510081578833643,0
2023-03-24T17:20:55Z,2023-03-24T17:21:00Z,8.935511790968489e-05,0.0008554472067355378,0.0007660920888258529,0
2023-03-24T17:20:55Z,2023-03-24T17:21:00Z,7.21149695768051e-05,0.0008535670790446331,0.000781452109467828,0
2023-03-24T17:20:55Z,2023-03-24T17:21:00Z,7.182440425628389e-05,0.0008682540095261551,0.0007964296052698712,0
2023-03-24T17:20:55Z,2023-03-24T17:21:00Z,6.104013112899227e-05,0.0008719829201775591,0.0008109427890485669,0
2023-03-24T17:20:55Z,2023-03-24T17:21:00Z,4.7261846998149616e-05,0.0008716095865909962,0.0008243477395928466,0
2023-03-24T17:20:55Z,2023-03-24T17:21:00Z,2.754454392195295e-05,0.0008637166587300984,0.0008361721148081455,0
2023-03-24T17:20:55Z,2023-03-24T17:21:00Z,1.3402358046868336e-05,0.0008594661369505485,0.0008460637789036801,0
2023-03-24T17:20:55Z,2023-03-24T17:21:00Z,1.8962262173180273e-06,0.0008546163509146027,0.0008527201246972847,0
2023-03-24T17:21:55Z,2023-03-24T17:22:00Z,7.323575745134345e-07,0.0008588552259399401,0.0008581228683654267,0
2023-03-24T17:21:55Z,2023-03-24T17:22:00Z,4.2880874792964544e-07,0.0008614390989741948,0.0008618679077221245,0
2023-03-24T17:21:55Z,2023-03-24T17:22:00Z,7.315360377912442e-06,0.0008552163191925676,0.00086253167957048,0
2023-03-24T17:21:55Z,2023-03-24T17:22:00Z,5.564166501303741e-06,0.0008563853495852982,0.0008619495160866019,0
2023-03-24T17:21:55Z,2023-03-24T17:22:00Z,6.423338816080853e-06,0.0008670923456239123,0.0008606690068078314,0
2023-03-24T17:21:55Z,2023-03-24T17:22:00Z,1.5144708047463572e-05,0.0008751343044307716,0.000859989596383308,0
2023-03-24T17:21:55Z,2023-03-24T17:22:00Z,1.5902037846417336e-05,0.0008762666793651693,0.0008603646415187519,0
2023-03-24T17:21:55Z,2023-03-24T17:22:00Z,9.998900424255334e-06,0.0008718250702702847,0.0008618261698460294,0
2023-03-24T17:21:55Z,2023-03-24T17:22:00Z,1.0512484702791206e-05,0.000873761031856561,0.0008632485471537698,0
2023-03-24T17:21:55Z,2023-03-24T17:22:00Z,2.601756912762646e-05,0.0008899223237241908,0.0008639047545965644,0
2023-03-24T17:21:55Z,2023-03-24T17:22:00Z,2.29830105030384e-05,0.0008873733266153226,0.0008643903161122842,0
2023-03-24T17:21:55Z,2023-03-24T17:22:00Z,1.6819755625191923e-05,0.0008832380197956321,0.0008664182641704402,0
2023-03-24T17:22:55Z,2023-03-24T17:23:00Z,9.319541979322678e-06,0.0008777264089480387,0.0008684068669687161,0
2023-03-24T17:22:55Z,2023-03-24T17:23:00Z,5.957947626314885e-06,0.0008752462269638237,0.0008692882793375088,0
2023-03-24T17:22:55Z,2023-03-24T17:23:00Z,1.2324388401085571e-06,0.0008683936927780168,0.0008696261316181253,0
2023-03-24T17:22:55Z,2023-03-24T17:23:00Z,3.3212666922199886e-06,0.0008731613183322762,0.0008698400516400563,0
2023-03-24T17:22:55Z,2023-03-24T17:23:00Z,6.951829478813701e-06,0.0008770670007687476,0.0008701151712899339,0
2023-03-24T17:22:55Z,2023-03-24T17:23:00Z,3.644540396565408e-06,0.0008745653105913067,0.0008709207701947413,0
2023-03-24T17:22:55Z,2023-03-24T17:23:00Z,9.746978281254329e-06,0.0008819883749380043,0.0008722413966567499,0
2023-03-24T17:22:55Z,2023-03-24T17:23:00Z,1.5025708366902136e-06,0.0008746680901199911,0.0008731655192833009,0
2023-03-24T17:22:55Z,2023-03-24T17:23:00Z,6.257389222204561e-06,0.000868116911000144,0.0008743743002223485,0
2023-03-24T17:22:55Z,2023-03-24T17:23:00Z,2.3190294270596904e-05,0.0008523282277710119,0.0008755185220416088,0
2023-03-24T17:22:55Z,2023-03-24T17:23:00Z,1.9848234916492445e-05,0.0008563603789730483,0.0008762086138895407,0
2023-03-24T17:23:55Z,2023-03-24T17:24:00Z,2.3614771440891888e-05,0.0008517253649278901,0.000875340136368782,0
2023-03-24T17:23:55Z,2023-03-24T17:24:00Z,1.8551623135052353e-05,0.0008556841646773929,0.0008742357878124453,0
2023-03-24T17:23:55Z,2023-03-24T17:24:00Z,2.531047376490086e-05,0.0008474817073159396,0.0008727921810808405,0
2023-03-24T17:23:55Z,2023-03-24T17:24:00Z,1.1158110407659839e-05,0.0008606846056383047,0.0008718427160459646,0
2023-03-24T17:23:55Z,2023-03-24T17:24:00Z,3.114689821553528e-06,0.0008671821836043744,0.0008702968734259279,0
2023-03-24T17:23:55Z,2023-03-24T17:24:00Z,1.1661559463225688e-05,0.0008569154481929444,0.0008685770076561701,0
2023-03-24T17:23:55Z,2023-03-24T17:24:00Z,6.104268019913278e-06,0.0008612850253414951,0.0008673892933614084,0
2023-03-24T17:23:55Z,2023-03-24T17:24:00Z,8.484119786756044e-06,0.0008573567870097884,0.0008658409067965444,0
2023-03-24T17:23:55Z,2023-03-24T17:24:00Z,4.960588735055424e-06,0.0008599131778493393,0.0008648737665843948,0
2023-03-24T17:23:55Z,2023-03-24T17:24:00Z,6.031319871183452e-07,0.0008632183145999803,0.0008638214465870986,0
2023-03-24T17:23:55Z,2023-03-24T17:24:00Z,5.563793658362216e-06,0.0008688863864261269,0.0008633225927677647,0
2023-03-24T17:23:55Z,2023-03-24T17:24:00Z,1.0115415463634084e-05,0.0008728531256589107,0.0008627377101952766,0
2023-03-24T17:23:55Z,2023-03-24T17:24:00Z,1.8825946451676238e-05,0.0008810824440385633,0.0008622564975868871,0
2023-03-24T17:24:55Z,2023-03-24T17:25:00Z,1.53664878186963e-05,0.0008775222686448542,0.0008621557808261579,0
2023-03-24T17:24:55Z,2023-03-24T17:25:00Z,1.8726625085666872e-05,0.0008808291158589166,0.0008621024907732497,0
2023-03-24T17:24:55Z,2023-03-24T17:25:00Z,5.899361639070109e-06,0.0008681697452667236,0.0008622703836276535,0
2023-03-24T17:24:55Z,2023-03-24T17:25:00Z,2.199293341695373e-06,0.0008608188670423564,0.0008630181603840518,0
2023-03-24T17:24:55Z,2023-03-24T17:25:00Z,9.055473871868612e-06,0.0008548945404825192,0.0008639500143543878,0
2023-03-24T17:24:55Z,2023-03-24T17:25:00Z,1.716824806990763e-05,0.0008470440302885571,0.0008642122783584647,0
2023-03-24T17:24:55Z,2023-03-24T17:25:00Z,2.4464015526608294e-05,0.0008399346849233052,0.0008643987004499135,0
2023-03-24T17:24:55Z,2023-03-24T17:25:00Z,1.8844269689761257e-05,0.0008450461875608089,0.0008638904572505702,0
2023-03-24T17:24:55Z,2023-03-24T17:25:00Z,1.7760194039195105e-05,0.0008456863207176908,0.0008634465147568859,0
2023-03-24T17:24:55Z,2023-03-24T17:25:00Z,2.2468261661979074e-05,0.0008400583461491717,0.0008625266078111508,0
2023-03-24T17:24:55Z,2023-03-24T17:25:00Z,2.260538771122801e-05,0.0008386567575771768,0.0008612621452884048,0
2023-03-24T17:24:55Z,2023-03-24T17:25:00Z,2.685847758698433e-05,0.0008334120734635514,0.0008602705510505357,0
2023-03-24T17:25:55Z,2023-03-24T17:26:00Z,1.7388147662550715e-05,0.0008415513288136133,0.000858939476476164,0
2023-03-24T17:25:55Z,2023-03-24T17:26:00Z,2.6177666847337173e-05,0.0008313532970672836,0.0008575309639146208,0
2023-03-24T17:25:55Z,2023-03-24T17:26:00Z,1.8847895976357456e-05,0.0008376029591714558,0.0008564508551478133,0
2023-03-24T17:25:55Z,2023-03-24T17:26:00Z,1.5224460027956689e-05,0.0008393519823238156,0.0008545764423517723,0
2023-03-24T17:25:55Z,2023-03-24T17:26:00Z,4.358573727655541e-06,0.0008483776670209008,0.0008527362407485564,0
2023-03-24T17:25:55Z,2023-03-24T17:26:00Z,4.261281962012744e-06,0.000846504303296244,0.0008507655852582568,0
2023-03-24T17:25:55Z,2023-03-24T17:26:00Z,4.590028036565645e-06,0.0008442517468088874,0.000848841774845453,0
2023-03-24T17:25:55Z,2023-03-24T17:26:00Z,1.227736988966251e-05,0.0008347398187588134,0.0008470171886484759,0
2023-03-24T17:25:55Z,2023-03-24T17:26:00Z,9.935953696088768e-06,0.0008349296250082678,0.0008448655787043566,0
2023-03-24T17:25:55Z,2023-03-24T17:26:00Z,4.370161449226452e-06,0.0008385289509899589,0.0008428991124391854,0
2023-03-24T17:25:55Z,2023-03-24T17:26:00Z,9.457370100954808e-06,0.00083191884574799,0.0008413762158489449,0
2023-03-24T17:25:55Z,2023-03-24T17:26:00Z,6.387862505051814e-06,0.0008340256716090366,0.0008404135341140884,0
2023-03-24T17:26:55Z,2023-03-24T17:27:00Z,1.3483139401067193e-05,0.0008260406779753407,0.0008395238173764079,0
2023-03-24T17:26:55Z,2023-03-24T17:27:00Z,1.3112751944263168e-06,0.0008404875035523479,0.0008391762283579216,0
2023-03-24T17:26:55Z,2023-03-24T17:27:00Z,1.3968538732517851e-05,0.000852026795938353,0.0008380582572058351,0
2023-03-24T17:26:55Z,2023-03-24T17:27:00Z,1.8021624162862897e-05,0.0008557740685942662,0.0008377524444314033,0
2023-03-24T17:26:55Z,2023-03-24T17:27:00Z,2.7672617650239943e-05,0.0008661290885398303,0.0008384564708895904,0
2023-03-24T17:26:55Z,2023-03-24T17:27:00Z,2.97763752682129e-05,0.0008692397468058673,0.0008394633715376544,0
2023-03-24T17:26:55Z,2023-03-24T17:27:00Z,3.512318048628669e-05,0.0008765110823225459,0.0008413879018362592,0
2023-03-24T17:26:55Z,2023-03-24T17:27:00Z,5.118459273587082e-05,0.0008942012250422627,0.0008430166323063919,0
2023-03-24T17:26:55Z,2023-03-24T17:27:00Z,6.013658270381285e-05,0.0009058095553193378,0.0008456729726155249,0
2023-03-24T17:26:55Z,2023-03-24T17:27:00Z,6.19416786363918e-05,0.0009109439610090229,0.0008490022823726311,0
2023-03-24T17:26:55Z,2023-03-24T17:27:00Z,7.883978142527977e-05,0.0009317513327976475,0.0008529115513723677,0
2023-03-24T17:26:55Z,2023-03-24T17:27:00Z,7.59502101894202e-05,0.0009325421317963832,0.000856591921606963,0
2023-03-24T17:27:55Z,2023-03-24T17:28:00Z,8.089099584205456e-05,0.000942497448596159,0.0008616064527541044,0
2023-03-24T17:27:55Z,2023-03-24T17:28:00Z,7.358138761410637e-05,0.0009403813924262987,0.0008668000048121923,0
2023-03-24T17:27:55Z,2023-03-24T17:28:00Z,6.72218268366945e-05,0.0009403605157569661,0.0008731386889202716,0
2023-03-24T17:27:55Z,2023-03-24T17:28:00Z,6.752483255719236e-05,0.000946866566619701,0.0008793417340625087,0
2023-03-24T17:27:55Z,2023-03-24T17:28:00Z,5.7261632695243926e-05,0.0009425934588028707,0.0008853318261076268,0
2023-03-24T17:27:55Z,2023-03-24T17:28:00Z,4.802438101958494e-05,0.0009401178377667241,0.0008920934567471392,0
2023-03-24T17:27:55Z,2023-03-24T17:28:00Z,4.517717838604441e-05,0.0009436569755563504,0.000898479797170306,0
2023-03-24T17:27:55Z,2023-03-24T17:28:00Z,2.5394379669789946e-05,0.000930584598004295,0.000905190218334505,0
2023-03-24T17:27:55Z,2023-03-24T17:28:00Z,7.986627463488585e-06,0.0009192456382688172,0.0009112590108053286,0
2023-03-24T17:27:55Z,2023-03-24T17:28:00Z,4.940627098012993e-07,0.0009153859952758769,0.0009158800579856782,0
2023-03-24T17:27:55Z,2023-03-24T17:28:00Z,1.2819586458955577e-05,0.0009067940932722846,0.0009196136797312402,0
2023-03-24T17:28:55Z,2023-03-24T17:29:00Z,5.165594584394424e-06,0.000917345550248966,0.0009225111448333605,0
2023-03-24T17:28:55Z,2023-03-24T17:29:00Z,1.2744045518874448e-05,0.0009119761785183929,0.0009247202240372673,0
2023-03-24T17:28:55Z,2023-03-24T17:29:00Z,7.906051666428638e-06,0.0009192161998959221,0.0009271222515623508,0
2023-03-24T17:28:55Z,2023-03-24T17:29:00Z,1.2117587096009902e-05,0.0009160502499649367,0.0009281678370609466,0
2023-03-24T17:28:55Z,2023-03-24T17:29:00Z,2.201334518783782e-05,0.0009069431180246728,0.0009289564632125107,0
2023-03-24T17:28:55Z,2023-03-24T17:29:00Z,2.322707516510061e-05,0.0009060297579859931,0.0009292568331510937,0
2023-03-24T17:28:55Z,2023-03-24T17:29:00Z,1.5664221479797804e-05,0.0009121333049199444,0.0009277975263997422,0
2023-03-24T17:28:55Z,2023-03-24T17:29:00Z,7.975949597893608e-06,0.0009182620254012373,0.0009262379749991309,0
2023-03-24T17:28:55Z,2023-03-24T17:29:00Z,9.368613873860323e-06,0.0009338204627743907,0.0009244518489005303,0
2023-03-24T17:28:55Z,2023-03-24T17:29:00Z,2.762425643279738e-05,0.0009507749660965592,0.0009231507096637619,0
2023-03-24T17:28:55Z,2023-03-24T17:29:00Z,3.3636736487287146e-05,0.0009564027371520739,0.0009227660006647868,0
2023-03-24T17:28:55Z,2023-03-24T17:29:00Z,4.4173966116062367e-05,0.000967169872632429,0.0009229959065163667,0
2023-03-24T17:28:55Z,2023-03-24T17:29:00Z,4.756588623847807e-05,0.0009713741032459744,0.0009238082170074963,0
2023-03-24T17:29:55Z,2023-03-24T17:30:00Z,3.3318702343458195e-05,0.0009587182155195253,0.0009253995131760671,0
2023-03-24T17:29:55Z,2023-03-24T17:30:00Z,2.0544870843294013e-05,0.0009475748032952213,0.0009270299324519273,0
2023-03-24T17:29:55Z,2023-03-24T17:30:00Z,1.494916732706832e-05,0.0009436340184563623,0.0009286848511292939,0
2023-03-24T17:29:55Z,2023-03-24T17:30:00Z,1.9941400948508326e-05,0.0009502926735499436,0.0009303512726014353,0
2023-03-24T17:29:55Z,2023-03-24T17:30:00Z,2.0259743771564422e-05,0.0009522726647953813,0.0009320129210238169,0
2023-03-24T17:29:55Z,2023-03-24T17:30:00Z,1.4499036303224056e-05,0.0009490706973433738,0.0009345716610401497,0
2023-03-24T17:29:55Z,2023-03-24T17:30:00Z,8.17202481193937e-06,0.0009447982220018782,0.0009366261971899388,0
2023-03-24T17:29:55Z,2023-03-24T17:30:00Z,1.0391295657536433e-05,0.0009284169320515189,0.0009388082277090553,0
2023-03-24T17:29:55Z,2023-03-24T17:30:00Z,2.1979593640058213e-05,0.0009183334588987593,0.0009403130525388175,0
2023-03-24T17:29:55Z,2023-03-24T17:30:00Z,2.8296016116735362e-05,0.0009127444883095281,0.0009410405044262634,0
2023-03-24T17:29:55Z,2023-03-24T17:30:00Z,4.2927628293997454e-05,0.000898782896183683,0.0009417105244776805,0
2023-03-24T17:29:55Z,2023-03-24T17:30:00Z,5.9734238914342826e-05,0.000882371269700016,0.0009421055086143588,0
2023-03-24T17:30:55Z,2023-03-24T17:31:00Z,4.621978087447013e-05,0.0008951004095789323,0.0009413201904534024,0
2023-03-24T17:30:55Z,2023-03-24T17:31:00Z,3.744190776597289e-05,0.0009017670617638281,0.000939208969529801,0
2023-03-24T17:30:55Z,2023-03-24T17:31:00Z,3.530290129739758e-05,0.0009016284180444354,0.0009369313193418329,0
2023-03-24T17:30:55Z,2023-03-24T17:31:00Z,3.053801862900251e-05,0.0009035104828109051,0.0009340485014399076,0
2023-03-24T17:30:55Z,2023-03-24T17:31:00Z,3.1760724320771365e-05,0.0008990657583480986,0.00093082648266887,0
2023-03-24T17:30:55Z,2023-03-24T17:31:00Z,2.186215978035495e-05,0.0009052196528990137,0.0009270818126793686,0
2023-03-24T17:30:55Z,2023-03-24T17:31:00Z,1.2562020149561415e-05,0.0009102663604769909,0.0009228283806265523,0
2023-03-24T17:30:55Z,2023-03-24T17:31:00Z,1.9826847986150397e-06,0.0009176987215561426,0.0009196814063547577,0
2023-03-24T17:30:55Z,2023-03-24T17:31:00Z,7.864172719008588e-06,0.0009253509647903407,0.0009174867920713322,0
2023-03-24T17:30:55Z,2023-03-24T17:31:00Z,1.1373912878541925e-05,0.0009273350992498613,0.0009159611863713194,0
2023-03-24T17:30:55Z,2023-03-24T17:31:00Z,2.662344847229102e-05,0.0009411174755048103,0.0009144940270325193,0
2023-03-24T17:30:55Z,2023-03-24T17:31:00Z,3.687558221261928e-05,0.0009499026936248138,0.0009130271114121945,0
2023-03-24T17:31:55Z,2023-03-24T17:32:00Z,3.313538390775433e-05,0.0009456946587412099,0.0009125592748334555,1
2023-03-24T17:31:55Z,2023-03-24T17:32:00Z,3.0497378464195085e-05,0.0009433569163342938,0.0009128595378700987,1
2023-03-24T17:31:55Z,2023-03-24T17:32:00Z,1.75433476677652e-05,0.0009314192224019633,0.0009138758747341981,1
2023-03-24T17:31:55Z,2023-03-24T17:32:00Z,8.331271589427148e-06,0.0009070165712292143,0.0009153478428186414,1
2023-03-24T17:31:55Z,2023-03-24T17:32:00Z,2.932458893052344e-05,0.0008871217676582613,0.0009164463565887848,1
2023-03-24T17:31:55Z,2023-03-24T17:32:00Z,5.453697196787554e-05,0.0008623937184471168,0.0009169306904149924,1
2023-03-24T17:31:55Z,2023-03-24T17:32:00Z,4.1015422161990085e-05,0.0008761947093093697,0.0009172101314713597,1
2023-03-24T17:31:55Z,2023-03-24T17:32:00Z,2.133177898870273e-05,0.0008939544294749032,0.0009152862084636059,1
2023-03-24T17:31:55Z,2023-03-24T17:32:00Z,4.422438171800729e-06,0.0009093595142650724,0.0009137819524368731,1
2023-03-24T17:31:55Z,2023-03-24T17:32:00Z,3.206076418920843e-06,0.0009101244649256266,0.0009133305413445475,1
2023-03-24T17:31:55Z,2023-03-24T17:32:00Z,2.5868871242917726e-05,0.0008878057307754044,0.0009136746020183221,1
2023-03-24T17:32:55Z,2023-03-24T17:33:00Z,3.4171823606666965e-05,0.0008801532905632745,0.0009143251141699414,1
2023-03-24T17:32:55Z,2023-03-24T17:33:00Z,3.823026189980717e-05,0.000875070503909922,0.0009133007658097291,1
2023-03-24T17:32:55Z,2023-03-24T17:33:00Z,4.768681271362439e-05,0.0008638425960423567,0.0009115294087559811,1
2023-03-24T17:32:55Z,2023-03-24T17:33:00Z,4.597968030687889e-05,0.0008630421862346186,0.0009090218665414975,1
2023-03-24T17:32:55Z,2023-03-24T17:33:00Z,5.225927197994673e-05,0.000853144455223434,0.0009054037272033808,1
2023-03-24T17:32:55Z,2023-03-24T17:33:00Z,5.050405183603811e-05,0.0008511177393076226,0.0009016217911436607,1
2023-03-24T17:32:55Z,2023-03-24T17:33:00Z,3.521801117682612e-05,0.0008612288964208713,0.0008964469075976974,1
2023-03-24T17:32:55Z,2023-03-24T17:33:00Z,2.546824664775415e-05,0.0008651677812842261,0.0008906360279319803,1
2023-03-24T17:32:55Z,2023-03-24T17:33:00Z,1.9716130353177714e-05,0.0008659513233246649,0.0008856674536778426,1
2023-03-24T17:32:55Z,2023-03-24T17:33:00Z,1.0088719979564468e-05,0.0008709793728129801,0.0008810680927925445,1
2023-03-24T17:32:55Z,2023-03-24T17:33:00Z,2.5521873079561042e-06,0.0008746648525976886,0.0008772170399056447,1
2023-03-24T17:32:55Z,2023-03-24T17:33:00Z,5.149623443219766e-06,0.0008802468281479095,0.0008750972047046898,1
2023-03-24T17:33:55Z,2023-03-24T17:34:00Z,1.3666518944180014e-05,0.0008880309639394242,0.0008743644449952442,1
2023-03-24T17:33:55Z,2023-03-24T17:34:00Z,1.5324316675047775e-05,0.000890738944593868,0.0008754146279188203,1
2023-03-24T17:33:55Z,2023-03-24T17:34:00Z,2.325331825853464e-05,0.000899364196449711,0.0008761108781911764,1
2023-03-24T17:33:55Z,2023-03-24T17:34:00Z,3.6704575484039145e-05,0.000912626307505743,0.0008759217320217039,1
2023-03-24T17:33:55Z,2023-03-24T17:34:00Z,4.9726981826612136e-05,0.0009250607539768239,0.0008753337721502118,1
2023-03-24T17:33:55Z,2023-03-24T17:34:00Z,6.819616615866297e-05,0.00094367710551947,0.000875480939360807,1
2023-03-24T17:33:55Z,2023-03-24T17:34:00Z,7.155042235279746e-05,0.0009492228336666292,0.0008776724113138318,1
2023-03-24T17:33:55Z,2023-03-24T17:34:00Z,7.681048656225941e-05,0.0009582195928735145,0.000881409106311255,1
2023-03-24T17:33:55Z,2023-03-24T17:34:00Z,6.731500256246551e-05,0.000953086010624115,0.0008857710080616495,1
2023-03-24T17:33:55Z,2023-03-24T17:34:00Z,5.587153886177528e-05,0.0009471941349723165,0.0008913225961105412,1
2023-03-24T17:33:55Z,2023-03-24T17:34:00Z,4.779610948498197e-05,0.0009444154011478464,0.0008966192916628644,1
2023-03-24T17:33:55Z,2023-03-24T17:34:00Z,4.843944617718239e-05,0.0009505910719429222,0.0009021516257657398,1
2023-03-24T17:33:55Z,2023-03-24T17:34:00Z,4.8976938788903765e-05,0.000956616662309951,0.0009076397235210472,1
2023-03-24T17:34:55Z,2023-03-24T17:35:00Z,2.8109815481383712e-05,0.0009410061375625516,0.0009128963220811679,1
2023-03-24T17:34:55Z,2023-03-24T17:35:00Z,1.1213571326487573e-05,0.000929489239350345,0.0009182756680238574,1
2023-03-24T17:34:55Z,2023-03-24T17:35:00Z,1.2566367260203682e-05,0.0009101242898364707,0.0009226906570966744,1
2023-03-24T17:34:55Z,2023-03-24T17:35:00Z,2.5805852415767584e-05,0.0009003265615360459,0.0009261324139518134,1
2023-03-24T17:34:55Z,2023-03-24T17:35:00Z,4.381656728550212e-05,0.0008844016959156514,0.0009282182632011535,1
2023-03-24T17:34:55Z,2023-03-24T17:35:00Z,6.753373485646088e-05,0.0008618656891322302,0.0009293994239886911,1
2023-03-24T17:34:55Z,2023-03-24T17:35:00Z,8.143481502272099e-05,0.0008477511226116306,0.0009291859376343516,1
2023-03-24T17:34:55Z,2023-03-24T17:35:00Z,7.921674891529307e-05,0.0008482707619271973,0.0009274875108424903,1
2023-03-24T17:34:55Z,2023-03-24T17:35:00Z,7.935562986991309e-05,0.0008450958178056316,0.0009244514476755447,1
2023-03-24T17:34:55Z,2023-03-24T17:35:00Z,7.806967635109205e-05,0.0008425961509963026,0.0009206658273473947,1
2023-03-24T17:34:55Z,2023-03-24T17:35:00Z,7.437211221779307e-05,0.0008415898953548257,0.0009159620075726187,1
2023-03-24T17:35:55Z,2023-03-24T17:36:00Z,6.966744849348165e-05,0.0008403486205777745,0.0009100160690712561,1
2023-03-24T17:35:55Z,2023-03-24T17:36:00Z,5.7320070940360926e-05,0.000846364648818436,0.0009036847197587969,1
2023-03-24T17:35:55Z,2023-03-24T17:36:00Z,3.3678826586555155e-05,0.00086307230656661,0.0008967511331531651,1
2023-03-24T17:35:55Z,2023-03-24T17:36:00Z,1.6768815522785925e-05,0.0008737045904653393,0.0008904734059881252,1
2023-03-24T17:35:55Z,2023-03-24T17:36:00Z,1.593393621782558e-05,0.0008695911269229052,0.0008855250631407308,1
2023-03-24T17:35:55Z,2023-03-24T17:36:00Z,1.8135152927156685e-05,0.0008632304507616619,0.0008813656036888186,1
2023-03-24T17:35:55Z,2023-03-24T17:36:00Z,1.4194723378181391e-05,0.0008624061776624009,0.0008766009010405823,1
2023-03-24T17:35:55Z,2023-03-24T17:36:00Z,1.1142034044878037e-05,0.0008599655604340402,0.0008711075944789182,1
2023-03-24T17:35:55Z,2023-03-24T17:36:00Z,1.9831727646783207e-06,0.0008684672401906466,0.0008664840674259683,1
2023-03-24T17:35:55Z,2023-03-24T17:36:00Z,1.0458300773931993e-05,0.0008728527400283529,0.0008623944392544209,1
2023-03-24T17:35:55Z,2023-03-24T17:36:00Z,2.656991311985723e-05,0.0008865139376892296,0.0008599440245693723,1
2023-03-24T17:35:55Z,2023-03-24T17:36:00Z,2.9253740435248297e-05,0.0008875816578571093,0.000858327917421861,1
2023-03-24T17:35:55Z,2023-03-24T17:36:00Z,2.2671531341875812e-05,0.0008811236982798297,0.0008584521669379539,1
2023-03-24T17:36:55Z,2023-03-24T17:37:00Z,1.0867535523661565e-05,0.0008708324065042553,0.0008599648709805937,1
2023-03-24T17:36:55Z,2023-03-24T17:37:00Z,7.919459083991203e-06,0.0008698474227509496,0.0008619279636669584,1
2023-03-24T17:36:55Z,2023-03-24T17:37:00Z,7.080968772898294e-06,0.0008703360880032131,0.0008632551192303148,1
2023-03-24T17:36:55Z,2023-03-24T17:37:00Z,7.4020563783278905e-06,0.0008721131523701319,0.000864711095991804,1
2023-03-24T17:36:55Z,2023-03-24T17:37:00Z,8.41528375610022e-06,0.0008747581407483108,0.0008663428569922106,1
2023-03-24T17:36:55Z,2023-03-24T17:37:00Z,2.7942253061174864e-06,0.0008709325680051108,0.0008681383426989933,1
2023-03-24T17:36:55Z,2023-03-24T17:37:00Z,6.4441723497378695e-06,0.0008766066044705274,0.0008701624321207895,1
2023-03-24T17:36:55Z,2023-03-24T17:37:00Z,2.519533257723766e-06,0.0008741271370953764,0.0008716076038376527,1
2023-03-24T17:36:55Z,2023-03-24T17:37:00Z,9.576329195642606e-06,0.000881980068204114,0.0008724037390084714,1
2023-03-24T17:36:55Z,2023-03-24T17:37:00Z,5.159943414073664e-07,0.0008729445890339985,0.0008724285946925911,1
2023-03-24T17:36:55Z,2023-03-24T17:37:00Z,7.007423709024202e-06,0.0008661499322354028,0.000873157355944427,1
2023-03-24T17:37:55Z,2023-03-24T17:38:00Z,7.701585502812832e-07,0.0008744989343930811,0.0008737287758427998,1
2023-03-24T17:37:55Z,2023-03-24T17:38:00Z,1.5670060909798544e-05,0.0008896190576098338,0.0008739489967000353,1
2023-03-24T17:37:55Z,2023-03-24T17:38:00Z,1.2271389770412673e-06,0.0008760310400276083,0.000874803901050567,1
2023-03-24T17:37:55Z,2023-03-24T17:38:00Z,3.5865389813299203e-06,0.0008724615866233069,0.0008760481256046369,1
2023-03-24T17:37:55Z,2023-03-24T17:38:00Z,1.842297775991094e-06,0.0008743927866521314,0.0008762350844281225,1
2023-03-24T17:37:55Z,2023-03-24T17:38:00Z,1.6789496634554788e-06,0.0008737295258784362,0.0008754084755418917,1
2023-03-24T17:37:55Z,2023-03-24T17:38:00Z,3.494012094156667e-06,0.0008711386474945012,0.0008746326595886579,1
2023-03-24T17:37:55Z,2023-03-24T17:38:00Z,3.689315395301318e-07,0.0008745666398104589,0.0008741977082709287,1
2023-03-24T17:37:55Z,2023-03-24T17:38:00Z,5.988315445801164e-06,0.0008802040378926267,0.0008742157224468256,1
2023-03-24T17:37:55Z,2023-03-24T17:38:00Z,4.64316967536656e-06,0.0008791364931256926,0.000874493323450326,1
2023-03-24T17:37:55Z,2023-03-24T17:38:00Z,9.593051008155939e-06,0.0008846668420990359,0.00087507379109088,1
2023-03-24T17:37:55Z,2023-03-24T17:38:00Z,1.8774827138455215e-06,0.000877364411496229,0.0008754869287823834,1
2023-03-24T17:37:55Z,2023-03-24T17:38:00Z,8.060483232235965e-06,0.0008680093103354841,0.00087606979356772,1
2023-03-24T17:38:55Z,2023-03-24T17:39:00Z,3.6357323842597803e-06,0.0008728124049182321,0.0008764481373024919,1
2023-03-24T17:38:55Z,2023-03-24T17:39:00Z,2.087968457669179e-05,0.0008968220986947693,0.0008759424141180775,1
2023-03-24T17:38:55Z,2023-03-24T17:39:00Z,2.4570351276477433e-05,0.0009004354282076641,0.0008758650769311867,1
2023-03-24T17:38:55Z,2023-03-24T17:39:00Z,2.428022357049448e-05,0.0009010183611187786,0.0008767381375482841,1
2023-03-24T17:38:55Z,2023-03-24T17:39:00Z,2.8327974621044976e-05,0.0009066832203560153,0.0008783552457349703,1
2023-03-24T17:38:55Z,2023-03-24T17:39:00Z,2.8690790729725348e-05,0.0009090971205166588,0.0008804063297869335,1
2023-03-24T17:38:55Z,2023-03-24T17:39:00Z,1.915170301186695e-05,0.0009014512260907377,0.0008822995230788707,1
2023-03-24T17:38:55Z,2023-03-24T17:39:00Z,1.2094619865541528e-05,0.0008955399113506962,0.0008834452914851547,1
2023-03-24T17:38:55Z,2023-03-24T17:39:00Z,1.0105316137687262e-05,0.0008950459126853789,0.0008849405965476916,1
2023-03-24T17:38:55Z,2023-03-24T17:39:00Z,2.9181754365718198e-06,0.0008833799696244957,0.0008862981450610675,1
2023-03-24T17:38:55Z,2023-03-24T17:39:00Z,1.1327977794233814e-05,0.000898841012621963,0.0008875130348277292,1
2023-03-24T17:38:55Z,2023-03-24T17:39:00Z,9.489843876138893e-06,0.0008975705518654009,0.000888080707989262,1
2023-03-24T17:39:55Z,2023-03-24T17:40:00Z,2.9076834291709127e-06,0.0008926179423082838,0.0008897102588791129,1
2023-03-24T17:39:55Z,2023-03-24T17:40:00Z,1.1375297051380339e-05,0.0008796881331250819,0.0008910634301764623,1
2023-03-24T17:39:55Z,2023-03-24T17:40:00Z,1.097854804175426e-05,0.0008808151118062172,0.0008917936598479715,1
2023-03-24T17:39:55Z,2023-03-24T17:40:00Z,6.73068313656309e-06,0.0008850954261231372,0.0008918261092597003,1
2023-03-24T17:39:55Z,2023-03-24T17:40:00Z,1.3194445465399929e-05,0.0008784050914241346,0.0008915995368895345,1
2023-03-24T17:39:55Z,2023-03-24T17:40:00Z,1.6057089061410467e-05,0.0008759972133944127,0.0008920543024558232,1
2023-03-24T17:39:55Z,2023-03-24T17:40:00Z,1.2828163897070062e-05,0.0008798376550933797,0.0008926658189904497,1
2023-03-24T17:39:55Z,2023-03-24T17:40:00Z,7.077388752924031e-06,0.0008857757719125951,0.0008928531606655192,1
2023-03-24T17:39:55Z,2023-03-24T17:40:00Z,3.073516835479066e-07,0.0008921614274313382,0.0008918540757477903,1
2023-03-24T17:39:55Z,2023-03-24T17:40:00Z,4.41036355675376e-06,0.0008954021065813048,0.000890991743024551,1
2023-03-24T17:39:55Z,2023-03-24T17:40:00Z,1.6954779380578102e-05,0.0008735159675447117,0.0008904707469252898,1
2023-03-24T17:39:55Z,2023-03-24T17:40:00Z,2.9015829351415308e-05,0.0008607913226459504,0.0008898071519973657,1
2023-03-24T17:40:55Z,2023-03-24T17:41:00Z,3.274159619773222e-05,0.0008549725468012836,0.0008877141429990158,1
2023-03-24T17:40:55Z,2023-03-24T17:41:00Z,3.1215567037863406e-05,0.0008541068169349885,0.0008853223839728519,1
2023-03-24T17:40:55Z,2023-03-24T17:41:00Z,3.4911728230058495e-05,0.0008480243401810633,0.0008829360684111218,1
2023-03-24T17:40:55Z,2023-03-24T17:41:00Z,4.6327665052426845e-05,0.0008342002212557308,0.0008805278863081576,1
2023-03-24T17:40:55Z,2023-03-24T17:41:00Z,4.4948070716235985e-05,0.0008335000726834845,0.0008784481433997205,1
2023-03-24T17:40:55Z,2023-03-24T17:41:00Z,3.699036437163972e-05,0.0008376553795359494,0.0008746457439075891,1
2023-03-24T17:40:55Z,2023-03-24T17:41:00Z,3.8942835942515006e-05,0.0008319340562484908,0.0008708768921910058,1
2023-03-24T17:40:55Z,2023-03-24T17:41:00Z,4.939574127735486e-05,0.0008182480589858666,0.0008676438002632214,1
2023-03-24T17:40:55Z,2023-03-24T17:41:00Z,6.682955446124842e-05,0.0007980051824562912,0.0008648347369175397,1
2023-03-24T17:40:55Z,2023-03-24T17:41:00Z,6.129246512068698e-05,0.0007998618569250673,0.0008611543220457543,1
2023-03-24T17:40:55Z,2023-03-24T17:41:00Z,5.510927577880335e-05,0.0008009220907571364,0.0008560313665359398,1
2023-03-24T17:40:55Z,2023-03-24T17:41:00Z,4.349018879204578e-05,0.0008079209874792431,0.0008514111762712888,1
2023-03-24T17:41:55Z,2023-03-24T17:42:00Z,3.574339638701162e-05,0.0008112515961997314,0.000846994992586743,1
2023-03-24T17:41:55Z,2023-03-24T17:42:00Z,2.711031666609927e-05,0.0008156542837080475,0.0008427646003741467,1
2023-03-24T17:41:55Z,2023-03-24T17:42:00Z,2.521917291160652e-05,0.0008131616524206071,0.0008383808253322136,1
2023-03-24T17:41:55Z,2023-03-24T17:42:00Z,2.2000498371246716e-05,0.0008118799067419498,0.0008338804051131965,1
2023-03-24T17:41:55Z,2023-03-24T17:42:00Z,1.9272452121920605e-05,0.0008097702792171172,0.0008290427313390378,1
2023-03-24T17:41:55Z,2023-03-24T17:42:00Z,2.3007828447735128e-05,0.0008024092522558462,0.0008254170807035814,1
2023-03-24T17:41:55Z,2023-03-24T17:42:00Z,2.3031322729424094e-05,0.0007993845201254024,0.0008224158428548265,1
2023-03-24T17:41:55Z,2023-03-24T17:42:00Z,1.2959420253062163e-05,0.0008063644640990914,0.0008193238843521535,1
2023-03-24T17:41:55Z,2023-03-24T17:42:00Z,9.397713173745067e-06,0.0008067072125425505,0.0008161049257162956,1
2023-03-24T17:41:55Z,2023-03-24T17:42:00Z,2.536698031946024e-05,0.000788287364450837,0.0008136543447702972,1
2023-03-24T17:41:55Z,2023-03-24T17:42:00Z,3.0508841746170216e-05,0.0007815282672174693,0.0008120371089636395,1
2023-03-24T17:41:55Z,2023-03-24T17:42:00Z,2.2255784263789866e-05,0.000787121753627341,0.0008093775378911308,1
2023-03-24T17:42:55Z,2023-03-24T17:43:00Z,2.7958642416909076e-05,0.0007781173006319582,0.0008060759430488673,1
2023-03-24T17:42:55Z,2023-03-24T17:43:00Z,3.013872158317795e-05,0.0007733012036644453,0.0008034399252476233,1
2023-03-24T17:42:55Z,2023-03-24T17:43:00Z,2.9763585941108926e-05,0.0007713157064621668,0.0008010792924032758,1
2023-03-24T17:42:55Z,2023-03-24T17:43:00Z,3.2126990885463684e-05,0.0007674991262947622,0.0007996261171802259,1
2023-03-24T17:42:55Z,2023-03-24T17:43:00Z,2.892981062429373e-05,0.0007690171212345851,0.0007979469318588788,1
2023-03-24T17:42:55Z,2023-03-24T17:43:00Z,3.8604607287129463e-05,0.0007573762678386685,0.000795980875125798,1
2023-03-24T17:42:55Z,2023-03-24T17:43:00Z,3.284332676519808e-05,0.000760849085640326,0.000793692412405524,1
2023-03-24T17:42:55Z,2023-03-24T17:43:00Z,3.014360671544508e-05,0.0007603796687276635,0.0007905232754431085,1
2023-03-24T17:42:55Z,2023-03-24T17:43:00Z,2.0298563780896508e-05,0.0007670008764817578,0.0007872994402626543,1
2023-03-24T17:42:55Z,2023-03-24T17:43:00Z,8.281305475179072e-06,0.0007759133122173022,0.0007841946176924813,1
2023-03-24T17:42:55Z,2023-03-24T17:43:00Z,1.1000630545913927e-05,0.0007925553052819132,0.0007815546747359992,1
2023-03-24T17:42:55Z,2023-03-24T17:43:00Z,5.587481444223395e-06,0.0007851505698861159,0.0007795630884418925,1
2023-03-24T17:43:55Z,2023-03-24T17:44:00Z,6.9108564772271935e-06,0.0007720725880250223,0.0007789834445022495,1
2023-03-24T17:43:55Z,2023-03-24T17:44:00Z,6.12973028760698e-06,0.0007842758835993101,0.0007781461533117031,1
2023-03-24T17:43:55Z,2023-03-24T17:44:00Z,7.251644183350328e-06,0.0007833806283142259,0.0007761289841308756,1
2023-03-24T17:43:55Z,2023-03-24T17:44:00Z,7.683840580353669e-06,0.0007824933347733915,0.0007748094941930378,1
2023-03-24T17:43:55Z,2023-03-24T17:44:00Z,3.5039061488262996e-06,0.0007710169565067639,0.0007745208626555902,1
2023-03-24T17:43:55Z,2023-03-24T17:44:00Z,4.025363537700326e-07,0.0007741750949815803,0.0007745776313353504,1
2023-03-24T17:43:55Z,2023-03-24T17:44:00Z,1.4747654792360374e-05,0.0007588826355358972,0.0007736302903282576,1
2023-03-24T17:43:55Z,2023-03-24T17:44:00Z,2.851202169499461e-05,0.0007448863741832408,0.0007733983958782354,1
2023-03-24T17:43:55Z,2023-03-24T17:44:00Z,4.714480368646736e-05,0.0007254054411253829,0.0007725502448118503,1
2023-03-24T17:43:55Z,2023-03-24T17:44:00Z,6.0630558222035864e-05,0.0007103650199851715,0.0007709955782072074,1
2023-03-24T17:43:55Z,2023-03-24T17:44:00Z,7.227887187234185e-05,0.000696240607207255,0.0007685194790795968,1
2023-03-24T17:44:55Z,2023-03-24T17:45:00Z,6.759172304930791e-05,0.0006974776324273822,0.0007650693554766901,1
2023-03-24T17:44:55Z,2023-03-24T17:45:00Z,6.499993845896e-05,0.0006964732016864707,0.0007614731401454307,1
2023-03-24T17:44:55Z,2023-03-24T17:45:00Z,8.598031998476984e-05,0.0006717650876187229,0.0007577454076034927,1
2023-03-24T17:44:55Z,2023-03-24T17:45:00Z,9.469861623383506e-05,0.0006592875874260581,0.0007539862036598932,1
2023-03-24T17:44:55Z,2023-03-24T17:45:00Z,9.342824618809259e-05,0.0006549558522445633,0.0007483840984326558,1
2023-03-24T17:44:55Z,2023-03-24T17:45:00Z,8.833540808422888e-05,0.0006531883535960008,0.0007415237616802296,1
2023-03-24T17:44:55Z,2023-03-24T17:45:00Z,8.8906068431566e-05,0.0006445236077758784,0.0007334296762074444,1
2023-03-24T17:44:55Z,2023-03-24T17:45:00Z,8.957180937005382e-05,0.0006360953835262073,0.0007256671928962611,1
2023-03-24T17:44:55Z,2023-03-24T17:45:00Z,9.698510991406565e-05,0.0006211792017910694,0.0007181643117051351,1
2023-03-24T17:44:55Z,2023-03-24T17:45:00Z,0.00010012566988258805,0.0006093221418182467,0.0007094478117008348,1
2023-03-24T17:44:55Z,2023-03-24T17:45:00Z,0.0001021049693613322,0.0005978015819557875,0.0006999065513171197,1
2023-03-24T17:44:55Z,2023-03-24T17:45:00Z,0.00011430258843355247,0.0005754174221214999,0.0006897200105550524,1
2023-03-24T17:45:55Z,2023-03-24T17:46:00Z,0.0001478338334194077,0.0005316970374561757,0.0006795308708755834,1
2023-03-24T17:45:55Z,2023-03-24T17:46:00Z,0.00017308728106580078,0.0004947519619944836,0.0006678392430602844,1
2023-03-24T17:45:55Z,2023-03-24T17:46:00Z,0.00019118334254215316,0.00046329204180755934,0.0006544753843497125,1
2023-03-24T17:45:55Z,2023-03-24T17:46:00Z,0.00019590911411909614,0.0004438524812783366,0.0006397615953974327,1
2023-03-24T17:45:55Z,2023-03-24T17:46:00Z,0.000208804770738734,0.0004155383894047092,0.0006243431601434432,1
2023-03-24T17:45:55Z,2023-03-24T17:46:00Z,0.0002063625238791203,0.0004023034281050973,0.0006086659519842176,1
2023-03-24T17:45:55Z,2023-03-24T17:46:00Z,0.00018459284750378853,0.0004075612093155733,0.0005921540568193618,1
2023-03-24T17:45:55Z,2023-03-24T17:46:00Z,0.00015547713876119443,0.0004193137295686212,0.0005747908683298156,1
2023-03-24T17:45:55Z,2023-03-24T17:46:00Z,0.00011622727330876429,0.0004415687719404103,0.0005577960452491746,1
2023-03-24T17:45:55Z,2023-03-24T17:46:00Z,8.164760928266313e-05,0.0004612983560812115,0.0005429459653638746,1
2023-03-24T17:45:55Z,2023-03-24T17:46:00Z,4.5424238415115034e-05,0.00048471473780254505,0.0005301389762176601,1
2023-03-24T17:45:55Z,2023-03-24T17:46:00Z,6.0830999528805425e-06,0.0005126642588434058,0.0005187473587962864,1
2023-03-24T17:46:55Z,2023-03-24T17:47:00Z,5.607302069744833e-05,0.0005649101668000019,0.0005088371461025536,0
2023-03-24T17:46:55Z,2023-03-24T17:47:00Z,0.00014623060216737186,0.0006473113159797802,0.0005010807138124084,0
2023-03-24T17:46:55Z,2023-03-24T17:47:00Z,0.0002613400108753633,0.0007582333589979948,0.0004968933481226315,0
2023-03-24T17:46:55Z,2023-03-24T17:47:00Z,0.00040172859551666383,0.0009001591268268665,0.0004984305313102027,0
2023-03-24T17:46:55Z,2023-03-24T17:47:00Z,0.000511342817377949,0.0010185328320516662,0.0005071900146737172,0
2023-03-24T17:46:55Z,2023-03-24T17:47:00Z,0.0004656108638649158,0.0009905866164722258,0.00052497575260731,0
2023-03-24T17:46:55Z,2023-03-24T17:47:00Z,0.0004262824807207959,0.0009773238456769393,0.0005510413649561434,0
2023-03-24T17:46:55Z,2023-03-24T17:47:00Z,0.00040238997277206425,0.0009804248423762106,0.0005780348696041463,0
2023-03-24T17:46:55Z,2023-03-24T17:47:00Z,0.00038335984767378056,0.0009897812986710125,0.000606421450997232,0
2023-03-24T17:46:55Z,2023-03-24T17:47:00Z,0.00035437816406630094,0.0009912191915675713,0.0006368410275012703,0
2023-03-24T17:46:55Z,2023-03-24T17:47:00Z,0.0003256734959976112,0.0009946279833455095,0.0006689544873478983,0
2023-03-24T17:46:55Z,2023-03-24T17:47:00Z,0.00029205615070224914,0.0009948742146479628,0.0007028180639457137,0
2023-03-24T17:47:55Z,2023-03-24T17:48:00Z,0.000253235024413077,0.0009908957092552855,0.0007376606848422085,0
2023-03-24T17:47:55Z,2023-03-24T17:48:00Z,0.00022951762382205428,0.0010017261325073446,0.0007722085086852903,0
2023-03-24T17:47:55Z,2023-03-24T17:48:00Z,0.00021135429889909674,0.0010171852769777202,0.0008058309780786234,0
2023-03-24T17:47:55Z,2023-03-24T17:48:00Z,0.0001745205491708151,0.0010133019602239642,0.0008387814110531491,0
2023-03-24T17:47:55Z,2023-03-24T17:48:00Z,0.00014026928712496697,0.0010117499288190871,0.0008714806416941201,0
2023-03-24T17:47:55Z,2023-03-24T17:48:00Z,0.00010764995840139863,0.001010223966120308,0.0009025740077189095,0
2023-03-24T17:47:55Z,2023-03-24T17:48:00Z,9.791228498470794e-05,0.0010298442732904222,0.0009319319883057143,0
2023-03-24T17:47:55Z,2023-03-24T17:48:00Z,6.527997758683083e-05,0.0010234068952643277,0.0009581269176774968,0
2023-03-24T17:47:55Z,2023-03-24T17:48:00Z,4.13399833697624e-05,0.0010219688397125914,0.000980628856342829,0
2023-03-24T17:47:55Z,2023-03-24T17:48:00Z,1.2530964097178356e-05,0.0010087582637497915,0.0009962272996526132,0
2023-03-24T17:47:55Z,2023-03-24T17:48:00Z,5.535100152225577e-06,0.0009978574767289597,0.0010033925768811853,0
2023-03-24T17:47:55Z,2023-03-24T17:48:00Z,1.1659200161871254e-05,0.0009911584021133214,0.0010028176022751926,0
2023-03-24T17:47:55Z,2023-03-24T17:48:00Z,1.892356901542951e-05,0.000984321730921924,0.0010032452999373534,0
2023-03-24T17:48:55Z,2023-03-24T17:49:00Z,2.6180593291162723e-05,0.0009778785040836248,0.0010040590973747876,0
2023-03-24T17:48:55Z,2023-03-24T17:49:00Z,1.873359330863936e-05,0.0009855547328041314,0.0010042883261127708,0
2023-03-24T17:48:55Z,2023-03-24T17:49:00Z,1.1838527592957079e-05,0.0009917496341323203,0.0010035881617252774,0
2023-03-24T17:48:55Z,2023-03-24T17:49:00Z,2.8492044637511323e-05,0.000974762913631093,0.0010032549582686043,0
2023-03-24T17:48:55Z,2023-03-24T17:49:00Z,4.123371907000829e-05,0.0009618519245389969,0.0010030856436090052,0
2023-03-24T17:48:55Z,2023-03-24T17:49:00Z,4.558553357523489e-05,0.0009563170923268954,0.0010019026259021303,0
2023-03-24T17:48:55Z,2023-03-24T17:49:00Z,4.4419995849971465e-05,0.0009557741721276717,0.0010001941679776431,0
2023-03-24T17:48:55Z,2023-03-24T17:49:00Z,4.9438622547829216e-05,0.0009480844254191989,0.000997523047967028,0
2023-03-24T17:48:55Z,2023-03-24T17:49:00Z,3.55216562659892e-05,0.0009583889737686834,0.0009939106300346726,0
2023-03-24T17:48:55Z,2023-03-24T17:49:00Z,2.3102895141710643e-05,0.0009669714093162108,0.0009900743044579214,0
2023-03-24T17:48:55Z,2023-03-24T17:49:00Z,1.3961096934391988e-05,0.0009729743278146824,0.0009869354247490744,0
2023-03-24T17:48:55Z,2023-03-24T17:49:00Z,6.417422061478096e-06,0.0009779737346402963,0.0009843911567017744,0
2023-03-24T17:49:55Z,2023-03-24T17:50:00Z,1.8540597679237965e-05,0.0009625052681121987,0.0009810458657914366,0
2023-03-24T17:49:55Z,2023-03-24T17:50:00Z,2.620515336000716e-05,0.0009521681735711924,0.0009783733269311996,0
2023-03-24T17:49:55Z,2023-03-24T17:50:00Z,3.71022338175671e-05,0.0009377732359606682,0.0009748754697782353,0
2023-03-24T17:49:55Z,2023-03-24T17:50:00Z,3.115380102380709e-05,0.000940392839920393,0.0009715466409442001,0
2023-03-24T17:49:55Z,2023-03-24T17:50:00Z,2.7284939919102e-05,0.0009407273339210809,0.0009680122738401829,0
2023-03-24T17:49:55Z,2023-03-24T17:50:00Z,3.473203547335179e-05,0.0009302940288260706,0.0009650260642994224,0
2023-03-24T17:49:55Z,2023-03-24T17:50:00Z,4.0489922112282254e-05,0.0009219717658929729,0.0009624616880052552,0
2023-03-24T17:49:55Z,2023-03-24T17:50:00Z,3.887445071477664e-05,0.0009207881505106225,0.0009596626012253991,0
2023-03-24T17:49:55Z,2023-03-24T17:50:00Z,3.9389039847376834e-05,0.0009165333868538363,0.0009559224267012131,0
2023-03-24T17:49:55Z,2023-03-24T17:50:00Z,2.9375935843247618e-05,0.0009223722859390423,0.0009517482217822899,0
2023-03-24T17:49:55Z,2023-03-24T17:50:00Z,2.4792179992769647e-05,0.0009235307755085053,0.0009483229555012749,0
2023-03-24T17:49:55Z,2023-03-24T17:50:00Z,2.943377230404411e-05,0.0009165668515148803,0.0009460006238189244,0
2023-03-24T17:50:55Z,2023-03-24T17:51:00Z,2.4584956452438755e-05,0.0009194870604948157,0.0009440720169472545,0
2023-03-24T17:50:55Z,2023-03-24T17:51:00Z,2.0119012234341986e-05,0.0009216466917356894,0.0009417657039700314,0
2023-03-24T17:50:55Z,2023-03-24T17:51:00Z,1.568633359702793e-05,0.000924397172436275,0.0009400835060333029,0
2023-03-24T17:50:55Z,2023-03-24T17:51:00Z,1.0096986610614298e-05,0.0009278252087148654,0.0009379221953254797,0
2023-03-24T17:50:55Z,2023-03-24T17:51:00Z,1.2053951184867674e-05,0.0009233638772653218,0.0009354178284501894,0
2023-03-24T17:50:55Z,2023-03-24T17:51:00Z,1.3168798774815314e-05,0.0009195931991400909,0.0009327619979149062,0
2023-03-24T17:50:55Z,2023-03-24T17:51:00Z,4.56533060344262e-07,0.0009290931203030929,0.0009295496533634371,0
2023-03-24T17:50:55Z,2023-03-24T17:51:00Z,1.868328811872183e-06,0.0009288937428240089,0.0009270254140121367,0
2023-03-24T17:50:55Z,2023-03-24T17:51:00Z,2.84740349157733e-06,0.0009228206544459653,0.0009256680579375426,0
2023-03-24T17:50:55Z,2023-03-24T17:51:00Z,1.3939100845252426e-08,0.0009251596739127018,0.0009251457348118566,0
2023-03-24T17:50:55Z,2023-03-24T17:51:00Z,7.048123942031501e-06,0.000917063952900741,0.0009241120768427725,0
2023-03-24T17:50:55Z,2023-03-24T17:51:00Z,3.598844576914429e-06,0.0009195974875594831,0.0009231963321363975,0
2023-03-24T17:51:55Z,2023-03-24T17:52:00Z,3.3846908849734106e-06,0.0009258027832610573,0.0009224180923760839,0
2023-03-24T17:51:55Z,2023-03-24T17:52:00Z,4.803603889870674e-06,0.0009270820328345729,0.0009222784289447022,0
2023-03-24T17:51:55Z,2023-03-24T17:52:00Z,1.0462637400880269e-06,0.0009236196710818746,0.0009225734073417866,0
2023-03-24T17:51:55Z,2023-03-24T17:52:00Z,8.363297729043948e-06,0.0009315572136579327,0.0009231939159288887,0
2023-03-24T17:51:55Z,2023-03-24T17:52:00Z,1.8987233977004045e-05,0.0009422545255025301,0.000923267291525526,0
2023-03-24T17:51:55Z,2023-03-24T17:52:00Z,1.6440511577150052e-05,0.0009401799465232304,0.0009237394349460804,0
2023-03-24T17:51:55Z,2023-03-24T17:52:00Z,1.4899667239509596e-05,0.0009401501418319223,0.0009252504745924128,0
2023-03-24T17:51:55Z,2023-03-24T17:52:00Z,3.118682554820119e-05,0.0009576545287305208,0.0009264677031823196,0
2023-03-24T17:51:55Z,2023-03-24T17:52:00Z,2.7333083131173756e-05,0.0009548892245544482,0.0009275561414232744,0
2023-03-24T17:51:55Z,2023-03-24T17:52:00Z,2.2727507081684857e-05,0.0009522399635810913,0.0009295124564994065,0
2023-03-24T17:51:55Z,2023-03-24T17:52:00Z,4.350811672248361e-05,0.0009746125741536303,0.0009311044574311467,0
2023-03-24T17:51:55Z,2023-03-24T17:52:00Z,4.814450650970242e-05,0.0009809475572535415,0.0009328030507438391,0
2023-03-24T17:52:55Z,2023-03-24T17:53:00Z,4.676478961899392e-05,0.0009828042741871588,0.0009360394845681648,0
2023-03-24T17:52:55Z,2023-03-24T17:53:00Z,3.3818367485723296e-05,0.0009729081130509735,0.0009390897455652502,0
2023-03-24T17:52:55Z,2023-03-24T17:53:00Z,3.9447150679934855e-05,0.0009817081039724292,0.0009422609532924943,0
2023-03-24T17:52:55Z,2023-03-24T17:53:00Z,2.8579627265225586e-05,0.0009737869016521321,0.0009452072743869065,0
2023-03-24T17:52:55Z,2023-03-24T17:53:00Z,2.738263180574645e-05,0.0009759162844314605,0.0009485336526257141,0
2023-03-24T17:52:55Z,2023-03-24T17:53:00Z,2.0207552982788742e-05,0.0009720778496527022,0.0009518702966699134,0
2023-03-24T17:52:55Z,2023-03-24T17:53:00Z,1.4989915296366018e-05,0.0009701730823705134,0.0009551831670741473,0
2023-03-24T17:52:55Z,2023-03-24T17:53:00Z,2.536325060028405e-06,0.0009553689047430392,0.0009579052298030676,0
2023-03-24T17:52:55Z,2023-03-24T17:53:00Z,2.0207788340441055e-05,0.000940232209082388,0.000960439997422829,0
2023-03-24T17:52:55Z,2023-03-24T17:53:00Z,2.5010411551499483e-05,0.000937297187851398,0.0009623075994028975,0
2023-03-24T17:52:55Z,2023-03-24T17:53:00Z,3.0605853986556664e-05,0.0009322120392648382,0.0009628178932513949,0
2023-03-24T17:52:55Z,2023-03-24T17:53:00Z,3.114675650533517e-05,0.0009313795286489342,0.0009625262851542693,0
2023-03-24T17:53:55Z,2023-03-24T17:54:00Z,2.6903569336074484e-05,0.0009351540153912307,0.0009620575847273052,0
2023-03-24T17:53:55Z,2023-03-24T17:54:00Z,1.7648715900945287e-05,0.0009438929504038312,0.0009615416663047764,0
2023-03-24T17:53:55Z,2023-03-24T17:54:00Z,2.0954618247915864e-05,0.0009392634884486671,0.000960218106696583,0
2023-03-24T17:53:55Z,2023-03-24T17:54:00Z,2.4352754729965753e-05,0.0009352185123106985,0.0009595712670406642,0
2023-03-24T17:53:55Z,2023-03-24T17:54:00Z,3.309075841459279e-05,0.0009257171865594583,0.000958807944974051,0
2023-03-24T17:53:55Z,2023-03-24T17:54:00Z,3.5966324345933806e-05,0.0009205243228726506,0.0009564906472185844,0
2023-03-24T17:53:55Z,2023-03-24T17:54:00Z,3.636905045592803e-05,0.0009168727514277104,0.0009532418018836384,0
2023-03-24T17:53:55Z,2023-03-24T17:54:00Z,4.156461198365929e-05,0.0009080136633520669,0.0009495782753357262,0
2023-03-24T17:53:55Z,2023-03-24T17:54:00Z,3.0083672165376395e-05,0.000916198405427805,0.0009462820775931813,0
2023-03-24T17:53:55Z,2023-03-24T17:54:00Z,3.4635251027192505e-05,0.0009073118594706734,0.0009419471104978659,0
2023-03-24T17:53:55Z,2023-03-24T17:54:00Z,3.9766748854680846e-05,0.0008987928030417539,0.0009385595518964347,0
2023-03-24T17:53:55Z,2023-03-24T17:54:00Z,2.9157385115096313e-05,0.0009053666123718805,0.0009345239974869768,0
2023-03-24T17:54:55Z,2023-03-24T17:55:00Z,2.9516681979711466e-05,0.0009006964304125038,0.0009302131123922153,0
2023-03-24T17:54:55Z,2023-03-24T17:55:00Z,3.761334807325168e-05,0.0008887876190249262,0.0009264009670981779,0
2023-03-24T17:54:55Z,2023-03-24T17:55:00Z,4.148419420551739e-05,0.0008817007449908644,0.0009231849391963818,0
2023-03-24T17:54:55Z,2023-03-24T17:55:00Z,3.884238683600331e-05,0.000881316400004057,0.0009201587868400604,0
2023-03-24T17:54:55Z,2023-03-24T17:55:00Z,3.706861576707808e-05,0.0008798197920811862,0.0009168884078482643,0
2023-03-24T17:54:55Z,2023-03-24T17:55:00Z,3.7546690018546705e-05,0.0008763478566967306,0.0009138945467152773,0
2023-03-24T17:54:55Z,2023-03-24T17:55:00Z,3.771475313117873e-05,0.0008731468679036426,0.0009108616210348213,0
2023-03-24T17:54:55Z,2023-03-24T17:55:00Z,3.1128126301533526e-05,0.0008762743089277291,0.0009074024352292626,0
2023-03-24T17:54:55Z,2023-03-24T17:55:00Z,2.873042375382568e-05,0.0008745104772107199,0.0009032409009645456,0
2023-03-24T17:54:55Z,2023-03-24T17:55:00Z,3.3791916714118815e-05,0.0008657437383962541,0.0008995356551103729,0
2023-03-24T17:54:55Z,2023-03-24T17:55:00Z,2.728068002399585e-05,0.0008686839141981428,0.0008959645942221387,0
2023-03-24T17:54:55Z,2023-03-24T17:55:00Z,2.225772062482091e-05,0.0008701790237053646,0.0008924367443301855,0
2023-03-24T17:55:55Z,2023-03-24T17:56:00Z,1.4707527069845756e-05,0.0008746797814559571,0.0008893873085258028,0
2023-03-24T17:55:55Z,2023-03-24T17:56:00Z,2.4062697625594487e-06,0.000884234348897223,0.0008866406186597824,0
2023-03-24T17:55:55Z,2023-03-24T17:56:00Z,1.7571028613592044e-06,0.0008864369049390176,0.0008846798020776584,0
2023-03-24T17:55:55Z,2023-03-24T17:56:00Z,6.163324430178145e-06,0.0008766362390280341,0.0008827995634582122,0
2023-03-24T17:55:55Z,2023-03-24T17:56:00Z,1.0538935217481405e-05,0.0008710326897388689,0.0008815716249563503,0
2023-03-24T17:55:55Z,2023-03-24T17:56:00Z,7.899191969768329e-06,0.0008881674896311938,0.0008802682976614255,0
2023-03-24T17:55:55Z,2023-03-24T17:56:00Z,1.075949154178042e-05,0.0008890081466953818,0.0008782486551536014,0
2023-03-24T17:55:55Z,2023-03-24T17:56:00Z,5.493225541885268e-06,0.0008830048841789389,0.0008775116586370536,0
2023-03-24T17:55:55Z,2023-03-24T17:56:00Z,3.7015569169761287e-06,0.0008738230739359867,0.0008775246308529628,0
2023-03-24T17:55:55Z,2023-03-24T17:56:00Z,1.5974775748495585e-06,0.000879198822497699,0.0008776013449228495,0
2023-03-24T17:55:55Z,2023-03-24T17:56:00Z,7.320232588961442e-07,0.0008778925842953887,0.0008771605610364925,0
2023-03-24T17:55:55Z,2023-03-24T17:56:00Z,6.151330352722746e-06,0.0008709727030612116,0.0008771240334139343,0
2023-03-24T17:56:55Z,2023-03-24T17:57:00Z,5.240879026780399e-06,0.0008719740207164868,0.0008772148997432672,0
2023-03-24T17:56:55Z,2023-03-24T17:57:00Z,1.244610871692321e-05,0.0008646408989767892,0.0008770870076937124,0
2023-03-24T17:56:55Z,2023-03-24T17:57:00Z,1.0192380066664569e-06,0.0008758148115569729,0.0008768340495636394,0
2023-03-24T17:56:55Z,2023-03-24T17:57:00Z,7.993138118606155e-07,0.0008754541723262534,0.000876253486138114,0
2023-03-24T17:56:55Z,2023-03-24T17:57:00Z,1.9908286577987374e-05,0.0008967541887843789,0.0008768459022063915,0
2023-03-24T17:56:55Z,2023-03-24T17:57:00Z,2.7236614667303745e-05,0.0009044807673518195,0.0008772441526845158,0
2023-03-24T17:56:55Z,2023-03-24T17:57:00Z,2.89051329706812e-05,0.0009077125306598448,0.0008788073976891636,0
2023-03-24T17:56:55Z,2023-03-24T17:57:00Z,3.4162613822028595e-05,0.0009147230106815372,0.0008805603968595086,0
2023-03-24T17:56:55Z,2023-03-24T17:57:00Z,4.990760856866808e-05,0.000931849074943625,0.0008819414663749569,0
2023-03-24T17:56:55Z,2023-03-24T17:57:00Z,6.212726218268716e-05,0.0009457326171307335,0.0008836053549480463,0
2023-03-24T17:56:55Z,2023-03-24T17:57:00Z,5.842599596771821e-05,0.000945279164793152,0.0008868531688254338,0
2023-03-24T17:56:55Z,2023-03-24T17:57:00Z,6.441091297126791e-05,0.0009556581951726938,0.0008912472822014259,0
2023-03-24T17:57:55Z,2023-03-24T17:58:00Z,7.418876755659564e-05,0.0009687955600616661,0.0008946067925050705,0
2023-03-24T17:57:55Z,2023-03-24T17:58:00Z,7.815540160916704e-05,0.0009766827852011383,0.0008985273835919712,0
2023-03-24T17:57:55Z,2023-03-24T17:58:00Z,6.554718615623832e-05,0.0009691210800942525,0.0009035738939380142,0
2023-03-24T17:57:55Z,2023-03-24T17:58:00Z,7.326083349945133e-05,0.0009828852986883566,0.0009096244651889052,0
2023-03-24T17:57:55Z,2023-03-24T17:58:00Z,5.720682358317916e-05,0.0009721208333365876,0.0009149140097534084,0
2023-03-24T17:57:55Z,2023-03-24T17:58:00Z,3.927586095728156e-05,0.0009603659127338059,0.0009210900517765243,0
2023-03-24T17:57:55Z,2023-03-24T17:58:00Z,2.2024882420601803e-05,0.0009490648242133247,0.0009270399417927229,0
2023-03-24T17:57:55Z,2023-03-24T17:58:00Z,2.495363420362308e-05,0.0009571930990561881,0.000932239464852565,0
2023-03-24T17:57:55Z,2023-03-24T17:58:00Z,1.5035324421932726e-05,0.0009522409025237059,0.0009372055781017731,0
2023-03-24T17:57:55Z,2023-03-24T17:58:00Z,9.485359979501443e-06,0.0009514778961694637,0.0009419925361899622,0
2023-03-24T17:57:55Z,2023-03-24T17:58:00Z,1.079197034124942e-05,0.0009573013730134147,0.0009465094026721653,0
2023-03-24T17:57:55Z,2023-03-24T17:58:00Z,2.1561912887144803e-06,0.0009475722529943382,0.0009497284442830527,0
2023-03-24T17:58:55Z,2023-03-24T17:59:00Z,1.3965207982340015e-05,0.0009388703307513948,0.0009528355387337348,0
2023-03-24T17:58:55Z,2023-03-24T17:59:00Z,1.0425011895180691e-05,0.0009447552163876418,0.0009551802282828225,0
2023-03-24T17:58:55Z,2023-03-24T17:59:00Z,1.026163213281139e-05,0.0009463390267423558,0.0009566006588751671,0
2023-03-24T17:58:55Z,2023-03-24T17:59:00Z,1.8479898911123228e-05,0.0009388799447548684,0.0009573598436659916,0
2023-03-24T17:58:55Z,2023-03-24T17:59:00Z,1.8415951109566138e-05,0.0009389795637100503,0.0009573955148196164,0
2023-03-24T17:58:55Z,2023-03-24T17:59:00Z,2.1321125686406088e-05,0.000935697964425076,0.0009570190901114821,0
2023-03-24T17:58:55Z,2023-03-24T17:59:00Z,1.7845539747326643e-05,0.0009381924543957646,0.0009560379941430913,0
2023-03-24T17:58:55Z,2023-03-24T17:59:00Z,1.7385393828408115e-05,0.0009367056829242956,0.0009540910767527037,0
2023-03-24T17:58:55Z,2023-03-24T17:59:00Z,2.410394120348682e-05,0.0009277229984430183,0.0009518269396465052,0
2023-03-24T17:58:55Z,2023-03-24T17:59:00Z,2.2302981635443915e-05,0.0009276171699422402,0.0009499201515776841,0
2023-03-24T17:58:55Z,2023-03-24T17:59:00Z,2.6209329692548455e-05,0.0009204659806942336,0.000946675310386782,0