sTime,eTime,Change,Value,Mean_last_13,real_label
2023-03-24T17:58:55Z,2023-03-24T17:59:00Z,None,0.003399977279146066,None,1
2023-03-24T17:58:55Z,2023-03-24T17:59:00Z,None,0.003390885640346653,None,0
2023-03-24T17:58:55Z,2023-03-24T17:59:00Z,None,0.0033888930578462755,None,0
2023-03-24T17:58:55Z,2023-03-24T17:59:00Z,None,0.00338744685899247,None,0
2023-03-24T17:58:55Z,2023-03-24T17:59:00Z,None,0.0033848422866734895,None,0
2023-03-24T17:58:55Z,2023-03-24T17:59:00Z,None,0.003379524099694555,None,0
2023-03-24T17:58:55Z,2023-03-24T17:59:00Z,None,0.0033742984068180688,None,0
2023-03-24T17:58:55Z,2023-03-24T17:59:00Z,None,0.0033847777441750374,None,0
2023-03-24T17:58:55Z,2023-03-24T17:59:00Z,None,0.0033886898794450505,None,0
2023-03-24T17:58:55Z,2023-03-24T17:59:00Z,None,0.003388005632372672,None,0
2023-03-24T17:58:55Z,2023-03-24T17:59:00Z,None,0.003398041630574486,None,0
2023-03-24T17:58:55Z,2023-03-24T17:59:00Z,None,0.003398941386016308,None,0
2023-03-24T17:58:55Z,2023-03-24T17:59:00Z,None,0.003388091239701724,None,0
2023-03-24T17:58:55Z,2023-03-24T17:59:00Z,1.3614159668740803e-05,0.003375079498839687,0.003388693658508428,0
2023-03-24T17:58:55Z,2023-03-24T17:59:00Z,2.1690418767647286e-05,0.003366012736453752,0.0033877031552213993,0
2023-03-24T17:58:55Z,2023-03-24T17:59:00Z,3.9276631156580106e-05,0.0033471093456059055,0.0033863859767624856,0
2023-03-24T17:58:55Z,2023-03-24T17:59:00Z,4.096165992316641e-05,0.003343517623389942,0.0033844792833131083,0
2023-03-24T17:58:55Z,2023-03-24T17:59:00Z,4.762660889277327e-05,0.0033334912149714548,0.003381117823864228,0
2023-03-24T17:58:55Z,2023-03-24T17:59:00Z,4.0329299143956974e-05,0.003337344802779975,0.003377674101923932,0
2023-03-24T17:58:55Z,2023-03-24T17:59:00Z,3.59012551795824e-05,0.0033379367730174254,0.0033738380281970078,0
2023-03-24T17:58:55Z,2023-03-24T17:59:00Z,3.4045963377267625e-05,0.003336712597816565,0.0033707585611938325,0
2023-03-24T17:58:55Z,2023-03-24T17:59:00Z,2.5428648486814677e-05,0.003341426498443884,0.0033668551469306987,0
2023-03-24T17:58:55Z,2023-03-24T17:59:00Z,1.8919420118672543e-05,0.003343604286676319,0.0033625237067949915,0
2023-03-24T17:58:55Z,2023-03-24T17:59:00Z,3.2876567477255984e-05,0.00332576554482367,0.003358642112300926,0
2023-03-24T17:58:55Z,2023-03-24T17:59:00Z,3.5013179291253256e-05,0.003319092487684825,0.003354105666976078,0
2023-03-24T17:58:55Z,2023-03-24T17:59:00Z,2.8752141861918424e-05,0.0033192555383481075,0.003348007680210026,0
2023-03-24T17:58:55Z,2023-03-24T17:59:00Z,2.960600000186239e-05,0.0033126517842067553,0.0033422577842086177,0
2023-03-24T17:58:55Z,2023-03-24T17:59:00Z,3.748551549251572e-05,0.0033001202720084697,0.0033376057875009854,0
2023-03-24T17:58:55Z,2023-03-24T17:59:00Z,4.5129587630142985e-05,0.0032880294538502595,0.0033331590414804025,0
2023-03-24T17:58:55Z,2023-03-24T17:59:00Z,2.672608831825107e-05,0.0033025171970290316,0.0033292432853472827,0
2023-03-24T17:58:55Z,2023-03-24T17:59:00Z,3.504349933345719e-05,0.0032895757718855185,0.0033246192712189757,0
2023-03-24T17:58:55Z,2023-03-24T17:59:00Z,3.3805342616668576e-05,0.003288232760440439,0.0033220381030571074,0
2023-03-24T17:58:55Z,2023-03-24T17:59:00Z,3.323276680501034e-05,0.0032848245836775585,0.003318057350482569,0
2023-03-24T17:58:55Z,2023-03-24T17:59:00Z,2.2961194467127893e-05,0.0032909541549673593,0.003313915349434487,0
2023-03-24T17:58:55Z,2023-03-24T17:59:00Z,1.4892972172042811e-05,0.0032946983760841937,0.0033095913482562365,0
2023-03-24T17:58:55Z,2023-03-24T17:59:00Z,4.56801715223833e-06,0.003300817302480954,0.0033053853196331924,0
2023-03-24T17:58:55Z,2023-03-24T17:59:00Z,9.183597027370531e-06,0.0033104934241112187,0.003301309827083848,0
2023-03-24T17:58:55Z,2023-03-24T17:59:00Z,9.206365046847236e-06,0.0033084371719354706,0.0032992308068886234,0
2023-03-24T17:58:55Z,2023-03-24T17:59:00Z,8.039627817329857e-06,0.0033065538460748185,0.0032985142182574887,0
2023-03-24T17:58:55Z,2023-03-24T17:59:00Z,2.451983554161395e-06,0.0033000646712772635,0.003297612687723102,0
2023-03-24T17:58:55Z,2023-03-24T17:59:00Z,3.150002926754266e-06,0.003293954523285353,0.0032971045262121072,0
2023-03-24T17:58:55Z,2023-03-24T17:59:00Z,8.068277877372118e-06,0.0033051681706952126,0.0032970998928178404,0
2023-03-24T17:58:55Z,2023-03-24T17:59:00Z,2.0613572508450424e-06,0.0032996550058549436,0.0032975936486040985,0
2023-03-24T17:58:55Z,2023-03-24T17:59:00Z,1.8648653382597608e-05,0.0033164632164588777,0.00329781456307628,0
2023-03-24T17:58:55Z,2023-03-24T17:59:00Z,1.629482115082315e-05,0.0033149493203912216,0.0032986544992403984,0
2023-03-24T17:58:55Z,2023-03-24T17:59:00Z,7.487000523507918e-06,0.003308494037765443,0.003301007037241935,0
2023-03-24T17:58:55Z,2023-03-24T17:59:00Z,7.113236959621627e-06,0.003310630668927695,0.0033035174319680735,0
2023-03-24T17:58:55Z,2023-03-24T17:59:00Z,2.3517804627991648e-05,0.003328496893495906,0.0033049790888679143,0
2023-03-24T17:58:55Z,2023-03-24T17:59:00Z,1.390268655593373e-05,0.00332020946649414,0.003306306779938206,0
2023-03-24T17:58:55Z,2023-03-24T17:59:00Z,5.165154455820647e-06,0.003313778566978606,0.003308613412522785,0
2023-03-24T17:58:55Z,2023-03-24T17:59:00Z,5.223717820226816e-06,0.003314646800541589,0.003309423082721362,0
2023-03-24T17:58:55Z,2023-03-24T17:59:00Z,4.612781083908248e-06,0.003314480980058865,0.003309868198974957,0
2023-03-24T17:58:55Z,2023-03-24T17:59:00Z,1.212639978061432e-06,0.003311755251825249,0.0033105426118471876,0
2023-03-24T17:58:55Z,2023-03-24T17:59:00Z,3.7097466616966245e-06,0.0033080342242506238,0.0033117439709123204,0
2023-03-24T17:58:55Z,2023-03-24T17:59:00Z,1.1000413277029511e-07,0.0033133373690900827,0.0033132273649573124,0
2023-03-24T17:58:55Z,2023-03-24T17:59:00Z,9.68693844675527e-06,0.003303779264306841,0.003313466202753596,0
2023-03-24T17:58:55Z,2023-03-24T17:59:00Z,1.3031830957234165e-05,0.0033015745687326246,0.003314606399689859,0
2023-03-24T17:58:55Z,2023-03-24T17:59:00Z,1.1888221320983938e-05,0.0033016611823562044,0.0033135494036771883,0
2023-03-24T17:58:55Z,2023-03-24T17:59:00Z,2.5237287427836742e-05,0.003287197553611135,0.003312434841038972,0
2023-03-24T17:58:55Z,2023-03-24T17:59:00Z,1.9833925382146695e-05,0.0032920315110393887,0.0033118654364215354,0
2023-03-24T17:58:55Z,2023-03-24T17:59:00Z,1.0786464732865948e-05,0.003299126212078956,0.003309912676811822,0
2023-03-24T17:58:55Z,2023-03-24T17:59:00Z,1.3112354851966407e-05,0.003293761540088479,0.003306873894940445,0
2023-03-24T17:58:55Z,2023-03-24T17:59:00Z,9.389603374716782e-06,0.0032957273536977968,0.0033051169570725136,0
2023-03-24T17:58:55Z,2023-03-24T17:59:00Z,6.1456797123913415e-06,0.0033095945512107276,0.0033034488714983362,0
2023-03-24T17:58:55Z,2023-03-24T17:59:00Z,1.48229214075625e-05,0.003316695172335583,0.0033018722509280205,0
2023-03-24T17:58:55Z,2023-03-24T17:59:00Z,1.5023630290500207e-05,0.003316488678814509,0.003301465048524009,0
2023-03-24T17:58:55Z,2023-03-24T17:59:00Z,1.162689449470556e-05,0.003313503603061243,0.0033018767085665375,0
2023-03-24T17:58:55Z,2023-03-24T17:59:00Z,1.1772619737147622e-05,0.003314353866184009,0.0033025812464468614,0
2023-03-24T17:58:55Z,2023-03-24T17:59:00Z,5.340411182588357e-06,0.0033079355104603794,0.003302595099277791,0
2023-03-24T17:58:55Z,2023-03-24T17:59:00Z,2.2258920812489452e-06,0.003301250424019639,0.003303476316100888,0
2023-03-24T17:58:55Z,2023-03-24T17:59:00Z,1.0111010010291788e-05,0.0032938953845679086,0.0033040063945782004,0
2023-03-24T17:58:55Z,2023-03-24T17:59:00Z,1.2514651772420251e-05,0.0032914575129444003,0.0033039721647168206,0
2023-03-24T17:58:55Z,2023-03-24T17:59:00Z,1.0000737814562077e-05,0.0032945295794819893,0.0033045303172965514,0
2023-03-24T17:58:55Z,2023-03-24T17:59:00Z,9.497084360967668e-06,0.0032949853997610015,0.003304482484121969,0
2023-03-24T17:58:55Z,2023-03-24T17:59:00Z,4.529454494899259e-06,0.003308628885900454,0.003304099431405555,0
2023-03-24T17:58:55Z,2023-03-24T17:59:00Z,1.1485650875737736e-05,0.0033156870705873366,0.003304201419711599,0
2023-03-24T17:58:55Z,2023-03-24T17:59:00Z,1.7583653780713863e-05,0.003322860201175867,0.0033052765473951533,0
2023-03-24T17:58:55Z,2023-03-24T17:59:00Z,9.119598057220207e-07,0.0033066962171489265,0.0033057842573432045,0
2023-03-24T17:58:55Z,2023-03-24T17:59:00Z,4.533502260157217e-06,0.003310831512006719,0.0033062980097465617,0
2023-03-24T17:58:55Z,2023-03-24T17:59:00Z,1.319560935366228e-05,0.003318677580628092,0.0033054819712744297,0
2023-03-24T17:58:55Z,2023-03-24T17:59:00Z,2.8523432813208367e-05,0.0033337827298330945,0.003305259297019886,0
2023-03-24T17:58:55Z,2023-03-24T17:59:00Z,3.133317140579508e-05,0.003336952777962688,0.003305619606556893,0
2023-03-24T17:58:55Z,2023-03-24T17:59:00Z,2.522638215476415e-05,0.0033329999236593835,0.0033077735415046193,0
2023-03-24T17:58:55Z,2023-03-24T17:59:00Z,7.52173783945655e-06,0.0033182704755059965,0.00331074873766654,0
2023-03-24T17:58:55Z,2023-03-24T17:59:00Z,1.3907495905560174e-05,0.003300099953351936,0.003314007449257496,0
2023-03-24T17:58:55Z,2023-03-24T17:59:00Z,1.1803603798724461e-05,0.0033044382590055703,0.0033162418628042947,0
2023-03-24T17:58:55Z,2023-03-24T17:59:00Z,1.5388157306451145e-05,0.0033013179033203398,0.003316706060626791,0
2023-03-24T17:58:55Z,2023-03-24T17:59:00Z,1.8975127931072488e-05,0.0032985186709660994,0.003317493798897172,0
2023-03-24T17:58:55Z,2023-03-24T17:59:00Z,3.5129415288199725e-06,0.0033203974918776485,0.0033168845503488286,0
2023-03-24T17:58:55Z,2023-03-24T17:59:00Z,1.7291322615548433e-05,0.003332745172995942,0.0033154538503803936,0
2023-03-24T17:58:55Z,2023-03-24T17:59:00Z,2.0510011848153594e-05,0.0033357586364536943,0.0033152486246055407,0
2023-03-24T17:58:55Z,2023-03-24T17:59:00Z,1.6989086586217603e-05,0.003334408457512343,0.0033174193709261256,0
2023-03-24T17:58:55Z,2023-03-24T17:59:00Z,1.9755093765682057e-05,0.003339251725062389,0.003319496631296707,0
2023-03-24T17:58:55Z,2023-03-24T17:59:00Z,1.6025142107242447e-05,0.003336832679810971,0.0033208075377037286,0
2023-03-24T17:58:55Z,2023-03-24T17:59:00Z,9.354493322673123e-06,0.0033306177806288425,0.0033212632873061694,0
2023-03-24T17:58:55Z,2023-03-24T17:59:00Z,8.953390776465786e-06,0.003312299888350393,0.003321253279126859,0
2023-03-24T17:58:55Z,2023-03-24T17:59:00Z,3.087258583125106e-06,0.0033241420257907723,0.003321054767207647,0
2023-03-24T17:58:55Z,2023-03-24T17:59:00Z,1.286121720949808e-07,0.0033204286061059188,0.0033205572182780137,0
2023-03-24T17:58:55Z,2023-03-24T17:59:00Z,1.1036924078737867e-06,0.003323664416722458,0.003322560724314584,0
2023-03-24T17:58:55Z,2023-03-24T17:59:00Z,4.953842403670073e-06,0.003318939410835943,0.003323893253239613,0
2023-03-24T17:58:55Z,2023-03-24T17:59:00Z,2.111825539749361e-07,0.0033255442801358144,0.0033257554626897894,0
2023-03-24T17:58:55Z,2023-03-24T17:59:00Z,3.991118210323538e-07,0.0033278563028333085,0.003327457191012276,0
2023-03-24T17:58:55Z,2023-03-24T17:59:00Z,6.64191091384863e-06,0.0033212441791199416,0.0033278860900337903,0
2023-03-24T17:58:55Z,2023-03-24T17:59:00Z,1.6780841544800085e-06,0.0033258006000324246,0.0033274786841869046,0
2023-03-24T17:58:55Z,2023-03-24T17:59:00Z,9.87310497484531e-06,0.003316396041100913,0.0033262691460757584,0
2023-03-24T17:58:55Z,2023-03-24T17:59:00Z,1.1096903956213204e-06,0.003326661515014719,0.0033255518246190978,0
2023-03-24T17:58:55Z,2023-03-24T17:59:00Z,5.634010641474268e-06,0.0033292811949304493,0.003323647184288975,0
2023-03-24T17:58:55Z,2023-03-24T17:59:00Z,7.773120904999535e-06,0.0033305727081276203,0.0033227995872226208,0
2023-03-24T17:58:55Z,2023-03-24T17:59:00Z,1.3826512068702747e-05,0.003308861693012385,0.003322688205081088,0
2023-03-24T17:58:55Z,2023-03-24T17:59:00Z,1.932917045741056e-05,0.003304881769605113,0.0033242109400625237,0
2023-03-24T17:58:55Z,2023-03-24T17:59:00Z,6.004302876092254e-06,0.003316933276121566,0.003322937578997658,0
2023-03-24T17:58:55Z,2023-03-24T17:59:00Z,2.155342064094493e-05,0.003300088588648313,0.003321642009289258,0
2023-03-24T17:58:55Z,2023-03-24T17:59:00Z,3.1072913350701104e-05,0.0032900081675551482,0.0033210810809058493,0
2023-03-24T17:58:55Z,2023-03-24T17:59:00Z,2.656794954380287e-05,0.0032929422295130775,0.0033195101790568803,0
2023-03-24T17:58:55Z,2023-03-24T17:59:00Z,2.578773527386587e-05,0.003290761101067959,0.0033165488363418247,0
2023-03-24T17:58:55Z,2023-03-24T17:59:00Z,3.080582655631001e-05,0.0032828335036754956,0.0033136393302318056,0
2023-03-24T17:58:55Z,2023-03-24T17:59:00Z,2.510647304966541e-05,0.0032859926006778084,0.003311099073727474,0
2023-03-24T17:58:55Z,2023-03-24T17:59:00Z,2.3462229703410074e-05,0.003284056252660986,0.003307518482364396,0
2023-03-24T17:58:55Z,2023-03-24T17:59:00Z,1.21692078044024e-05,0.0032928156545247353,0.0033049848623291377,0
2023-03-24T17:58:55Z,2023-03-24T17:59:00Z,2.117573469860839e-06,0.003299316850329799,0.0033014344237996597,0
2023-03-24T17:58:55Z,2023-03-24T17:59:00Z,5.578708278853976e-06,0.0032928169204869966,0.0032983956287658506,0
2023-03-24T17:58:55Z,2023-03-24T17:59:00Z,3.319209297106447e-07,0.003296122894879076,0.0032957909739493654,0
2023-03-24T17:58:55Z,2023-03-24T17:59:00Z,2.2345279123212828e-05,0.003272108630449037,0.0032944539095722497,0
2023-03-24T17:58:55Z,2023-03-24T17:59:00Z,9.179721688758885e-06,0.0032845442816563214,0.0032937240033450803,0
2023-03-24T17:58:55Z,2023-03-24T17:59:00Z,8.797576852928764e-06,0.0032811910393527742,0.003289988616205703,0
2023-03-24T17:58:55Z,2023-03-24T17:59:00Z,5.052297867787041e-06,0.0032937455551574906,0.0032886932572897035,0
2023-03-24T17:58:55Z,2023-03-24T17:59:00Z,6.922042293834585e-07,0.0032872662923767886,0.003287958496606172,0
2023-03-24T17:58:55Z,2023-03-24T17:59:00Z,1.0105448128790422e-05,0.0032779199922810826,0.003288025440409873,0
2023-03-24T17:58:55Z,2023-03-24T17:59:00Z,3.265717144891947e-05,0.003255077034903356,0.0032877342063522756,0
2023-03-24T17:58:55Z,2023-03-24T17:59:00Z,4.628818292709124e-05,0.0032410365641423163,0.0032873247470694075,0
2023-03-24T17:58:55Z,2023-03-24T17:59:00Z,4.785011285842258e-05,0.0032368983370631137,0.0032847484499215363,0
2023-03-24T17:58:55Z,2023-03-24T17:59:00Z,3.879635515174418e-05,0.00324236712072657,0.0032811634758783143,0
2023-03-24T17:58:55Z,2023-03-24T17:59:00Z,3.574136056022203e-05,0.003240762338862957,0.003276503699423179,0
2023-03-24T17:58:55Z,2023-03-24T17:59:00Z,3.508422268717025e-05,0.00323667366593574,0.00327175788862291,0
2023-03-24T17:58:55Z,2023-03-24T17:59:00Z,1.0668446984232315e-05,0.003256751559836675,0.003267420006820907,0
2023-03-24T17:58:55Z,2023-03-24T17:59:00Z,1.4464825491159426e-05,0.0032769307299001216,0.003262465904408962,0
2023-03-24T17:58:55Z,2023-03-24T17:59:00Z,4.634465276453538e-06,0.003265820613801052,0.0032611861485245986,0
2023-03-24T17:58:55Z,2023-03-24T17:59:00Z,7.909451071462688e-06,0.003252642234806786,0.0032605516858782487,0
2023-03-24T17:58:55Z,2023-03-24T17:59:00Z,9.289200039389999e-06,0.003249981617042882,0.003259270817082272,0
2023-03-24T17:58:55Z,2023-03-24T17:59:00Z,3.0516045389075274e-05,0.0032253294949973047,0.00325584554038638,0
2023-03-24T17:58:55Z,2023-03-24T17:59:00Z,3.0863753625004747e-05,0.003221874730483549,0.003252738484108554,0
2023-03-24T17:58:55Z,2023-03-24T17:59:00Z,1.1330667394493336e-05,0.0032370252752737462,0.0032483559426682396,0
2023-03-24T17:58:55Z,2023-03-24T17:59:00Z,8.30563026833547e-06,0.0032372834536982535,0.003245589083966589,0
2023-03-24T17:58:55Z,2023-03-24T17:59:00Z,1.2856317677661846e-05,0.003232398492216546,0.003245254809894208,0
2023-03-24T17:58:55Z,2023-03-24T17:59:00Z,2.785008321316883e-05,0.003217436819733968,0.0032452869029471368,0
2023-03-24T17:58:55Z,2023-03-24T17:59:00Z,3.677822592898505e-05,0.0032076779579756493,0.0032444561839046343,0
2023-03-24T17:58:55Z,2023-03-24T17:59:00Z,4.511582079732776e-05,0.003197396569846557,0.0032425123906438848,0
2023-03-24T17:58:55Z,2023-03-24T17:59:00Z,3.998438658326482e-05,0.0032001116950639463,0.003240096081647211,0
2023-03-24T17:58:55Z,2023-03-24T17:59:00Z,4.2991795690149655e-05,0.003192158036791218,0.003235149832481368,0
2023-03-24T17:58:55Z,2023-03-24T17:59:00Z,4.386233510249348e-05,0.003184885911142527,0.0032287482462450205,0
2023-03-24T17:58:55Z,2023-03-24T17:59:00Z,4.018474205068779e-05,0.0031824249561101794,0.003222609698160867,0
2023-03-24T17:58:55Z,2023-03-24T17:59:00Z,4.360847829988851e-05,0.003173354859555624,0.0032169633378555124,0
2023-03-24T17:58:55Z,2023-03-24T17:59:00Z,5.0141016981918116e-05,0.0031611925991292026,0.0032113336161111207,0
2023-03-24T17:58:55Z,2023-03-24T17:59:00Z,5.625162340748948e-05,0.0031507507730834912,0.0032070023964909807,0
2023-03-24T17:58:55Z,2023-03-24T17:59:00Z,5.745447935641412e-05,0.0031444910728550377,0.003201945552211452,0
2023-03-24T17:58:55Z,2023-03-24T17:59:00Z,5.028838856660804e-05,0.0031444676217956555,0.0031947560103622635,0
2023-03-24T17:58:55Z,2023-03-24T17:59:00Z,3.78834026098329e-05,0.0031491399093488298,0.0031870233119586627,0
2023-03-24T17:58:55Z,2023-03-24T17:59:00Z,2.4619916033788783e-05,0.0031550758233897993,0.003179695739423588,0
2023-03-24T17:58:55Z,2023-03-24T17:59:00Z,1.7676019917009338e-05,0.0031563283103078167,0.003174004330224826,0
2023-03-24T17:58:55Z,2023-03-24T17:59:00Z,8.315622167567958e-06,0.003161305196841771,0.003169620819009339,0
2023-03-24T17:58:55Z,2023-03-24T17:59:00Z,2.710374717859558e-06,0.003168908838765637,0.0031661984640477775,0
2023-03-24T17:58:55Z,2023-03-24T17:59:00Z,3.0103548206354518e-06,0.0031599542343752935,0.003162964589195929,0
2023-03-24T17:58:55Z,2023-03-24T17:59:00Z,7.78763196716695e-06,0.0031688147879942977,0.0031610271560271307,0
2023-03-24T17:58:55Z,2023-03-24T17:59:00Z,3.1259078663906613e-06,0.0031620754241629195,0.003158949516296529,0
2023-03-24T17:58:55Z,2023-03-24T17:59:00Z,7.576384563694714e-07,0.0031570576971638358,0.0031578153356202053,0
2023-03-24T17:58:55Z,2023-03-24T17:59:00Z,6.90245229546544e-07,0.00315756562790036,0.0031568753826708134,0
2023-03-24T17:58:55Z,2023-03-24T17:59:00Z,2.881483984958598e-06,0.003153649323522074,0.0031565308075070324,0
2023-03-24T17:58:55Z,2023-03-24T17:59:00Z,5.3891464354633226e-06,0.003151709565639641,0.0031570987120751043,0
2023-03-24T17:58:55Z,2023-03-24T17:59:00Z,1.2588578288608415e-05,0.0031452733213420824,0.0031578618996306908,0
2023-03-24T17:58:55Z,2023-03-24T17:59:00Z,1.6291057899390886e-05,0.003142174337051632,0.003158465394951023,0
2023-03-24T17:58:55Z,2023-03-24T17:59:00Z,9.897213233857685e-06,0.0031482459660499367,0.0031581431792837944,0
2023-03-24T17:58:55Z,2023-03-24T17:59:00Z,1.4611169724030714e-05,0.0031424568856982496,0.0031570680554222803,0
2023-03-24T17:58:55Z,2023-03-24T17:59:00Z,1.126809872501952e-05,0.003145126428009104,0.0031563945267341236,0
2023-03-24T17:58:55Z,2023-03-24T17:59:00Z,1.1391226203962164e-05,0.003143432607934868,0.0031548238341388302,0
2023-03-24T17:58:55Z,2023-03-24T17:59:00Z,3.7975653996045675e-06,0.0031490444011761814,0.003152841966575786,0
2023-03-24T17:58:55Z,2023-03-24T17:59:00Z,1.1426331193429597e-06,0.003150322531253074,0.003151465164372417,0
2023-03-24T17:58:55Z,2023-03-24T17:59:00Z,6.699774703544138e-06,0.003156517406841118,0.0031498176321375737,0
2023-03-24T17:58:55Z,2023-03-24T17:59:00Z,1.3063237853996705e-05,0.0031619014622490836,0.003148838224395087,0
2023-03-24T17:58:55Z,2023-03-24T17:59:00Z,2.3047278328864728e-05,0.003171840478530392,0.0031487932002015272,0
2023-03-24T17:58:55Z,2023-03-24T17:59:00Z,2.9983713538186355e-05,0.003179138233268774,0.0031491545197305875,0
2023-03-24T17:58:55Z,2023-03-24T17:59:00Z,2.704260604969623e-05,0.0031777130553643095,0.0031506704493146132,0
2023-03-24T17:58:55Z,2023-03-24T17:59:00Z,3.092918174460576e-05,0.0031838853533616464,0.0031529561716170406,0
2023-03-24T17:58:55Z,2023-03-24T17:59:00Z,1.865253025037667e-05,0.0031743120130359377,0.003155659482785561,0
2023-03-24T17:58:55Z,2023-03-24T17:59:00Z,4.967349959636609e-06,0.0031641027507710315,0.003159135400811395,0
2023-03-24T17:58:55Z,2023-03-24T17:59:00Z,6.140029692494088e-06,0.0031674476010860567,0.0031613075713935626,0
2023-03-24T17:58:55Z,2023-03-24T17:59:00Z,8.780863877273868e-06,0.0031718922573602338,0.00316311139348296,0
2023-03-24T17:58:55Z,2023-03-24T17:59:00Z,1.3155929173678908e-05,0.003178127420413052,0.003164971491239373,0
2023-03-24T17:58:55Z,2023-03-24T17:59:00Z,1.9843858975022045e-05,0.003187186987666509,0.003167343128691487,0
2023-03-24T17:58:55Z,2023-03-24T17:59:00Z,2.3188258774273218e-05,0.0031929549724021658,0.0031697667136278925,0
2023-03-24T17:58:55Z,2023-03-24T17:59:00Z,9.861905854933063e-06,0.0031827006575172786,0.0031728387516623455,0
2023-03-24T17:58:55Z,2023-03-24T17:59:00Z,2.02719634165684e-06,0.0031779024118007565,0.0031758752154590997,0
2023-03-24T17:58:55Z,2023-03-24T17:59:00Z,1.0516724290796087e-06,0.0031786601541605283,0.0031776084817314487,0
2023-03-24T17:58:55Z,2023-03-24T17:59:00Z,5.1366246210469285e-06,0.0031832502674583596,0.0031781136428373127,0
2023-03-24T17:58:55Z,2023-03-24T17:59:00Z,5.175983615510714e-06,0.003183249786527137,0.003178073802911626,0
2023-03-24T17:58:55Z,2023-03-24T17:59:00Z,8.282472766978858e-06,0.0031868177100197754,0.0031785352372527965,0
2023-03-24T17:58:55Z,2023-03-24T17:59:00Z,1.5696421721061657e-05,0.0031941786950709823,0.0031784822733499207,0
2023-03-24T17:58:55Z,2023-03-24T17:59:00Z,1.5023979940029155e-05,0.0031945483947052695,0.0031795244147652404,0
2023-03-24T17:58:55Z,2023-03-24T17:59:00Z,1.350648946524648e-05,0.003195537232922149,0.0031820307434569026,0
2023-03-24T17:58:55Z,2023-03-24T17:59:00Z,9.619553861932653e-06,0.003193908696787104,0.003184289142925171,0
2023-03-24T17:58:55Z,2023-03-24T17:59:00Z,4.861830978004824e-06,0.003191121388533335,0.0031862595575553303,0
2023-03-24T17:58:55Z,2023-03-24T17:59:00Z,2.900246583135979e-07,0.003187864688578148,0.0031875746639198344,0
2023-03-24T17:58:55Z,2023-03-24T17:59:00Z,1.4969073636626837e-05,0.00317293345702211,0.003187902530658737,0
2023-03-24T17:58:55Z,2023-03-24T17:59:00Z,1.8856538886421418e-05,0.0031686218014536477,0.003187478340340069,0
2023-03-24T17:58:55Z,2023-03-24T17:59:00Z,2.1078887586204516e-05,0.0031655855193792664,0.003186664406965471,0
2023-03-24T17:58:55Z,2023-03-24T17:59:00Z,2.7292795688316825e-05,0.003158598227081562,0.003185891022769879,0
2023-03-24T17:58:55Z,2023-03-24T17:59:00Z,4.0091034441938796e-05,0.0031447104354295013,0.00318480146987144,0
2023-03-24T17:58:55Z,2023-03-24T17:59:00Z,5.1723345614302415e-05,0.003131023787559072,0.0031827471331733743,0
2023-03-24T17:58:55Z,2023-03-24T17:59:00Z,6.990526963496614e-05,0.0031096302509469372,0.0031795355205819034,0
2023-03-24T17:58:55Z,2023-03-24T17:59:00Z,7.654264005605956e-05,0.0030983433869874524,0.003174886027043512,0
2023-03-24T17:58:55Z,2023-03-24T17:59:00Z,7.19228120133592e-05,0.003095917511353149,0.0031678403233665084,0
2023-03-24T17:58:55Z,2023-03-24T17:59:00Z,7.635618096406543e-05,0.0030834670584259584,0.003159823239390024,0
2023-03-24T17:58:55Z,2023-03-24T17:59:00Z,8.029837674397708e-05,0.003071223219181964,0.003151521595925941,0
2023-03-24T17:58:55Z,2023-03-24T17:59:00Z,7.496544314780336e-05,0.003067352682914708,0.0031423181260625114,0
2023-03-24T17:58:55Z,2023-03-24T17:59:00Z,8.517670748659986e-05,0.003047149904463297,0.003132326611949897,0
2023-03-24T17:58:55Z,2023-03-24T17:59:00Z,8.86553774615338e-05,0.0030336285673497436,0.0031222839448112774,0
2023-03-24T17:58:55Z,2023-03-24T17:59:00Z,8.619405720364888e-05,0.0030256079248943937,0.0031118019820980426,0
2023-03-24T17:58:55Z,2023-03-24T17:59:00Z,8.545343472030975e-05,0.0030150991112024078,0.0031005525459227175,0
2023-03-24T17:58:55Z,2023-03-24T17:59:00Z,8.849135662625327e-05,0.003000396389756059,0.003088887746382312,0
2023-03-24T17:58:55Z,2023-03-24T17:59:00Z,9.625685371527368e-05,0.002980672633010442,0.0030769294867257157,0
2023-03-24T17:58:55Z,2023-03-24T17:59:00Z,9.468050173646941e-05,0.0029702228145164584,0.003064903316252928,0
2023-03-24T17:58:55Z,2023-03-24T17:59:00Z,9.039558853900665e-05,0.0029619784648348695,0.003052374053373876,0
2023-03-24T17:58:55Z,2023-03-24T17:59:00Z,9.304012514190592e-05,0.002947716641862763,0.003040756767004669,0
2023-03-24T17:58:55Z,2023-03-24T17:59:00Z,8.930005163215911e-05,0.0029400929718597954,0.0030293930234919545,0
2023-03-24T17:58:55Z,2023-03-24T17:59:00Z,8.96119581658074e-05,0.0029274309928686145,0.003017042951034422,0
2023-03-24T17:58:55Z,2023-03-24T17:59:00Z,7.733481012587359e-05,0.002927760300361368,0.0030050951104872415,0
2023-03-24T17:58:55Z,2023-03-24T17:59:00Z,5.783877757690927e-05,0.00293527364738422,0.0029931124249611292,0
2023-03-24T17:58:55Z,2023-03-24T17:59:00Z,2.8429080204807593e-05,0.00295305064621021,0.0029814797264150175,0
2023-03-24T17:58:55Z,2023-03-24T17:59:00Z,3.574928903902347e-05,0.002936407415952738,0.0029721567049917613,0
2023-03-24T17:58:55Z,2023-03-24T17:59:00Z,4.136600130427454e-05,0.002924075876925859,0.0029654418782301337,0
2023-03-24T17:58:55Z,2023-03-24T17:59:00Z,4.8087574718218805e-05,0.0029099209277667773,0.002958008502484996,0
2023-03-24T17:58:55Z,2023-03-24T17:59:00Z,3.51114971619982e-05,0.002915311735799951,0.0029504232329619494,0
2023-03-24T17:58:55Z,2023-03-24T17:59:00Z,1.84182991879887e-05,0.002924465311941521,0.0029428836111295097,0
2023-03-24T17:58:55Z,2023-03-24T17:59:00Z,1.6516515073884425e-05,0.0029209203546214178,0.002937436869695302,0
2023-03-24T17:58:55Z,2023-03-24T17:59:00Z,6.502825886728174e-06,0.0029271209185939956,0.002933623744480724,0
2023-03-24T17:58:55Z,2023-03-24T17:59:00Z,2.44572194354779e-05,0.002905745015860792,0.0029302022352962697,0
2023-03-24T17:58:55Z,2023-03-24T17:59:00Z,2.913312107068189e-05,0.002899352803953191,0.002928485925023873,0
2023-03-24T17:58:55Z,2023-03-24T17:59:00Z,4.0838950426418195e-05,0.0028847846449308705,0.0029256235953572887,0
2023-03-24T17:58:55Z,2023-03-24T17:59:00Z,6.630180219792999e-05,0.0028569819440830728,0.0029232837462810028,0
2023-03-24T17:58:55Z,2023-03-24T17:59:00Z,6.165306989551434e-05,0.0028580493717662806,0.002919702441661795,0
2023-03-24T17:58:55Z,2023-03-24T17:59:00Z,6.396166140852774e-05,0.002849216471644838,0.002913178133053366,0
2023-03-24T17:58:55Z,2023-03-24T17:59:00Z,6.250599358067132e-05,0.002842755366602367,0.0029052613601830385,0
2023-03-24T17:58:55Z,2023-03-24T17:59:00Z,5.499636716566796e-05,0.002842999080991712,0.00289799544815738,0
2023-03-24T17:58:55Z,2023-03-24T17:59:00Z,4.423882435358869e-05,0.0028469799146101675,0.002891218738963756,0
2023-03-24T17:58:55Z,2023-03-24T17:59:00Z,4.558384775823132e-05,0.002840058070640936,0.0028856419183991675,0
2023-03-24T17:58:55Z,2023-03-24T17:59:00Z,3.8506617602316294e-05,0.002841440982364369,0.002879947599966685,0
2023-03-24T17:58:55Z,2023-03-24T17:59:00Z,3.2445803275570496e-05,0.002840467859916066,0.0028729136631916365,0
2023-03-24T17:58:55Z,2023-03-24T17:59:00Z,1.7301099106663363e-05,0.0028489892830635528,0.002866290382170216,0
2023-03-24T17:58:55Z,2023-03-24T17:59:00Z,7.672254394432403e-06,0.0028513970395526228,0.002859069293947055,0
2023-03-24T17:58:55Z,2023-03-24T17:59:00Z,7.64803400886806e-06,0.0028466916155384173,0.0028543396495472853,0
2023-03-24T17:58:55Z,2023-03-24T17:59:00Z,9.87554866940625e-08,0.0028502445803605435,0.0028503433358472376,0
2023-03-24T17:58:55Z,2023-03-24T17:59:00Z,1.143919502907733e-06,0.0028483128362341075,0.0028471689167312,0
2023-03-24T17:58:55Z,2023-03-24T17:59:00Z,9.073753962062989e-06,0.00283753371579226,0.002846607469754323,0
2023-03-24T17:58:55Z,2023-03-24T17:59:00Z,9.00123183636024e-06,0.0028367948599569482,0.0028457960917933085,0
2023-03-24T17:58:55Z,2023-03-24T17:59:00Z,1.6342240866237465e-06,0.002846456752892217,0.0028448225288055934,0
2023-03-24T17:58:55Z,2023-03-24T17:59:00Z,2.4611181892353513e-06,0.0028467869381077105,0.002844325819918475,0
2023-03-24T17:58:55Z,2023-03-24T17:59:00Z,4.539832627761028e-06,0.0028491537918712783,0.0028446139592435173,0
2023-03-24T17:58:55Z,2023-03-24T17:59:00Z,3.211880498579789e-06,0.002847809758366893,0.002844597877868313,0
2023-03-24T17:58:55Z,2023-03-24T17:59:00Z,7.089814875787127e-06,0.0028382660397617207,0.002845355854637508,0
2023-03-24T17:58:55Z,2023-03-24T17:59:00Z,8.150316025016223e-06,0.002837736269946035,0.0028458865859710514,0
2023-03-24T17:58:55Z,2023-03-24T17:59:00Z,5.872697470521524e-06,0.0028398304034876675,0.002845703100958189,0
2023-03-24T17:58:55Z,2023-03-24T17:59:00Z,8.82051303979347e-06,0.0028359448368252696,0.002844765349865063,0
2023-03-24T17:58:55Z,2023-03-24T17:59:00Z,1.1732338794935657e-05,0.002832069124731381,0.0028438014635263167,0
2023-03-24T17:58:55Z,2023-03-24T17:59:00Z,7.982287086790232e-06,0.002834923611546764,0.002842905898633554,0
2023-03-24T17:58:55Z,2023-03-24T17:59:00Z,8.17299419535655e-06,0.0028332182831357676,0.002841391277331124,0
2023-03-24T17:58:55Z,2023-03-24T17:59:00Z,2.385557205896588e-06,0.002837889951401282,0.0028402755086071787,0
2023-03-24T17:58:55Z,2023-03-24T17:59:00Z,3.520839055950499e-07,0.0028402679731247328,0.0028399158892191377,0
2023-03-24T17:58:55Z,2023-03-24T17:59:00Z,2.952246604549791e-06,0.0028429593934440485,0.0028400071468394988,0
2023-03-24T17:58:55Z,2023-03-24T17:59:00Z,2.9194282316681065e-06,0.00283657198696054,0.0028394914151922083,0
2023-03-24T17:58:55Z,2023-03-24T17:59:00Z,9.327674937109186e-06,0.0028298447781997943,0.0028391724531369035,0
2023-03-24T17:58:55Z,2023-03-24T17:59:00Z,7.148510949979599e-06,0.0028309754584443622,0.002838123969394342,0
2023-03-24T17:58:55Z,2023-03-24T17:59:00Z,1.3034842997645957e-06,0.002837930372013515,0.0028366268877137502,0
2023-03-24T17:58:55Z,2023-03-24T17:59:00Z,1.4795120162960917e-06,0.002837498851286933,0.0028360193392706367,0
2023-03-24T17:58:55Z,2023-03-24T17:59:00Z,2.5025421347634434e-06,0.0028385380565776903,0.002836035514442927,0
2023-03-24T17:58:55Z,2023-03-24T17:59:00Z,1.052427212543637e-05,0.0028463654905516353,0.002835841218426199,0
2023-03-24T17:58:55Z,2023-03-24T17:59:00Z,4.8381615856425e-08,0.002836008938456378,0.0028360573200722342,0
2023-03-24T17:58:55Z,2023-03-24T17:59:00Z,6.570337680259636e-06,0.0028438190215708484,0.002837248683890589,0
2023-03-24T17:58:55Z,2023-03-24T17:59:00Z,8.974420772488601e-06,0.002846313548572212,0.0028373391277997234,0
2023-03-24T17:58:55Z,2023-03-24T17:59:00Z,8.687549800772895e-06,0.002846910072470086,0.0028382225226693133,0
2023-03-24T17:58:55Z,2023-03-24T17:59:00Z,1.118209690449505e-06,0.0028378062794097744,0.002838924489100224,0
2023-03-24T17:58:55Z,2023-03-24T17:59:00Z,1.5865961713375926e-06,0.002837891401207666,0.0028394779973790036,0
2023-03-24T17:58:55Z,2023-03-24T17:59:00Z,2.1234625490612613e-06,0.0028369251086604193,0.0028390485712094806,0
2023-03-24T17:58:55Z,2023-03-24T17:59:00Z,6.077548394223427e-06,0.002833080974002518,0.0028391585223967414,0
2023-03-24T17:58:55Z,2023-03-24T17:59:00Z,7.979443834549814e-06,0.0028477279937696768,0.002839748549935127,0
2023-03-24T17:58:55Z,2023-03-24T17:59:00Z,1.784348926560462e-05,0.0028577674988305773,0.0028399240095649727,0
2023-03-24T17:58:55Z,2023-03-24T17:59:00Z,3.250423214520848e-05,0.002873244710189862,0.0028407404780446534,0
2023-03-24T17:58:55Z,2023-03-24T17:59:00Z,5.560286918804931e-05,0.002898032401194673,0.0028424295320066237,0
2023-03-24T17:58:55Z,2023-03-24T17:59:00Z,5.522798631616517e-05,0.0029005497394571362,0.002845321753140971,0
2023-03-24T17:58:55Z,2023-03-24T17:59:00Z,5.648288671892404e-05,0.002906110215746815,0.002849627329027891,0
2023-03-24T17:58:55Z,2023-03-24T17:59:00Z,5.963149955892297e-05,0.0029146372286702102,0.0028550057291112873,0
2023-03-24T17:58:55Z,2023-03-24T17:59:00Z,5.383249726583633e-05,0.0029140291592251208,0.0028601966619592844,0
2023-03-24T17:58:55Z,2023-03-24T17:59:00Z,5.555056149967241e-05,0.002921440863467124,0.0028658903019674518,0
2023-03-24T17:58:55Z,2023-03-24T17:59:00Z,5.1274738886778175e-05,0.0029227582980838156,0.0028714835591970374,0
2023-03-24T17:58:55Z,2023-03-24T17:59:00Z,4.8357292004895264e-05,0.002926810399873378,0.002878453107868483,0
2023-03-24T17:58:55Z,2023-03-24T17:59:00Z,4.752431754256837e-05,0.0029330496668173974,0.002885525349274829,0
2023-03-24T17:58:55Z,2023-03-24T17:59:00Z,3.492364763853055e-05,0.002927939437847773,0.0028930157902092423,0
2023-03-24T17:58:55Z,2023-03-24T17:59:00Z,2.2481183144918912e-05,0.002923827697755401,0.0029013465146104822,0
2023-03-24T17:58:55Z,2023-03-24T17:59:00Z,1.8503560941157248e-05,0.0029265343625581477,0.0029080308016169905,0
2023-03-24T17:58:55Z,2023-03-24T17:59:00Z,1.4022576158007408e-05,0.0029275583943520664,0.002913535818194059,0
2023-03-24T17:58:55Z,2023-03-24T17:59:00Z,8.13679064866216e-06,0.0029261134132067446,0.0029179766225580824,0
2023-03-24T17:58:55Z,2023-03-24T17:59:00Z,1.3099524052572961e-05,0.0029335366460404386,0.0029204371219878657,0
2023-03-24T17:58:55Z,2023-03-24T17:59:00Z,1.5993294272837605e-05,0.002938560722406504,0.0029225674281336666,0
2023-03-24T17:58:55Z,2023-03-24T17:59:00Z,3.6482474371907214e-06,0.002928501211428659,0.002924852963991468,0
2023-03-24T17:58:55Z,2023-03-24T17:59:00Z,4.194676009169548e-06,0.0029310412644786617,0.002926846588469492,0
2023-03-24T17:58:55Z,2023-03-24T17:59:00Z,1.2777783265282769e-06,0.0029293303711463155,0.002928052592819787,0
2023-03-24T17:58:55Z,2023-03-24T17:59:00Z,2.1853184442562415e-06,0.0029266673077931594,0.0029288526262374157,0
2023-03-24T17:58:55Z,2023-03-24T17:59:00Z,8.843891982324072e-06,0.0029205564070103,0.002929400298992624,0
2023-03-24T17:58:55Z,2023-03-24T17:59:00Z,1.821913671904785e-05,0.002911169237933558,0.002929388374652606,0
2023-03-24T17:58:55Z,2023-03-24T17:59:00Z,1.9175817835101038e-05,0.00290917145183358,0.002928347269668681,0
2023-03-24T17:58:55Z,2023-03-24T17:59:00Z,2.2906739566007448e-05,0.0029040430134431557,0.002926949753009163,0
2023-03-24T17:58:55Z,2023-03-24T17:59:00Z,2.0301746634750033e-05,0.0029054266525475945,0.0029257283991823446,0
2023-03-24T17:58:55Z,2023-03-24T17:59:00Z,1.8217821830055023e-05,0.0029056362982593734,0.0029238541200894285,0
2023-03-24T17:58:55Z,2023-03-24T17:59:00Z,2.2927472792406197e-05,0.0028990823354799835,0.0029220098082723897,0
2023-03-24T17:58:55Z,2023-03-24T17:59:00Z,2.8774186934937655e-05,0.0028915291950918367,0.0029203033820267743,0
2023-03-24T17:58:55Z,2023-03-24T17:59:00Z,3.161675242464726e-05,0.002885815437055423,0.0029174321894800703,0
2023-03-24T17:58:55Z,2023-03-24T17:59:00Z,2.8244261434635844e-05,0.002885268634102545,0.002913512895537181,0
2023-03-24T17:58:55Z,2023-03-24T17:59:00Z,2.724314410205899e-05,0.0028827126035706864,0.0029099557476727454,0
2023-03-24T17:58:55Z,2023-03-24T17:59:00Z,1.8139188304974393e-05,0.0028880021735030945,0.002906141361808069,0
2023-03-24T17:58:55Z,2023-03-24T17:59:00Z,1.625568953365561e-05,0.0028860008583097775,0.002902256547843433,0
2023-03-24T17:58:55Z,2023-03-24T17:59:00Z,1.3568375773992478e-05,0.0028854660775452685,0.002899034453319261,0
2023-03-24T17:58:55Z,2023-03-24T17:59:00Z,1.779847435735317e-05,0.0028783563499035305,0.0028961548242608837,0
2023-03-24T17:58:55Z,2023-03-24T17:59:00Z,1.493387289644866e-05,0.0028790790213320786,0.0028940128942285272,0
2023-03-24T17:58:55Z,2023-03-24T17:59:00Z,2.3889726631125523e-05,0.0028675552424365634,0.002891444969067689,0
2023-03-24T17:58:55Z,2023-03-24T17:59:00Z,2.7388102017065954e-05,0.0028619765343747003,0.0028893646363917663,0
2023-03-24T17:58:55Z,2023-03-24T17:59:00Z,3.12975245907194e-05,0.0028549111609584613,0.0028862086855491807,0
2023-03-24T17:58:55Z,2023-03-24T17:59:00Z,4.032810973228582e-05,0.002842242262159838,0.002882570371892124,0
2023-03-24T17:58:55Z,2023-03-24T17:59:00Z,2.8097543882426874e-05,0.0028507918967995705,0.0028788894406819973,0
2023-03-24T17:58:55Z,2023-03-24T17:59:00Z,2.2353096814850537e-05,0.0028524290994561465,0.002874782196270997,0
2023-03-24T17:58:55Z,2023-03-24T17:59:00Z,3.304550830700564e-05,0.0028388180596093373,0.002871863567916343,0
2023-03-24T17:58:55Z,2023-03-24T17:59:00Z,2.911778832260332e-05,0.0028400091517065394,0.0028691269400291427,0
2023-03-24T17:58:55Z,2023-03-24T17:59:00Z,3.631332210046528e-05,0.0028291557392652322,0.0028654690613656975,0
2023-03-24T17:58:55Z,2023-03-24T17:59:00Z,2.8803506425049454e-05,0.002832666136457602,0.0028614696428826514,0
2023-03-24T17:58:55Z,2023-03-24T17:59:00Z,3.465037912158721e-05,0.002822082170507352,0.002856732549628939,0
2023-03-24T17:58:55Z,2023-03-24T17:59:00Z,3.3558240369314235e-05,0.002818774314168986,0.0028523325545383002,0
2023-03-24T17:58:55Z,2023-03-24T17:59:00Z,3.927847676818506e-05,0.0028083645628204337,0.002847643039588619,0
2023-03-24T17:58:55Z,2023-03-24T17:59:00Z,2.762937053895449e-05,0.002814988276786073,0.0028426176473250273,0
2023-03-24T17:58:55Z,2023-03-24T17:59:00Z,2.8096815558664463e-05,0.0028095882751316857,0.00283768509069035,0
2023-03-24T17:58:55Z,2023-03-24T17:59:00Z,2.5397400482784008e-05,0.0028083720020751803,0.0028337694025579643,0
2023-03-24T17:58:55Z,2023-03-24T17:59:00Z,2.3923021802188006e-05,0.0028060694736035444,0.0028299924954057324,0
2023-03-24T17:58:55Z,2023-03-24T17:59:00Z,2.149646292242931e-05,0.002805673510809582,0.0028271699737320113,0
2023-03-24T17:58:55Z,2023-03-24T17:59:00Z,2.231288660366681e-05,0.002801130218528676,0.0028234431051323426,0
2023-03-24T17:58:55Z,2023-03-24T17:59:00Z,2.3843345843787157e-05,0.002795703460234675,0.0028195468060784623,0
2023-03-24T17:58:55Z,2023-03-24T17:59:00Z,2.2784767542197853e-05,0.0027936213851128757,0.0028164061526550735,0
2023-03-24T17:58:55Z,2023-03-24T17:59:00Z,1.607471302573051e-05,0.0027966392986733548,0.0028127140116990853,0
2023-03-24T17:58:55Z,2023-03-24T17:59:00Z,9.78097713287768e-06,0.0027999718383868444,0.002809752815519722,0
2023-03-24T17:58:55Z,2023-03-24T17:59:00Z,1.714152743187425e-05,0.0027896090516058274,0.0028067505790377017,0
2023-03-24T17:58:55Z,2023-03-24T17:59:00Z,1.623811604136837e-05,0.002788669935319624,0.0028049080513609923,0
2023-03-24T17:58:55Z,2023-03-24T17:59:00Z,1.0119280280356056e-05,0.0027923583325337067,0.0028024776128140628,0
2023-03-24T17:58:55Z,2023-03-24T17:59:00Z,7.90769370818652e-06,0.002792928700147475,0.0028008363938556613,0
2023-03-24T17:58:55Z,2023-03-24T17:59:00Z,8.14852492977405e-06,0.0027908020402381906,0.0027989505651679646,0
2023-03-24T17:58:55Z,2023-03-24T17:59:00Z,2.8191969285175887e-06,0.0027947430703240965,0.002797562267252614,0
2023-03-24T17:58:55Z,2023-03-24T17:59:00Z,9.609539152986412e-06,0.0027864885646132114,0.002796098103766198,0
2023-03-24T17:58:55Z,2023-03-24T17:59:00Z,8.061659007960794e-06,0.0027870925778182834,0.002795154236826244,0
2023-03-24T17:58:55Z,2023-03-24T17:59:00Z,7.132795173987825e-06,0.0027864226961358918,0.0027935554913098796,0
2023-03-24T17:58:55Z,2023-03-24T17:59:00Z,5.8278115413539985e-06,0.0027982134994587004,0.0027923856879173464,0
2023-03-24T17:58:55Z,2023-03-24T17:59:00Z,1.8787876396412183e-05,0.0028104001673055273,0.002791612290909115,0
2023-03-24T17:58:55Z,2023-03-24T17:59:00Z,1.9638374490703846e-05,0.002811633341595304,0.0027919949671046003,0
2023-03-24T17:58:55Z,2023-03-24T17:59:00Z,1.4628250341543539e-05,0.002807769956498825,0.0027931417061572814,0
2023-03-24T17:58:55Z,2023-03-24T17:59:00Z,1.7522643058270546e-05,0.002811636141149591,0.0027941134980913203,0
2023-03-24T17:58:55Z,2023-03-24T17:59:00Z,8.397007600156447e-06,0.0028040239144325597,0.0027956269068324033,0
2023-03-24T17:58:55Z,2023-03-24T17:59:00Z,3.4185326917290926e-06,0.0028009592900099627,0.0027975407573182336,0
2023-03-24T17:58:55Z,2023-03-24T17:59:00Z,9.133499282444526e-06,0.002807646388425583,0.0027985128891431384,0
2023-03-24T17:58:55Z,2023-03-24T17:59:00Z,1.516036808498454e-05,0.0028143424730499964,0.002799182104965012,0
2023-03-24T17:58:55Z,2023-03-24T17:59:00Z,2.1631142310747642e-05,0.002822216942958042,0.0028005858006472945,0
2023-03-24T17:58:55Z,2023-03-24T17:59:00Z,3.289718728844782e-05,0.0028351162714962343,0.0028022190842077865,0
2023-03-24T17:58:55Z,2023-03-24T17:59:00Z,3.544648617941418e-05,0.0028406429352492695,0.0028051964490698553,0
2023-03-24T17:58:55Z,2023-03-24T17:59:00Z,3.384120880058723e-05,0.002843039632343605,0.0028091984235430177,0
2023-03-24T17:58:55Z,2023-03-24T17:59:00Z,4.130554561894125e-05,0.0028550223224214077,0.0028137167768024665,0
2023-03-24T17:58:55Z,2023-03-24T17:59:00Z,4.6999700476472225e-05,0.002864451988352681,0.002817452287876209,0
2023-03-24T17:58:55Z,2023-03-24T17:59:00Z,4.6957383804365274e-05,0.0028681281846068968,0.0028211708008025315,0
2023-03-24T17:58:55Z,2023-03-24T17:59:00Z,4.6104383309158656e-05,0.0028716767380081386,0.00282557235469898,0
2023-03-24T17:58:55Z,2023-03-24T17:59:00Z,4.9366052297823097e-05,0.0028799682593391423,0.002830602207041319,0
2023-03-24T17:58:55Z,2023-03-24T17:59:00Z,5.2215346593300054e-05,0.0028878209367061646,0.0028356055901128645,0
2023-03-24T17:58:55Z,2023-03-24T17:59:00Z,5.504047873100201e-05,0.0028969747642527484,0.0028419342855217464,0
2023-03-24T17:58:55Z,2023-03-24T17:59:00Z,5.022111167602046e-05,0.002899393867755784,0.0028491727560797635,0
2023-03-24T17:58:55Z,2023-03-24T17:59:00Z,3.7080306680758145e-05,0.002893697094079452,0.0028566167873986937,0
2023-03-24T17:58:55Z,2023-03-24T17:59:00Z,3.5108468582610054e-05,0.002898812872206786,0.002863704403624176,0
2023-03-24T17:58:55Z,2023-03-24T17:59:00Z,3.2556857599977135e-05,0.0029022179404842707,0.0028696610828842935,0
2023-03-24T17:58:55Z,2023-03-24T17:59:00Z,3.214133403607036e-05,0.002907110466979577,0.0028749691329435067,0
2023-03-24T17:58:55Z,2023-03-24T17:59:00Z,3.021394274547312e-05,0.00291031432612523,0.0028801003833797568,0
2023-03-24T17:58:55Z,2023-03-24T17:59:00Z,2.2434721387274998e-05,0.002907874340986696,0.002885439619599421,0
2023-03-24T17:58:55Z,2023-03-24T17:59:00Z,1.6798488440781904e-05,0.0029068457750155213,0.0028900472865747394,0
2023-03-24T17:58:55Z,2023-03-24T17:59:00Z,2.5777995180905396e-05,0.0029194438111418124,0.002893665815960907,0
2023-03-24T17:58:55Z,2023-03-24T17:59:00Z,3.2855846074271444e-06,0.00290017786643572,0.0028968922818282928,0
2023-03-24T17:58:55Z,2023-03-24T17:59:00Z,1.0695212818534298e-06,0.0029019423925379525,0.002900872871256099,0
2023-03-24T17:58:55Z,2023-03-24T17:59:00Z,3.5369503616853454e-06,0.0028990200548191284,0.0029025570051808137,0
2023-03-24T17:58:55Z,2023-03-24T17:59:00Z,1.8895711810502144e-05,0.002884838081356294,0.002903733793166796,0
2023-03-24T17:58:55Z,2023-03-24T17:59:00Z,2.6635439678292152e-05,0.0028772687943690355,0.0029039042340473276,0
2023-03-24T17:58:55Z,2023-03-24T17:59:00Z,2.5299020139365764e-05,0.002877392231708004,0.0029026912518473696,0
2023-03-24T17:58:55Z,2023-03-24T17:59:00Z,2.620713112713594e-05,0.002875115095744366,0.002901322226871502,0
2023-03-24T17:58:55Z,2023-03-24T17:59:00Z,3.105589342631502e-05,0.0028684812800702886,0.0028995371734966036,0
2023-03-24T17:58:55Z,2023-03-24T17:59:00Z,3.6160254473402344e-05,0.0028611183486282094,0.0028972786031016117,0
2023-03-24T17:58:55Z,2023-03-24T17:59:00Z,3.6993798687664104e-05,0.0028570657055048392,0.0028940595041925033,0
2023-03-24T17:58:55Z,2023-03-24T17:59:00Z,4.4133319447180967e-05,0.0028458265199539047,0.0028899598394010856,0
2023-03-24T17:58:55Z,2023-03-24T17:59:00Z,3.83207708197688e-05,0.0028474050156244955,0.0028857257864442643,0
2023-03-24T17:58:55Z,2023-03-24T17:59:00Z,3.911168646063452e-05,0.002841529162061828,0.0028806408485224626,0
2023-03-24T17:58:55Z,2023-03-24T17:59:00Z,3.916599382780637e-05,0.0028354716217348793,0.0028746376155626857,0
2023-03-24T17:58:55Z,2023-03-24T17:59:00Z,3.377453825466597e-05,0.0028359756852768627,0.0028697502235315287,0
2023-03-24T17:58:55Z,2023-03-24T17:59:00Z,3.3267576273573584e-05,0.002830943416357699,0.0028642109926312726,0
2023-03-24T17:58:55Z,2023-03-24T17:59:00Z,2.3850214284770223e-05,0.002835107080884647,0.002858957295169417,0
2023-03-24T17:58:55Z,2023-03-24T17:59:00Z,1.3230825894194106e-05,0.0028412352471920066,0.0028544660730862007,0
2023-03-24T17:58:55Z,2023-03-24T17:59:00Z,1.0781381842217639e-05,0.0028401712151202843,0.002850952596962502,0
2023-03-24T17:58:55Z,2023-03-24T17:59:00Z,2.091095695445997e-06,0.0028458484192240563,0.0028479395149195023,0
2023-03-24T17:58:55Z,2023-03-24T17:59:00Z,1.064768283498465e-05,0.0028343798420325103,0.002845027524867495,0
2023-03-24T17:58:55Z,2023-03-24T17:59:00Z,4.989600988682813e-06,0.0028381518521416265,0.0028431414531303093,0
2023-03-24T17:58:55Z,2023-03-24T17:59:00Z,5.037490638309765e-06,0.002835875753609025,0.0028409132442473346,0
2023-03-24T17:58:55Z,2023-03-24T17:59:00Z,1.5321171489943337e-06,0.0028408692069493945,0.0028393370898004,0
2023-03-24T17:58:55Z,2023-03-24T17:59:00Z,3.155073103538325e-06,0.0028416629323751983,0.00283850785927166,0
2023-03-24T17:58:55Z,2023-03-24T17:59:00Z,1.668775647005157e-05,0.0028546509650187865,0.002837963208548735,0
2023-03-24T17:58:55Z,2023-03-24T17:59:00Z,4.512338411215636e-06,0.0028424866944860645,0.002837974356074849,0
2023-03-24T17:58:55Z,2023-03-24T17:59:00Z,6.048241109487228e-07,0.002838967810570893,0.0028395726346818416,0
2023-03-24T17:58:55Z,2023-03-24T17:59:00Z,2.0759541431315115e-06,0.002838039264639477,0.0028401152187826086,0
2023-03-24T17:58:55Z,2023-03-24T17:59:00Z,9.015942521050594e-06,0.002831767975779324,0.0028407839183003745,0
2023-03-24T17:58:55Z,2023-03-24T17:59:00Z,1.1139420012441347e-05,0.0028298888469341687,0.00284102826694661,0
2023-03-24T17:58:55Z,2023-03-24T17:59:00Z,1.270212076250922e-05,0.0028275372068997107,0.00284023932766222,0
2023-03-24T17:58:55Z,2023-03-24T17:59:00Z,2.888775220263439e-05,0.002810494711444076,0.0028393824636467105,0
2023-03-24T17:58:55Z,2023-03-24T17:59:00Z,3.1962617144372894e-05,0.0028058939121419755,0.0028378565292863484,0
2023-03-24T17:58:55Z,2023-03-24T17:59:00Z,4.1653003820633916e-05,0.002794213097916678,0.002835866101737312,0
2023-03-24T17:58:55Z,2023-03-24T17:59:00Z,4.127651046464346e-05,0.002791901429606031,0.0028331779400706746,0
2023-03-24T17:58:55Z,2023-03-24T17:59:00Z,3.855319290482729e-05,0.002791152859191485,0.0028297060520963125,0
2023-03-24T17:58:55Z,2023-03-24T17:59:00Z,4.49916752493589e-05,0.0027806337287350066,0.0028256254039843655,0
2023-03-24T17:58:55Z,2023-03-24T17:59:00Z,4.049989000161824e-05,0.002780916341217438,0.0028214162312190563,0
2023-03-24T17:58:55Z,2023-03-24T17:59:00Z,4.214092278934838e-05,0.0027731072054060597,0.002815248128195408,0
2023-03-24T17:58:55Z,2023-03-24T17:59:00Z,3.6693966621113416e-05,0.0027734232988019083,0.0028101172654230217,0
2023-03-24T17:58:55Z,2023-03-24T17:59:00Z,2.4883110286511977e-05,0.0027797457713727735,0.0028046288816592855,0
2023-03-24T17:58:55Z,2023-03-24T17:59:00Z,2.2484462346350573e-05,0.002776759755493138,0.0027992442178394884,0
2023-03-24T17:58:55Z,2023-03-24T17:59:00Z,1.8798139242507273e-05,0.0027761108948964348,0.002794909034138942,0
2023-03-24T17:58:55Z,2023-03-24T17:59:00Z,1.4374834561031117e-05,0.0027761067752911594,0.0027904816098521905,0
2023-03-24T17:58:55Z,2023-03-24T17:59:00Z,5.418434890701231e-06,0.0027807776489612154,0.0027861960838519166,0
2023-03-24T17:58:55Z,2023-03-24T17:59:00Z,1.9723116356650146e-06,0.0027853027341415053,0.0027833304225058403,0
2023-03-24T17:58:55Z,2023-03-24T17:59:00Z,8.083593272037275e-06,0.0027731538073020733,0.0027812374005741105,0
2023-03-24T17:58:55Z,2023-03-24T17:59:00Z,2.763105401691092e-07,0.002780218559719344,0.002780494870259513,0
2023-03-24T17:58:55Z,2023-03-24T17:59:00Z,7.629139147445618e-06,0.0027713034292534042,0.00277893256840085,0
2023-03-24T17:58:55Z,2023-03-24T17:59:00Z,2.1302368565997987e-07,0.0027778083530925115,0.0027780213767781715,0
2023-03-24T17:58:55Z,2023-03-24T17:59:00Z,6.043754362110385e-06,0.0027832876061834816,0.0027772438518213712,0
2023-03-24T17:58:55Z,2023-03-24T17:59:00Z,6.513798797828756e-06,0.002783498651608789,0.0027769848528109604,0
2023-03-24T17:58:55Z,2023-03-24T17:59:00Z,6.765502247133796e-06,0.002784598721789546,0.0027778332195424124,0
2023-03-24T17:58:55Z,2023-03-24T17:59:00Z,1.253424959138166e-05,0.0027912070818677005,0.002778672832276319,0
2023-03-24T17:58:55Z,2023-03-24T17:59:00Z,1.5704106992924134e-05,0.002794781351803974,0.00277907724481105,0
2023-03-24T17:58:55Z,2023-03-24T17:59:00Z,1.9677357766275e-05,0.002799958546441872,0.002780281188675597,0
2023-03-24T17:58:55Z,2023-03-24T17:59:00Z,1.753099344496429e-05,0.0027993680535295233,0.002781837060084559,0
2023-03-24T17:58:55Z,2023-03-24T17:59:00Z,3.471896571065206e-05,0.0028185436733911035,0.0027838247076804514,0
2023-03-24T17:58:55Z,2023-03-24T17:59:00Z,3.2144798672772024e-05,0.002817518706733916,0.002785373908061144,0
2023-03-24T17:58:55Z,2023-03-24T17:59:00Z,2.806708899000818e-05,0.0028162110753219526,0.0027881439863319444,0
2023-03-24T17:58:55Z,2023-03-24T17:59:00Z,1.759839100590882e-05,0.002809439452290506,0.0027918410612845974,0
2023-03-24T17:58:55Z,2023-03-24T17:59:00Z,1.3121341805177964e-05,0.002807961779389992,0.002794840437584814,0
2023-03-24T17:58:55Z,2023-03-24T17:59:00Z,9.2818417793618e-06,0.0028073002812839345,0.0027980184395045727,0
2023-03-24T17:58:55Z,2023-03-24T17:59:00Z,1.0932429494550991e-05,0.0028114636545239144,0.0028005312250293634,0
2023-03-24T17:58:55Z,2023-03-24T17:59:00Z,9.210975056188949e-06,0.0028117432563439233,0.0028025322812877344,0
2023-03-24T17:58:55Z,2023-03-24T17:59:00Z,1.0346452612172187e-05,0.0028152091508095002,0.002804862698197328,0
2023-03-24T17:58:55Z,2023-03-24T17:59:00Z,8.152376110645652e-06,0.0028152771188541714,0.002807124742743526,0
2023-03-24T17:58:55Z,2023-03-24T17:59:00Z,7.862266428541962e-06,0.002816987181583885,0.002809124915155343,0
2023-03-24T17:58:55Z,2023-03-24T17:59:00Z,3.882329977152564e-06,0.0028069505657657067,0.0028108328957428593,0
2023-03-24T17:58:55Z,2023-03-24T17:59:00Z,2.9875319095631382e-06,0.002809264416761797,0.00281225194867136,0
2023-03-24T17:58:55Z,2023-03-24T17:59:00Z,6.758633725194221e-06,0.0028061251909658478,0.002812883824691042,0
2023-03-24T17:58:55Z,2023-03-24T17:59:00Z,1.6248707968098165e-05,0.002795861845337168,0.0028121105533052662,0
2023-03-24T17:58:55Z,2023-03-24T17:59:00Z,1.4623915046400697e-05,0.002796537178611527,0.0028111610936579277,0
2023-03-24T17:58:55Z,2023-03-24T17:59:00Z,7.67710568583442e-06,0.0028017882188066945,0.002809465324492529,0
2023-03-24T17:58:55Z,2023-03-24T17:59:00Z,1.4906160441498055e-05,0.002793483974577783,0.002808390135019281,0
2023-03-24T17:58:55Z,2023-03-24T17:59:00Z,1.7761419320349095e-05,0.00279011425231699,0.002807875671637339,0
2023-03-24T17:58:55Z,2023-03-24T17:59:00Z,2.7606194022275574e-05,0.0027791181187228845,0.00280672431274516,0
2023-03-24T17:58:55Z,2023-03-24T17:59:00Z,2.7080444775869853e-05,0.002777864751118713,0.0028049451958945828,0
2023-03-24T17:58:55Z,2023-03-24T17:59:00Z,2.5153579091647445e-05,0.0027770728553345157,0.002802226434426163,0
2023-03-24T17:58:55Z,2023-03-24T17:59:00Z,1.3643742110165669e-05,0.0027854706590084316,0.0027991144011185972,0
2023-03-24T17:58:55Z,2023-03-24T17:59:00Z,9.648147684422105e-06,0.0027862825648075373,0.0027959307124919594,0
2023-03-24T17:58:55Z,2023-03-24T17:59:00Z,2.9009875074791254e-06,0.002790403348103192,0.002793304335610671,0
2023-03-24T17:58:55Z,2023-03-24T17:59:00Z,3.9233800105337516e-06,0.0027876586221869575,0.0027915820021974912,0
2023-03-24T17:58:55Z,2023-03-24T17:59:00Z,1.0093539586659723e-05,0.002779916706889281,0.0027900102464759407,0
2023-03-24T17:58:55Z,2023-03-24T17:59:00Z,5.277689395830499e-06,0.002793749055140197,0.0027884713657443665,0
2023-03-24T17:58:55Z,2023-03-24T17:59:00Z,6.53599729601639e-06,0.0027806066069110255,0.002787142604207042,0
2023-03-24T17:58:55Z,2023-03-24T17:59:00Z,4.8887252351429746e-06,0.0027820215353492883,0.0027869102605844313,0
2023-03-24T17:58:55Z,2023-03-24T17:59:00Z,2.435066103213899e-06,0.0027875801923630057,0.002785145126259792,0
2023-03-24T17:58:55Z,2023-03-24T17:59:00Z,7.406089482890881e-06,0.00277678383350786,0.002784189922990751,0
2023-03-24T17:58:55Z,2023-03-24T17:59:00Z,6.1322121710795895e-06,0.0027778465391568394,0.002783978751327919,0
2023-03-24T17:58:55Z,2023-03-24T17:59:00Z,2.141641051453449e-06,0.0027816425865085466,0.00278378422756,0
2023-03-24T17:58:55Z,2023-03-24T17:59:00Z,1.2172419568611155e-05,0.0027716102903279,0.002783782709896511,0
2023-03-24T17:58:55Z,2023-03-24T17:59:00Z,1.936062389884573e-05,0.0027648028969288344,0.00278416352082768,0
2023-03-24T17:58:55Z,2023-03-24T17:59:00Z,2.8902698198422175e-05,0.0027541057919058805,0.0027830084901043026,0
2023-03-24T17:58:55Z,2023-03-24T17:59:00Z,2.3772569413683334e-05,0.002757445948367394,0.0027812185177810774,0
2023-03-24T17:58:55Z,2023-03-24T17:59:00Z,2.5368242965474568e-05,0.002752825478465827,0.0027781937214313014,0
2023-03-24T17:58:55Z,2023-03-24T17:59:00Z,1.2227442425676461e-05,0.002763448556187328,0.0027756759986130044,0
2023-03-24T17:58:55Z,2023-03-24T17:59:00Z,1.4399463586747992e-05,0.002759018932657636,0.002773418396244384,0
2023-03-24T17:58:55Z,2023-03-24T17:59:00Z,4.413154614541642e-06,0.0027664802000504363,0.002770893354664978,0
2023-03-24T17:58:55Z,2023-03-24T17:59:00Z,2.8314802321348885e-06,0.0027662629015783938,0.0027690943818105287,0
2023-03-24T17:58:55Z,2023-03-24T17:59:00Z,5.06693659028121e-06,0.0027728662071259055,0.0027677992705356243,0
2023-03-24T17:58:55Z,2023-03-24T17:59:00Z,3.701487205040252e-06,0.0027697243168419467,0.0027660228296369064,0
2023-03-24T17:58:55Z,2023-03-24T17:59:00Z,1.3678327527002088e-05,0.002779374688298746,0.002765696360771744,0
2023-03-24T17:58:55Z,2023-03-24T17:59:00Z,1.7962195213441605e-05,0.002782981704125611,0.0027650195089121694,0
2023-03-24T17:58:55Z,2023-03-24T17:59:00Z,1.4726826899423996e-05,0.00277955734429411,0.002764830517394686,0
2023-03-24T17:58:55Z,2023-03-24T17:59:00Z,1.4350565205760012e-05,0.0027801287004169217,0.0027657781352111617,0
2023-03-24T17:58:55Z,2023-03-24T17:59:00Z,1.7916668968441605e-05,0.002784924341460043,0.002767007672491601,0
2023-03-24T17:58:55Z,2023-03-24T17:59:00Z,1.836899180497403e-05,0.0027875452400058284,0.0027691762482008543,0
2023-03-24T17:58:55Z,2023-03-24T17:59:00Z,3.6540970074535294e-05,0.0028080070843664443,0.002771466114291909,0
2023-03-24T17:58:55Z,2023-03-24T17:59:00Z,4.1805250854125894e-05,0.0028161646786077016,0.0027743594277535757,0
2023-03-24T17:58:55Z,2023-03-24T17:59:00Z,3.8465042190014617e-05,0.002816537680625183,0.0027780726384351684,0
2023-03-24T17:58:55Z,2023-03-24T17:59:00Z,3.5486460287634334e-05,0.0028183212442186413,0.002782834783931007,0
2023-03-24T17:58:55Z,2023-03-24T17:59:00Z,2.4447095189525023e-05,0.0028114533358350943,0.0027870062406455693,0
2023-03-24T17:58:55Z,2023-03-24T17:59:00Z,1.9942081876348373e-05,0.0028112865177419384,0.00279134443586559,0
2023-03-24T17:58:55Z,2023-03-24T17:59:00Z,8.76985545510394e-06,0.002803329885379793,0.002794560029924689,0
2023-03-24T17:58:55Z,2023-03-24T17:59:00Z,3.7611521234706333e-06,0.002801784698789826,0.002798023546666355,0
2023-03-24T17:58:55Z,2023-03-24T17:59:00Z,1.2249449280214361e-05,0.00281226926236999,0.0028000198130897756,0
2023-03-24T17:58:55Z,2023-03-24T17:59:00Z,1.735446890280051e-05,0.002818941198214594,0.0028015867293117937,0
2023-03-24T17:58:55Z,2023-03-24T17:59:00Z,1.8428592906061508e-05,0.0028227413153908455,0.002804312722484784,0
2023-03-24T17:58:55Z,2023-03-24T17:59:00Z,3.087678192685269e-05,0.0028384238792281092,0.0028075470973012565,0
2023-03-24T17:58:55Z,2023-03-24T17:59:00Z,3.0339999472078338e-05,0.002841038511267568,0.0028106985117954896,0
2023-03-24T17:58:55Z,2023-03-24T17:59:00Z,3.409749258360961e-05,0.002849035890980956,0.0028149383983973463,0
2023-03-24T17:58:55Z,2023-03-24T17:59:00Z,4.433786007711606e-05,0.00286202887738289,0.0028176910173057738,0
2023-03-24T17:58:55Z,2023-03-24T17:59:00Z,5.044113038647985e-05,0.002870871415390025,0.002820430285003545,0
2023-03-24T17:58:55Z,2023-03-24T17:59:00Z,6.08919158578327e-05,0.0028851131339245194,0.0028242212180666867,0
2023-03-24T17:58:55Z,2023-03-24T17:59:00Z,6.121358020781285e-05,0.0028898139792054483,0.0028286003989976354,0
2023-03-24T17:58:55Z,2023-03-24T17:59:00Z,5.8098312922569284e-05,0.002892837028427657,0.0028347387155050877,0
2023-03-24T17:58:55Z,2023-03-24T17:59:00Z,5.667416023688761e-05,0.0028979568308639347,0.002841282670627047,0
2023-03-24T17:58:55Z,2023-03-24T17:59:00Z,4.655034336372007e-05,0.0028952919425780893,0.002848741599214369,0
2023-03-24T17:58:55Z,2023-03-24T17:59:00Z,4.341959212990224e-05,0.00290017553568378,0.0028567559435538777,0
2023-03-24T17:58:55Z,2023-03-24T17:59:00Z,3.643881727554256e-05,0.002900113317513429,0.0028636745002378864,0
2023-03-24T17:58:55Z,2023-03-24T17:59:00Z,3.69373730764312e-05,0.00290738140143675,0.0028704440283603186,0
2023-03-24T17:58:55Z,2023-03-24T17:59:00Z,2.721397590741857e-05,0.002904105671111286,0.0028768916952038675,0
2023-03-24T17:58:55Z,2023-03-24T17:59:00Z,3.5289629979043304e-05,0.0029179277853669645,0.002882638155387921,0
2023-03-24T17:58:55Z,2023-03-24T17:59:00Z,4.102634530872085e-05,0.0029289200973502847,0.002887893752041564,0
2023-03-24T17:58:55Z,2023-03-24T17:59:00Z,2.937581652416501e-05,0.0029230105597645626,0.0028936347432403976,0
2023-03-24T17:58:55Z,2023-03-24T17:59:00Z,2.9684148440568305e-05,0.002928893160011582,0.0028992090115710135,0
2023-03-24T17:58:55Z,2023-03-24T17:59:00Z,3.1880033228923275e-05,0.0029354339734978152,0.002903553940268892,0
2023-03-24T17:58:55Z,2023-03-24T17:59:00Z,2.649144769541591e-05,0.0029336937234715633,0.0029072022757761474,0
2023-03-24T17:58:55Z,2023-03-24T17:59:00Z,3.295407923870801e-05,0.002943958021205886,0.002911003941967178,0
2023-03-24T17:58:55Z,2023-03-24T17:59:00Z,3.740763634054855e-05,0.0029518163028947183,0.0029144086665541698,0
2023-03-24T17:58:55Z,2023-03-24T17:59:00Z,4.4540569942519426e-05,0.0029627826690251853,0.002918242099082666,0
2023-03-24T17:58:55Z,2023-03-24T17:59:00Z,3.699944870796902e-05,0.0029599519111503545,0.0029229524624423855,0
2023-03-24T17:58:55Z,2023-03-24T17:59:00Z,3.1374582632191436e-05,0.0029595443061863607,0.0029281697235541693,0
2023-03-24T17:58:55Z,2023-03-24T17:59:00Z,1.9190580388495602e-05,0.0029523468534124087,0.002933156273023913,0
2023-03-24T17:58:55Z,2023-03-24T17:59:00Z,1.0013715159893233e-05,0.0029475168969129405,0.0029375031817530472,0
2023-03-24T17:58:55Z,2023-03-24T17:59:00Z,1.4867428457376354e-05,0.002956390708735517,0.0029415232802781407,0
2023-03-24T17:58:55Z,2023-03-24T17:59:00Z,1.0365024397672278e-05,0.0029543540639713106,0.0029439890395736384,0
2023-03-24T17:58:55Z,2023-03-24T17:59:00Z,5.0883708520377616e-06,0.002951366628041112,0.0029462782571890744,0
2023-03-24T17:58:55Z,2023-03-24T17:59:00Z,1.394597201120635e-06,0.0029502848130740908,0.00294889021587297,0
2023-03-24T17:58:55Z,2023-03-24T17:59:00Z,2.8102256628415034e-06,0.002947952779212589,0.0029507630048754307,0
2023-03-24T17:58:55Z,2023-03-24T17:59:00Z,3.6454691794939043e-06,0.002948355105660627,0.002952000574840121,0
2023-03-24T17:58:55Z,2023-03-24T17:59:00Z,3.3056096115013575e-07,0.0029535193904463557,0.0029531888294852056,0
2023-03-24T17:58:55Z,2023-03-24T17:59:00Z,4.132664968602758e-06,0.0029576879181583706,0.002953555253189768,0
2023-03-24T17:58:55Z,2023-03-24T17:59:00Z,1.5097067438594146e-06,0.0029552068838962645,0.002953697177152405,0
2023-03-24T17:58:55Z,2023-03-24T17:59:00Z,1.945499250593282e-06,0.002955218113830763,0.0029532726145801696,0
2023-03-24T17:58:55Z,2023-03-24T17:59:00Z,9.990871652338067e-06,0.0029428863239899907,0.0029528771956423287,0
2023-03-24T17:58:55Z,2023-03-24T17:59:00Z,1.103834088378745e-05,0.0029414783387289077,0.002952516679612695,0
2023-03-24T17:58:55Z,2023-03-24T17:59:00Z,7.910132527467594e-06,0.0029438181696333603,0.002951728302160828,0
2023-03-24T17:58:55Z,2023-03-24T17:59:00Z,6.338638183299872e-06,0.002944886450795525,0.0029512250889788248,0
2023-03-24T17:58:55Z,2023-03-24T17:59:00Z,3.5498291199973116e-06,0.0029466275482669816,0.002950177377386979,0
2023-03-24T17:58:55Z,2023-03-24T17:59:00Z,5.205342003574212e-06,0.002944183067618755,0.0029493884096223294,0
2023-03-24T17:58:55Z,2023-03-24T17:59:00Z,7.261186114079169e-06,0.0029417323001937395,0.0029489934863078187,0
2023-03-24T17:58:55Z,2023-03-24T17:59:00Z,1.0724328590541211e-05,0.0029377606789293327,0.002948485007519874,0
2023-03-24T17:58:55Z,2023-03-24T17:59:00Z,1.3260626898299946e-05,0.002934706007370003,0.002947966634268303,0
2023-03-24T17:58:55Z,2023-03-24T17:59:00Z,1.8009597568871376e-05,0.0029290741678051576,0.002947083765374029,0
2023-03-24T17:58:55Z,2023-03-24T17:59:00Z,2.5880946947747906e-05,0.0029196350365032512,0.002945515983450999,0
2023-03-24T17:58:55Z,2023-03-24T17:59:00Z,3.548604882888445e-05,0.0029076454554260137,0.002943131504254898,0
2023-03-24T17:58:55Z,2023-03-24T17:59:00Z,4.973559305507637e-05,0.002890431590583737,0.0029401671836388134,0
2023-03-24T17:58:55Z,2023-03-24T17:59:00Z,6.171422855050972e-05,0.0028744885668879087,0.0029362027954384184,1
2023-03-24T17:58:55Z,2023-03-24T17:59:00Z,6.745525966377714e-05,0.0028643763079907866,0.0029318315676545637,1
2023-03-24T17:58:55Z,2023-03-24T17:59:00Z,7.869778280134888e-05,0.002847551303866465,0.0029262490866678137,1
2023-03-24T17:58:55Z,2023-03-24T17:59:00Z,9.04778741036903e-05,0.0028291510574272425,0.0029196289315309328,1
2023-03-24T17:58:55Z,2023-03-24T17:59:00Z,9.380547399441856e-05,0.0028177121952924255,0.002911517669286844,1
2023-03-24T17:58:55Z,2023-03-24T17:59:00Z,9.773208049901035e-05,0.0028039958812178566,0.002901727961716867,1
2023-03-24T17:58:55Z,2023-03-24T17:59:00Z,0.00011020050825355033,0.0027809882141027887,0.002891188722356339,1
2023-03-24T17:58:55Z,2023-03-24T17:59:00Z,0.00011495232317883589,0.002764758364262846,0.002879710687441682,1
2023-03-24T17:58:55Z,2023-03-24T17:59:00Z,0.000120217701868625,0.002746428613504178,0.002866646315372803,1
2023-03-24T17:58:55Z,2023-03-24T17:59:00Z,0.00011347457787377674,0.0027390094339067635,0.0028524840117805403,1
2023-03-24T17:58:55Z,2023-03-24T17:59:00Z,0.00010180041643159665,0.002735463132490528,0.002837263548922125,1
2023-03-24T17:58:55Z,2023-03-24T17:59:00Z,8.394928846887232e-05,0.002738262126903545,0.0028222114153724173,1
2023-03-24T17:58:55Z,2023-03-24T17:59:00Z,8.36378502847763e-05,0.002724225038176351,0.002807862888461127,1
2023-03-24T17:58:55Z,2023-03-24T17:59:00Z,8.758042328164527e-05,0.002707601676539466,0.0027951820998211112,1
2023-03-24T17:58:55Z,2023-03-24T17:59:00Z,9.968093792803515e-05,0.0026829792011671127,0.002782660139095148,1
2023-03-24T17:58:55Z,2023-03-24T17:59:00Z,0.00010384550599008835,0.002665750080484116,0.0027695955864742044,1
2023-03-24T17:58:55Z,2023-03-24T17:59:00Z,0.00010706057391212873,0.0026488206706704633,0.002755881244582592,1
2023-03-24T17:58:55Z,2023-03-24T17:59:00Z,0.00010706105660358411,0.0026352034399004143,0.0027422644965039984,1
2023-03-24T17:58:55Z,2023-03-24T17:59:00Z,0.00011308394128851582,0.002615106261496986,0.0027281902027855016,1
2023-03-24T17:58:55Z,2023-03-24T17:59:00Z,0.0001197626192399933,0.002594361546769055,0.002714124166009048,1
2023-03-24T17:58:55Z,2023-03-24T17:59:00Z,0.00012809469384860188,0.002572205976109962,0.002700300669958564,1
2023-03-24T17:58:55Z,2023-03-24T17:59:00Z,0.00013650711623815464,0.00254959381892926,0.0026861009351674147,1
2023-03-24T17:58:55Z,2023-03-24T17:59:00Z,0.0001418127550504105,0.0025297696270008196,0.00267158238205123,1
2023-03-24T17:58:55Z,2023-03-24T17:59:00Z,0.0001442371447948178,0.0025115606026749533,0.002655797747469771,1
2023-03-24T17:58:55Z,2023-03-24T17:59:00Z,0.0001506549954442783,0.002488001626568017,0.0026386566220122955,1
2023-03-24T17:58:55Z,2023-03-24T17:59:00Z,0.00015783258654924722,0.0024619322417773325,0.0026197648283265798,1
2023-03-24T17:58:55Z,2023-03-24T17:59:00Z,0.0001619532036494396,0.002438126340376446,0.0026000795440258855,1
2023-03-24T17:58:55Z,2023-03-24T17:59:00Z,0.00016129721138377455,0.0024183098797452666,0.002579607091129041,1
2023-03-24T17:58:55Z,2023-03-24T17:59:00Z,0.00015110304677909067,0.0024080996392840614,0.002559202686063152,1
2023-03-24T17:58:55Z,2023-03-24T17:59:00Z,0.0001483811628489773,0.002390201506485937,0.0025385826693349145,1
2023-03-24T17:58:55Z,2023-03-24T17:59:00Z,0.00014906037534901393,0.002369462208037034,0.002518522583386048,1
2023-03-24T17:58:55Z,2023-03-24T17:59:00Z,0.000144380048792421,0.0023537257068090866,0.0024981057556015076,1
2023-03-24T17:58:55Z,2023-03-24T17:59:00Z,0.0001368671725928668,0.002340768245220312,0.0024776354178131788,1
2023-03-24T17:58:55Z,2023-03-24T17:59:00Z,0.0001294853707086356,0.0023280970604412123,0.002457582431149848,1
2023-03-24T17:58:55Z,2023-03-24T17:59:00Z,0.00012435722767321477,0.0023139387259024963,0.002438295953575711,1
2023-03-24T17:58:55Z,2023-03-24T17:59:00Z,0.00012154902953365795,0.0022982888608347155,0.0024198378903683734,1
2023-03-24T17:58:55Z,2023-03-24T17:59:00Z,0.00011814770550360853,0.0022837042764399045,0.002401851981943513,1
2023-03-24T17:58:55Z,2023-03-24T17:59:00Z,0.00011020700083135167,0.0022738723359588078,0.0023840793367901594,1
2023-03-24T17:58:55Z,2023-03-24T17:59:00Z,0.00010937558887847169,0.0022576789687343453,0.002367054557612817,1
2023-03-24T17:58:55Z,2023-03-24T17:59:00Z,0.00010759781356010347,0.002243785085234503,0.0023513828987946064,1
2023-03-24T17:58:55Z,2023-03-24T17:59:00Z,0.00010345827041262053,0.002232887347411811,0.0023363456178244315,1
2023-03-24T17:58:55Z,2023-03-24T17:59:00Z,0.00010111660957976649,0.0022206852753687677,0.0023218018849485342,1
2023-03-24T17:58:55Z,2023-03-24T17:59:00Z,9.777633255662454e-05,0.0022094245280692222,0.0023072008606258468,1
2023-03-24T17:58:55Z,2023-03-24T17:59:00Z,9.275158210282023e-05,0.002200322925929929,0.002293074508032749,1
2023-03-24T17:58:55Z,2023-03-24T17:59:00Z,7.674647491993664e-05,0.0022029915597821617,0.0022797380347020983,1
2023-03-24T17:58:55Z,2023-03-24T17:59:00Z,6.437022446999577e-05,0.00220258424515884,0.0022669544696288357,1
2023-03-24T17:58:55Z,2023-03-24T17:59:00Z,5.74594848110491e-05,0.002198013594364607,0.002255473079175656,1
2023-03-24T17:58:55Z,2023-03-24T17:59:00Z,4.6221792744793357e-05,0.002198791885157332,0.002245013677902125,1
2023-03-24T17:58:55Z,2023-03-24T17:59:00Z,3.983458998662367e-05,0.0021955186602873444,0.002235353250273968,1
2023-03-24T17:58:55Z,2023-03-24T17:59:00Z,3.2787345059558885e-05,0.0021942744905746273,0.002227061835634186,1
2023-03-24T17:58:55Z,2023-03-24T17:59:00Z,2.9011658635840973e-05,0.0021907013756522985,0.0022197130342881395,1
2023-03-24T17:58:55Z,2023-03-24T17:59:00Z,2.831824365816726e-05,0.002184761636847957,0.0022130798805061244,1
2023-03-24T17:58:55Z,2023-03-24T17:59:00Z,2.9072800811498056e-05,0.0021784256136044553,0.0022074984144159534,1
2023-03-24T17:58:55Z,2023-03-24T17:59:00Z,2.9185357601534036e-05,0.0021733944361155403,0.0022025797937170744,1
2023-03-24T17:58:55Z,2023-03-24T17:59:00Z,2.5398963884777376e-05,0.0021726423520150176,0.002198041315899795,1
2023-03-24T17:58:55Z,2023-03-24T17:59:00Z,2.665240020149418e-05,0.002167448012427199,0.002194100412628693,1
2023-03-24T17:58:55Z,2023-03-24T17:59:00Z,2.7573291817808987e-05,0.002163461939473034,0.002191035231290843,1
2023-03-24T17:58:55Z,2023-03-24T17:59:00Z,2.1741388311432956e-05,0.0021665542668541826,0.0021882956551656156,1
2023-03-24T17:58:55Z,2023-03-24T17:59:00Z,2.2399832839117752e-05,0.0021626016873007364,0.002185001520139854,1
2023-03-24T17:58:55Z,2023-03-24T17:59:00Z,2.8130708954559464e-05,0.00215386831299324,0.0021819990219477995,1
2023-03-24T17:58:55Z,2023-03-24T17:59:00Z,1.8355737882732627e-05,0.002160692291809745,0.0021790480296924775,1
2023-03-24T17:58:55Z,2023-03-24T17:59:00Z,4.0442385219651225e-06,0.0021712601601568374,0.0021753043986788025,0
2023-03-24T17:58:55Z,2023-03-24T17:59:00Z,1.1496287239499709e-05,0.0021838984885451693,0.0021724022013056695,0
2023-03-24T17:58:55Z,2023-03-24T17:59:00Z,2.6976260744946638e-05,0.0021974606011824667,0.00217048434043752,0
2023-03-24T17:58:55Z,2023-03-24T17:59:00Z,4.096795765555191e-05,0.0022108853908341447,0.0021699174331785928,0
2023-03-24T17:58:55Z,2023-03-24T17:59:00Z,4.9365081648008666e-05,0.002220340761854477,0.0021709756802064683,0
2023-03-24T17:58:55Z,2023-03-24T17:59:00Z,5.6673256335567496e-05,0.0022303539179778435,0.002173680661642276,0
2023-03-24T17:58:55Z,2023-03-24T17:59:00Z,6.594319428189152e-05,0.0022435360497357454,0.002177592855453854,0
2023-03-24T17:58:55Z,2023-03-24T17:59:00Z,7.750773753682902e-05,0.002259909890154252,0.002182402152617423,0
2023-03-24T17:58:55Z,2023-03-24T17:59:00Z,8.994618987630655e-05,0.002278689012269442,0.0021887428223931354,0
2023-03-24T17:58:55Z,2023-03-24T17:59:00Z,0.00010047226689377737,0.0022972524185103475,0.00219678015161657,0
2023-03-24T17:58:55Z,2023-03-24T17:59:00Z,0.00011108535421692134,0.0023172100679514297,0.0022061247137345084,0
2023-03-24T17:58:55Z,2023-03-24T17:59:00Z,0.00011987890220779666,0.0023372245102097726,0.002217345608001976,0
2023-03-24T17:58:55Z,2023-03-24T17:59:00Z,0.0001290312861977434,0.002359988707112902,0.0022309574209151586,0
2023-03-24T17:58:55Z,2023-03-24T17:59:00Z,0.00014031095575591304,0.0023859793948710737,0.0022456684391151606,0
2023-03-24T17:58:55Z,2023-03-24T17:59:00Z,0.00014364368847739244,0.0024050395065055587,0.0022613958180281663,0
2023-03-24T17:58:55Z,2023-03-24T17:59:00Z,0.00013814125713804484,0.0024163771506933696,0.0022782358935553248,0
2023-03-24T17:58:55Z,2023-03-24T17:59:00Z,0.00013643743212504765,0.0024319715677906303,0.0022955341356655826,0
2023-03-24T17:58:55Z,2023-03-24T17:59:00Z,0.00013923876698673223,0.0024518972159739165,0.0023126584489871842,0
2023-03-24T17:58:55Z,2023-03-24T17:59:00Z,0.00014000653007438437,0.002470300879556248,0.0023302943494818637,0
2023-03-24T17:58:55Z,2023-03-24T17:59:00Z,0.0001358801470730058,0.0024846364380545424,0.0023487562909815366,0
2023-03-24T17:58:55Z,2023-03-24T17:59:00Z,0.00013105494385866898,0.0024987083039919138,0.002367653360133245,0
2023-03-24T17:58:55Z,2023-03-24T17:59:00Z,0.00013353593077366924,0.002519916503231939,0.0023863805724582696,0
2023-03-24T17:58:55Z,2023-03-24T17:59:00Z,0.00014201965881800423,0.0025467351722531463,0.002404715513435142,0
2023-03-24T17:58:55Z,2023-03-24T17:59:00Z,0.00014676135314969484,0.002570032206978303,0.002423270853828608,0
2023-03-24T17:58:55Z,2023-03-24T17:59:00Z,0.00014881406210009432,0.0025912120079538458,0.0024423979458537515,0
2023-03-24T17:58:55Z,2023-03-24T17:59:00Z,0.00014774403525307086,0.0026095426225041995,0.0024617985872511287,0
2023-03-24T17:58:55Z,2023-03-24T17:59:00Z,0.00014829275314692152,0.0026293599488014623,0.0024810671956545407,0
2023-03-24T17:58:55Z,2023-03-24T17:59:00Z,0.00014682702431230215,0.00264652448893627,0.0024996974646239677,0
2023-03-24T17:58:55Z,2023-03-24T17:59:00Z,0.00015173627492683908,0.002670127109742132,0.002518390834815293,0
2023-03-24T17:58:55Z,2023-03-24T17:59:00Z,0.0001538141799819412,0.0026913839596508092,0.002537569779668868,0
2023-03-24T17:58:55Z,2023-03-24T17:59:00Z,0.00014059867232994955,0.0026980147471614433,0.0025574160748314937,0
2023-03-24T17:58:55Z,2023-03-24T17:59:00Z,0.00011914528984682338,0.002696518593318058,0.0025773733034712347,0
2023-03-24T17:58:55Z,2023-03-24T17:59:00Z,0.00010484176073878842,0.002701191219843789,0.0025963494591050005,0
2023-03-24T17:58:55Z,2023-03-24T17:59:00Z,9.721415896579103e-05,0.002711220464342751,0.00261400630537696,0
2023-03-24T17:58:55Z,2023-03-24T17:59:00Z,9.898858586922027e-05,0.0027298684675671698,0.0026308798816979495,0
2023-03-24T17:58:55Z,2023-03-24T17:59:00Z,9.589048372448663e-05,0.0027427123621816705,0.002646821878457184,0
2023-03-24T17:58:55Z,2023-03-24T17:59:00Z,7.294830830805593e-05,0.002735031294708075,0.002662082986400019,0
2023-03-24T17:58:55Z,2023-03-24T17:59:00Z,7.071176752210598e-05,0.002747184766855739,0.002676472999333633,0
2023-03-24T17:58:55Z,2023-03-24T17:59:00Z,7.150175756151121e-05,0.002759959697457997,0.0026884579398964857,0
2023-03-24T17:58:55Z,2023-03-24T17:59:00Z,5.7499018630970816e-05,0.0027574271372234186,0.002699928118592448,0
2023-03-24T17:58:55Z,2023-03-24T17:59:00Z,4.4287579398330154e-05,0.002755099010378823,0.0027108114309804926,0
2023-03-24T17:58:55Z,2023-03-24T17:59:00Z,3.287869197472065e-05,0.002752932010312475,0.002720053318337754,0
2023-03-24T17:58:55Z,2023-03-24T17:59:00Z,3.567037434899171e-05,0.0027628046844064705,0.002727134310057479,0
2023-03-24T17:58:55Z,2023-03-24T17:59:00Z,4.0969831647639284e-05,0.0027732331459269233,0.002732263314279284,0
2023-03-24T17:58:55Z,2023-03-24T17:59:00Z,4.923211856639083e-05,0.0027868945942827604,0.0027376624757163696,0
2023-03-24T17:58:55Z,2023-03-24T17:59:00Z,4.329580200296149e-05,0.0027873511571034036,0.002744055355100442,0
2023-03-24T17:58:55Z,2023-03-24T17:59:00Z,4.217001600821408e-05,0.0027933673189785703,0.002751197302970356,0
2023-03-24T17:58:55Z,2023-03-24T17:59:00Z,4.164354148922375e-05,0.002799185068856301,0.002757541527367077,0
2023-03-24T17:58:55Z,2023-03-24T17:59:00Z,4.686832319627382e-05,0.002809701421514301,0.002762833098318027,0
2023-03-24T17:58:55Z,2023-03-24T17:59:00Z,4.064051133146392e-05,0.0028081796685390436,0.0027675391572075797,0
2023-03-24T17:58:55Z,2023-03-24T17:59:00Z,3.758022267995103e-05,0.0028113418904547162,0.002773761667774765,0
2023-03-24T17:58:55Z,2023-03-24T17:59:00Z,4.011488688453451e-05,0.0028189594631329085,0.002778844576248374,0
2023-03-24T17:58:55Z,2023-03-24T17:59:00Z,3.164672781340045e-05,0.0028147731534781677,0.0027831264256647672,0
2023-03-24T17:58:55Z,2023-03-24T17:59:00Z,2.765823417056907e-05,0.002815912353661127,0.002788254119490558,0
2023-03-24T17:58:55Z,2023-03-24T17:59:00Z,2.4317015501913383e-05,0.0028175439802507504,0.002793226964748837,0
2023-03-24T17:58:55Z,2023-03-24T17:59:00Z,3.095618540153826e-05,0.0028294315120960963,0.002798475326694558,0
2023-03-24T17:58:55Z,2023-03-24T17:59:00Z,2.9876953917369435e-05,0.0028329138885989503,0.002803036934681581,0
2023-03-24T17:58:55Z,2023-03-24T17:59:00Z,2.5970345782131386e-05,0.0028336904776444767,0.0028077201318623454,0
2023-03-24T17:58:55Z,2023-03-24T17:59:00Z,2.730590579363111e-05,0.0028388609788489922,0.002811555073055361,0
2023-03-24T17:58:55Z,2023-03-24T17:59:00Z,2.21214907068514e-05,0.002837538173807302,0.0028154166831004506,0
2023-03-24T17:58:55Z,2023-03-24T17:59:00Z,1.154604211418787e-05,0.0028307538635371737,0.002819207821422986,0
2023-03-24T17:58:55Z,2023-03-24T17:59:00Z,4.955916910507653e-06,0.002827359830412744,0.0028224039135022363,0
2023-03-24T17:58:55Z,2023-03-24T17:59:00Z,2.173512018160354e-06,0.002826331795688969,0.002824158283670809,0
2023-03-24T17:58:55Z,2023-03-24T17:59:00Z,2.20503757419584e-06,0.0028279616680678132,0.0028257566304936174,0
2023-03-24T17:58:55Z,2023-03-24T17:59:00Z,1.5003213576767795e-06,0.0028285061106208148,0.002827005789263138,0
2023-03-24T17:58:55Z,2023-03-24T17:59:00Z,8.832467331340143e-06,0.0028365884403390535,0.0028277559730077134,0
2023-03-24T17:58:55Z,2023-03-24T17:59:00Z,1.6948727553978138e-05,0.0028458491136569126,0.0028289003861029344,0
2023-03-24T17:58:55Z,2023-03-24T17:59:00Z,1.7775669067428886e-05,0.0028483990623935237,0.0028306233933260948,0
2023-03-24T17:58:55Z,2023-03-24T17:59:00Z,1.588979746249908e-05,0.002848871951905774,0.002832982154443275,0
2023-03-24T17:58:55Z,2023-03-24T17:59:00Z,1.2464852671324397e-05,0.0028470276363060515,0.002834562783634727,0
2023-03-24T17:58:55Z,2023-03-24T17:59:00Z,4.126103619733583e-06,0.0028400187258633626,0.002835892622243629,0
2023-03-24T17:58:55Z,2023-03-24T17:59:00Z,3.099389827268019e-06,0.002840103441959362,0.002837004052132094,0
2023-03-24T17:58:55Z,2023-03-24T17:59:00Z,7.350858857171731e-06,0.002844451389907129,0.0028371005310499574,0
2023-03-24T17:58:55Z,2023-03-24T17:59:00Z,1.4547606577231757e-05,0.0028518619099731947,0.002837314303395963,0
2023-03-24T17:58:55Z,2023-03-24T17:59:00Z,2.058080763600069e-05,0.002859036571562793,0.002838455763926792,0
2023-03-24T17:58:55Z,2023-03-24T17:59:00Z,1.5208081600257863e-05,0.002855705685490421,0.002840497603890163,0
2023-03-24T17:58:55Z,2023-03-24T17:59:00Z,5.82974189728639e-06,0.002849052743776935,0.0028432230018796485,0
2023-03-24T17:58:55Z,2023-03-24T17:59:00Z,6.50549413052726e-06,0.00285204049746206,0.0028455350033315327,0
2023-03-24T17:58:55Z,2023-03-24T17:59:00Z,2.345298677985724e-05,0.0028707002095410663,0.002847247222761209,0
2023-03-24T17:58:55Z,2023-03-24T17:59:00Z,2.4001554516701277e-05,0.0028725364487048274,0.002848534894188126,0
2023-03-24T17:58:55Z,2023-03-24T17:59:00Z,3.9280423553359096e-05,0.0028898862423984988,0.0028506058188451397,0
2023-03-24T17:58:55Z,2023-03-24T17:59:00Z,4.1993395687047515e-05,0.002894610663391462,0.0028526172677044146,0
2023-03-24T17:58:55Z,2023-03-24T17:59:00Z,3.10273907196193e-05,0.002887062515965094,0.002856035125245475,0
2023-03-24T17:58:55Z,2023-03-24T17:59:00Z,2.8754187514124212e-05,0.0028887545650167173,0.002860000377502593,0
2023-03-24T17:58:55Z,2023-03-24T17:59:00Z,4.093432971948594e-05,0.0029048550230638894,0.0028639206933444034,1
2023-03-24T17:58:55Z,2023-03-24T17:59:00Z,2.061808784453896e-05,0.0028885930414437218,0.002867974953599183,1
2023-03-24T17:58:55Z,2023-03-24T17:59:00Z,7.648382709464236e-06,0.002880656972405044,0.00287300858969558,1
2023-03-24T17:58:55Z,2023-03-24T17:59:00Z,9.400294005649807e-06,0.002885469811323774,0.0028760695173181243,1
2023-03-24T17:58:55Z,2023-03-24T17:59:00Z,4.362386881914034e-06,0.0028822336042702255,0.0028778712173883115,1
2023-03-24T17:58:55Z,2023-03-24T17:59:00Z,4.941719547110757e-07,0.002879857389253046,0.002880351561207757,1
2023-03-24T17:58:55Z,2023-03-24T17:59:00Z,9.783896797372661e-06,0.002873332736118159,0.002883116632915532,1
2023-03-24T17:58:55Z,2023-03-24T17:59:00Z,1.9764959774234286e-05,0.0028656697474572133,0.0028854347072314475,1
2023-03-24T17:58:55Z,2023-03-24T17:59:00Z,3.198617200315208e-05,0.002853667912443053,0.002885654084446205,1
2023-03-24T17:58:55Z,2023-03-24T17:59:00Z,3.682558274076481e-05,0.0028482562766014726,0.0028850818593422374,1
2023-03-24T17:58:55Z,2023-03-24T17:59:00Z,3.465001244002839e-05,0.0028474136527392555,0.002882063665179284,1
2023-03-24T17:58:55Z,2023-03-24T17:59:00Z,4.529356527352944e-05,0.002832907234339921,0.0028782007996134506,1
2023-03-24T17:58:55Z,2023-03-24T17:59:00Z,5.041929706058263e-05,0.0028244774306173817,0.0028748967276779644,1
2023-03-24T17:58:55Z,2023-03-24T17:59:00Z,4.6843486237893237e-05,0.002823399297217004,0.002870242783454897,1
2023-03-24T17:58:55Z,2023-03-24T17:59:00Z,4.940380278292602e-05,0.002814140847968096,0.002863544650751022,1
2023-03-24T17:58:55Z,2023-03-24T17:59:00Z,3.841313361072768e-05,0.0028196987051214016,0.0028581118387321293,1
2023-03-24T17:58:55Z,2023-03-24T17:59:00Z,4.215238582501099e-05,0.0028104164425373727,0.0028525688283623837,1
2023-03-24T17:58:55Z,2023-03-24T17:59:00Z,3.445468082581213e-05,0.002812633222019707,0.002847087902845519,1
2023-03-24T17:58:55Z,2023-03-24T17:59:00Z,2.5090239502590685e-05,0.0028160128998651903,0.002841103139367781,1
2023-03-24T17:58:55Z,2023-03-24T17:59:00Z,2.8686862476537227e-05,0.0028068142629551324,0.0028355011254316696,1
2023-03-24T17:58:55Z,2023-03-24T17:59:00Z,3.022739591016909e-05,0.00280049707650042,0.002830724472410589,1
2023-03-24T17:58:55Z,2023-03-24T17:59:00Z,2.5221480119756636e-05,0.0028005983685823257,0.0028258198487020824,1
2023-03-24T17:58:55Z,2023-03-24T17:59:00Z,3.522437019183025e-05,0.0027861645755150326,0.002821388945706863,1
2023-03-24T17:58:55Z,2023-03-24T17:59:00Z,3.7331731158957854e-05,0.0027800857222129763,0.002817417453371934,1
2023-03-24T17:58:55Z,2023-03-24T17:59:00Z,3.451095525148747e-05,0.002777802408351761,0.0028123133636032485,1
2023-03-24T17:58:55Z,2023-03-24T17:59:00Z,3.535412966358502e-05,0.002772557441262418,0.002807911570926003,1
2023-03-24T17:58:55Z,2023-03-24T17:59:00Z,3.928203386007736e-05,0.0027647399518771244,0.002804021985737202,1
2023-03-24T17:58:55Z,2023-03-24T17:59:00Z,3.627161469682864e-05,0.002763513549710824,0.002799785164407653,1
2023-03-24T17:58:55Z,2023-03-24T17:59:00Z,5.258863661018222e-05,0.0027430797864565555,0.0027956684230667377,1
2023-03-24T17:58:55Z,2023-03-24T17:59:00Z,4.844735207928767e-05,0.0027425389747032358,0.0027909863267825234,1
2023-03-24T17:58:55Z,2023-03-24T17:59:00Z,5.401413234369483e-05,0.002731360806432094,0.0027853749387757886,1
2023-03-24T17:58:55Z,2023-03-24T17:59:00Z,4.9632937032916945e-05,0.0027299008144665,0.0027795337514994168,1
2023-03-24T17:58:55Z,2023-03-24T17:59:00Z,4.327428982224459e-05,0.002729205120557747,0.0027724794103799917,1
2023-03-24T17:58:55Z,2023-03-24T17:59:00Z,4.3965639892001775e-05,0.0027221043164472707,0.0027660699563392724,1
2023-03-24T17:58:55Z,2023-03-24T17:59:00Z,4.512701407253421e-05,0.002715001945938182,0.002760128960010716,1
2023-03-24T17:58:55Z,2023-03-24T17:59:00Z,4.9495749692591955e-05,0.0027040920393068693,0.0027535877889994613,1
2023-03-24T17:58:55Z,2023-03-24T17:59:00Z,5.943615332653935e-05,0.002688221416541518,0.0027476575698680574,1
2023-03-24T17:58:55Z,2023-03-24T17:59:00Z,6.475840515410107e-05,0.0026765663578051137,0.0027413247629592147,1
2023-03-24T17:58:55Z,2023-03-24T17:59:00Z,7.249951895994984e-05,0.002661360161348412,0.0027338596803083617,1
2023-03-24T17:58:55Z,2023-03-24T17:59:00Z,6.705238946274304e-05,0.002658808033890843,0.0027258604233535862,1
2023-03-24T17:58:55Z,2023-03-24T17:59:00Z,6.576074047666414e-05,0.0026514847003328624,0.0027172454408095265,1
2023-03-24T17:58:55Z,2023-03-24T17:59:00Z,6.425810774058184e-05,0.0026442618734172797,0.0027085199811578615,1
2023-03-24T17:58:55Z,2023-03-24T17:59:00Z,6.16860006175321e-05,0.0026392010566966885,0.0027008870573142205,1
2023-03-24T17:58:55Z,2023-03-24T17:59:00Z,5.485570845744194e-05,0.002637841590416283,0.002692697298873725,1
2023-03-24T17:58:55Z,2023-03-24T17:59:00Z,4.370037104903116e-05,0.0026413169486800762,0.0026850173197291074,1
2023-03-24T17:58:55Z,2023-03-24T17:59:00Z,4.174054724761806e-05,0.002635605170477304,0.0026773457177249223,1
2023-03-24T17:58:55Z,2023-03-24T17:59:00Z,3.572122696172703e-05,0.002634300476440056,0.002670021703401783,1
2023-03-24T17:58:55Z,2023-03-24T17:59:00Z,4.120536167497978e-05,0.0026216080795626396,0.0026628134412376193,1
2023-03-24T17:58:55Z,2023-03-24T17:59:00Z,3.623524371909907e-05,0.0026198530750603435,0.0026560883187794425,1
2023-03-24T17:58:55Z,2023-03-24T17:59:00Z,2.9659389588539403e-05,0.002619555265878884,0.0026492146554674234,1
2023-03-24T17:58:55Z,2023-03-24T17:59:00Z,3.7936354055266575e-05,0.0026055809396220587,0.0026435172936773253,1
2023-03-24T17:58:55Z,2023-03-24T17:59:00Z,3.52766489626951e-05,0.002603489720387444,0.0026387663693501393,1
2023-03-24T17:58:55Z,2023-03-24T17:59:00Z,3.882348150081958e-05,0.0025952946193721236,0.002634118100872943,1
2023-03-24T17:58:55Z,2023-03-24T17:59:00Z,2.699724144785429e-05,0.002602510999966472,0.0026295082414143265,1
2023-03-24T17:58:55Z,2023-03-24T17:59:00Z,2.4946264536817447e-05,0.0025998794701307805,0.002624825734667598,1
2023-03-24T17:58:55Z,2023-03-24T17:59:00Z,2.7980695873800355e-05,0.0025933657993395635,0.002621346495213364,1
2023-03-24T17:58:55Z,2023-03-24T17:59:00Z,1.5274880690241237e-05,0.002602794815642631,0.0026180696963328722,1
2023-03-24T17:58:55Z,2023-03-24T17:59:00Z,1.550877280103802e-05,0.0025988546076087743,0.0026143633804098123,1
2023-03-24T17:58:55Z,2023-03-24T17:59:00Z,1.4708187879560863e-05,0.0025964450147771307,0.0026111532026566915,1
2023-03-24T17:58:55Z,2023-03-24T17:59:00Z,8.30264881355059e-06,0.0025997880069374307,0.0026080906557509813,1
2023-03-24T17:58:55Z,2023-03-24T17:59:00Z,1.309554324326577e-05,0.0025918404907024715,0.0026049360339457373,1
2023-03-24T17:58:55Z,2023-03-24T17:59:00Z,1.8956434788051143e-05,0.002584161259772252,0.002603117694560303,1
2023-03-24T17:58:55Z,2023-03-24T17:59:00Z,1.966413524631021e-05,0.0025811191772841698,0.00260078331253048,1
2023-03-24T17:58:55Z,2023-03-24T17:59:00Z,2.858931432266976e-05,0.002569244497698925,0.002597833812021595,1
2023-03-24T17:58:55Z,2023-03-24T17:59:00Z,3.0347831075496195e-05,0.002565447500751274,0.00259579533182677,1
2023-03-24T17:58:55Z,2023-03-24T17:59:00Z,2.3156532449318448e-05,0.0025697850308200754,0.002592941563269394,1
2023-03-24T17:58:55Z,2023-03-24T17:59:00Z,1.5645113743183604e-05,0.0025748091896411395,0.002590454303384323,1
2023-03-24T17:58:55Z,2023-03-24T17:59:00Z,7.72997085043926e-06,0.0025799971684383506,0.00258772713928879,1
2023-03-24T17:58:55Z,2023-03-24T17:59:00Z,3.507624097041657e-06,0.0025821303251509446,0.002585637949247986,1
2023-03-24T17:58:55Z,2023-03-24T17:59:00Z,6.969459553383527e-06,0.002577554437119502,0.0025845238966728857,1
2023-03-24T17:58:55Z,2023-03-24T17:59:00Z,1.3304238216894568e-06,0.0025841322796202677,0.0025828018557985783,1
2023-03-24T17:58:55Z,2023-03-24T17:59:00Z,1.0831402909294244e-05,0.002591858244500433,0.002581026841591139,1
2023-03-24T17:58:55Z,2023-03-24T17:59:00Z,1.7619037404309652e-05,0.002597619817732377,0.002580000780328067,1
2023-03-24T17:58:55Z,2023-03-24T17:59:00Z,2.87353461537734e-05,0.002608075312945424,0.0025793399667916506,1
2023-03-24T17:58:55Z,2023-03-24T17:59:00Z,3.152315641400836e-05,0.0026113447337914844,0.002579821577377476,1
2023-03-24T17:58:55Z,2023-03-24T17:59:00Z,3.071400602238901e-05,0.002612528421164296,0.002581814415141907,1
2023-03-24T17:58:55Z,2023-03-24T17:59:00Z,5.066103984603578e-05,0.0026349942513635527,0.002584333211517517,1
2023-03-24T17:58:55Z,2023-03-24T17:59:00Z,5.540444399160845e-05,0.0026433446491312394,0.002587940205139631,1
2023-03-24T17:58:55Z,2023-03-24T17:59:00Z,5.6700002228796814e-05,0.002650435769919451,0.0025937357676906543,1
2023-03-24T17:58:55Z,2023-03-24T17:59:00Z,5.246924906574706e-05,0.0026523349849489983,0.0025998657358832513,1
2023-03-24T17:58:55Z,2023-03-24T17:59:00Z,4.777895209840972e-05,0.0026539469030048535,0.002606167950906444,1
2023-03-24T17:58:55Z,2023-03-24T17:59:00Z,6.452019527096236e-05,0.002676716297553293,0.002612196102282331,1
2023-03-24T17:58:55Z,2023-03-24T17:59:00Z,7.893526193784818e-05,0.0026971160790413384,0.0026181808171034902,1
2023-03-24T17:58:55Z,2023-03-24T17:59:00Z,8.531168981152021e-05,0.0027117559952844926,0.0026264443054729724,0
2023-03-24T17:58:55Z,2023-03-24T17:59:00Z,8.658335702254293e-05,0.0027224429791139378,0.002635859622091395,0
2023-03-24T17:58:55Z,2023-03-24T17:59:00Z,8.654757620683894e-05,0.002732398677530239,0.0026458511013234,0
2023-03-24T17:58:55Z,2023-03-24T17:59:00Z,8.979085701658939e-05,0.0027460438884551195,0.00265625303143853,0
2023-03-24T17:58:55Z,2023-03-24T17:59:00Z,8.31977175667349e-05,0.0027498110293873333,0.0026666133118205984,0
2023-03-24T17:58:55Z,2023-03-24T17:59:00Z,8.692991026526672e-05,0.0027647681516411674,0.0026778382413759007,0
2023-03-24T17:58:55Z,2023-03-24T17:59:00Z,8.086159533266272e-05,0.0027701400540604834,0.0026892784587278207,0
2023-03-24T17:58:55Z,2023-03-24T17:59:00Z,7.269144208255605e-05,0.002772784392500178,0.002700092950417622,0
2023-03-24T17:58:55Z,2023-03-24T17:59:00Z,8.186009494249094e-05,0.0027925193291042164,0.0027106592341617254,0
2023-03-24T17:58:55Z,2023-03-24T17:59:00Z,7.60637691620044e-05,0.002796918721872124,0.0027208549527101195,0
2023-03-24T17:58:55Z,2023-03-24T17:59:00Z,7.81714556593858e-05,0.0028107084370491064,0.0027325369813897206,0
2023-03-24T17:58:55Z,2023-03-24T17:59:00Z,6.632697221772496e-05,0.0028107782718463856,0.0027444512996286606,0
2023-03-24T17:58:55Z,2023-03-24T17:59:00Z,5.9294672218304124e-05,0.0028149119834716156,0.0027556173112533115,0
2023-03-24T17:58:55Z,2023-03-24T17:59:00Z,5.7125899418056843e-05,0.0028222150600717886,0.0027650891606537317,0
2023-03-24T17:58:55Z,2023-03-24T17:59:00Z,6.217599837031202e-05,0.0028358614913729712,0.0027736854930026592,0
2023-03-24T17:58:55Z,2023-03-24T17:59:00Z,6.938197848141252e-05,0.0028513818115638925,0.00278199983308248,0
2023-03-24T17:58:55Z,2023-03-24T17:59:00Z,6.697179962474476e-05,0.0028575935338607853,0.0027906217342360405,0
2023-03-24T17:58:55Z,2023-03-24T17:59:00Z,5.9364365404939064e-05,0.0028587642599000444,0.0027993998944951053,0
2023-03-24T17:58:55Z,2023-03-24T17:59:00Z,5.2692723529307664e-05,0.002861074493397201,0.0028083817698678934,0
2023-03-24T17:58:55Z,2023-03-24T17:59:00Z,5.0932002325781555e-05,0.0028671467812152475,0.002816214778889466,0
2023-03-24T17:58:55Z,2023-03-24T17:59:00Z,4.16775512752615e-05,0.0028654702001094544,0.002823792648834193,0
2023-03-24T17:58:55Z,2023-03-24T17:59:00Z,3.672833323348527e-05,0.0028683845144606003,0.002831656181227115,0
2023-03-24T17:58:55Z,2023-03-24T17:59:00Z,4.135599795743053e-05,0.002879091418434982,0.0028377354204775513,0
2023-03-24T17:58:55Z,2023-03-24T17:59:00Z,3.629580416646388e-05,0.0028799867073597213,0.0028436909031932574,0
2023-03-24T17:58:55Z,2023-03-24T17:59:00Z,2.9776218244863175e-05,0.0028791657032202767,0.0028493894849754135,0
2023-03-24T17:58:55Z,2023-03-24T17:59:00Z,2.4740501492580193e-05,0.0028798973560941058,0.0028551568546015256,0
2023-03-24T17:58:55Z,2023-03-24T17:59:00Z,1.847101771936411e-05,0.002878982348966611,0.0028605113312472467,0
2023-03-24T17:58:55Z,2023-03-24T17:59:00Z,2.383225694447622e-05,0.002889150446193583,0.0028653181892491068,0
2023-03-24T17:58:55Z,2023-03-24T17:59:00Z,2.4680033473770645e-05,0.002893591627522347,0.0028689115940485764,0
2023-03-24T17:58:55Z,2023-03-24T17:59:00Z,2.176487396890036e-05,0.002893823854236618,0.0028720589802677175,0
2023-03-24T17:58:55Z,2023-03-24T17:59:00Z,2.1302662257169196e-05,0.0028963614836633503,0.002875058821406181,0
2023-03-24T17:58:55Z,2023-03-24T17:59:00Z,1.7975704794336977e-05,0.002895956159061899,0.002877980454267562,0
2023-03-24T17:58:55Z,2023-03-24T17:59:00Z,1.4369972064269976e-05,0.002895291008854011,0.0028809210367897412,0
2023-03-24T17:58:55Z,2023-03-24T17:59:00Z,1.2158355209638573e-05,0.002895480173486601,0.0028833218182769626,0
2023-03-24T17:58:55Z,2023-03-24T17:59:00Z,1.6135459739669098e-05,0.002901942345412011,0.0028858068856723418,0
2023-03-24T17:58:55Z,2023-03-24T17:59:00Z,1.0962966721427513e-05,0.002899027823979269,0.0028880648572578416,0
2023-03-24T17:58:55Z,2023-03-24T17:59:00Z,8.570072674697268e-06,0.0028985391738472915,0.0028899691011725942,1
2023-03-24T17:58:55Z,2023-03-24T17:59:00Z,6.335289063011916e-06,0.0028978911499539023,0.0028915558608908903,1
2023-03-24T17:58:55Z,2023-03-24T17:59:00Z,4.1221848565316244e-07,0.0028927580982908217,0.002893170316776475,1
2023-03-24T17:58:55Z,2023-03-24T17:59:00Z,5.225605625579829e-06,0.0028894441939725448,0.0028946697995981246,1
2023-03-24T17:58:55Z,2023-03-24T17:59:00Z,1.4470680534363605e-05,0.0028813470981741114,0.002895817778708475,1
2023-03-24T17:58:55Z,2023-03-24T17:59:00Z,2.3421556655189857e-05,0.0028724207010348657,0.0028958422576900555,1
2023-03-24T17:58:55Z,2023-03-24T17:59:00Z,3.867360589961469e-05,0.002856148274344755,0.0028948218802443697,1
2023-03-24T17:58:55Z,2023-03-24T17:59:00Z,3.694224504997932e-05,0.0028560960390942437,0.002893038284144223,1
2023-03-24T17:58:55Z,2023-03-24T17:59:00Z,3.0040510013564642e-05,0.002859646673354109,0.0028896871833676736,1
2023-03-24T17:58:55Z,2023-03-24T17:59:00Z,2.691859773970573e-05,0.0028594469089639972,0.002886365506703703,1
2023-03-24T17:58:55Z,2023-03-24T17:59:00Z,1.1201390394092233e-05,0.0028721937550179517,0.002883395145412044,1
2023-03-24T17:58:55Z,2023-03-24T17:59:00Z,1.5408893951525827e-05,0.0028649834794169673,0.002880392373368493,1
2023-03-24T17:58:55Z,2023-03-24T17:59:00Z,2.6773107812435963e-05,0.0028511402163565523,0.0028779133241689883,1
2023-03-24T17:58:55Z,2023-03-24T17:59:00Z,2.2940386415495895e-05,0.0028521359090399674,0.0028750762954554633,1
2023-03-24T17:58:55Z,2023-03-24T17:59:00Z,1.169184167382686e-05,0.0028594345406574087,0.0028711263823312356,1
2023-03-24T17:58:55Z,2023-03-24T17:59:00Z,1.5494221121692582e-05,0.002851819224466715,0.0028673134455884076,1
2023-03-24T17:58:55Z,2023-03-24T17:59:00Z,1.4063507549808528e-05,0.002850472974902481,0.0028645364824522895,1
2023-03-24T17:58:55Z,2023-03-24T17:59:00Z,8.388758489227387e-06,0.0028530123098375764,0.002861401068326804,1
2023-03-24T17:58:55Z,2023-03-24T17:59:00Z,1.5381722551972756e-05,0.0028434465021688615,0.0028588282247208343,1
2023-03-24T17:58:55Z,2023-03-24T17:59:00Z,1.1626630140802209e-05,0.0028455842286469247,0.002857210858787727,1
2023-03-24T17:58:55Z,2023-03-24T17:59:00Z,3.3688449785288475e-05,0.0028224639279877807,0.002856152377773069,1
2023-03-24T17:58:55Z,2023-03-24T17:59:00Z,3.4149015623719144e-05,0.002821127377945407,0.002855276393569126,1
2023-03-24T17:58:55Z,2023-03-24T17:59:00Z,3.1512511170862616e-05,0.0028206653202844027,0.0028521778314552653,1
2023-03-24T17:58:55Z,2023-03-24T17:59:00Z,3.754966485046982e-05,0.0028114348723532463,0.002848984537203716,1
2023-03-24T17:58:55Z,2023-03-24T17:59:00Z,3.314051237434529e-05,0.002811549988601575,0.0028446905009759204,0
2023-03-24T17:58:55Z,2023-03-24T17:59:00Z,3.48010908027413e-05,0.0028054270262512023,0.0028402281170539436,0
2023-03-24T17:58:55Z,2023-03-24T17:59:00Z,3.694137838033485e-05,0.0027999875530273603,0.002836928931407695,0
2023-03-24T17:58:55Z,2023-03-24T17:59:00Z,4.143474440643875e-05,0.0027916017801021932,0.002833036524508632,0
2023-03-24T17:58:55Z,2023-03-24T17:59:00Z,5.352338748271972e-05,0.002774559221390075,0.0028280826088727946,0
2023-03-24T17:58:55Z,2023-03-24T17:59:00Z,5.9806909687972875e-05,0.0027632575788211116,0.0028230644885090844,0
2023-03-24T17:58:55Z,2023-03-24T17:59:00Z,5.8961106147276034e-05,0.0027577772362357743,0.0028167383423830504,0
2023-03-24T17:58:55Z,2023-03-24T17:59:00Z,5.39403032076397e-05,0.0027553184782573717,0.0028092587814650114,0
2023-03-24T17:58:55Z,2023-03-24T17:59:00Z,5.1106074412427156e-05,0.0027510136015581606,0.0028021196759705877,0
2023-03-24T17:58:55Z,2023-03-24T17:59:00Z,4.9611979010345635e-05,0.002744985551094446,0.0027945975301047915,0
2023-03-24T17:58:55Z,2023-03-24T17:59:00Z,6.21537381865064e-05,0.00272648959804915,0.0027886433362356564,0
2023-03-24T17:58:55Z,2023-03-24T17:59:00Z,6.374431815962377e-05,0.0027185538658384524,0.002782298183998076,0
2023-03-24T17:58:55Z,2023-03-24T17:59:00Z,6.102985238883854e-05,0.0027134203547563005,0.002774450207145139,0
2023-03-24T17:58:55Z,2023-03-24T17:59:00Z,5.907599045028387e-05,0.0027076341328186224,0.0027667101232689063,0
2023-03-24T17:58:55Z,2023-03-24T17:59:00Z,4.9515354951974906e-05,0.0027090172988298244,0.0027585326537817993,0
2023-03-24T17:58:55Z,2023-03-24T17:59:00Z,4.4400147221379613e-05,0.002705983098774372,0.0027503832459957515,0
2023-03-24T17:58:55Z,2023-03-24T17:59:00Z,3.1776694164664405e-05,0.002711025697314626,0.0027428023914792903,0
2023-03-24T17:58:55Z,2023-03-24T17:59:00Z,2.448611691245649e-05,0.0027111813844561817,0.0027356675013686382,0
2023-03-24T17:58:55Z,2023-03-24T17:59:00Z,2.263558346570979e-05,0.002707737457563308,0.0027303730410290178,0
2023-03-24T17:58:55Z,2023-03-24T17:59:00Z,1.9197390644060813e-05,0.0027068359675212123,0.002726033358165273,0
2023-03-24T17:58:55Z,2023-03-24T17:59:00Z,1.1591798192496072e-05,0.0027102715784167388,0.002721863376609235,0
2023-03-24T17:58:55Z,2023-03-24T17:59:00Z,5.740666283316018e-06,0.002712082501097905,0.002717823167381221,0
2023-03-24T17:58:55Z,2023-03-24T17:59:00Z,1.914125049910483e-05,0.002695286748286998,0.002714427998786103,0
2023-03-24T17:58:55Z,2023-03-24T17:59:00Z,7.599231812719688e-06,0.0027040868461403384,0.002711686077953058,0
2023-03-24T17:58:55Z,2023-03-24T17:59:00Z,5.364118914389943e-06,0.002703721721558489,0.0027090858404728788,0
2023-03-24T17:58:55Z,2023-03-24T17:59:00Z,6.245395037536745e-06,0.0027141256505355724,0.0027078802554980357,0
2023-03-24T17:58:55Z,2023-03-24T17:59:00Z,1.6359100129280813e-05,0.0027234311361941654,0.0027070720360648846,0
2023-03-24T17:58:55Z,2023-03-24T17:59:00Z,2.2601372038954463e-05,0.002730214367913585,0.0027076129958746305,0
2023-03-24T17:58:55Z,2023-03-24T17:59:00Z,3.2518199818152085e-05,0.0027413323488064776,0.0027088141489883255,0
2023-03-24T17:58:55Z,2023-03-24T17:59:00Z,3.509111828362693e-05,0.00274592453970022,0.002710833421416593,0
2023-03-24T17:58:55Z,2023-03-24T17:59:00Z,3.911405578452352e-05,0.0027524730314921046,0.002713358975707581,0
2023-03-24T17:58:55Z,2023-03-24T17:59:00Z,3.129184554729334e-05,0.0027475460841918774,0.002716254238644584,0
2023-03-24T17:58:55Z,2023-03-24T17:59:00Z,2.56131325091836e-05,0.002745595335647834,0.0027199822031386506,0
2023-03-24T17:58:55Z,2023-03-24T17:59:00Z,1.54783299045687e-05,0.0027388530427657747,0.002723374712861206,0
2023-03-24T17:58:55Z,2023-03-24T17:59:00Z,1.7882998038466422e-06,0.002728106659100977,0.0027263183592971304,0
2023-03-24T17:58:55Z,2023-03-24T17:59:00Z,8.679526241068668e-06,0.002737228764010522,0.0027285492377694532,0
2023-03-24T17:58:55Z,2023-03-24T17:59:00Z,1.4402655972529065e-05,0.0027456868863098135,0.0027312842303372845,0
2023-03-24T17:58:55Z,2023-03-24T17:59:00Z,1.6658535232839944e-05,0.002750704592059307,0.002734046056826467,0
2023-03-24T17:58:55Z,2023-03-24T17:59:00Z,1.0478967682369961e-05,0.002748022121571447,0.002737543153889077,0
2023-03-24T17:58:55Z,2023-03-24T17:59:00Z,1.0574368572054994e-05,0.0027511657675881097,0.0027405913990160547,0
2023-03-24T17:58:55Z,2023-03-24T17:59:00Z,7.3261857989228955e-06,0.0027499668335964184,0.0027426406477974955,0
2023-03-24T17:58:55Z,2023-03-24T17:59:00Z,6.455382790115406e-06,0.002750841980560488,0.0027443865977703724,0
2023-03-24T17:58:55Z,2023-03-24T17:59:00Z,1.0871521195647809e-05,0.0027559776593651815,0.0027451061381695337,0
2023-03-24T17:58:55Z,2023-03-24T17:59:00Z,1.3748620422360247e-05,0.00275926454533025,0.00274551592490789,0
2023-03-24T17:58:55Z,2023-03-24T17:59:00Z,2.692244629828389e-05,0.00277273042352893,0.002745807977230646,0
2023-03-24T17:58:55Z,2023-03-24T17:59:00Z,1.1352053400890978e-05,0.002758136569059734,0.002746784515658843,0
2023-03-24T17:58:55Z,2023-03-24T17:59:00Z,1.176490285270497e-05,0.0027608106758349733,0.0027490457729822683,0
2023-03-24T17:58:55Z,2023-03-24T17:59:00Z,1.456933361574514e-05,0.0027652220671225097,0.0027506527335067646,0
2023-03-24T17:58:55Z,2023-03-24T17:59:00Z,1.0873874754852974e-05,0.0027642519429894505,0.0027533780682345976,0
2023-03-24T17:58:55Z,2023-03-24T17:59:00Z,1.727112170547959e-05,0.00277298196519941,0.0027557108434939303,0
2023-03-24T17:58:55Z,2023-03-24T17:59:00Z,1.9456361441255558e-05,0.002776714292991822,0.0027572579315505667,0
2023-03-24T17:58:55Z,2023-03-24T17:59:00Z,2.692667577478252e-05,0.002786041055087024,0.0027591143793122413,0
2023-03-24T17:58:55Z,2023-03-24T17:59:00Z,3.803705960701495e-05,0.0027995424532042882,0.0027615053935972733,0
2023-03-24T17:58:55Z,2023-03-24T17:59:00Z,3.9886770446320285e-05,0.002804298438001836,0.0027644116675555157,0
2023-03-24T17:58:55Z,2023-03-24T17:59:00Z,4.1612585727607374e-05,0.0028101555549171126,0.0027685429691895053,0
2023-03-24T17:58:55Z,2023-03-24T17:59:00Z,3.18324576313333e-05,0.002804830131607617,0.0027729976739762838,0
2023-03-24T17:58:55Z,2023-03-24T17:59:00Z,3.967656898317979e-05,0.0028171890675887912,0.0027775124986056114,0
2023-03-24T17:58:55Z,2023-03-24T17:59:00Z,3.636111408178086e-05,0.0028176707448771734,0.0027813096307953925,0
2023-03-24T17:58:55Z,2023-03-24T17:59:00Z,4.1199421661173e-05,0.0028262139394615543,0.0027850145178003813,0
2023-03-24T17:58:55Z,2023-03-24T17:59:00Z,4.474770599625054e-05,0.0028347234051147516,0.002789975699118501,0
2023-03-24T17:58:55Z,2023-03-24T17:59:00Z,4.353344757879922e-05,0.002838959418666181,0.0027954259710873818,0
2023-03-24T17:58:55Z,2023-03-24T17:59:00Z,2.846254322089181e-05,0.0028296802924742946,0.0028012177492534028,0
2023-03-24T17:58:55Z,2023-03-24T17:59:00Z,3.114808319079924e-05,0.0028385914554172626,0.0028074433722264634,0
2023-03-24T17:58:55Z,2023-03-24T17:59:00Z,2.8015673035142533e-05,0.002840183905867846,0.0028121682328327035,0
2023-03-24T17:58:55Z,2023-03-24T17:59:00Z,1.1909679440845217e-05,0.0028292343424756693,0.002817324663034824,0
2023-03-24T17:58:55Z,2023-03-24T17:59:00Z,3.5770583020609294e-06,0.0028254136255686205,0.0028218365672665596,0
2023-03-24T17:58:55Z,2023-03-24T17:59:00Z,3.155375101367413e-06,0.002827466266473875,0.0028243108913725075,0
2023-03-24T17:58:55Z,2023-03-24T17:59:00Z,1.3263506355438819e-06,0.0028247441397008625,0.0028260704903364064,0
2023-03-24T17:58:55Z,2023-03-24T17:59:00Z,1.135740169987175e-05,0.002816155647932931,0.002827513049632803,0
2023-03-24T17:58:55Z,2023-03-24T17:59:00Z,1.2701549790079293e-05,0.002816471000517161,0.0028291725503072403,0
2023-03-24T17:58:55Z,2023-03-24T17:59:00Z,4.868840729904851e-06,0.00282421759127268,0.002829086432002585,0
2023-03-24T17:58:55Z,2023-03-24T17:59:00Z,1.07550995864787e-05,0.0028182313537194388,0.0028289864533059175,0
2023-03-24T17:58:55Z,2023-03-24T17:59:00Z,1.5302541040165818e-05,0.0028135175499166784,0.002828820090956844,0
2023-03-24T17:58:55Z,2023-03-24T17:59:00Z,1.5120021554904106e-05,0.0028123257317856643,0.0028274457533405684,0
2023-03-24T17:58:55Z,2023-03-24T17:59:00Z,3.311589235398867e-05,0.0027922097052574544,0.002825325597611443,0
2023-03-24T17:58:55Z,2023-03-24T17:59:00Z,4.027347104160195e-05,0.0027836059131791224,0.0028238793842207243,0
2023-03-24T17:58:55Z,2023-03-24T17:59:00Z,3.986464119070136e-05,0.002780149597183372,0.0028200142383740735,0
2023-03-24T17:58:55Z,2023-03-24T17:59:00Z,4.513345706940808e-05,0.0027701659485806053,0.0028152994056500134,0
2023-03-24T17:58:55Z,2023-03-24T17:59:00Z,4.8407332032185044e-05,0.0027628016781768034,0.0028112090102089884,0
2023-03-24T17:58:55Z,2023-03-24T17:59:00Z,4.1941895106870335e-05,0.0027646631420197836,0.002806605037126654,0
2023-03-24T17:58:55Z,2023-03-24T17:59:00Z,3.560182604503848e-05,0.0027656144953901924,0.002801216321435231,0
2023-03-24T17:58:55Z,2023-03-24T17:59:00Z,3.664872858809244e-05,0.002759560843040382,0.0027962095716284746,0
2023-03-24T17:58:55Z,2023-03-24T17:59:00Z,4.667276994588026e-05,0.0027453250389706998,0.00279199780891658,0
2023-03-24T17:58:55Z,2023-03-24T17:59:00Z,4.842071026161165e-05,0.0027388345855319032,0.002787255295793515,0
2023-03-24T17:58:55Z,2023-03-24T17:59:00Z,4.40396933208383e-05,0.0027366412231141783,0.0027806809164350166,0
2023-03-24T17:58:55Z,2023-03-24T17:59:00Z,5.3154578436777344e-05,0.0027209099406492777,0.002774064519086055,0
2023-03-24T17:58:55Z,2023-03-24T17:59:00Z,4.3620625448235594e-05,0.0027240375330709445,0.00276765815851918,0
2023-03-24T17:58:55Z,2023-03-24T17:59:00Z,3.5197810011467455e-05,0.002724842365913014,0.0027600401759244816,0
2023-03-24T17:58:55Z,2023-03-24T17:59:00Z,3.82600570423804e-05,0.002716099104533225,0.0027543591615756054,0
2023-03-24T17:58:55Z,2023-03-24T17:59:00Z,2.3636514323940698e-05,0.002725825684979489,0.0027494621993034295,0
2023-03-24T17:58:55Z,2023-03-24T17:59:00Z,2.3910266801032906e-05,0.0027202143914482175,0.0027441246582492504,0
2023-03-24T17:58:55Z,2023-03-24T17:59:00Z,1.6354887983144155e-05,0.002724074748299347,0.002740429636282491,0
2023-03-24T17:58:55Z,2023-03-24T17:59:00Z,2.1784714575151173e-05,0.0027150959811466243,0.0027368806957217755,0
2023-03-24T17:58:55Z,2023-03-24T17:59:00Z,1.2704949313587476e-05,0.0027207933802648183,0.002733498329578406,0
2023-03-24T17:58:55Z,2023-03-24T17:59:00Z,2.1283926853269894e-05,0.002708004526538171,0.002729288453391441,0
2023-03-24T17:58:55Z,2023-03-24T17:59:00Z,2.1455187538006043e-05,0.0027046026439554714,0.0027260578314934774,0
2023-03-24T17:58:55Z,2023-03-24T17:59:00Z,2.899549091027031e-05,0.002693952297880497,0.0027229477887907674,0
2023-03-24T17:58:55Z,2023-03-24T17:59:00Z,4.3776667293358735e-05,0.0026763184596993723,0.002720095126992731,0
2023-03-24T17:58:55Z,2023-03-24T17:59:00Z,4.306228635672822e-05,0.002673475430199863,0.002716537716556591,0
2023-03-24T17:58:55Z,2023-03-24T17:59:00Z,5.198320916427945e-05,0.0026608385506464863,0.0027128217598107658,0
2023-03-24T17:58:55Z,2023-03-24T17:59:00Z,4.696604953482531e-05,0.0026616422017033507,0.002708608251238176,0
2023-03-24T17:58:55Z,2023-03-24T17:59:00Z,4.3102123527366445e-05,0.0026601724764385992,0.0027032745999659657,0
2023-03-24T17:58:55Z,2023-03-24T17:59:00Z,4.499216521305048e-05,0.0026537443595170923,0.0026987365247301428,0
2023-03-24T17:58:55Z,2023-03-24T17:59:00Z,3.928871198816174e-05,0.00265397671203024,0.002693265424018402,0
2023-03-24T17:58:55Z,2023-03-24T17:59:00Z,4.5436560593997265e-05,0.0026422896940968103,0.0026877262546908076,0
2023-03-24T17:58:55Z,2023-03-24T17:59:00Z,3.66707326081156e-05,0.0026452140190602667,0.0026818847516683823,0
2023-03-24T17:58:55Z,2023-03-24T17:59:00Z,3.407347509027303e-05,0.0026417440859906245,0.0026758175610808975,0
2023-03-24T17:58:55Z,2023-03-24T17:59:00Z,3.7242844172930174e-05,0.002632276436807588,0.0026695192809805183,0
2023-03-24T17:58:55Z,2023-03-24T17:59:00Z,3.7434407666202697e-05,0.0026265631699353533,0.002663997577601556,0
2023-03-24T17:58:55Z,2023-03-24T17:59:00Z,2.908175948484505e-05,0.002628888634187721,0.002657970393672566,0
2023-03-24T17:58:55Z,2023-03-24T17:59:00Z,2.8620106901529763e-05,0.002623734526108941,0.002652354633010471,0
2023-03-24T17:58:55Z,2023-03-24T17:59:00Z,3.1233427630077484e-05,0.002617168719921089,0.0026484021475511664,0
2023-03-24T17:58:55Z,2023-03-24T17:59:00Z,3.3815616458746e-05,0.00261044145575151,0.002644257072210256,0
2023-03-24T17:58:55Z,2023-03-24T17:59:00Z,3.863181942976397e-05,0.002601986100220042,0.002640617919649806,0
2023-03-24T17:58:55Z,2023-03-24T17:59:00Z,4.282219598643073e-05,0.0025935289948340553,0.002636351190820486,0
2023-03-24T17:58:55Z,2023-03-24T17:59:00Z,3.852929989399184e-05,0.002592973026241615,0.0026315023261356068,0
2023-03-24T17:58:55Z,2023-03-24T17:59:00Z,2.6055326892020485e-05,0.0026004290521866665,0.002626484379078687,0
2023-03-24T17:58:55Z,2023-03-24T17:59:00Z,2.399056515065088e-05,0.0025974101734456507,0.0026214007385963016,0
2023-03-24T17:58:55Z,2023-03-24T17:59:00Z,2.0121350577765717e-05,0.0025977910011926904,0.002617912351770456,0
2023-03-24T17:58:55Z,2023-03-24T17:59:00Z,1.6845895987392494e-05,0.002597082801981845,0.0026139286979692377,0
2023-03-24T17:58:55Z,2023-03-24T17:59:00Z,2.0890090557659e-05,0.002589375850345085,0.002610265940902744,0
2023-03-24T17:58:55Z,2023-03-24T17:59:00Z,2.988970663793649e-05,0.0025774434313626617,0.0026073331380005982,0
2023-03-24T17:58:55Z,2023-03-24T17:59:00Z,3.4678930496644805e-05,0.0025695552642047647,0.0026042341947014095,0
2023-03-24T17:58:55Z,2023-03-24T17:59:00Z,2.6933198500738234e-05,0.0025730138959652493,0.0025999470944659876,0
2023-03-24T17:58:55Z,2023-03-24T17:59:00Z,2.3552472493090695e-05,0.002571879683480882,0.002595432155973973,0
2023-03-24T17:58:55Z,2023-03-24T17:59:00Z,1.9844172748643713e-05,0.0025719084145623423,0.002591752587310986,0
2023-03-24T17:58:55Z,2023-03-24T17:59:00Z,1.6813446398108653e-05,0.0025717256598903255,0.002588539106288434,0
2023-03-24T17:58:55Z,2023-03-24T17:59:00Z,1.343727983030632e-05,0.0025725953526533197,0.002586032632483626,0
2023-03-24T17:58:55Z,2023-03-24T17:59:00Z,1.8028449183781978e-05,0.0025661872387211996,0.0025842156879049816,0
2023-03-24T17:58:55Z,2023-03-24T17:59:00Z,1.6818170439344103e-05,0.0025656993779999463,0.0025825175484392904,0
2023-03-24T17:58:55Z,2023-03-24T17:59:00Z,7.926233809507893e-06,0.002571737830174327,0.002579664063983835,0
2023-03-24T17:58:55Z,2023-03-24T17:59:00Z,1.3007370077354388e-05,0.0025640141276193386,0.002577021497696693,0
2023-03-24T17:58:55Z,2023-03-24T17:59:00Z,1.6068504090500837e-05,0.002558781896021328,0.0025748504001118287,0
2023-03-24T17:58:55Z,2023-03-24T17:59:00Z,1.8046837677970686e-05,0.002554047839570316,0.0025720946772482866,0
2023-03-24T17:58:55Z,2023-03-24T17:59:00Z,2.1187450314515913e-05,0.002548357730740124,0.00256954518105464,0
2023-03-24T17:58:55Z,2023-03-24T17:59:00Z,1.7822347646974813e-05,0.002549773200758303,0.002567595548405278,0
2023-03-24T17:58:55Z,2023-03-24T17:59:00Z,2.1413479741923345e-05,0.0025444156075413015,0.002565829087283225,0
2023-03-24T17:58:55Z,2023-03-24T17:59:00Z,3.834912045525777e-05,0.0025255432422273886,0.0025638923626826464,0
2023-03-24T17:58:55Z,2023-03-24T17:59:00Z,3.15424681111634e-05,0.0025300612215765177,0.002561603689687681,0
2023-03-24T17:58:55Z,2023-03-24T17:59:00Z,3.6153595159863806e-05,0.0025215863301665713,0.002557739925326435,0
2023-03-24T17:58:55Z,2023-03-24T17:59:00Z,3.761518491843165e-05,0.002516652703881853,0.0025542678888002845,0
2023-03-24T17:58:55Z,2023-03-24T17:59:00Z,4.29913916775845e-05,0.002507025745248804,0.0025500171369263885,0
2023-03-24T17:58:55Z,2023-03-24T17:59:00Z,3.272276398020614e-05,0.0025131664950429036,0.0025458892590231098,0
2023-03-24T17:58:55Z,2023-03-24T17:59:00Z,3.601804575311838e-05,0.002504981743874063,0.0025409997896271813,0
2023-03-24T17:58:55Z,2023-03-24T17:59:00Z,2.8473127429903648e-05,0.002507645717602992,0.0025361188450328956,0
2023-03-24T17:58:55Z,2023-03-24T17:59:00Z,2.771925399877584e-05,0.0025034802257220138,0.0025311994797207896,0
2023-03-24T17:58:55Z,2023-03-24T17:59:00Z,3.141174357191613e-05,0.0024955263879473453,0.0025269381315192615,0
2023-03-24T17:58:55Z,2023-03-24T17:59:00Z,2.1694513152095522e-05,0.002501029650546474,0.0025227241636985695,0
2023-03-24T17:58:55Z,2023-03-24T17:59:00Z,2.0463214387760227e-05,0.0024978583374114112,0.0025183215517991715,0
2023-03-24T17:58:55Z,2023-03-24T17:59:00Z,1.3511239880756656e-05,0.0025007483494007623,0.002514259589281519,0
2023-03-24T17:58:55Z,2023-03-24T17:59:00Z,6.9081630376098026e-06,0.0025034716537330848,0.0025103798167706946,0
2023-03-24T17:58:55Z,2023-03-24T17:59:00Z,5.215474398655162e-06,0.002503098101303154,0.002508313575701809,0
2023-03-24T17:58:55Z,2023-03-24T17:59:00Z,1.9236872931920057e-06,0.002508021465674715,0.002506097778381523,0
2023-03-24T17:58:55Z,2023-03-24T17:59:00Z,1.8336723696206134e-06,0.002502723420273284,0.0025045570926429048,0
2023-03-24T17:58:55Z,2023-03-24T17:59:00Z,2.612343349451228e-06,0.0025064501661417613,0.00250383782279231,0
2023-03-24T17:58:55Z,2023-03-24T17:59:00Z,3.322455234186332e-06,0.002506801750945203,0.0025034792957110167,0
2023-03-24T17:58:55Z,2023-03-24T17:59:00Z,1.6108946346517997e-05,0.00251902854798244,0.002502919601635922,0
2023-03-24T17:58:55Z,2023-03-24T17:59:00Z,1.5887671125337614e-05,0.0025189589400171877,0.00250307126889185,0
2023-03-24T17:58:55Z,2023-03-24T17:59:00Z,2.054898091396985e-05,0.002524568819004107,0.0025040198380901373,0
2023-03-24T17:58:55Z,2023-03-24T17:59:00Z,2.6164231839152872e-05,0.0025314739627872213,0.0025053097309480684,0
2023-03-24T17:58:55Z,2023-03-24T17:59:00Z,2.8799507435794697e-05,0.002536529440971927,0.0025077299335361323,0
2023-03-24T17:58:55Z,2023-03-24T17:59:00Z,2.6397505164006164e-05,0.0025366644647202004,0.002510266959556194,0
2023-03-24T17:58:55Z,2023-03-24T17:59:00Z,2.4385839642047328e-05,0.002537875391161618,0.0025134895515195707,0
2023-03-24T17:58:55Z,2023-03-24T17:59:00Z,1.0495751765544035e-05,0.002526978312895068,0.002516482561129524,0
2023-03-24T17:58:55Z,2023-03-24T17:59:00Z,7.152551957349471e-06,0.002526502091205918,0.0025193495392485687,0
2023-03-24T17:58:55Z,2023-03-24T17:59:00Z,4.468905389226358e-06,0.002525808462270454,0.002521339556881228,0
2023-03-24T17:58:55Z,2023-03-24T17:59:00Z,2.2367044924180395e-06,0.002525116313501246,0.0025228796090088277,0
2023-03-24T17:58:55Z,2023-03-24T17:59:00Z,1.4594028979000341e-06,0.002523343959610692,0.002524803362508592,0
2023-03-24T17:58:55Z,2023-03-24T17:59:00Z,1.2628809932320635e-06,0.002525095993795317,0.002526358874788549,0
2023-03-24T17:58:55Z,2023-03-24T17:59:00Z,5.215666835460368e-06,0.0025225217253418797,0.00252773739217734,0
2023-03-24T17:58:55Z,2023-03-24T17:59:00Z,1.0223414046950548e-05,0.002538466426708697,0.0025282430126617465,0
2023-03-24T17:58:55Z,2023-03-24T17:59:00Z,9.930103774431764e-06,0.002538470015213236,0.0025285399114388044,0
2023-03-24T17:58:55Z,2023-03-24T17:59:00Z,7.3131003828887445e-06,0.002537011145797075,0.0025296980454141862,0
2023-03-24T17:58:55Z,2023-03-24T17:59:00Z,1.6523592873850766e-05,0.0025468046426568723,0.0025302810497830216,0
2023-03-24T17:58:55Z,2023-03-24T17:59:00Z,1.555049206470845e-05,0.0025458716839164915,0.002530321191851783,0
2023-03-24T17:58:55Z,2023-03-24T17:59:00Z,1.5370906770361716e-05,0.0025465371134502012,0.0025311662066798395,0
2023-03-24T17:58:55Z,2023-03-24T17:59:00Z,2.2701164861939176e-05,0.0025545337292713515,0.0025318325644094124,0
2023-03-24T17:58:55Z,2023-03-24T17:59:00Z,2.788892440873077e-05,0.002561351388864404,0.0025334624644556734,0
2023-03-24T17:58:55Z,2023-03-24T17:59:00Z,3.269500915915966e-05,0.002568493443453619,0.0025357984342944595,0
2023-03-24T17:58:55Z,2023-03-24T17:59:00Z,2.41833459814207e-05,0.002562943690825376,0.002538760344843955,0
2023-03-24T17:58:55Z,2023-03-24T17:59:00Z,2.768684458759503e-05,0.002570061950260915,0.00254237510567332,0
2023-03-24T17:58:55Z,2023-03-24T17:59:00Z,2.842940349415818e-05,0.002574104486768702,0.002545675083274544,0
2023-03-24T17:58:55Z,2023-03-24T17:59:00Z,3.0806536950175704e-05,0.0025802287832635187,0.002549422246313343,0
2023-03-24T17:58:55Z,2023-03-24T17:59:00Z,2.1793098506616478e-05,0.002575513908272195,0.0025537208097655786,0
2023-03-24T17:58:55Z,2023-03-24T17:59:00Z,2.0678679609477738e-05,0.0025778796857546245,0.0025572010061451467,0
2023-03-24T17:58:55Z,2023-03-24T17:59:00Z,1.6338262779126873e-05,0.00257662626001252,0.002560287997233393,0
2023-03-24T17:58:55Z,2023-03-24T17:59:00Z,1.0356330202461721e-05,0.002574050039098985,0.002563693708896523,0
2023-03-24T17:58:55Z,2023-03-24T17:59:00Z,1.7186191662358057e-05,0.002583365035338518,0.00256617884367616,0
2023-03-24T17:58:55Z,2023-03-24T17:59:00Z,1.062283691006128e-05,0.002579149876851429,0.0025685270399413676,0
2023-03-24T17:58:55Z,2023-03-24T17:59:00Z,1.1463082869505713e-05,0.0025830591163015664,0.0025715960334320607,0
2023-03-24T17:58:55Z,2023-03-24T17:59:00Z,2.180377705814085e-05,0.002595451156121875,0.002573647379063734,0
2023-03-24T17:58:55Z,2023-03-24T17:59:00Z,1.3189153662215153e-05,0.002588645510012379,0.002575456356350164,0
2023-03-24T17:58:55Z,2023-03-24T17:59:00Z,1.4773524233797908e-05,0.00259247635663965,0.002577702832405852,0
2023-03-24T17:58:55Z,2023-03-24T17:59:00Z,1.2341124366249418e-05,0.0025921857750376854,0.002579844650671436,0
2023-03-24T17:58:55Z,2023-03-24T17:59:00Z,2.278430658355637e-05,0.00260449682445322,0.0025817125178696637,0
2023-03-24T17:58:55Z,2023-03-24T17:59:00Z,2.0742563799256656e-05,0.0026039618556913356,0.002583219291892079,0
2023-03-24T17:58:55Z,2023-03-24T17:59:00Z,1.981889890933803e-05,0.002605060527567225,0.002585241628657887,0
2023-03-24T17:58:55Z,2023-03-24T17:59:00Z,2.0774660806505314e-05,0.0026083869517493207,0.0025876122909428154,0
2023-03-24T17:58:55Z,2023-03-24T17:59:00Z,1.0277870522594924e-05,0.00260015523161646,0.0025898773610938653,0
2023-03-24T17:58:55Z,2023-03-24T17:59:00Z,1.2272408173504782e-05,0.0026047964935787702,0.0025925240854052655,0
2023-03-24T17:58:55Z,2023-03-24T17:59:00Z,1.2329401519640612e-05,0.002607028919634696,0.0025946995181150554,0
2023-03-24T17:58:55Z,2023-03-24T17:59:00Z,6.369582887601893e-06,0.0026028550558560124,0.0025964854729684105,0
2023-03-24T17:58:55Z,2023-03-24T17:59:00Z,1.3845904381964026e-05,0.002612654630915646,0.002598808726533682,0
2023-03-24T17:58:55Z,2023-03-24T17:59:00Z,2.1215648385101028e-05,0.0026216740365483204,0.0026004583881632194,0
2023-03-24T17:58:55Z,2023-03-24T17:59:00Z,1.0269152954578073e-05,0.002612161164017278,0.0026018920110627,0
2023-03-24T17:58:55Z,2023-03-24T17:59:00Z,1.0228158722127602e-05,0.002614872546996156,0.0026046443882740285,0
2023-03-24T17:58:55Z,2023-03-24T17:59:00Z,2.8503045512899908e-06,0.002603434484337541,0.002606284788888831,0
2023-03-24T17:58:55Z,2023-03-24T17:59:00Z,1.931838193335771e-05,0.0025888569712853456,0.0026081753532187033,0
2023-03-24T17:58:55Z,2023-03-24T17:59:00Z,2.669807442870183e-05,0.0025813887504470287,0.0026080868248757306,0
2023-03-24T17:58:55Z,2023-03-24T17:59:00Z,2.8872820431336682e-05,0.0025779552640772274,0.002606828084508564,0
2023-03-24T17:58:55Z,2023-03-24T17:59:00Z,2.5303572847073987e-05,0.0025795518635681404,0.0026048554364152144,0
2023-03-24T17:58:55Z,2023-03-24T17:59:00Z,2.376816684263863e-05,0.0025785512955999014,0.00260231946244254,0
2023-03-24T17:58:55Z,2023-03-24T17:59:00Z,3.1581142768240516e-05,0.00256902137233694,0.0026006025151051803,0
2023-03-24T17:58:55Z,2023-03-24T17:59:00Z,4.668888133704764e-05,0.0025517265339365597,0.0025984154152736074,0
2023-03-24T17:58:55Z,2023-03-24T17:59:00Z,5.086582316810853e-05,0.002544382296497353,0.0025952481196654617,0
2023-03-24T17:58:55Z,2023-03-24T17:59:00Z,5.0278536312985296e-05,0.002540708873192522,0.002590987409505507,0
2023-03-24T17:58:55Z,2023-03-24T17:59:00Z,5.610653504441003e-05,0.0025291915132595725,0.0025852980483039825,0
2023-03-24T17:58:55Z,2023-03-24T17:59:00Z,4.424064050402273e-05,0.0025343103108536433,0.002578550951357666,0
2023-03-24T17:58:55Z,2023-03-24T17:59:00Z,4.076859056887684e-05,0.002530868223225647,0.002571636813794524,0
2023-03-24T17:58:55Z,2023-03-24T17:59:00Z,3.673308843115232e-05,0.002528190205684829,0.0025649232941159813,0
2023-03-24T17:58:55Z,2023-03-24T17:59:00Z,3.369999202996587e-05,0.002525176113660024,0.00255887610568999,0
2023-03-24T17:58:55Z,2023-03-24T17:59:00Z,2.444343435236947e-05,0.002529377107537578,0.0025538205418899475,0
2023-03-24T17:58:55Z,2023-03-24T17:59:00Z,1.5453163599510582e-05,0.0025336829918915196,0.0025491361554910302,0
2023-03-24T17:58:55Z,2023-03-24T17:59:00Z,2.2461024039686136e-05,0.0025226269517397066,0.0025450879757793927,0
2023-03-24T17:58:55Z,2023-03-24T17:59:00Z,5.8094562940335694e-05,0.002483171006866005,0.0025412655698063406,0
2023-03-24T17:58:55Z,2023-03-24T17:59:00Z,6.426577364014238e-05,0.0024723394341778487,0.002536605207817991,0
2023-03-24T17:58:55Z,2023-03-24T17:59:00Z,7.460662282541891e-05,0.0024548443878699942,0.002529451010695413,0
2023-03-24T17:58:55Z,2023-03-24T17:59:00Z,6.304544079706797e-05,0.002459789978251786,0.002522835419048854,0
2023-03-24T17:58:55Z,2023-03-24T17:59:00Z,6.116492022602846e-05,0.0024542090064372125,0.002515373926663241,0
2023-03-24T17:58:55Z,2023-03-24T17:59:00Z,5.598231260730202e-05,0.0024526483728108776,0.0025086306854181797,0
2023-03-24T17:58:55Z,2023-03-24T17:59:00Z,5.1994375651898996e-05,0.0024503877675310834,0.0025023821431829824,0
2023-03-24T17:58:55Z,2023-03-24T17:59:00Z,4.591699321413855e-05,0.0024496599884652804,0.002495576981679419,0
2023-03-24T17:58:55Z,2023-03-24T17:59:00Z,4.485014655856165e-05,0.002444020130479644,0.0024888702770382055,0
2023-03-24T17:58:55Z,2023-03-24T17:59:00Z,4.2067885078236195e-05,0.002440258207191674,0.00248232609226991,0
2023-03-24T17:58:55Z,2023-03-24T17:59:00Z,3.2441667135129065e-05,0.0024431214265364155,0.0024755630936715445,0
2023-03-24T17:58:55Z,2023-03-24T17:59:00Z,3.1090554608846806e-05,0.002437045964033873,0.0024681365186427196,0
2023-03-24T17:58:55Z,2023-03-24T17:59:00Z,1.924163926809346e-05,0.002441348082261701,0.0024605897215297943,0
2023-03-24T17:58:55Z,2023-03-24T17:59:00Z,3.2897547679582723e-06,0.0024501682177863497,0.002453457972554308,0
2023-03-24T17:58:55Z,2023-03-24T17:59:00Z,1.2306478357741561e-05,0.002437666250479541,0.0024499727288372825,0
2023-03-24T17:58:55Z,2023-03-24T17:59:00Z,4.931755357090797e-07,0.0024486183030070336,0.0024481251274713245,0
2023-03-24T17:58:55Z,2023-03-24T17:59:00Z,2.7404527397035736e-06,0.0024494340687618234,0.00244669361602212,0
2023-03-24T17:58:55Z,2023-03-24T17:59:00Z,8.480685133083893e-06,0.002454243328218141,0.002445762643085057,0
2023-03-24T17:58:55Z,2023-03-24T17:59:00Z,6.106487756632473e-07,0.0024459753803877716,0.0024453647316121084,0
2023-03-24T17:58:55Z,2023-03-24T17:59:00Z,3.627718500478702e-06,0.002449125363063192,0.002445497644562713,0
2023-03-24T17:58:55Z,2023-03-24T17:59:00Z,4.46195211427098e-06,0.002449591897748375,0.002445129945634104,0
2023-03-24T17:58:55Z,2023-03-24T17:59:00Z,1.6373508221435504e-06,0.0024467227443394067,0.002445085393517263,0
2023-03-24T17:58:55Z,2023-03-24T17:59:00Z,1.0769243299382694e-05,0.0024347804641569417,0.0024455497074563244,0
2023-03-24T17:58:55Z,2023-03-24T17:59:00Z,1.0985769658071898e-05,0.0024351026492272303,0.0024460884188853022,0
2023-03-24T17:58:55Z,2023-03-24T17:59:00Z,1.405486158665174e-05,0.002431338477100361,0.0024453933386870126,0
2023-03-24T17:58:55Z,2023-03-24T17:59:00Z,1.998008048402413e-05,0.002425251315302435,0.002445231395786459,0
2023-03-24T17:58:55Z,2023-03-24T17:59:00Z,9.543557275094872e-06,0.002434853704747919,0.002444397262023014,0
2023-03-24T17:58:55Z,2023-03-24T17:59:00Z,4.870503751456482e-06,0.002437450349731231,0.0024423208534826873,0
2023-03-24T17:58:55Z,2023-03-24T17:59:00Z,4.350141270765672e-06,0.002437736333400954,0.0024420864746717195,0
2023-03-24T17:58:55Z,2023-03-24T17:59:00Z,1.3048674105606284e-06,0.0024424606793092963,0.0024411558118987357,0
2023-03-24T17:58:55Z,2023-03-24T17:59:00Z,9.174884002505126e-06,0.0024493558846211683,0.002440181000618663,0
2023-03-24T17:58:55Z,2023-03-24T17:59:00Z,2.3915701788475643e-05,0.0024631148149980684,0.0024391991132095927,0
2023-03-24T17:58:55Z,2023-03-24T17:59:00Z,2.903164609555824e-05,0.0024685124679912672,0.002439480821895709,0
2023-03-24T17:58:55Z,2023-03-24T17:59:00Z,2.1490450920334803e-05,0.0024621370604772834,0.0024406466095569486,0
2023-03-24T17:58:55Z,2023-03-24T17:59:00Z,2.2069978286318702e-05,0.0024642933020301754,0.0024422233237438567,0
2023-03-24T17:58:55Z,2023-03-24T17:59:00Z,2.62415434603017e-05,0.0024697493935489814,0.0024435078500886797,0
2023-03-24T17:58:55Z,2023-03-24T17:59:00Z,3.1272954786386396e-05,0.0024772402080311686,0.002445967253244782,0
2023-03-24T17:58:55Z,2023-03-24T17:59:00Z,2.9307348175823793e-05,0.0024781618301140855,0.0024488544819382617,0
2023-03-24T17:58:55Z,2023-03-24T17:59:00Z,2.363335845795636e-05,0.0024763129846404517,0.0024526796261824953,0
2023-03-24T17:58:55Z,2023-03-24T17:59:00Z,2.9943135951389626e-05,0.0024870319717015224,0.002457088835750133,0
2023-03-24T17:58:55Z,2023-03-24T17:59:00Z,2.9374917812361682e-05,0.002489918693553539,0.0024605437757411774,0
2023-03-24T17:58:55Z,2023-03-24T17:59:00Z,2.707721810124488e-05,0.0024917527956732797,0.002464675577572035,0
2023-03-24T17:58:55Z,2023-03-24T17:59:00Z,3.9370421511461095e-05,0.0025083945290962114,0.0024690241075847504,0
2023-03-24T17:58:55Z,2023-03-24T17:59:00Z,3.847978140827067e-05,0.0025116115653566863,0.0024731317839484157,0
2023-03-24T17:58:55Z,2023-03-24T17:59:00Z,3.9921621756235526e-05,0.0025179732927442383,0.002478051670988003,0
2023-03-24T17:58:55Z,2023-03-24T17:59:00Z,2.5062268554847805e-05,0.0025071553354060684,0.0024820930668512206,0
2023-03-24T17:58:55Z,2023-03-24T17:59:00Z,1.7085516488147406e-05,0.0025033003187354495,0.002486214802247302,0
2023-03-24T17:58:55Z,2023-03-24T17:59:00Z,1.2433603072476568e-05,0.0025023999282305105,0.002489966325158034,0
2023-03-24T17:58:55Z,2023-03-24T17:59:00Z,3.605455364380592e-05,0.0025292714635272795,0.0024932169098834736,0
2023-03-24T17:58:55Z,2023-03-24T17:59:00Z,5.271884924463576e-05,0.002548656637018236,0.0024959377877736004,0
2023-03-24T17:58:55Z,2023-03-24T17:59:00Z,5.56330603690286e-05,0.0025559067861006383,0.0025002737257316097,0
2023-03-24T17:58:55Z,2023-03-24T17:59:00Z,5.063942351834702e-05,0.002556787716491969,0.002506148292973622,0
2023-03-24T17:58:55Z,2023-03-24T17:59:00Z,4.584855134267488e-05,0.0025586296611046465,0.0025127811097619716,0
2023-03-24T17:58:55Z,2023-03-24T17:59:00Z,4.278998546127476e-05,0.0025613840739557837,0.002518594088494509,0
2023-03-24T17:58:55Z,2023-03-24T17:59:00Z,3.3761225711052487e-05,0.0025580812281681535,0.002524320002457101,0
2023-03-24T17:58:55Z,2023-03-24T17:59:00Z,2.4961970187652432e-05,0.0025550845791682954,0.002530122608980643,0
2023-03-24T17:58:55Z,2023-03-24T17:59:00Z,2.270912218006564e-05,0.002556972289416704,0.0025342631672366383,0
2023-03-24T17:58:55Z,2023-03-24T17:59:00Z,3.127259521480902e-05,0.0025691585136024147,0.0025378859183876057,0
2023-03-24T17:58:55Z,2023-03-24T17:59:00Z,3.9078702779159636e-05,0.0025802145375561376,0.002541135834776978,0
2023-03-24T17:58:55Z,2023-03-24T17:59:00Z,3.210565372611333e-05,0.0025784084200194536,0.0025463027662933403,0
2023-03-24T17:58:55Z,2023-03-24T17:59:00Z,2.765577386931858e-05,0.0025803680583977163,0.0025527122845283978,0
2023-03-24T17:58:55Z,2023-03-24T17:59:00Z,1.882131278421609e-05,0.0025778676382950255,0.0025590463255108094,0
2023-03-24T17:58:55Z,2023-03-24T17:59:00Z,1.294305300797785e-05,0.0025762474280913235,0.0025633043750833456,0
2023-03-24T17:58:55Z,2023-03-24T17:59:00Z,9.881612991416086e-06,0.002575620238181161,0.0025657386251897447,0
2023-03-24T17:58:55Z,2023-03-24T17:59:00Z,2.872376019796147e-07,0.002567146441086989,0.0025674336786889688,0
2023-03-24T17:58:55Z,2023-03-24T17:59:00Z,5.888691458877469e-06,0.0025748917469552786,0.002569003055496401,0
2023-03-24T17:58:55Z,2023-03-24T17:59:00Z,1.1354360882241503e-05,0.002581067148043838,0.0025697127871615964,0
2023-03-24T17:58:55Z,2023-03-24T17:59:00Z,1.1957141367185693e-05,0.0025827955679454066,0.002570838426578221,0
2023-03-24T17:58:55Z,2023-03-24T17:59:00Z,3.6693226766358264e-06,0.00257642324257783,0.0025727539199011944,0
2023-03-24T17:58:55Z,2023-03-24T17:59:00Z,5.487141625535718e-06,0.002580550310591489,0.0025750631689659535,0
2023-03-24T17:58:55Z,2023-03-24T17:59:00Z,7.15334515839685e-06,0.0025838374268877785,0.0025766840817293816,0
2023-03-24T17:58:55Z,2023-03-24T17:59:00Z,2.614795050278826e-06,0.002580248193195416,0.0025776333981451373,0
2023-03-24T17:58:55Z,2023-03-24T17:59:00Z,9.839499327032614e-06,0.002587774804916473,0.0025779353055894404,0
2023-03-24T17:58:55Z,2023-03-24T17:59:00Z,1.7024527557196745e-05,0.0025951131475779672,0.0025780886200207705,0
2023-03-24T17:58:55Z,2023-03-24T17:59:00Z,1.527912969001002e-05,0.0025939849785873445,0.0025787058488973345,0
2023-03-24T17:58:55Z,2023-03-24T17:59:00Z,1.2395732606266564e-05,0.002592538707277179,0.0025801429746709122,0
2023-03-24T17:58:55Z,2023-03-24T17:59:00Z,1.4747779802457266e-05,0.002596368883681371,0.002581621103878914,0
2023-03-24T17:58:55Z,2023-03-24T17:59:00Z,1.5156795906978889e-05,0.0025981877722105616,0.0025830309763035827,0
2023-03-24T17:58:55Z,2023-03-24T17:59:00Z,1.2341828013660589e-05,0.002597808007866775,0.0025854661798531144,0
2023-03-24T17:58:55Z,2023-03-24T17:59:00Z,7.3453318359855205e-06,0.00259475284712704,0.0025874075152910545,0
2023-03-24T17:58:55Z,2023-03-24T17:59:00Z,8.955486287174318e-06,0.0025977580732301406,0.0025888025869429663,0
2023-03-24T17:58:55Z,2023-03-24T17:59:00Z,2.1470018070359875e-05,0.0026112690449451286,0.0025897990268747687,0
2023-03-24T17:58:55Z,2023-03-24T17:59:00Z,9.52784855650507e-06,0.0026011047779856333,0.0025915769294291282,0
2023-03-24T17:58:55Z,2023-03-24T17:59:00Z,1.0283067627740033e-05,0.002604419891586338,0.002594136823958598,0
2023-03-24T17:58:55Z,2023-03-24T17:59:00Z,5.875228648817999e-06,0.002601450998532237,0.002595575769883419,0
2023-03-24T17:58:55Z,2023-03-24T17:59:00Z,5.353985538926118e-06,0.0026029440636215883,0.002597590078082662,0
2023-03-24T17:58:55Z,2023-03-24T17:59:00Z,9.745087625060659e-06,0.002608474848509037,0.002598729760883976,0
2023-03-24T17:58:55Z,2023-03-24T17:59:00Z,5.572312245039415e-07,0.0025999395684454486,0.0025993823372209447,0
2023-03-24T17:58:55Z,2023-03-24T17:59:00Z,1.720510229515082e-06,0.002602310336610601,0.002600589826381086,0
2023-03-24T17:58:55Z,2023-03-24T17:59:00Z,1.8905581125839774e-06,0.002599316006699191,0.002601206564811775,0
2023-03-24T17:58:55Z,2023-03-24T17:59:00Z,1.0561190259053815e-05,0.0025911404956301567,0.0026017016858892105,0
2023-03-24T17:58:55Z,2023-03-24T17:59:00Z,1.0524768360941315e-06,0.0026007432285938357,0.00260179570542993,0
2023-03-24T17:58:55Z,2023-03-24T17:59:00Z,4.0037281222918795e-06,0.0026052438075325037,0.002601240079410212,0
2023-03-24T17:58:55Z,2023-03-24T17:59:00Z,1.0925854860056611e-05,0.0026126651327258344,0.0026017392778657777,0
2023-03-24T17:58:55Z,2023-03-24T17:59:00Z,7.513295550605481e-07,0.0026031144186127024,0.002602363089057642,0
2023-03-24T17:58:55Z,2023-03-24T17:59:00Z,3.2298609832959353e-06,0.0026057092906893297,0.0026024794297060338,0
2023-03-24T17:58:55Z,2023-03-24T17:59:00Z,1.2574098788280513e-05,0.0026152209985465698,0.0026026468997582893,0
2023-03-24T17:58:55Z,2023-03-24T17:59:00Z,1.9781250478403175e-05,0.0026225356001619423,0.002602754349683539,0
2023-03-24T17:58:55Z,2023-03-24T17:59:00Z,7.962817996880547e-06,0.0026118646676816138,0.002603901849684733,0
2023-03-24T17:58:55Z,2023-03-24T17:59:00Z,1.4635670745154119e-05,0.002620170148474917,0.002605534477729763,0
2023-03-24T17:58:55Z,2023-03-24T17:59:00Z,5.944335980193668e-06,0.0026117612986410045,0.002605816962660811,0
2023-03-24T17:58:55Z,2023-03-24T17:59:00Z,2.960540464596456e-06,0.002604542303865337,0.0026075028443299335,1
2023-03-24T17:58:55Z,2023-03-24T17:59:00Z,5.2810727777094155e-06,0.002603009351721424,0.0026082904244991334,1
2023-03-24T17:58:55Z,2023-03-24T17:59:00Z,1.823592189520223e-05,0.0025904900273677764,0.0026087259492629787,1
2023-03-24T17:58:55Z,2023-03-24T17:59:00Z,3.115498225245367e-05,0.0025785600383514645,0.002609715020603918,1
2023-03-24T17:58:55Z,2023-03-24T17:59:00Z,5.164687834674497e-05,0.0025572137088216685,0.0026088605871684135,1
2023-03-24T17:58:55Z,2023-03-24T17:59:00Z,6.769122512986607e-05,0.0025389457146067934,0.0026066369397366594,1
2023-03-24T17:58:55Z,2023-03-24T17:59:00Z,7.237298293049765e-05,0.002529643004814148,0.0026020159877446457,1
2023-03-24T17:58:55Z,2023-03-24T17:59:00Z,8.053537010959321e-05,0.00251613322563456,0.002596668595744153,1
2023-03-24T17:58:55Z,2023-03-24T17:59:00Z,9.278374391739159e-05,0.002497545994670497,0.0025903297385878885,1
2023-03-24T17:58:55Z,2023-03-24T17:59:00Z,9.902506581203592e-05,0.0024830473583665183,0.002582072424178554,1
2023-03-24T17:58:55Z,2023-03-24T17:59:00Z,0.00010615036527459026,0.0024655062584463434,0.0025716566237209337,1
2023-03-24T17:58:55Z,2023-03-24T17:59:00Z,0.00011439467427343687,0.002446527173671239,0.0025609218479446757,1
2023-03-24T17:58:55Z,2023-03-24T17:59:00Z,0.00012306795722179242,0.002424965233220502,0.002548033190442294,1
2023-03-24T17:58:55Z,2023-03-24T17:59:00Z,0.0001231794413481379,0.0024110842386800093,0.002534263680028147,1
2023-03-24T17:58:55Z,2023-03-24T17:59:00Z,0.0001293581562618368,0.002389940767879241,0.002519298924141078,1
2023-03-24T17:58:55Z,2023-03-24T17:59:00Z,0.00013181206928890733,0.0023714930954320526,0.00250330516472096,1
2023-03-24T17:58:55Z,2023-03-24T17:59:00Z,0.00013271242573206473,0.002353880300698184,0.0024865927264302486,1
2023-03-24T17:58:55Z,2023-03-24T17:59:00Z,0.00013200006896194483,0.0023373370788916862,0.002469337147853631,1
2023-03-24T17:58:55Z,2023-03-24T17:59:00Z,0.00013065358955413,0.0023217391076225447,0.0024523926971766748,1
2023-03-24T17:58:55Z,2023-03-24T17:59:00Z,0.00012968280113906687,0.002305909176394682,0.002435591977533749,1
2023-03-24T17:58:55Z,2023-03-24T17:59:00Z,0.00012363446312883266,0.002294632189638949,0.0024182666527677817,1
2023-03-24T17:58:55Z,2023-03-24T17:59:00Z,0.00012843155499957844,0.002272316426998213,0.0024007479819977916,1
2023-03-24T17:58:55Z,2023-03-24T17:59:00Z,0.000126334145710024,0.0022575043525351387,0.0023838384982451627,1
2023-03-24T17:58:55Z,2023-03-24T17:59:00Z,0.00012632424268293942,0.0022399533446148647,0.002366277587297804,1
2023-03-24T17:58:55Z,2023-03-24T17:59:00Z,0.00013056989142413598,0.0022183742037144008,0.0023489440951385368,1
2023-03-24T17:58:55Z,2023-03-24T17:59:00Z,0.00013306415555131576,0.002198665453832523,0.002331729609383839,1
2023-03-24T17:58:55Z,2023-03-24T17:59:00Z,0.00014235126401243537,0.0021721624262458954,0.0023145136902583308,1
2023-03-24T17:58:55Z,2023-03-24T17:59:00Z,0.00014003435099167695,0.0021567777738626965,0.0022968121248543734,1
2023-03-24T17:58:55Z,2023-03-24T17:59:00Z,0.00013889234029095714,0.002139771589427304,0.002278663929718261,1
2023-03-24T17:58:55Z,2023-03-24T17:59:00Z,0.00013659075851246618,0.002124180227741682,0.0022607709862541483,1
2023-03-24T17:58:55Z,2023-03-24T17:59:00Z,0.00013647251983269501,0.0021064560738155466,0.0022429285936482416,1
2023-03-24T17:58:55Z,2023-03-24T17:59:00Z,0.00013849121522189556,0.002086674307497179,0.0022251655227190745,1
2023-03-24T17:58:55Z,2023-03-24T17:59:00Z,0.00013506990131163538,0.002072155368590189,0.0022072252699018246,1
2023-03-24T17:58:55Z,2023-03-24T17:59:00Z,0.00013319457779232017,0.0020557611197013796,0.0021889556974936998,1
2023-03-24T17:58:55Z,2023-03-24T17:59:00Z,0.00012436577246731752,0.0020460501899389853,0.002170415962406303,1
2023-03-24T17:58:55Z,2023-03-24T17:59:00Z,0.00012167665116919087,0.0020306930356290428,0.0021523696867982336,1
2023-03-24T17:58:55Z,2023-03-24T17:59:00Z,0.00012177206509003061,0.0020129764414918566,0.0021347485065818872,1
2023-03-24T17:58:55Z,2023-03-24T17:59:00Z,0.00012281510823557986,0.0019944950392641555,0.0021173101474997354,1
2023-03-24T17:58:55Z,2023-03-24T17:59:00Z,0.00012139292050503819,0.001978800746809485,0.0021001936673145233,1
2023-03-24T17:58:55Z,2023-03-24T17:59:00Z,0.00011943566451970205,0.0019637438015807905,0.0020831794661004925,1
2023-03-24T17:58:55Z,2023-03-24T17:59:00Z,0.00011801090847275123,0.0019490550843413738,0.002067065992814125,1
2023-03-24T17:58:55Z,2023-03-24T17:59:00Z,0.00011313471371072266,0.0019378451147465771,0.0020509798284573,1
2023-03-24T17:58:55Z,2023-03-24T17:59:00Z,0.00011055934151611387,0.0019245274448506918,0.0020350867863668056,1
2023-03-24T17:58:55Z,2023-03-24T17:59:00Z,0.00010998809653681987,0.0019095707637470606,0.0020195588602838804,1
2023-03-24T17:58:55Z,2023-03-24T17:59:00Z,0.0001097696739610608,0.0018946284672424149,0.0020043981412034757,1
2023-03-24T17:58:55Z,2023-03-24T17:59:00Z,0.00010321429676267597,0.0018864252157949567,0.0019896395125576327,1
2023-03-24T17:58:55Z,2023-03-24T17:59:00Z,6.799493017724386e-05,0.0019068506739347403,0.001974845604111984,1
2023-03-24T17:58:55Z,2023-03-24T17:59:00Z,4.423057470931261e-05,0.0019165037040771366,0.0019607342787864492,1
2023-03-24T17:58:55Z,2023-03-24T17:59:00Z,2.6301190522174918e-05,0.0019228331285972538,0.0019491343191194287,1
2023-03-24T17:58:55Z,2023-03-24T17:59:00Z,1.2617383249733955e-05,0.0019270011582403692,0.0019396185414901031,1
2023-03-24T17:58:55Z,2023-03-24T17:59:00Z,2.9855541773850247e-06,0.001929121044571501,0.001932106598748886,1
2023-03-24T17:58:55Z,2023-03-24T17:59:00Z,1.0163363636953113e-06,0.001927498445027266,0.0019264821086635707,1
2023-03-24T17:58:55Z,2023-03-24T17:59:00Z,5.6234997155286785e-06,0.0019279656331926008,0.0019223421334770721,1
2023-03-24T17:58:55Z,2023-03-24T17:59:00Z,4.248622542951316e-06,0.0019235703096405633,0.001919321687097612,1
2023-03-24T17:58:55Z,2023-03-24T17:59:00Z,6.161213776362034e-06,0.0019237254466115759,0.0019175642328352139,1
2023-03-24T17:58:55Z,2023-03-24T17:59:00Z,2.511524385936546e-06,0.0019188861901289825,0.001916374665743046,1
2023-03-24T17:58:55Z,2023-03-24T17:59:00Z,9.771435380372378e-07,0.00191728497609449,0.0019163078325564527,1
2023-03-24T17:58:55Z,2023-03-24T17:59:00Z,1.6644124075228077e-06,0.0019187485304958027,0.00191708411808828,1
2023-03-24T17:58:55Z,2023-03-24T17:59:00Z,1.6587432441531567e-06,0.0019173134172484664,0.0019189721604926195,1
2023-03-24T17:58:55Z,2023-03-24T17:59:00Z,8.439434238075895e-06,0.0019132263358129474,0.0019216657700510233,1
2023-03-24T17:58:55Z,2023-03-24T17:59:00Z,1.093512936047882e-05,0.0019116025359666887,0.0019225376653271675,1
2023-03-24T17:58:55Z,2023-03-24T17:59:00Z,1.674549770137499e-05,0.0019055190536037766,0.0019222645513051516,1
2023-03-24T17:58:55Z,2023-03-24T17:59:00Z,2.2957611780727088e-05,0.0018983710568052105,0.0019213286685859376,1
2023-03-24T17:58:55Z,2023-03-24T17:59:00Z,1.728154220838915e-05,0.001902256950991166,0.0019195384931995551,1
2023-03-24T17:58:55Z,2023-03-24T17:59:00Z,1.4427607528123962e-05,0.0019025483866909067,0.0019169759942190307,1
2023-03-24T17:58:55Z,2023-03-24T17:59:00Z,1.551070999265434e-05,0.0018993618263900345,0.0019148725363826889,1
2023-03-24T17:58:55Z,2023-03-24T17:59:00Z,1.9151639072087804e-05,0.00189360279343546,0.0019127544325075478,1
2023-03-24T17:58:55Z,2023-03-24T17:59:00Z,2.2034448525299786e-05,0.0018887026103780373,0.001910737058903337,1
2023-03-24T17:58:55Z,2023-03-24T17:59:00Z,2.5861699667522123e-05,0.0018823651381378057,0.0019082268378053278,1
2023-03-24T17:58:55Z,2023-03-24T17:59:00Z,2.7862942411455323e-05,0.0018778485970812938,0.0019057115394927491,1
2023-03-24T17:58:55Z,2023-03-24T17:59:00Z,2.8026677141509103e-05,0.0018747748758548499,0.001902801552996359,1
2023-03-24T17:58:55Z,2023-03-24T17:59:00Z,2.2977004237575765e-05,0.0018764162209742407,0.0018993932252118165,1
2023-03-24T17:58:55Z,2023-03-24T17:59:00Z,2.131551287911401e-05,0.0018745328338832343,0.0018958483467623483,1
2023-03-24T17:58:55Z,2023-03-24T17:59:00Z,1.8917915568791377e-05,0.0018738629216236645,0.001892780837192456,1
2023-03-24T17:58:55Z,2023-03-24T17:59:00Z,1.7783446380310484e-05,0.0018719082489718577,0.0018896916953521682,1
2023-03-24T17:58:55Z,2023-03-24T17:59:00Z,1.8381339937566417e-05,0.0018686723444162588,0.0018870536843538252,1
2023-03-24T17:58:55Z,2023-03-24T17:59:00Z,2.5825279078244175e-05,0.0018590231712894683,0.0018848484503677125,1
2023-03-24T17:58:55Z,2023-03-24T17:59:00Z,3.30949630907519e-05,0.0018489547700623848,0.0018820497331531367,1
2023-03-24T17:58:55Z,2023-03-24T17:59:00Z,3.8670257272035036e-05,0.0018397523745976487,0.0018784226318696838,1
2023-03-24T17:58:55Z,2023-03-24T17:59:00Z,3.991417744241498e-05,0.0018343078663999647,0.0018742220438423796,1
2023-03-24T17:58:55Z,2023-03-24T17:59:00Z,4.159093613300205e-05,0.0018281435728062262,0.0018697345089392283,1
2023-03-24T17:58:55Z,2023-03-24T17:59:00Z,5.9717198121373403e-05,0.0018054844154863495,0.001865201613607723,1
2023-03-24T17:58:55Z,2023-03-24T17:59:00Z,4.8239308963334785e-05,0.0018124438408667564,0.0018606831498300912,1
2023-03-24T17:58:55Z,2023-03-24T17:59:00Z,2.8269725345196487e-05,0.0018263830760186495,0.001854652801363846,1
2023-03-24T17:58:55Z,2023-03-24T17:59:00Z,1.199485880917046e-05,0.0018374636896390008,0.0018494585484481712,0
2023-03-24T17:58:55Z,2023-03-24T17:59:00Z,6.572281536595297e-06,0.0018518614012384671,0.0018452891197018719,0
2023-03-24T17:58:55Z,2023-03-24T17:59:00Z,2.4357913306259638e-05,0.0018665579376544452,0.0018422000243481856,0
2023-03-24T17:58:55Z,2023-03-24T17:59:00Z,3.9039167602149e-05,0.0018794057319182348,0.0018403665643160858,0
2023-03-24T17:58:55Z,2023-03-24T17:59:00Z,4.732522727158477e-05,0.0018872459323112194,0.0018399207050396346,0
2023-03-24T17:58:55Z,2023-03-24T17:59:00Z,5.581246392148665e-05,0.0018966276179196195,0.0018408151539981328,0
2023-03-24T17:58:55Z,2023-03-24T17:59:00Z,6.979728139294055e-05,0.0019129643321428862,0.0018431670507499456,0
2023-03-24T17:58:55Z,2023-03-24T17:59:00Z,7.692536993784255e-05,0.0019240651580092244,0.0018471397880713818,0
2023-03-24T17:58:55Z,2023-03-24T17:59:00Z,8.552754623365418e-05,0.0019387683307671392,0.001853240784533485,0
2023-03-24T17:58:55Z,2023-03-24T17:59:00Z,9.125785763580523e-05,0.0019519784164700616,0.0018607205588342564,0
2023-03-24T17:58:55Z,2023-03-24T17:59:00Z,9.053206425027713e-05,0.0019604713529146095,0.0018699392886643324,0
2023-03-24T17:58:55Z,2023-03-24T17:59:00Z,8.913896578154469e-05,0.0019712860878611863,0.0018821471220796416,0
2023-03-24T17:58:55Z,2023-03-24T17:59:00Z,8.992836902637605e-05,0.0019844111171100054,0.0018944827480836294,0
2023-03-24T17:58:55Z,2023-03-24T17:59:00Z,9.379962279410631e-05,0.0020003576218646144,0.001906557999070508,0
2023-03-24T17:58:55Z,2023-03-24T17:59:00Z,9.532283091508316e-05,0.002014126448941508,0.0019188036180264247,0
2023-03-24T17:58:55Z,2023-03-24T17:59:00Z,9.367177559581373e-05,0.002024850078674417,0.0019311783030786034,0
2023-03-24T17:58:55Z,2023-03-24T17:59:00Z,9.344831770082668e-05,0.0020369239967200185,0.0019434756790191918,0
2023-03-24T17:58:55Z,2023-03-24T17:59:00Z,9.761245274190599e-05,0.0020532084939907796,0.0019555960412488737,0
2023-03-24T17:58:55Z,2023-03-24T17:59:00Z,0.00010246536197469885,0.0020705345752576394,0.0019680692132829406,0
2023-03-24T17:58:55Z,2023-03-24T17:59:00Z,0.00010799524302570378,0.0020891128626479077,0.001981117619622204,0
2023-03-24T17:58:55Z,2023-03-24T17:59:00Z,0.00011310017369879632,0.0021073486469138964,0.0019942484732151,0
2023-03-24T17:58:55Z,2023-03-24T17:59:00Z,0.0001190868984069708,0.002127089347008628,0.002008002448601657,0
2023-03-24T17:58:55Z,2023-03-24T17:59:00Z,0.00012379859922890396,0.0021458494075094576,0.0020220508082805537,0
2023-03-24T17:58:55Z,2023-03-24T17:59:00Z,0.00013166147392938308,0.0021683048597548175,0.0020366433858254344,0
2023-03-24T17:58:55Z,2023-03-24T17:59:00Z,0.0001361431915109534,0.002188234748552625,0.0020520915570416717,0
2023-03-24T17:58:55Z,2023-03-24T17:59:00Z,0.00013848689861642493,0.0022069966866492324,0.0020685097880328075,0
2023-03-24T17:58:55Z,2023-03-24T17:59:00Z,0.00014069976737597547,0.0022261948580290015,0.002085495090653026,0
2023-03-24T17:58:55Z,2023-03-24T17:59:00Z,0.00013847373074999444,0.002241188743468405,0.0021027150127184108,0
2023-03-24T17:58:55Z,2023-03-24T17:59:00Z,0.00014150891098162416,0.0022618962911239928,0.0021203873801423686,0
2023-03-24T17:58:55Z,2023-03-24T17:59:00Z,0.00014833323441910701,0.0022867488366276416,0.0021384156022085346,0
2023-03-24T17:58:55Z,2023-03-24T17:59:00Z,0.00014875444796235782,0.0023059177413712233,0.0021571632934088655,0
2023-03-24T17:58:55Z,2023-03-24T17:59:00Z,0.00014651380487763635,0.0023231387935062405,0.002176624988628604,0
2023-03-24T17:58:55Z,2023-03-24T17:59:00Z,0.00013785561475611417,0.0023340958672275164,0.002196240252471402,0
2023-03-24T17:58:55Z,2023-03-24T17:59:00Z,0.00012931274122362406,0.0023450551545998875,0.0022157424133762635,0
2023-03-24T17:58:55Z,2023-03-24T17:59:00Z,0.00011988438982424385,0.002354522404893309,0.002234638015069065,0
2023-03-24T17:58:55Z,2023-03-24T17:59:00Z,0.00011187664057971418,0.002364678472948051,0.002252801832368337,0
2023-03-24T17:58:55Z,2023-03-24T17:59:00Z,0.00010937800093070152,0.0023795692497476924,0.002270191248816991,0
2023-03-24T17:58:55Z,2023-03-24T17:59:00Z,9.770061742862823e-05,0.002384256334011722,0.0022865557165830937,0
2023-03-24T17:58:55Z,2023-03-24T17:59:00Z,8.688546251938876e-05,0.002389385720868738,0.002302500258349349,0
2023-03-24T17:58:55Z,2023-03-24T17:59:00Z,8.187952959340383e-05,0.002399151425222961,0.002317271895629557,0
2023-03-24T17:58:55Z,2023-03-24T17:59:00Z,8.38412883669001e-05,0.002414712422566435,0.0023308711341995347,0
2023-03-24T17:58:55Z,2023-03-24T17:59:00Z,8.268157551597887e-05,0.0024267162665283933,0.0023440346910124144,0
2023-03-24T17:58:55Z,2023-03-24T17:59:00Z,7.61818021802617e-05,0.00243295117081288,0.0023567693686326182,0
2023-03-24T17:58:55Z,2023-03-24T17:59:00Z,6.915728873529937e-05,0.0024375906098596466,0.0023684333211243472,0
2023-03-24T17:58:55Z,2023-03-24T17:59:00Z,6.55859076870084e-05,0.002444605347931494,0.0023790194402444854,0
2023-03-24T17:58:55Z,2023-03-24T17:59:00Z,4.998563559405981e-05,0.002438542727201329,0.002388557091607269,0
2023-03-24T17:58:55Z,2023-03-24T17:59:00Z,4.2071732177562365e-05,0.0024398379471768294,0.002397766214999267,0
2023-03-24T17:58:55Z,2023-03-24T17:59:00Z,2.8539730519887372e-05,0.0024340965765692747,0.0024055568460493873,0
2023-03-24T17:58:55Z,2023-03-24T17:59:00Z,3.0076257178589163e-05,0.0024427427317516032,0.002412666474573014,0
2023-03-24T17:58:55Z,2023-03-24T17:59:00Z,1.3465583951731419e-05,0.002431916900493181,0.0024184513165414496,0
2023-03-24T17:58:55Z,2023-03-24T17:59:00Z,2.8526946046136467e-07,0.0024234305039146473,0.0024237157733751086,0
2023-03-24T17:58:55Z,2023-03-24T17:59:00Z,4.886475134782166e-06,0.0024228010121137814,0.0024276874872485635,0
2023-03-24T17:58:55Z,2023-03-24T17:59:00Z,1.4999686251964892e-05,0.0024155248662504247,0.0024305245525023896,0
2023-03-24T17:58:55Z,2023-03-24T17:59:00Z,2.5561998364098757e-05,0.002406933353045859,0.002432495351409958,0
2023-03-24T17:58:55Z,2023-03-24T17:59:00Z,2.2454687653095367e-05,0.002410108367397195,0.0024325630550502903,0
2023-03-24T17:58:55Z,2023-03-24T17:59:00Z,2.2806743763557034e-05,0.002408107735163189,0.002430914478926746,0
2023-03-24T17:58:55Z,2023-03-24T17:59:00Z,2.0845623948814295e-05,0.0024081652880266246,0.002429010911975439,0
2023-03-24T17:58:55Z,2023-03-24T17:59:00Z,1.3658312633768425e-05,0.0024128956931169653,0.0024265540057507337,0
2023-03-24T17:58:55Z,2023-03-24T17:59:00Z,1.1393167558806407e-05,0.0024121241665331886,0.002423517334091995,0
2023-03-24T17:58:55Z,2023-03-24T17:59:00Z,7.538460840392832e-06,0.002413841620411238,0.0024213800812516307,0
2023-03-24T17:58:55Z,2023-03-24T17:59:00Z,8.074227507025213e-06,0.0024109963720243023,0.0024190705995313275,0
2023-03-24T17:58:55Z,2023-03-24T17:59:00Z,2.3457011092287844e-06,0.002415036985408929,0.002417382686518158,0
2023-03-24T17:58:55Z,2023-03-24T17:59:00Z,6.720254839136762e-06,0.0024080169017017465,0.0024147371565408833,0
2023-03-24T17:58:55Z,2023-03-24T17:59:00Z,1.3197859870873671e-05,0.0024001326370796552,0.002413330496950529,0
2023-03-24T17:58:55Z,2023-03-24T17:59:00Z,1.0683676875830606e-05,0.0024013623532236233,0.002412046030099454,0
2023-03-24T17:58:55Z,2023-03-24T17:59:00Z,1.1160224294171853e-05,0.0023989967745524383,0.00241015699884661,0
2023-03-24T17:58:55Z,2023-03-24T17:59:00Z,9.896025726968856e-06,0.002399080763700741,0.00240897678942771,0
2023-03-24T17:58:55Z,2023-03-24T17:59:00Z,5.546375690586216e-06,0.0024027690321960053,0.0024083154078865915,0
2023-03-24T17:58:55Z,2023-03-24T17:59:00Z,7.1205970614334965e-06,0.002400275843850453,0.0024073964409118864,0
2023-03-24T17:58:55Z,2023-03-24T17:59:00Z,8.596958204199184e-06,0.0023983545907937556,0.002406951548997955,0
2023-03-24T17:58:55Z,2023-03-24T17:59:00Z,1.699874296358676e-05,0.00238929535235302,0.002406294095316607,0
2023-03-24T17:58:55Z,2023-03-24T17:59:00Z,1.2817217697570077e-05,0.0023922651190921027,0.0024050823367896728,0
2023-03-24T17:58:55Z,2023-03-24T17:59:00Z,1.0128408200738275e-05,0.0023930515274072544,0.0024031799356079926,0
2023-03-24T17:58:55Z,2023-03-24T17:59:00Z,1.8564277332694997e-05,0.0023828176164987025,0.0024013818938313975,0
2023-03-24T17:58:55Z,2023-03-24T17:59:00Z,1.5309653271896023e-05,0.002384576836841414,0.00239988649011331,0
2023-03-24T17:58:55Z,2023-03-24T17:59:00Z,4.7268616016195135e-06,0.0023924746811025055,0.002397201542704125,0
2023-03-24T17:58:55Z,2023-03-24T17:59:00Z,9.235260012366905e-06,0.002386012943953397,0.002395248203965764,0
2023-03-24T17:58:55Z,2023-03-24T17:59:00Z,5.271246490988913e-06,0.002389338794476679,0.0023946100409676678,0
2023-03-24T17:58:55Z,2023-03-24T17:59:00Z,3.793778272608017e-06,0.0023895371452558748,0.002393330923528483,0
2023-03-24T17:58:55Z,2023-03-24T17:59:00Z,1.3346537460038298e-05,0.0024058726293155414,0.002392526091855503,0
2023-03-24T17:58:55Z,2023-03-24T17:59:00Z,2.4302446864070404e-05,0.002416033237182501,0.0023917307903184304,0
2023-03-24T17:58:55Z,2023-03-24T17:59:00Z,3.2245779673206396e-05,0.0024242352030849315,0.002391989423411725,0
2023-03-24T17:58:55Z,2023-03-24T17:59:00Z,2.8681965097934314e-05,0.0024219845046206633,0.002393302539522729,0
2023-03-24T17:58:55Z,2023-03-24T17:59:00Z,3.797378565013757e-05,0.0024334330428637976,0.00239545925721366,0
2023-03-24T17:58:55Z,2023-03-24T17:59:00Z,2.882262522946105e-05,0.002427005978465425,0.002398183353235964,0
2023-03-24T17:58:55Z,2023-03-24T17:59:00Z,1.936002988779965e-05,0.0024209740434380715,0.002401614013550272,0
2023-03-24T17:58:55Z,2023-03-24T17:59:00Z,1.331772336282894e-05,0.002417761274501282,0.002404443551138453,0
2023-03-24T17:58:55Z,2023-03-24T17:59:00Z,1.2158985871538446e-05,0.0024197822392549384,0.0024076232533834,0
2023-03-24T17:58:55Z,2023-03-24T17:59:00Z,9.763915587648105e-06,0.0024201525387760373,0.002410388623188389,0
2023-03-24T17:58:55Z,2023-03-24T17:59:00Z,2.7461875834198027e-06,0.002415410440617845,0.002412664253034425,0
2023-03-24T17:58:55Z,2023-03-24T17:59:00Z,2.404797027831876e-06,0.0024179140162974766,0.0024155092192696447,0
2023-03-24T17:58:55Z,2023-03-24T17:59:00Z,4.2959375889332213e-07,0.0024181114502069686,0.0024176818564480753,0
2023-03-24T17:58:55Z,2023-03-24T17:59:00Z,7.905670883394302e-06,0.002412140924818148,0.0024200465957015423,0
2023-03-24T17:58:55Z,2023-03-24T17:59:00Z,1.898287211693408e-05,0.0024020836253255606,0.0024210664974424947,0
2023-03-24T17:58:55Z,2023-03-24T17:59:00Z,1.5193634191088684e-05,0.00240554850388771,0.002420742138078799,0
2023-03-24T17:58:55Z,2023-03-24T17:59:00Z,1.792200917790504e-05,0.002400974164087613,0.002418896173265518,0
2023-03-24T17:58:55Z,2023-03-24T17:59:00Z,2.6843190365245188e-05,0.0023906833161725267,0.002417526506537772,0
2023-03-24T17:58:55Z,2023-03-24T17:59:00Z,2.151414058797858e-05,0.002393307459385111,0.0024148215999730896,0
2023-03-24T17:58:55Z,2023-03-24T17:59:00Z,2.3989167011946675e-05,0.002387805544436735,0.0024117947114486817,0
2023-03-24T17:58:55Z,2023-03-24T17:59:00Z,2.2313797756455447e-05,0.0023871753650211457,0.002409489162777601,0
2023-03-24T17:58:55Z,2023-03-24T17:59:00Z,4.873344401313748e-06,0.002402119507537575,0.002406992851938889,0
2023-03-24T17:58:55Z,2023-03-24T17:59:00Z,1.6621189594854223e-06,0.002402613493459921,0.0024042756124194064,0
2023-03-24T17:58:55Z,2023-03-24T17:59:00Z,2.452512872963726e-06,0.0024003203469432377,0.0024027728598162014,0
2023-03-24T17:58:55Z,2023-03-24T17:59:00Z,4.143389203078475e-07,0.002402120786473349,0.002401706447553041,0
2023-03-24T17:58:55Z,2023-03-24T17:59:00Z,8.458757119900878e-07,0.002401086184152178,0.002400240308440188,0
2023-03-24T17:58:55Z,2023-03-24T17:59:00Z,6.075629398784744e-06,0.002404983382527838,0.002398907753129053,0
2023-03-24T17:58:55Z,2023-03-24T17:59:00Z,1.613682865433128e-05,0.002414123353394553,0.0023979865247402217,0
2023-03-24T17:58:55Z,2023-03-24T17:59:00Z,1.0727926811639893e-05,0.002408956097985385,0.002398228171173745,0
2023-03-24T17:58:55Z,2023-03-24T17:59:00Z,1.1770086739261096e-05,0.002410712828705243,0.002398942741965982,0
2023-03-24T17:58:55Z,2023-03-24T17:59:00Z,6.240286817804554e-06,0.002405848189941934,0.0023996079031241295,0
2023-03-24T17:58:55Z,2023-03-24T17:59:00Z,2.725004858749984e-06,0.0023985520243097725,0.0024012770291685225,0
2023-03-24T17:58:55Z,2023-03-24T17:59:00Z,2.5904510452816505e-06,0.0024049125410935393,0.0024023220900482576,0
2023-03-24T17:58:55Z,2023-03-24T17:59:00Z,4.0743440169505214e-06,0.0023991432860207265,0.002403217630037677,0
2023-03-24T17:58:55Z,2023-03-24T17:59:00Z,6.671854858270303e-06,0.0023980238731854397,0.00240469572804371,0
2023-03-24T17:58:55Z,2023-03-24T17:59:00Z,9.320234927012033e-07,0.002405379733076674,0.002404447709583973,0
2023-03-24T17:58:55Z,2023-03-24T17:59:00Z,1.7337119300963287e-06,0.0024057989531578628,0.0024040652412277664,0
2023-03-24T17:58:55Z,2023-03-24T17:59:00Z,9.328598672662513e-06,0.0024138154554115485,0.002404486856738886,0
2023-03-24T17:58:55Z,2023-03-24T17:59:00Z,1.4645697723522817e-05,0.002419439068352785,0.002404793370629262,0
2023-03-24T17:58:55Z,2023-03-24T17:59:00Z,1.8905965518062687e-05,0.002424760108752272,0.0024058541432342095,0
2023-03-24T17:58:55Z,2023-03-24T17:59:00Z,2.1561246968817595e-05,0.0024286200306884395,0.002407058783719622,0
2023-03-24T17:58:55Z,2023-03-24T17:59:00Z,1.9373540985121764e-05,0.0024273187209845537,0.002407945179999432,0
2023-03-24T17:58:55Z,2023-03-24T17:59:00Z,2.6370388866537448e-05,0.0024359542299245574,0.00240958384105802,0
2023-03-24T17:58:55Z,2023-03-24T17:59:00Z,3.088021779811337e-05,0.0024418478832127426,0.002410967665414629,0
2023-03-24T17:58:55Z,2023-03-24T17:59:00Z,4.0454975417176815e-05,0.0024539314774970245,0.0024134765020798477,0
2023-03-24T17:58:55Z,2023-03-24T17:59:00Z,3.435299905790636e-05,0.002451437489379668,0.002417084490321762,0
2023-03-24T17:58:55Z,2023-03-24T17:59:00Z,3.682519728376039e-05,0.0024579945989724795,0.002421169401688719,0
2023-03-24T17:58:55Z,2023-03-24T17:59:00Z,3.018826227322701e-05,0.0024557155142418577,0.0024255272519686307,0
2023-03-24T17:58:55Z,2023-03-24T17:59:00Z,9.985742512092291e-06,0.0024405105549629765,0.0024305248124508842,0
2023-03-24T17:58:55Z,2023-03-24T17:59:00Z,7.390871781653291e-06,0.0024421103326629696,0.0024347194608813163,0
2023-03-24T17:58:55Z,2023-03-24T17:59:00Z,4.44664366654017e-06,0.002442058738031616,0.0024376120943650757,0
2023-03-24T17:58:55Z,2023-03-24T17:59:00Z,9.488926763744077e-07,0.0024409188934790683,0.002439970000802694,0
2023-03-24T17:58:55Z,2023-03-24T17:59:00Z,3.1383993525711633e-06,0.0024387165739233586,0.0024418549732759297,0
2023-03-24T17:58:55Z,2023-03-24T17:59:00Z,8.417040348451723e-06,0.002434784498321378,0.0024432015386698295,0
2023-03-24T17:58:55Z,2023-03-24T17:59:00Z,3.035483116472365e-06,0.002447078400389212,0.0024440429172727395,0
2023-03-24T17:58:55Z,2023-03-24T17:59:00Z,4.371712113582487e-06,0.0024490367774977237,0.002444665065384141,0
2023-03-24T17:58:55Z,2023-03-24T17:59:00Z,1.8704025998001958e-05,0.0024642961055875313,0.0024455920795895293,0
2023-03-24T17:58:55Z,2023-03-24T17:59:00Z,1.6892968089695336e-05,0.002463084122202973,0.0024461911541132776,0
2023-03-24T17:58:55Z,2023-03-24T17:59:00Z,3.120843851696668e-05,0.0024782633116377873,0.0024470548731208206,0
2023-03-24T17:58:55Z,2023-03-24T17:59:00Z,4.004063433818905e-05,0.002488066060194285,0.002448025425856096,0
2023-03-24T17:58:55Z,2023-03-24T17:59:00Z,3.681870585947513e-05,0.002486533191104346,0.0024497144852448707,0
2023-03-24T17:58:55Z,2023-03-24T17:59:00Z,3.482311032913278e-05,0.0024872334744033726,0.00245241036407424,0
2023-03-24T17:58:55Z,2023-03-24T17:59:00Z,4.0091638796658276e-05,0.0024963372225493457,0.0024562455837526874,0
2023-03-24T17:58:55Z,2023-03-24T17:59:00Z,3.223035850446901e-05,0.0024922362040688565,0.0024600058455643875,0
2023-03-24T17:58:55Z,2023-03-24T17:59:00Z,3.859825557582866e-05,0.0025031273081833603,0.0024645290526075316,0
2023-03-24T17:58:55Z,2023-03-24T17:59:00Z,4.5315155269760356e-05,0.0025141206504264413,0.002468805495156681,0
2023-03-24T17:58:55Z,2023-03-24T17:59:00Z,4.902313054113653e-05,0.0025231961868861508,0.0024741730563450142,0
2023-03-24T17:58:55Z,2023-03-24T17:59:00Z,4.8544080750377496e-05,0.002529328483104147,0.0024807844023537694,0
2023-03-24T17:58:55Z,2023-03-24T17:59:00Z,4.421496723848884e-05,0.0025313425184670035,0.0024871275512285147,0
2023-03-24T17:58:55Z,2023-03-24T17:59:00Z,3.505791091545484e-05,0.0025288764376111715,0.0024938185266957166,0
2023-03-24T17:58:55Z,2023-03-24T17:59:00Z,2.9117340249923667e-05,0.0025285230680189294,0.0024994057277690058,0
2023-03-24T17:58:55Z,2023-03-24T17:59:00Z,2.6285098866196937e-05,0.002531173519585886,0.002504888420719689,0
2023-03-24T17:58:55Z,2023-03-24T17:59:00Z,1.753861556943277e-05,0.0025266153493208837,0.002509076733751451,0
2023-03-24T17:58:55Z,2023-03-24T17:59:00Z,1.8870522881601123e-05,0.0025315395449156857,0.0025126690220340846,0
2023-03-24T17:58:55Z,2023-03-24T17:59:00Z,4.844565181912064e-06,0.0025208537670673744,0.0025160092018854624,0
2023-03-24T17:58:55Z,2023-03-24T17:59:00Z,3.620416153824694e-06,0.00251608095827433,0.0025197013744281548,0
2023-03-24T17:58:55Z,2023-03-24T17:59:00Z,5.437530492444741e-07,0.0025212006667554134,0.002521744419804658,0
2023-03-24T17:58:55Z,2023-03-24T17:59:00Z,4.185446902392562e-06,0.002519546035752721,0.0025237314826551138,0
2023-03-24T17:58:55Z,2023-03-24T17:59:00Z,1.7821289327130726e-05,0.0025074163065423208,0.0025252375958694515,0
2023-03-24T17:58:55Z,2023-03-24T17:59:00Z,1.342884383523325e-05,0.0025122608674780747,0.002525689711313308,0
2023-03-24T17:58:55Z,2023-03-24T17:59:00Z,6.428472789054597e-06,0.002517946248495601,0.0025243747212846555,0
2023-03-24T17:58:55Z,2023-03-24T17:59:00Z,1.2685312772622165e-06,0.002524220951259745,0.002522952419982483,0
2023-03-24T17:58:55Z,2023-03-24T17:59:00Z,7.116094333110487e-06,0.002528952158484643,0.0025218360641515326,0
2023-03-24T17:58:55Z,2023-03-24T17:59:00Z,1.2286266802016919e-05,0.0025337343737575975,0.0025214481069555806,0
2023-03-24T17:58:55Z,2023-03-24T17:59:00Z,7.027588921223148e-06,0.0025285114534156134,0.0025214838644943903,0
2023-03-24T17:58:55Z,2023-03-24T17:59:00Z,1.603135129960671e-05,0.0025377286203083055,0.002521697269008699,0
2023-03-24T17:58:55Z,2023-03-24T17:59:00Z,2.4085567489153838e-05,0.002545940845172414,0.00252185527768326,0
2023-03-24T17:58:55Z,2023-03-24T17:59:00Z,1.3966510436467638e-05,0.0025363375444024464,0.0025223710339659787,0
2023-03-24T17:58:55Z,2023-03-24T17:59:00Z,1.14009684551988e-05,0.002535862592263264,0.002524461623808065,0
2023-03-24T17:58:55Z,2023-03-24T17:59:00Z,1.3282654082841152e-05,0.0025394323267349155,0.0025261496726520743,0
2023-03-24T17:58:55Z,2023-03-24T17:59:00Z,1.274282583659924e-05,0.002540114325614328,0.002527371499777729,0
2023-03-24T17:58:55Z,2023-03-24T17:59:00Z,1.2270540390644982e-05,0.0025412992310835567,0.0025290286906929117,0
2023-03-24T17:58:55Z,2023-03-24T17:59:00Z,1.0819934067548588e-06,0.002530671532208824,0.0025317535256155787,0
2023-03-24T17:58:55Z,2023-03-24T17:59:00Z,9.352834144278621e-07,0.002535108672663797,0.002534173389249369,0
2023-03-24T17:58:55Z,2023-03-24T17:59:00Z,1.557936945305533e-05,0.0025508131990118594,0.002535233829558804,0
2023-03-24T17:58:55Z,2023-03-24T17:59:00Z,1.5591347336175575e-05,0.002551732487011984,0.0025361411396758082,0
2023-03-24T17:58:55Z,2023-03-24T17:59:00Z,1.887571559020104e-05,0.002556838608643278,0.0025379628930530767,0
2023-03-24T17:58:55Z,2023-03-24T17:59:00Z,1.7076415354054086e-05,0.0025565391511783294,0.0025394627358242754,0
2023-03-24T17:58:55Z,2023-03-24T17:59:00Z,4.330751299944872e-06,0.0025461540833931922,0.0025418233320932473,0
2023-03-24T17:58:55Z,2023-03-24T17:59:00Z,8.313355571653094e-06,0.0025517042319040694,0.0025433908763324163,0
2023-03-24T17:58:55Z,2023-03-24T17:59:00Z,8.969346943952898e-06,0.002552377993128101,0.002543408646184148,0
2023-03-24T17:58:55Z,2023-03-24T17:59:00Z,1.3804353874791089e-05,0.002558493557350741,0.00254468920347595,0
2023-03-24T17:58:55Z,2023-03-24T17:59:00Z,8.519525524253255e-06,0.0025545850124056063,0.002546065486881353,0
2023-03-24T17:58:55Z,2023-03-24T17:59:00Z,1.1999322382631392e-05,0.002559653245148637,0.0025476539227660055,0
2023-03-24T17:58:55Z,2023-03-24T17:59:00Z,5.205232685752924e-06,0.0025540650460176982,0.0025488598133319453,0
2023-03-24T17:58:55Z,2023-03-24T17:59:00Z,3.901901235471399e-06,0.0025464874132685635,0.002550389314504035,0
2023-03-24T17:58:55Z,2023-03-24T17:59:00Z,1.5558278311843775e-05,0.002536780495676264,0.002552338773988108,0
2023-03-24T17:58:55Z,2023-03-24T17:59:00Z,1.8051593154019222e-05,0.002535235409217819,0.0025532870023718384,0
2023-03-24T17:58:55Z,2023-03-24T17:59:00Z,2.1657875219713123e-05,0.002530459735207492,0.0025521176104272053,0
2023-03-24T17:58:55Z,2023-03-24T17:59:00Z,2.8032917795952836e-05,0.002522709936148405,0.002550742853944358,0
2023-03-24T17:58:55Z,2023-03-24T17:59:00Z,3.2134636615084936e-05,0.002516409977876291,0.002548544614491376,0
2023-03-24T17:58:55Z,2023-03-24T17:59:00Z,3.0526329392494955e-05,0.0025151991838463874,0.0025457255132388824,0
2023-03-24T17:58:55Z,2023-03-24T17:59:00Z,3.9163112070095e-05,0.0025040837257090456,0.0025432468377791406,0
2023-03-24T17:58:55Z,2023-03-24T17:59:00Z,3.468869885512064e-05,0.00250551605158588,0.0025402047504410005,0
2023-03-24T17:58:55Z,2023-03-24T17:59:00Z,4.366172774054877e-05,0.0024925185004155306,0.0025361802281560794,0
2023-03-24T17:58:55Z,2023-03-24T17:59:00Z,4.717665413039732e-05,0.0024845887818786103,0.0025317654360090076,0
2023-03-24T17:58:55Z,2023-03-24T17:59:00Z,3.9435909751086955e-05,0.0024871573169254146,0.0025265932266765015,0
2023-03-24T17:58:55Z,2023-03-24T17:59:00Z,2.7790870631076974e-05,0.0024925469841062553,0.0025203378547373322,0
2023-03-24T17:58:55Z,2023-03-24T17:59:00Z,2.7624362818208167e-05,0.0024871378478281,0.0025147622106463084,0
2023-03-24T17:58:55Z,2023-03-24T17:59:00Z,3.1552445487457916e-05,0.002478714729395325,0.002510267174882783,0
2023-03-24T17:58:55Z,2023-03-24T17:59:00Z,2.1094094681692755e-05,0.00248503619288041,0.0025061302875621027,0
2023-03-24T17:58:55Z,2023-03-24T17:59:00Z,1.077608148405615e-05,0.0024906441494261717,0.002501420230910228,0
2023-03-24T17:58:55Z,2023-03-24T17:59:00Z,1.1333692829261065e-05,0.0024863012428870436,0.0024976349357163047,0
2023-03-24T17:58:55Z,2023-03-24T17:59:00Z,8.247392326133675e-06,0.0024867153944966515,0.002494962786822785,0
2023-03-24T17:58:55Z,2023-03-24T17:59:00Z,6.417967733248452e-06,0.0024860357578404325,0.002492453725573681,0
2023-03-24T17:58:55Z,2023-03-24T17:59:00Z,6.8912307053330644e-06,0.00248318884575587,0.0024900800764612032,0
2023-03-24T17:58:55Z,2023-03-24T17:59:00Z,1.5118069908552634e-05,0.0025036941490473716,0.002488576079138819,0
2023-03-24T17:58:55Z,2023-03-24T17:59:00Z,8.194697468501353e-06,0.002494910176121486,0.0024867154786529845,0
2023-03-24T17:58:55Z,2023-03-24T17:59:00Z,2.131981514144534e-06,0.0024855148011914937,0.002487646782705638,0
2023-03-24T17:58:55Z,2023-03-24T17:59:00Z,1.4407173949505976e-05,0.0024740997249430383,0.0024885068988925443,0
2023-03-24T17:58:55Z,2023-03-24T17:59:00Z,1.8584048677494636e-05,0.0024697859739038893,0.002488370022581384,0
2023-03-24T17:58:55Z,2023-03-24T17:59:00Z,2.339822668238293e-05,0.0024634345243020666,0.0024868327509844496,0
2023-03-24T17:58:55Z,2023-03-24T17:59:00Z,2.415702667112312e-05,0.002461229734819642,0.002485386761490765,0
2023-03-24T17:58:55Z,2023-03-24T17:59:00Z,1.437311061425672e-05,0.00246974030045207,0.002484113411066327,0
2023-03-24T17:58:55Z,2023-03-24T17:59:00Z,6.126741712564592e-06,0.0024760027978486983,0.002482129539561263,0
2023-03-24T17:58:55Z,2023-03-24T17:59:00Z,7.178571226690994e-06,0.0024732089809200637,0.0024803875521467547,0
2023-03-24T17:58:55Z,2023-03-24T17:59:00Z,7.034199842281125e-06,0.0024724951485512784,0.0024795293483935595,0
2023-03-24T17:58:55Z,2023-03-24T17:59:00Z,9.248444037473786e-06,0.00246915536989137,0.0024784038139288437,0
2023-03-24T17:58:55Z,2023-03-24T17:59:00Z,1.205557345815983e-05,0.002465219856363254,0.002477275429821414,0
2023-03-24T17:58:55Z,2023-03-24T17:59:00Z,9.17706914659814e-06,0.0024669289043527743,0.0024761059734993724,0
2023-03-24T17:58:55Z,2023-03-24T17:59:00Z,8.084333051648542e-06,0.0024648154493907143,0.002472899782442363,0
2023-03-24T17:58:55Z,2023-03-24T17:59:00Z,1.5700267382435205e-05,0.0024548677424125346,0.0024705680097949698,0
2023-03-24T17:58:55Z,2023-03-24T17:59:00Z,2.8395676021757306e-05,0.0024404473877898147,0.002468843063811572,0
2023-03-24T17:58:55Z,2023-03-24T17:59:00Z,3.383769715146513e-05,0.002433402701449231,0.002467240398600696,0
2023-03-24T17:58:55Z,2023-03-24T17:59:00Z,3.699072625873781e-05,0.0024278047901657857,0.0024647955164245235,0
2023-03-24T17:58:55Z,2023-03-24T17:59:00Z,3.1567288897096923e-05,0.0024307255756230235,0.0024622928645201205,0
2023-03-24T17:58:55Z,2023-03-24T17:59:00Z,2.1939470917670643e-05,0.0024375679815479617,0.0024595074524656323,0
2023-03-24T17:58:55Z,2023-03-24T17:59:00Z,2.6607609683169508e-05,0.0024296486157133756,0.002456256225396545,0
2023-03-24T17:58:55Z,2023-03-24T17:59:00Z,3.070341462539563e-05,0.0024223499094127546,0.0024530533240381502,0
2023-03-24T17:58:55Z,2023-03-24T17:59:00Z,4.030810215684827e-05,0.0024091151914474116,0.00244942329360426,0
2023-03-24T17:58:55Z,2023-03-24T17:59:00Z,4.283859060562594e-05,0.0024024059330704233,0.002445244523676049,0
2023-03-24T17:58:55Z,2023-03-24T17:59:00Z,3.734928605300062e-05,0.0024028918894193857,0.0024402411754723863,0
2023-03-24T17:58:55Z,2023-03-24T17:59:00Z,2.6140148163913447e-05,0.0024088665337007368,0.0024350066818646502,0
2023-03-24T17:58:55Z,2023-03-24T17:59:00Z,1.643122363623878e-05,0.002413239040317296,0.002429670263953535,0
2023-03-24T17:58:55Z,2023-03-24T17:59:00Z,1.4029885397249479e-05,0.002410977968915454,0.0024250078543127033,0
2023-03-24T17:58:55Z,2023-03-24T17:59:00Z,1.762808177389148e-05,0.0024039107140308748,0.0024215387958047663,0
2023-03-24T17:58:55Z,2023-03-24T17:59:00Z,1.471546961030832e-05,0.0024043675412882613,0.0024190830108985696,0
2023-03-24T17:58:55Z,2023-03-24T17:59:00Z,2.8774482339405036e-06,0.0024137478970464327,0.0024166253452803732,0
2023-03-24T17:58:55Z,2023-03-24T17:59:00Z,4.9273374652849394e-06,0.0024097449037419616,0.0024146722412072465,0
2023-03-24T17:58:55Z,2023-03-24T17:59:00Z,6.495309386828248e-06,0.0024197527440460256,0.0024132574346591973,0
2023-03-24T17:58:55Z,2023-03-24T17:59:00Z,6.442734041247657e-06,0.0024044961108007834,0.002410938844842031,0
2023-03-24T17:58:55Z,2023-03-24T17:59:00Z,1.60673299755016e-05,0.00239404685889425,0.0024101141888697515,0
2023-03-24T17:58:55Z,2023-03-24T17:59:00Z,9.899148124468266e-06,0.0023987272241942858,0.002408626372318754,0
2023-03-24T17:58:55Z,2023-03-24T17:59:00Z,1.040081765699228e-05,0.002396969860282332,0.0024073706779393243,0
2023-03-24T17:58:55Z,2023-03-24T17:59:00Z,3.734745868726186e-06,0.0024033293729975864,0.0024070641188663126,0
2023-03-24T17:58:55Z,2023-03-24T17:59:00Z,1.3251158957632361e-05,0.0023933194574805926,0.002406570616438225,0
2023-03-24T17:58:55Z,2023-03-24T17:59:00Z,1.5012615688526649e-05,0.002391096570691102,0.0024061091863796288,0
2023-03-24T17:58:55Z,2023-03-24T17:59:00Z,1.211157040146996e-05,0.002392337650741767,0.002404449221143237,0
2023-03-24T17:58:55Z,2023-03-24T17:59:00Z,2.1605102242544787e-05,0.002381187335715329,0.002402792437957874,0
2023-03-24T17:58:55Z,2023-03-24T17:59:00Z,1.496885745916332e-05,0.0023868591585579518,0.002401828016017115,0
2023-03-24T17:58:55Z,2023-03-24T17:59:00Z,8.408182601567227e-06,0.0023914881496178036,0.002399896332219371,0
2023-03-24T17:58:55Z,2023-03-24T17:59:00Z,1.2565485648674025e-06,0.0023989121525768648,0.0023976556040119974,0
2023-03-24T17:58:55Z,2023-03-24T17:59:00Z,9.30342259508176e-07,0.002397064550094493,0.0023961342078349848,0
2023-03-24T17:58:55Z,2023-03-24T17:59:00Z,5.84628749935364e-06,0.0023885512043798672,0.002394397491879221,0
2023-03-24T17:58:55Z,2023-03-24T17:59:00Z,9.641973128537724e-06,0.002384136222025159,0.0023937781951536966,0
2023-03-24T17:58:55Z,2023-03-24T17:59:00Z,3.4978260872874263e-06,0.0023968180500314523,0.002393320223944165,0
2023-03-24T17:58:55Z,2023-03-24T17:59:00Z,7.474138201373024e-06,0.0023995784452981103,0.0023921043070967373,0
2023-03-24T17:58:55Z,2023-03-24T17:59:00Z,9.802253168229597e-06,0.002401893909410727,0.0023920916562424972,0
2023-03-24T17:58:55Z,2023-03-24T17:59:00Z,2.404847007861366e-05,0.0024158275490128215,0.002391779078934208,0
2023-03-24T17:58:55Z,2023-03-24T17:59:00Z,3.699993589499368e-05,0.002429493552490046,0.0023924936165950522,0
2023-03-24T17:58:55Z,2023-03-24T17:59:00Z,5.459128206468985e-05,0.0024491458135198854,0.0023945545314551955,0
2023-03-24T17:58:55Z,2023-03-24T17:59:00Z,4.104241745107396e-05,0.002438693274051959,0.002397650856600885,0
2023-03-24T17:58:55Z,2023-03-24T17:59:00Z,2.0755836483278382e-05,0.0024240698995678764,0.002403314063084598,0
2023-03-24T17:58:55Z,2023-03-24T17:59:00Z,2.3297911207358513e-05,0.0024309314839164576,0.002407633572709099,0
2023-03-24T17:58:55Z,2023-03-24T17:59:00Z,1.6797067740611116e-05,0.0024271457862788826,0.0024103487185382715,0
2023-03-24T17:58:55Z,2023-03-24T17:59:00Z,8.126274661431412e-06,0.002421143270811336,0.002413016996149905,0
2023-03-24T17:58:55Z,2023-03-24T17:59:00Z,1.0214235211257298e-05,0.0024257380010431944,0.002415523765831937,0
2023-03-24T17:58:55Z,2023-03-24T17:59:00Z,6.847076237299823e-06,0.0024250868476051925,0.0024182397713678927,0
2023-03-24T17:58:55Z,2023-03-24T17:59:00Z,2.489379573250919e-07,0.002421457648328737,0.0024217065862860623,0
2023-03-24T17:58:55Z,2023-03-24T17:59:00Z,3.1598618443562723e-06,0.0024272221812615636,0.0024240623194172074,0
2023-03-24T17:58:55Z,2023-03-24T17:59:00Z,4.5979608847635314e-06,0.0024304835472211896,0.002425885586336426,0
2023-03-24T17:58:55Z,2023-03-24T17:59:00Z,1.009976122888891e-05,0.002438096036886218,0.002427996275657329,0
2023-03-24T17:58:55Z,2023-03-24T17:59:00Z,9.64619614957649e-06,0.0024388638049909366,0.00242921760884136,0
2023-03-24T17:58:55Z,2023-03-24T17:59:00Z,4.560289111197897e-06,0.002434494771652239,0.002429934482541041,0
2023-03-24T17:58:55Z,2023-03-24T17:59:00Z,2.3342732917994505e-07,0.002429311075826142,0.0024290776484969623,0
2023-03-24T17:58:55Z,2023-03-24T17:59:00Z,1.2627722047734834e-05,0.00244135549534472,0.0024287277732969854,0
2023-03-24T17:58:55Z,2023-03-24T17:59:00Z,1.1212581735601992e-05,0.0024403771197207763,0.0024291645379851744,0
2023-03-24T17:58:55Z,2023-03-24T17:59:00Z,1.131750321248801e-05,0.002441350708816684,0.002430033205604196,0
2023-03-24T17:58:55Z,2023-03-24T17:59:00Z,2.5720109918551167e-05,0.0024568559266429047,0.0024311358167243536,0
2023-03-24T17:58:55Z,2023-03-24T17:59:00Z,1.904974041673415e-05,0.0024518695103082,0.002432819769891466,0
2023-03-24T17:58:55Z,2023-03-24T17:59:00Z,7.167745467483513e-07,0.002436129704904857,0.0024354129303581088,0
2023-03-24T17:58:55Z,2023-03-24T17:59:00Z,1.1483938563490448e-05,0.0024261608803532024,0.002437644818916693,0
2023-03-24T17:58:55Z,2023-03-24T17:59:00Z,2.117263022465444e-05,0.0024176948600733816,0.002438867490298036,0
2023-03-24T17:58:55Z,2023-03-24T17:59:00Z,2.545020922709246e-05,0.00241332883932858,0.0024387790485556724,0
2023-03-24T17:58:55Z,2023-03-24T17:59:00Z,2.2127234290968394e-05,0.00241558609033572,0.0024377133246266886,0
2023-03-24T17:58:55Z,2023-03-24T17:59:00Z,3.54278306949128e-05,0.0024002215608019727,0.0024356493914968855,0
2023-03-24T17:58:55Z,2023-03-24T17:59:00Z,3.433254161239142e-05,0.002399377040329893,0.0024337095819422843,0
2023-03-24T17:58:55Z,2023-03-24T17:59:00Z,3.514414689115763e-05,0.0023957093341469373,0.002430853481038095,0
2023-03-24T17:58:55Z,2023-03-24T17:59:00Z,1.4271939433502506e-05,0.0024140870386465717,0.002428358978080074,0
2023-03-24T17:58:55Z,2023-03-24T17:59:00Z,2.6865266630473825e-06,0.002421868604650545,0.0024245551313135925,0
2023-03-24T17:58:55Z,2023-03-24T17:59:00Z,1.5961332539699002e-07,0.0024222046778986784,0.0024223642912240754,0
2023-03-24T17:58:55Z,2023-03-24T17:59:00Z,6.498369117508007e-06,0.002427239151661072,0.002420740782543564,0
2023-03-24T17:58:55Z,2023-03-24T17:59:00Z,1.1703703088793843e-05,0.002429556881570339,0.0024178531784815453,0
2023-03-24T17:58:55Z,2023-03-24T17:59:00Z,1.5718614930955617e-05,0.0024315192635252403,0.0024158006485942847,0
2023-03-24T17:58:55Z,2023-03-24T17:59:00Z,1.724125599528257e-05,0.0024324941693116904,0.002415252913316408,0
2023-03-24T17:58:55Z,2023-03-24T17:59:00Z,4.484205670342214e-06,0.0024112152395770687,0.002415699445247411,0
2023-03-24T17:58:55Z,2023-03-24T17:59:00Z,1.1697362872163056e-05,0.0024052353581451072,0.0024169327210172703,0
2023-03-24T17:58:55Z,2023-03-24T17:59:00Z,2.0243274418502762e-05,0.0023965133132861412,0.002416756587704644,0
2023-03-24T17:58:55Z,2023-03-24T17:59:00Z,2.0867306087182444e-05,0.002395026720601577,0.0024158940266887593,0
2023-03-24T17:58:55Z,2023-03-24T17:59:00Z,1.5084726265942195e-05,0.002400500279796498,0.00241558500606244,0
2023-03-24T17:58:55Z,2023-03-24T17:59:00Z,1.7898496984826255e-05,0.0023973239824335874,0.0024152224794184137,0
2023-03-24T17:58:55Z,2023-03-24T17:59:00Z,7.998120369338141e-06,0.0024076236045198723,0.0024156217248892105,0
2023-03-24T17:58:55Z,2023-03-24T17:59:00Z,2.4647377945699947e-06,0.0024166895413326992,0.0024142248035381292,0
2023-03-24T17:58:55Z,2023-03-24T17:59:00Z,2.210329706819024e-06,0.0024108273904870875,0.0024130377201939065,0
2023-03-24T17:58:55Z,2023-03-24T17:59:00Z,6.899582893701069e-06,0.002419477708373775,0.002412578125480074,0
2023-03-24T17:58:55Z,2023-03-24T17:59:00Z,1.6366748132605642e-06,0.0024095738039023153,0.002411210478715576,0
2023-03-24T17:58:55Z,2023-03-24T17:59:00Z,1.3036599478589723e-05,0.0023973339481372724,0.002410370547615862,0
2023-03-24T17:58:55Z,2023-03-24T17:59:00Z,1.712778471992275e-05,0.002391413974594029,0.0024085417593139517,0
2023-03-24T17:58:55Z,2023-03-24T17:59:00Z,2.5603453846411318e-05,0.0023800082870363386,0.00240561174088275,0
2023-03-24T17:58:55Z,2023-03-24T17:59:00Z,2.5562751455822288e-05,0.0023783988840116745,0.002403961635467497,0
2023-03-24T17:58:55Z,2023-03-24T17:59:00Z,2.937837831836756e-05,0.002372481001223398,0.0024018593795417657,0
2023-03-24T17:58:55Z,2023-03-24T17:59:00Z,3.394016223176588e-05,0.002366409681537128,0.0024003498437688937,0
2023-03-24T17:58:55Z,2023-03-24T17:59:00Z,2.377335248797581e-05,0.0023746976813327366,0.0023984710338207124,0
2023-03-24T17:58:55Z,2023-03-24T17:59:00Z,1.627849735007453e-05,0.002379351653282357,0.0023956301506324316,0
2023-03-24T17:58:55Z,2023-03-24T17:59:00Z,2.6799625435061473e-05,0.0023669450001056326,0.002393744625540694,0
2023-03-24T17:58:55Z,2023-03-24T17:59:00Z,1.59730425585646e-05,0.00237541558704567,0.0023913886296042346,0
2023-03-24T17:58:55Z,2023-03-24T17:59:00Z,7.3568476749853555e-06,0.00237988640349366,0.002387243251168645,0
2023-03-24T17:58:55Z,2023-03-24T17:59:00Z,8.878833513009405e-06,0.002375413434035518,0.0023842922675485273,0
2023-03-24T17:58:55Z,2023-03-24T17:59:00Z,4.086116211377694e-07,0.0023805843805207133,0.002380992992141851,0
2023-03-24T17:58:55Z,2023-03-24T17:59:00Z,1.3462083763363109e-06,0.002379492503029288,0.0023781462946529516,0
2023-03-24T17:58:55Z,2023-03-24T17:59:00Z,3.766317415995063e-06,0.0023805168147675664,0.0023767504973515713,0
2023-03-24T17:58:55Z,2023-03-24T17:59:00Z,3.6886627937352152e-06,0.0023794457041815785,0.0023757570413878433,0
2023-03-24T17:58:55Z,2023-03-24T17:59:00Z,1.2256467849061127e-06,0.0023745737719138723,0.0023757994186987784,0
2023-03-24T17:58:55Z,2023-03-24T17:59:00Z,1.1495344977552856e-06,0.0023770361882106926,0.0023758866537129373,0
2023-03-24T17:58:55Z,2023-03-24T17:59:00Z,2.283961247473605e-06,0.0023783450125179502,0.0023760610512704766,0
2023-03-24T17:58:55Z,2023-03-24T17:59:00Z,1.3929062707585416e-05,0.002390875656200859,0.0023769465934932736,0
2023-03-24T17:58:55Z,2023-03-24T17:59:00Z,3.4527279495493064e-06,0.002380703265708257,0.002377250537758708,0
2023-03-24T17:58:55Z,2023-03-24T17:59:00Z,1.926337279419812e-05,0.0023974742441294477,0.0023782108713352496,0
2023-03-24T17:58:55Z,2023-03-24T17:59:00Z,3.200573859278707e-05,0.002411363132061589,0.0023793573934688017,0
2023-03-24T17:58:55Z,2023-03-24T17:59:00Z,2.5850003596327668e-05,0.002407045618488778,0.0023811956148924503,0
2023-03-24T17:58:55Z,2023-03-24T17:59:00Z,2.8734703789584214e-05,0.002412553379396029,0.0023838186756064447,0
2023-03-24T17:58:55Z,2023-03-24T17:59:00Z,3.226022326662274e-05,0.0024187149142441723,0.0023864546909775496,0
2023-03-24T17:58:55Z,2023-03-24T17:59:00Z,3.0865564880407786e-05,0.002419984339097567,0.002389118774217159,0
2023-03-24T17:58:55Z,2023-03-24T17:59:00Z,2.6497509181027962e-05,0.002418884817666094,0.002392387308485066,0
2023-03-24T17:58:55Z,2023-03-24T17:59:00Z,2.6529568750584785e-05,0.002422205837596484,0.0023956762688458993,0
2023-03-24T17:58:55Z,2023-03-24T17:59:00Z,2.9023309391488106e-05,0.0024279861710277636,0.0023989628616362755,0
2023-03-24T17:58:55Z,2023-03-24T17:59:00Z,2.981637788135186e-05,0.0024327485783245117,0.00240293220044316,0
2023-03-24T17:58:55Z,2023-03-24T17:59:00Z,2.4825594110152154e-05,0.0024320036264547347,0.0024071780323445826,0
2023-03-24T17:58:55Z,2023-03-24T17:59:00Z,2.8069145677169904e-05,0.002439780808505633,0.002411711662828463,0
2023-03-24T17:58:55Z,2023-03-24T17:59:00Z,1.869735737594679e-05,0.002433836351058899,0.002415138993682952,0
2023-03-24T17:58:55Z,2023-03-24T17:59:00Z,1.974053756349705e-05,0.0024398026598128975,0.0024200621222494004,0
2023-03-24T17:58:55Z,2023-03-24T17:59:00Z,2.7036340871723023e-05,0.0024501286386985773,0.0024230922978268543,0
2023-03-24T17:58:55Z,2023-03-24T17:59:00Z,3.437861582815827e-05,0.002459840874300955,0.0024254622584727967,0
2023-03-24T17:58:55Z,2023-03-24T17:59:00Z,5.9202537839678996e-05,0.0024882550479966258,0.0024290525101569468,0
2023-03-24T17:58:55Z,2023-03-24T17:59:00Z,7.440297019717552e-05,0.002507396104929533,0.0024329931347323573,0
2023-03-24T17:58:55Z,2023-03-24T17:59:00Z,7.13007304696347e-05,0.0025100888763480295,0.0024387881458783948,0
2023-03-24T17:58:55Z,2023-03-24T17:59:00Z,5.3658860559237416e-05,0.002499731320256963,0.0024460724596977257,0
2023-03-24T17:58:55Z,2023-03-24T17:59:00Z,3.4309046715510095e-05,0.0024879818446367306,0.0024536727979212205,0
2023-03-24T17:58:55Z,2023-03-24T17:59:00Z,2.400416967275696e-05,0.0024841374244823503,0.0024601332548095933,0
2023-03-24T17:58:55Z,2023-03-24T17:59:00Z,2.7771938448125852e-05,0.002492904832725133,0.002465132894277007,0
2023-03-24T17:58:55Z,2023-03-24T17:59:00Z,1.7801371463592973e-05,0.0024872166695870867,0.0024694152981234938,0
2023-03-24T17:58:55Z,2023-03-24T17:59:00Z,6.715771891735011e-06,0.0024812061705377624,0.0024744903986460274,0
2023-03-24T17:58:55Z,2023-03-24T17:59:00Z,7.323384303758573e-06,0.002471120002765723,0.0024784433870694814,0
2023-03-24T17:58:55Z,2023-03-24T17:59:00Z,1.1847419478645989e-05,0.0024705434525474075,0.0024823908720260535,0
2023-03-24T17:58:55Z,2023-03-24T17:59:00Z,2.5306477466930256e-05,0.0024596941731385253,0.0024850006506054556,0
2023-03-24T17:58:55Z,2023-03-24T17:59:00Z,3.651528569720373e-05,0.0024501865993956547,0.0024867018850928584,0
2023-03-24T17:58:55Z,2023-03-24T17:59:00Z,4.339845147491349e-05,0.0024432912085210756,0.002486689659995989,0
2023-03-24T17:58:55Z,2023-03-24T17:59:00Z,2.581174477706786e-05,0.002457705544502174,0.002483517289279242,0
2023-03-24T17:58:55Z,2023-03-24T17:59:00Z,1.996370961613713e-05,0.0024582115049623997,0.002478175214578537,0
2023-03-24T17:58:55Z,2023-03-24T17:59:00Z,1.8883665745927057e-05,0.0024549262711787887,0.0024738099369247158,0
2023-03-24T17:58:55Z,2023-03-24T17:59:00Z,1.8249503437441604e-05,0.0024521004488793938,0.0024703499523168354,0
2023-03-24T17:58:55Z,2023-03-24T17:59:00Z,1.827148075576662e-05,0.0024493238404395736,0.0024675953211953402,0
2023-03-24T17:58:55Z,2023-03-24T17:59:00Z,1.3460326550202972e-05,0.002451465246678224,0.002464925573228427,0
2023-03-24T17:58:55Z,2023-03-24T17:59:00Z,1.0201607502289406e-05,0.0024510922163690075,0.002461293823871297,0
2023-03-24T17:58:55Z,2023-03-24T17:59:00Z,5.749334667984503e-06,0.002452565203960907,0.0024583145386288916,0
2023-03-24T17:58:55Z,2023-03-24T17:59:00Z,9.030128412531625e-06,0.002464835170860694,0.0024558050424481623,0
2023-03-24T17:58:55Z,2023-03-24T17:59:00Z,9.783325328649624e-06,0.0024640421345430773,0.0024542588092144276,0
2023-03-24T17:58:55Z,2023-03-24T17:59:00Z,6.892342698839021e-06,0.002460675461772707,0.002453783119073868,0
2023-03-24T17:58:55Z,2023-03-24T17:59:00Z,7.196479974261403e-06,0.002461341929165176,0.0024541454491909145,0
2023-03-24T17:58:55Z,2023-03-24T17:59:00Z,4.514908659655932e-06,0.0024595344297153243,0.0024550195210556684,0
2023-03-24T17:58:55Z,2023-03-24T17:59:00Z,3.121563928376245e-07,0.0024562115913831723,0.00245652374777601,0
2023-03-24T17:58:55Z,2023-03-24T17:59:00Z,4.763493530977447e-06,0.0024614396484080835,0.002456676154877106,0
2023-03-24T17:58:55Z,2023-03-24T17:59:00Z,2.7786137148525306e-06,0.002459288109127023,0.0024565094954121704,0
2023-03-24T17:58:55Z,2023-03-24T17:59:00Z,2.6802362238058375e-06,0.0024597325130717514,0.0024570522768479455,1
2023-03-24T17:58:55Z,2023-03-24T17:59:00Z,9.117689029413713e-06,0.002466768937564661,0.0024576512485352474,1
2023-03-24T17:58:55Z,2023-03-24T17:59:00Z,1.1136433205716657e-05,0.0024696550711269787,0.002458518637921262,1
2023-03-24T17:58:55Z,2023-03-24T17:59:00Z,1.4460355487556052e-05,0.0024742543009826884,0.0024597939454951323,1
2023-03-24T17:58:55Z,2023-03-24T17:59:00Z,2.3942740871695477e-05,0.0024852835909299916,0.002461340850058296,1
2023-03-24T17:58:55Z,2023-03-24T17:59:00Z,2.8631357580898367e-05,0.0024917796323910097,0.0024631482748101114,1
2023-03-24T17:58:55Z,2023-03-24T17:59:00Z,2.2075433302352638e-05,0.0024869277431182387,0.002464852309815886,1
2023-03-24T17:58:55Z,2023-03-24T17:59:00Z,3.221480662050436e-05,0.002499378574590385,0.0024671637679698805,1
2023-03-24T17:58:55Z,2023-03-24T17:59:00Z,3.4886588574150387e-05,0.0025042380466561587,0.0024693514580820084,1
2023-03-24T17:58:55Z,2023-03-24T17:59:00Z,3.297864311752876e-05,0.002505499821651638,0.002472521178534109,1
2023-03-24T17:58:55Z,2023-03-24T17:59:00Z,2.382698010317463e-05,0.0025000734600490195,0.002476246479945845,1
2023-03-24T17:58:55Z,2023-03-24T17:59:00Z,2.415511131834353e-05,0.0025045089437865605,0.002480353832468217,1
2023-03-24T17:58:55Z,2023-03-24T17:59:00Z,2.2725528604442685e-05,0.0025062988453760713,0.0024835733167716287,0
2023-03-24T17:58:55Z,2023-03-24T17:59:00Z,7.019095112252311e-06,0.0024943608147721757,0.0024873417196599234,0
2023-03-24T17:58:55Z,2023-03-24T17:59:00Z,5.4448422202829465e-06,0.002496667089572233,0.00249122224735195,0
2023-03-24T17:58:55Z,2023-03-24T17:59:00Z,7.953354325023095e-06,0.0024855682161275534,0.0024935215704525765,0
2023-03-24T17:58:55Z,2023-03-24T17:59:00Z,1.7123542830397784e-05,0.002478649029159283,0.0024957725719896807,0
2023-03-24T17:58:55Z,2023-03-24T17:59:00Z,2.9613314897032443e-05,0.0024671020833547204,0.002496715398251753,0
2023-03-24T17:58:55Z,2023-03-24T17:59:00Z,2.4852747395711847e-05,0.002471309770708482,0.0024961625181041938,0
2023-03-24T17:58:55Z,2023-03-24T17:59:00Z,3.004252756996697e-05,0.002464063528114536,0.002494106055684503,0
2023-03-24T17:58:55Z,2023-03-24T17:59:00Z,2.118787601726414e-05,0.002471616681966426,0.00249280455798369,0
2023-03-24T17:58:55Z,2023-03-24T17:59:00Z,1.6571180596570197e-05,0.0024732904568474656,0.002489861637444036,0
2023-03-24T17:58:55Z,2023-03-24T17:59:00Z,1.096600706189171e-05,0.0024761771833246666,0.0024871431903865583,0
2023-03-24T17:58:55Z,2023-03-24T17:59:00Z,6.894696132003081e-06,0.002477564380520874,0.0024844590766528772,0
2023-03-24T17:58:55Z,2023-03-24T17:59:00Z,8.003904076690164e-06,0.002474463816182491,0.002482467720259181,0
2023-03-24T17:58:55Z,2023-03-24T17:59:00Z,6.161631016945047e-06,0.0024740607089700955,0.0024802223399870405,0
2023-03-24T17:58:55Z,2023-03-24T17:59:00Z,3.2779700098149733e-06,0.0024742914508777605,0.0024775694208875754,0
2023-03-24T17:58:55Z,2023-03-24T17:59:00Z,6.732585220003279e-07,0.002476551003926069,0.002475877745404069,0
2023-03-24T17:58:55Z,2023-03-24T17:59:00Z,3.521394061653787e-06,0.00247753450290785,0.002474013108846196,0
2023-03-24T17:58:55Z,2023-03-24T17:59:00Z,4.038767267186029e-06,0.0024692229072288863,0.0024732616744960723,0
2023-03-24T17:58:55Z,2023-03-24T17:59:00Z,2.699574937249389e-06,0.002475868372245702,0.0024731687973084527,0
2023-03-24T17:58:55Z,2023-03-24T17:59:00Z,4.972285984058706e-06,0.0024783178186153594,0.0024733455326313007,0
2023-03-24T17:58:55Z,2023-03-24T17:59:00Z,3.655751813574481e-06,0.0024700696642791604,0.002473725416092735,0
2023-03-24T17:58:55Z,2023-03-24T17:59:00Z,9.620517100571678e-06,0.002465292756533899,0.0024749132736344706,0
2023-03-24T17:58:55Z,2023-03-24T17:59:00Z,1.7110276995391336e-05,0.002457674078498474,0.0024747843554938655,0
2023-03-24T17:58:55Z,2023-03-24T17:59:00Z,1.529930405721634e-05,0.0024588185764105185,0.002474117880467735,0
2023-03-24T17:58:55Z,2023-03-24T17:59:00Z,1.237474218230986e-05,0.002460201212883242,0.0024725759550655517,0
2023-03-24T17:58:55Z,2023-03-24T17:59:00Z,1.9653248187907844e-05,0.0024513605565351145,0.0024710138047230224,0
2023-03-24T17:58:55Z,2023-03-24T17:59:00Z,1.7239473745798723e-05,0.002452585780702286,0.0024698252544480847,0
2023-03-24T17:58:55Z,2023-03-24T17:59:00Z,1.7374660777229496e-05,0.0024505589143012734,0.002467933575078503,0
2023-03-24T17:58:55Z,2023-03-24T17:59:00Z,2.0903120812204058e-05,0.002445221648418343,0.002466124769230547,0
2023-03-24T17:58:55Z,2023-03-24T17:59:00Z,1.8401550703608938e-05,0.002445557211058205,0.002463958761761814,0
2023-03-24T17:58:55Z,2023-03-24T17:59:00Z,2.336339259683762e-05,0.002437902631290851,0.0024612660238876884,0
2023-03-24T17:58:55Z,2023-03-24T17:59:00Z,2.4092510980706396e-05,0.0024352013715594257,0.002459293882540132,0
2023-03-24T17:58:55Z,2023-03-24T17:59:00Z,9.155950631925883e-06,0.0024469741201619682,0.002456130070793894,0
2023-03-24T17:58:55Z,2023-03-24T17:59:00Z,2.615924104381641e-06,0.002455152957643615,0.0024525370335392333,0
2023-03-24T17:58:55Z,2023-03-24T17:59:00Z,5.507610977753281e-06,0.0024561200158405537,0.0024506124048628004,0
2023-03-24T17:58:55Z,2023-03-24T17:59:00Z,7.442064907037076e-06,0.0024572094865289804,0.0024497674216219434,0
2023-03-24T17:58:55Z,2023-03-24T17:59:00Z,5.649826223348784e-06,0.0024552877426237984,0.0024496379164004496,0
2023-03-24T17:58:55Z,2023-03-24T17:59:00Z,1.5225092272384399e-05,0.0024647289178493723,0.002449503825576988,0
2023-03-24T17:58:55Z,2023-03-24T17:59:00Z,1.0823161538891287e-05,0.0024599175312609257,0.0024490943697220344,0
2023-03-24T17:58:55Z,2023-03-24T17:59:00Z,2.424432436400146e-05,0.0024744527241955575,0.002450208399831556,0
2023-03-24T17:58:55Z,2023-03-24T17:59:00Z,2.3336118280660543e-05,0.0024741554973254365,0.002450819379044776,0
2023-03-24T17:58:55Z,2023-03-24T17:59:00Z,2.402153044478699e-05,0.0024768320603140866,0.0024528105298692996,0
2023-03-24T17:58:55Z,2023-03-24T17:59:00Z,4.127416509619366e-05,0.0024964958490410845,0.002455221683944891,0
2023-03-24T17:58:55Z,2023-03-24T17:59:00Z,3.790982866565783e-05,0.0024957377500485385,0.0024578279213828807,0
2023-03-24T17:58:55Z,2023-03-24T17:59:00Z,3.8867435283466544e-05,0.0025015781248122,0.0024627106895287335,0
2023-03-24T17:58:55Z,2023-03-24T17:59:00Z,3.948584092623459e-05,0.002507241228662394,0.0024677553877361594,0
2023-03-24T17:58:55Z,2023-03-24T17:59:00Z,3.871044792042944e-05,0.002511016169377442,0.0024723057214570123,0
2023-03-24T17:58:55Z,2023-03-24T17:59:00Z,3.835732233241438e-05,0.0025150037330409917,0.0024766464107085773,0
2023-03-24T17:58:55Z,2023-03-24T17:59:00Z,2.9916889715978032e-05,0.0025111379798859624,0.0024812210901699844,0
2023-03-24T17:58:55Z,2023-03-24T17:59:00Z,2.342331634366552e-05,0.0025094605937229842,0.0024860372773793187,0
2023-03-24T17:58:55Z,2023-03-24T17:59:00Z,1.4821477359118311e-05,0.0025055129411769507,0.0024906914638178324,0
2023-03-24T17:58:55Z,2023-03-24T17:59:00Z,1.7401156517583838e-05,0.0025118202599915505,0.0024944191034739667,0
2023-03-24T17:58:55Z,2023-03-24T17:59:00Z,1.3878432039398335e-05,0.002512097153006367,0.002498218720966969,0
2023-03-24T17:58:55Z,2023-03-24T17:59:00Z,1.774150560603701e-05,0.0025190741878893387,0.0025013326822833017,0
2023-03-24T17:58:55Z,2023-03-24T17:59:00Z,1.4709530981444913e-05,0.002519204017904824,0.002504494486923379,0
2023-03-24T17:58:55Z,2023-03-24T17:59:00Z,6.8058089696021624e-06,0.002514820473190919,0.0025080146642213167,0
2023-03-24T17:58:55Z,2023-03-24T17:59:00Z,4.159582483323834e-06,0.0025140665941099523,0.0025099070116266285,0
2023-03-24T17:58:55Z,2023-03-24T17:59:00Z,2.4704646865579723e-06,0.002509026773868602,0.00251149723855516,0
2023-03-24T17:58:55Z,2023-03-24T17:59:00Z,1.7354988302628778e-05,0.002495182956027344,0.0025125379443299727,0
2023-03-24T17:58:55Z,2023-03-24T17:59:00Z,8.569339081483749e-06,0.0025041174006823395,0.002512686739763823,0
2023-03-24T17:58:55Z,2023-03-24T17:59:00Z,6.6065198901827e-06,0.002504760785427799,0.002511367305317982,0
2023-03-24T17:58:55Z,2023-03-24T17:59:00Z,1.698676562879092e-05,0.00249347334532597,0.002510460110954761,0
2023-03-24T17:58:55Z,2023-03-24T17:59:00Z,1.8316977775691568e-05,0.0024916117003075558,0.0025099286780832473,0
2023-03-24T17:58:55Z,2023-03-24T17:59:00Z,1.4695228841464774e-05,0.002493901178542031,0.002508596407383496,0
2023-03-24T17:58:55Z,2023-03-24T17:59:00Z,3.0954637525257116e-05,0.002476483333119123,0.00250743797064438,0
2023-03-24T17:58:55Z,2023-03-24T17:59:00Z,3.048105649718167e-05,0.0024754636573597385,0.00250594471385692,0
2023-03-24T17:58:55Z,2023-03-24T17:59:00Z,4.5439558318647374e-05,0.002457537337214336,0.0025029768955329833,0
2023-03-24T17:58:55Z,2023-03-24T17:59:00Z,5.3119263772001546e-05,0.002446223420883515,0.0024993426846555166,0
2023-03-24T17:58:55Z,2023-03-24T17:59:00Z,6.0335212077411524e-05,0.0024338685825205644,0.002494203794597976,0
2023-03-24T17:58:55Z,2023-03-24T17:59:00Z,7.372270927596524e-05,0.0024147646642963937,0.002488487373572359,0
2023-03-24T17:58:55Z,2023-03-24T17:59:00Z,7.187793198195659e-05,0.0024099262739579537,0.0024818042059399103,0
2023-03-24T17:58:55Z,2023-03-24T17:59:00Z,8.316068213345918e-05,0.0023907883480087672,0.0024739490301422264,1
2023-03-24T17:58:55Z,2023-03-24T17:59:00Z,9.165052082199445e-05,0.002375193785814449,0.0024668443066364434,1
2023-03-24T17:58:55Z,2023-03-24T17:59:00Z,9.979350740504283e-05,0.002357606711508603,0.0024574002189136457,1
2023-03-24T17:58:55Z,2023-03-24T17:59:00Z,9.725396133553619e-05,0.00234934900761033,0.0024466029689458662,1
2023-03-24T17:58:55Z,2023-03-24T17:59:00Z,0.00011118261338060069,0.0023240981360804856,0.0024352807494610862,1
2023-03-24T17:58:55Z,2023-03-24T17:59:00Z,0.00011613086164899682,0.0023072946634206536,0.0024234255250696504,1
2023-03-24T17:58:55Z,2023-03-24T17:59:00Z,0.00011605654344735029,0.002293218728083838,0.0024092752715311884,1
2023-03-24T17:58:55Z,2023-03-24T17:59:00Z,0.00012851195228147936,0.002266664263441503,0.002395176215722982,1
2023-03-24T17:58:55Z,2023-03-24T17:59:00Z,0.00013765722413496386,0.00224233191414836,0.002379989138283324,1
2023-03-24T17:58:55Z,2023-03-24T17:59:00Z,0.0001458933964894136,0.002218189652312841,0.0023640830488022547,1
2023-03-24T17:58:55Z,2023-03-24T17:59:00Z,0.0001645794162621443,0.002182512673645514,0.0023470920899076584,1
2023-03-24T17:58:55Z,2023-03-24T17:59:00Z,0.00016727940479941122,0.0021618394409242702,0.0023291188457236814,1
2023-03-24T17:58:55Z,2023-03-24T17:59:00Z,0.00016777923379819072,0.002141985279371251,0.0023097645131694416,1
2023-03-24T17:58:55Z,2023-03-24T17:59:00Z,0.00016951247120161172,0.002119578139215023,0.002289090610416635,1
2023-03-24T17:58:55Z,2023-03-24T17:59:00Z,0.00017999251040107809,0.00208836451096243,0.002268357021363508,1
2023-03-24T17:58:55Z,2023-03-24T17:59:00Z,0.00018653340219444313,0.0020605223152857797,0.0022470557174802228,1
2023-03-24T17:58:55Z,2023-03-24T17:59:00Z,0.00019534554955484605,0.002029273317879862,0.002224618867434708,1
2023-03-24T17:58:55Z,2023-03-24T17:59:00Z,0.00019879657729721025,0.002001753399110452,0.002200549976407662,1
2023-03-24T17:58:55Z,2023-03-24T17:59:00Z,0.0001974322372152496,0.0019785490043423607,0.0021759812415576103,1
2023-03-24T17:58:55Z,2023-03-24T17:59:00Z,0.00020660380033374662,0.0019439156691980137,0.0021505194695317603,1
2023-03-24T17:58:55Z,2023-03-24T17:59:00Z,0.0002162901060967354,0.0019080068864565684,0.0021242969925533038,1
2023-03-24T17:58:55Z,2023-03-24T17:59:00Z,0.00021502614018509953,0.001882375136181247,0.0020974012763663465,1
2023-03-24T17:58:55Z,2023-03-24T17:59:00Z,0.00021126782463086946,0.0018582730327611607,0.00206954085739203,1
2023-03-24T17:58:55Z,2023-03-24T17:59:00Z,0.00020953270730871216,0.001832023607072352,0.002041556314381064,1
2023-03-24T17:58:55Z,2023-03-24T17:59:00Z,0.0002198051066449845,0.0017947312376623836,0.002014536344307368,1
2023-03-24T17:58:55Z,2023-03-24T17:59:00Z,0.00022166029722345162,0.0017653913942629231,0.0019870516914863748,1
2023-03-24T17:58:55Z,2023-03-24T17:59:00Z,0.00021204612711905923,0.0017460677275582433,0.0019581138546773025,1
2023-03-24T17:58:55Z,2023-03-24T17:59:00Z,0.0002057113265516526,0.0017228869660463088,0.0019285982925979614,1
2023-03-24T17:58:55Z,2023-03-24T17:59:00Z,0.0001980283836300245,0.0017020451770175876,0.001900073560647612,1
2023-03-24T17:58:55Z,2023-03-24T17:59:00Z,0.00019144973573042364,0.0016804875458138993,0.001871937281544323,1
2023-03-24T17:58:55Z,2023-03-24T17:59:00Z,0.0001858566468387465,0.0016588116229670534,0.0018446682698058,1
2023-03-24T17:58:55Z,2023-03-24T17:59:00Z,0.00017721390625705926,0.0016406822091073613,0.0018178961153644205,1
2023-03-24T17:58:55Z,2023-03-24T17:59:00Z,0.0001729311078916744,0.0016183202256914706,0.001791251333583145,1
2023-03-24T17:58:55Z,2023-03-24T17:59:00Z,0.00016977595235911306,0.0015962059262164775,0.0017659818785755906,1
2023-03-24T17:58:55Z,2023-03-24T17:59:00Z,0.00016513135230105769,0.001576709971210775,0.0017418413235118326,1
2023-03-24T17:58:55Z,2023-03-24T17:59:00Z,0.00015698929761180929,0.0015610045917362927,0.001717993889348102,1
2023-03-24T17:58:55Z,2023-03-24T17:59:00Z,0.0001462410664494595,0.00154828923443611,0.0016945303008855696,1
2023-03-24T17:58:55Z,2023-03-24T17:59:00Z,0.0001381424299849571,0.0015338029529559408,0.001671945382940898,1
2023-03-24T17:58:55Z,2023-03-24T17:59:00Z,0.00015683119645298633,0.0014945773528857221,0.0016514085493387085,1
2023-03-24T17:58:55Z,2023-03-24T17:59:00Z,0.00016431282728894244,0.0014677966852741843,0.0016321095125631268,1
2023-03-24T17:58:55Z,2023-03-24T17:59:00Z,0.00013370020687132503,0.0014774517744690916,0.0016111519813404166,1
2023-03-24T17:58:55Z,2023-03-24T17:59:00Z,0.00010202438555631348,0.0014878700723864261,0.0015898944579427396,1
2023-03-24T17:58:55Z,2023-03-24T17:59:00Z,6.996614589834839e-05,0.0015012121951653498,0.0015711783410636982,1
2023-03-24T17:58:55Z,2023-03-24T17:59:00Z,3.8027551960679576e-05,0.0015170993329840625,0.001555126884944742,1
2023-03-24T17:58:55Z,2023-03-24T17:59:00Z,1.7638407006792794e-05,0.0015243551922878074,0.0015419935992946002,1
2023-03-24T17:58:55Z,2023-03-24T17:59:00Z,4.460515239688339e-06,0.0015361555415240136,0.0015316950262843252,1
2023-03-24T17:58:55Z,2023-03-24T17:59:00Z,2.1335025278438778e-05,0.0015451996321124589,0.00152386460683402,1
2023-03-24T17:58:55Z,2023-03-24T17:59:00Z,3.2363829801427754e-05,0.0015512242379110757,0.001518860408109648,1
2023-03-24T17:58:55Z,2023-03-24T17:59:00Z,3.9009651061513084e-05,0.0015552441975796348,0.0015162345465181218,1
2023-03-24T17:58:55Z,2023-03-24T17:59:00Z,5.1411744001062486e-05,0.0015668312610337496,0.0015154195170326871,0
2023-03-24T17:58:55Z,2023-03-24T17:59:00Z,6.244158223583625e-05,0.0015784406795304837,0.0015159990972946475,0
2023-03-24T17:58:55Z,2023-03-24T17:59:00Z,7.512168630337311e-05,0.0015938731426045042,0.001518751456301131,0
2023-03-24T17:58:55Z,2023-03-24T17:59:00Z,7.930086021580682e-05,0.0016050409270706683,0.0015257400668548615,0
2023-03-24T17:58:55Z,2023-03-24T17:59:00Z,8.338241352285063e-05,0.0016196288518219055,0.0015362464382990548,0
2023-03-24T17:58:55Z,2023-03-24T17:59:00Z,8.593314193015736e-05,0.001632812009612677,0.0015468788676825196,0
2023-03-24T17:58:55Z,2023-03-24T17:59:00Z,9.100822997740263e-05,0.0016488669959462121,0.0015578587659688095,0
2023-03-24T17:58:55Z,2023-03-24T17:59:00Z,9.608817668653588e-05,0.0016649135938592893,0.0015688254171727534,0
2023-03-24T17:58:55Z,2023-03-24T17:59:00Z,0.00010470566958745912,0.001684511725340392,0.0015798060557529329,0
2023-03-24T17:58:55Z,2023-03-24T17:59:00Z,0.00011805624340627632,0.0017095754992901657,0.0015915192558838894,0
2023-03-24T17:58:55Z,2023-03-24T17:59:00Z,0.0001267431678745267,0.0017306254390764477,0.001603882271201921,0
2023-03-24T17:58:55Z,2023-03-24T17:59:00Z,0.00012054164833016955,0.001738121908463566,0.0016175802601333964,0
2023-03-24T17:58:55Z,2023-03-24T17:59:00Z,0.00011959450238041114,0.0017521248626109222,0.001632530360230511,0
2023-03-24T17:58:55Z,2023-03-24T17:59:00Z,0.00013062929075410325,0.0017783994602249417,0.0016477701694708384,0
2023-03-24T17:58:55Z,2023-03-24T17:59:00Z,0.00014027423913046968,0.0018034855420660727,0.001663211302935603,0
2023-03-24T17:58:55Z,2023-03-24T17:59:00Z,0.00014224496691570324,0.0018221195015758443,0.001679874534660141,0
2023-03-24T17:58:55Z,2023-03-24T17:59:00Z,0.00014615331717404462,0.0018434955517893164,0.0016973422346152718,0
2023-03-24T17:58:55Z,2023-03-24T17:59:00Z,0.00015290894199840917,0.0018683410578224455,0.0017154321158240364,0
2023-03-24T17:58:55Z,2023-03-24T17:59:00Z,0.0001603440367794794,0.0018944317109341332,0.0017340876741546538,0
2023-03-24T17:58:55Z,2023-03-24T17:59:00Z,0.0001671487327286154,0.0019208638275674166,0.0017537150948388012,0
2023-03-24T17:58:55Z,2023-03-24T17:59:00Z,0.0001703174778332811,0.0019444962989210756,0.0017741788210877945,0
2023-03-24T17:58:55Z,2023-03-24T17:59:00Z,0.00017319329282029046,0.001968701300050429,0.0017955080072301387,0
2023-03-24T17:58:55Z,2023-03-24T17:59:00Z,0.00017465963342315938,0.001991833021785022,0.0018171733883618625,0
2023-03-24T17:58:55Z,2023-03-24T17:59:00Z,0.000183743269158682,0.0020225104742505663,0.0018387672050918843,0
2023-03-24T17:58:55Z,2023-03-24T17:59:00Z,0.0001903510875253772,0.0020508855911763094,0.0018605345036509322,0
2023-03-24T17:58:55Z,2023-03-24T17:59:00Z,0.00019620991035614976,0.0020804434611559983,0.0018842335507998486,0
2023-03-24T17:58:55Z,2023-03-24T17:59:00Z,0.00019869669545736698,0.0021078269736376646,0.0019091302781802976,0
2023-03-24T17:58:55Z,2023-03-24T17:59:00Z,0.00019478500882488185,0.002129085620416101,0.0019343006115912192,0
2023-03-24T17:58:55Z,2023-03-24T17:59:00Z,0.00020271702154900416,0.0021623794191045227,0.0019596623975555185,0
2023-03-24T17:58:55Z,2023-03-24T17:59:00Z,0.0002004858109410381,0.002185728718399911,0.0019852429074588727,0
2023-03-24T17:58:55Z,2023-03-24T17:59:00Z,0.0001932932988463424,0.002205109861914816,0.0020118165630684734,0
2023-03-24T17:58:55Z,2023-03-24T17:59:00Z,0.0001863283465403042,0.0022245938813235666,0.0020382655347832624,0
2023-03-24T17:58:55Z,2023-03-24T17:59:00Z,0.00018422841218916977,0.0022483837928874892,0.0020641553806983195,0
2023-03-24T17:58:55Z,2023-03-24T17:59:00Z,0.00018354808560420988,0.0022730143041155416,0.0020894662185113318,0
2023-03-24T17:58:55Z,2023-03-24T17:59:00Z,0.00016346145487966274,0.002278251631221529,0.002114790176341866,0
2023-03-24T17:58:55Z,2023-03-24T17:59:00Z,0.00015403759544110884,0.0022941871887884008,0.002140149593347292,0
2023-03-24T17:58:55Z,2023-03-24T17:59:00Z,0.00014582308354180043,0.002309840894342135,0.0021640178108003347,0
2023-03-24T17:58:55Z,2023-03-24T17:59:00Z,0.00012691362833619317,0.002313571165348014,0.0021866575370118207,0
2023-03-24T17:58:55Z,2023-03-24T17:59:00Z,9.516802064951733e-05,0.0023034051662584906,0.0022082371456089733,0
2023-03-24T17:58:55Z,2023-03-24T17:59:00Z,7.676985804279998e-05,0.002304434312334441,0.002227664454291641,0
2023-03-24T17:58:55Z,2023-03-24T17:59:00Z,5.296337467217789e-05,0.002296926011682221,0.002243962637010043,0
2023-03-24T17:58:55Z,2023-03-24T17:59:00Z,3.961537134583625e-05,0.002298190399349074,0.002258575028003238,0
2023-03-24T17:58:55Z,2023-03-24T17:59:00Z,2.274093338555617e-05,0.002292528177436936,0.00226978724405138,0
2023-03-24T17:58:55Z,2023-03-24T17:59:00Z,1.9737249916229344e-05,0.0022988963007133725,0.002279159050797143,0
2023-03-24T17:58:55Z,2023-03-24T17:59:00Z,1.3539467942332364e-05,0.002299983378366319,0.0022864439104239866,0
2023-03-24T17:58:55Z,2023-03-24T17:59:00Z,1.587575795063568e-05,0.002308511536657106,0.0022926357787064703,0
2023-03-24T17:58:55Z,2023-03-24T17:59:00Z,2.078209742323745e-05,0.002317717841586277,0.0022969357441630397,0
2023-03-24T17:58:55Z,2023-03-24T17:59:00Z,2.9793553022692924e-05,0.0023296873998975296,0.0022998938468748367,0
2023-03-24T17:58:55Z,2023-03-24T17:59:00Z,3.79978582700103e-05,0.002341180556008576,0.0023031826977385657,0
2023-03-24T17:58:55Z,2023-03-24T17:59:00Z,3.741910031457643e-05,0.0023435601489789027,0.0023061410486643263,0
2023-03-24T17:58:55Z,2023-03-24T17:59:00Z,3.4653814831898944e-05,0.002343406501968429,0.0023087526871365303,0
2023-03-24T17:58:55Z,2023-03-24T17:59:00Z,4.167471514477956e-05,0.00235292648425055,0.0023112517691057702,0
2023-03-24T17:58:55Z,2023-03-24T17:59:00Z,4.357165734918556e-05,0.002358156871097451,0.0023145852137482653,0
2023-03-24T17:58:55Z,2023-03-24T17:59:00Z,3.962298108890197e-05,0.0023582492091635096,0.0023186262280746077,0
2023-03-24T17:58:55Z,2023-03-24T17:59:00Z,4.248898094123387e-05,0.002366217780633778,0.002323728799692544,0
2023-03-24T17:58:55Z,2023-03-24T17:59:00Z,4.7332947393418246e-05,0.0023760666479038317,0.0023287337005104135,0
2023-03-24T17:58:55Z,2023-03-24T17:59:00Z,4.976366667182276e-05,0.0023846381674486397,0.002334874500776817,0
2023-03-24T17:58:55Z,2023-03-24T17:59:00Z,4.765460602105653e-05,0.0023889599690637446,0.002341305363042688,0
2023-03-24T17:58:55Z,2023-03-24T17:59:00Z,4.044371155435605e-05,0.002388803640353904,0.002348359928799548,0
2023-03-24T17:58:55Z,2023-03-24T17:59:00Z,3.3393047313061506e-05,0.0023884570121464966,0.002355063964833435,0
2023-03-24T17:58:55Z,2023-03-24T17:59:00Z,3.347984560476448e-05,0.0023944676270021685,0.002360987781397404,0
2023-03-24T17:58:55Z,2023-03-24T17:59:00Z,2.4311881913439363e-05,0.002390197130998257,0.0023658852490848177,0
2023-03-24T17:58:55Z,2023-03-24T17:59:00Z,1.548580562380549e-05,0.0023858116439580894,0.002370325838334284,0
2023-03-24T17:58:55Z,2023-03-24T17:59:00Z,1.0819561327979777e-05,0.002385031814830543,0.0023742122535025632,0
2023-03-24T17:58:55Z,2023-03-24T17:59:00Z,1.967860941360722e-05,0.002397424624748642,0.002377746015335035,0
2023-03-24T17:58:55Z,2023-03-24T17:59:00Z,1.051641422320903e-05,0.0023909378737732435,0.0023804214595500345,0
2023-03-24T17:58:55Z,2023-03-24T17:59:00Z,1.6336734553741225e-05,0.002400030506908042,0.002383693772354301,0
2023-03-24T17:58:55Z,2023-03-24T17:59:00Z,3.2792130952515996e-05,0.002419209958690961,0.002386417827738445,0
2023-03-24T17:58:55Z,2023-03-24T17:59:00Z,3.6399815809142356e-05,0.002425635370737109,0.002389235554927967,0
2023-03-24T17:58:55Z,2023-03-24T17:59:00Z,4.5777141334977026e-05,0.0024386079721618716,0.0023928308308268946,0
2023-03-24T17:58:55Z,2023-03-24T17:59:00Z,4.8745590246589664e-05,0.0024449928546808565,0.002396247264434267,0
2023-03-24T17:58:55Z,2023-03-24T17:59:00Z,4.938287112022299e-05,0.002449767469146,0.002400384598025777,0
2023-03-24T17:58:55Z,2023-03-24T17:59:00Z,5.596735893928029e-05,0.002461034391492304,0.0024050670325530235,0
2023-03-24T17:58:55Z,2023-03-24T17:59:00Z,5.5075698720504114e-05,0.0024652519360234865,0.0024101762373029824,0
2023-03-24T17:58:55Z,2023-03-24T17:59:00Z,6.002166024465707e-05,0.0024757451279218174,0.0024157234676771603,0
2023-03-24T17:58:55Z,2023-03-24T17:59:00Z,5.3249676007467456e-05,0.0024752277107700634,0.002421978034762596,0
2023-03-24T17:58:55Z,2023-03-24T17:59:00Z,3.712843072723685e-05,0.00246660092248681,0.002429472491759573,0
2023-03-24T17:58:55Z,2023-03-24T17:59:00Z,2.4929121776301206e-05,0.0024619179381975007,0.0024369888164211995,0
2023-03-24T17:58:55Z,2023-03-24T17:59:00Z,5.133519965785536e-05,0.0024940887075572357,0.0024427535078993803,0
2023-03-24T17:58:55Z,2023-03-24T17:59:00Z,6.325121934192077e-05,0.002511919732609989,0.0024486685132680684,0
2023-03-24T17:58:55Z,2023-03-24T17:59:00Z,6.14580360134391e-05,0.0025179647326689404,0.0024565066966555013,0
2023-03-24T17:58:55Z,2023-03-24T17:59:00Z,4.257870966889975e-05,0.002506811220817653,0.0024642325111487533,0
2023-03-24T17:58:55Z,2023-03-24T17:59:00Z,3.5192931903362066e-05,0.0025071195565464347,0.0024719266246430727,0
2023-03-24T17:58:55Z,2023-03-24T17:59:00Z,4.009297155012142e-05,0.002517703200247843,0.0024776102286977217,0
2023-03-24T17:58:55Z,2023-03-24T17:59:00Z,2.341277337342563e-05,0.002506200227226612,0.0024827874538531866,0
2023-03-24T17:58:55Z,2023-03-24T17:59:00Z,1.7957122396275275e-05,0.002506405887174615,0.00248844876477834,0
2023-03-24T17:58:55Z,2023-03-24T17:59:00Z,1.158390470471296e-05,0.0025037964891275783,0.0024922125844228653,0
2023-03-24T17:58:55Z,2023-03-24T17:59:00Z,1.404348002327421e-05,0.002509685560375401,0.0024956420803521266,0
2023-03-24T17:58:55Z,2023-03-24T17:59:00Z,1.8545778327348772e-05,0.0025165254721132885,0.0024979796937859397,0
2023-03-24T17:58:55Z,2023-03-24T17:59:00Z,1.3217547217374542e-05,0.0025140687284704254,0.002500851181253051,0
2023-03-24T17:58:55Z,2023-03-24T17:59:00Z,2.0150066993936035e-05,0.0025251616273825267,0.0025050115603885907,0
2023-03-24T17:58:55Z,2023-03-24T17:59:00Z,1.6509491081452467e-05,0.002525866950659454,0.0025093574595780013,0
2023-03-24T17:58:55Z,2023-03-24T17:59:00Z,1.164310993823298e-05,0.0025235899795016748,0.002511946869563442,0
2023-03-24T17:58:55Z,2023-03-24T17:59:00Z,8.551324122579775e-06,0.002521660461856811,0.002513109137734231,0
2023-03-24T17:58:55Z,2023-03-24T17:59:00Z,1.8387767841245364e-06,0.0025117391315195013,0.002513577908303626,0
2023-03-24T17:58:55Z,2023-03-24T17:59:00Z,5.292491083545847e-07,0.0025142860959485344,0.002514815345056889,0
2023-03-24T17:58:55Z,2023-03-24T17:59:00Z,2.3221996548208022e-06,0.0025175225092927984,0.0025152003096379776,0
2023-03-24T17:58:55Z,2023-03-24T17:59:00Z,1.7045998330932934e-06,0.0025132109511132755,0.0025149155509463688,0
2023-03-24T17:58:55Z,2023-03-24T17:59:00Z,9.64557190825336e-06,0.002506213502543631,0.0025158590744518844,0
2023-03-24T17:58:55Z,2023-03-24T17:59:00Z,2.267647597644501e-05,0.0024937496871369944,0.0025164261631134394,0
2023-03-24T17:58:55Z,2023-03-24T17:59:00Z,2.692162001969277e-05,0.0024897059608784177,0.0025166275808981104,0
2023-03-24T17:58:55Z,2023-03-24T17:59:00Z,2.7883298143104637e-05,0.0024874162933184716,0.0025152995914615763,0
2023-03-24T17:58:55Z,2023-03-24T17:59:00Z,1.972262230251747e-05,0.0024933420098894863,0.002513064632192004,0
2023-03-24T17:58:55Z,2023-03-24T17:59:00Z,1.5909737781393853e-06,0.0025092526221512017,0.002510843595929341,0
2023-03-24T17:58:55Z,2023-03-24T17:59:00Z,4.466112859665902e-07,0.002507745349852288,0.0025081919611382544,0
2023-03-24T17:58:55Z,2023-03-24T17:59:00Z,4.804675616592799e-07,0.0025072879013242257,0.0025068074337625664,0
2023-03-24T17:58:55Z,2023-03-24T17:59:00Z,5.1852761481906845e-06,0.002510672324106642,0.0025054870479584513,0
2023-03-24T17:58:55Z,2023-03-24T17:59:00Z,1.234519054939048e-05,0.0025166345251301262,0.0025042893345807358,0
2023-03-24T17:58:55Z,2023-03-24T17:59:00Z,1.945123701109887e-05,0.002523651670974096,0.0025042004339629973,0
2023-03-24T17:58:55Z,2023-03-24T17:59:00Z,2.5375353454796037e-05,0.0025297714898495924,0.0025043961363947964,0
2023-03-24T17:58:55Z,2023-03-24T17:59:00Z,3.172623162274761e-05,0.0025366331314909856,0.002504906899868238,0
2023-03-24T17:58:55Z,2023-03-24T17:59:00Z,3.2617742505745666e-05,0.002538904687268677,0.0025062869447629314,0
2023-03-24T17:58:55Z,2023-03-24T17:59:00Z,3.260425778511692e-05,0.002541426171626994,0.0025088219138418772,0
2023-03-24T17:58:55Z,2023-03-24T17:59:00Z,4.17955463159099e-05,0.0025543803768354276,0.0025125848305195177,0
2023-03-24T17:58:55Z,2023-03-24T17:59:00Z,4.1780883737974235e-05,0.002558675731819873,0.002516894848081899,0
2023-03-24T17:58:55Z,2023-03-24T17:59:00Z,3.818939968592465e-05,0.002560664588060903,0.0025224751883749785,0
2023-03-24T17:58:55Z,2023-03-24T17:59:00Z,3.971979469844476e-05,0.0025676394599009555,0.0025279196652025107,0
2023-03-24T17:58:55Z,2023-03-24T17:59:00Z,3.6123056182903266e-05,0.0025683270518778887,0.0025322039956949855,0
2023-03-24T17:58:55Z,2023-03-24T17:59:00Z,2.083820256175385e-05,0.0025580333740941284,0.0025371951715323746,0
2023-03-24T17:58:55Z,2023-03-24T17:59:00Z,2.5102941183484818e-05,0.0025673847085953315,0.0025422817674118467,0
2023-03-24T17:58:55Z,2023-03-24T17:59:00Z,2.8273737221693514e-05,0.002574502258799164,0.0025462285215774707,0
2023-03-24T17:58:55Z,2023-03-24T17:59:00Z,3.496017723191979e-05,0.002585417880764824,0.002550457703532904,0
2023-03-24T17:58:55Z,2023-03-24T17:59:00Z,3.4963686820867375e-05,0.0025896589393391944,0.002554695252518327,0
2023-03-24T17:58:55Z,2023-03-24T17:59:00Z,3.450637334606642e-05,0.0025938388251073295,0.002559332451761263,0
2023-03-24T17:58:55Z,2023-03-24T17:59:00Z,4.48757452167119e-05,0.0026086270142986587,0.002563751269081947,0
2023-03-24T17:58:55Z,2023-03-24T17:59:00Z,5.193683026090282e-05,0.0026202659441627377,0.002568329113901835,0
2023-03-24T17:58:55Z,2023-03-24T17:59:00Z,4.347128593776414e-05,0.002617400470062238,0.002573929184124474,0
2023-03-24T17:58:55Z,2023-03-24T17:59:00Z,3.846451370857415e-05,0.00261788416177699,0.0025794196480684157,0
2023-03-24T17:58:55Z,2023-03-24T17:59:00Z,4.192468700450454e-05,0.002626238063259784,0.0025843133762552795,0
2023-03-24T17:58:55Z,2023-03-24T17:59:00Z,4.113571324118907e-05,0.0026302173873061423,0.002589081674064953,0
2023-03-24T17:58:55Z,2023-03-24T17:59:00Z,4.033375588302374e-05,0.002634298646894546,0.002593964891011522,0
2023-03-24T17:58:55Z,2023-03-24T17:59:00Z,2.6852104461530957e-05,0.0026259745234254077,0.0025991224189638768,0
2023-03-24T17:58:55Z,2023-03-24T17:59:00Z,3.288516460603873e-05,0.00263836302296995,0.0026054778583639113,0
2023-03-24T17:58:55Z,2023-03-24T17:59:00Z,2.303546481255414e-05,0.0026333958077456392,0.002610360342933085,0
2023-03-24T17:58:55Z,2023-03-24T17:59:00Z,2.33965164676787e-05,0.0026390785897483287,0.00261568207328065,0
2023-03-24T17:58:55Z,2023-03-24T17:59:00Z,3.039614800353415e-05,0.002650076381865919,0.002619680233862385,0
2023-03-24T17:58:55Z,2023-03-24T17:59:00Z,2.299001829216994e-05,0.0026467885563553157,0.002623798538063146,0
2023-03-24T17:58:55Z,2023-03-24T17:59:00Z,2.4015229669039923e-05,0.0026525002307954022,0.0026284850011263623,0
2023-03-24T17:58:55Z,2023-03-24T17:59:00Z,1.7483158313867653e-05,0.002649148287944951,0.0026316651296310833,0
2023-03-24T17:58:55Z,2023-03-24T17:59:00Z,2.6042750963603794e-05,0.002660394071147409,0.0026343513201838053,0
2023-03-24T17:58:55Z,2023-03-24T17:59:00Z,3.140851189047502e-05,0.0026684054835645066,0.0026369969716740316,0
2023-03-24T17:58:55Z,2023-03-24T17:59:00Z,4.0967673033375385e-05,0.002681507137154942,0.0026405394641215666,0
2023-03-24T17:58:55Z,2023-03-24T17:59:00Z,4.116402522488273e-05,0.0026852174410385093,0.0026440534158136265,0
2023-03-24T17:58:55Z,2023-03-24T17:59:00Z,3.8547729196057156e-05,0.0026868752908304166,0.0026483275616343595,0
2023-03-24T17:58:55Z,2023-03-24T17:59:00Z,3.829971315450235e-05,0.0026908705076341926,0.0026525707944796903,0
2023-03-24T17:58:55Z,2023-03-24T17:59:00Z,3.9013120226460366e-05,0.0026966589786565683,0.002657645858430108,0
2023-03-24T17:58:55Z,2023-03-24T17:59:00Z,4.806414787912258e-05,0.0027100856300312504,0.0026620214821521278,0
2023-03-24T17:58:55Z,2023-03-24T17:59:00Z,4.865584259023748e-05,0.0027159492556516097,0.0026672934130613723,0
2023-03-24T17:58:55Z,2023-03-24T17:59:00Z,3.67985517005817e-05,0.002710009218118864,0.002673210666418282,0
2023-03-24T17:58:55Z,2023-03-24T17:59:00Z,2.8182337082511503e-05,0.0027068824096496006,0.002678700072567089,0
2023-03-24T17:58:55Z,2023-03-24T17:59:00Z,2.1346188773310997e-05,0.0027053146498206967,0.0026839684610473857,0
2023-03-24T17:58:55Z,2023-03-24T17:59:00Z,2.5148135912456213e-05,0.002713648445197691,0.002688500309285235,0
2023-03-24T17:58:55Z,2023-03-24T17:59:00Z,2.398796365641817e-05,0.002717168803097965,0.002693180839441547,0
2023-03-24T17:58:55Z,2023-03-24T17:59:00Z,2.4130730778679568e-05,0.002721749434724417,0.0026976187039457374,0
2023-03-24T17:58:55Z,2023-03-24T17:59:00Z,2.1511791626291094e-05,0.00272319410553315,0.002701682313906859,0
2023-03-24T17:58:55Z,2023-03-24T17:59:00Z,2.0461383254402436e-05,0.002725497221958718,0.0027050358387043154,0
2023-03-24T17:58:55Z,2023-03-24T17:59:00Z,1.72157912336616e-05,0.0027254163519791963,0.0027082005607455347,0
2023-03-24T17:58:55Z,2023-03-24T17:59:00Z,1.3458550326468904e-05,0.0027248776053326955,0.0027114190550062266,0
2023-03-24T17:58:55Z,2023-03-24T17:59:00Z,8.659314216650366e-06,0.002722957189584961,0.0027142978753683105,0
2023-03-24T17:58:55Z,2023-03-24T17:59:00Z,4.584569660457012e-06,0.0027212339972517785,0.0027166494275913215,0
2023-03-24T17:58:55Z,2023-03-24T17:59:00Z,9.094182816899062e-06,0.0027268162403710295,0.0027177220575541304,0
2023-03-24T17:58:55Z,2023-03-24T17:59:00Z,8.181523181219168e-06,0.002726343975868697,0.002718162452687478,0
2023-03-24T17:58:55Z,2023-03-24T17:59:00Z,1.8477109801464178e-06,0.0027214107488553042,0.002719563037875158,0
2023-03-24T17:58:55Z,2023-03-24T17:59:00Z,2.1854108434348277e-06,0.002718999424216648,0.002721184835060083,0
2023-03-24T17:58:55Z,2023-03-24T17:59:00Z,1.0562161689161177e-05,0.0027119640149571387,0.0027225261766463,0
2023-03-24T17:58:55Z,2023-03-24T17:59:00Z,3.2616900811233834e-07,0.002722645922556434,0.0027229720915645465,0
2023-03-24T17:58:55Z,2023-03-24T17:59:00Z,7.03169987747174e-06,0.0027295700590969493,0.0027225383592194776,0
2023-03-24T17:58:55Z,2023-03-24T17:59:00Z,1.590502077431855e-05,0.0027385180873131312,0.0027226130665388127,0
2023-03-24T17:58:55Z,2023-03-24T17:59:00Z,2.6868972740111755e-06,0.002725831293276473,0.002723144396002462,0
2023-03-24T17:58:55Z,2023-03-24T17:59:00Z,1.648538707292417e-05,0.0027077440810424065,0.0027242294681153307,0
2023-03-24T17:58:55Z,2023-03-24T17:59:00Z,1.561262813739965e-05,0.00270865141841937,0.00272426404655677,0
2023-03-24T17:58:55Z,2023-03-24T17:59:00Z,1.7433179650984919e-06,0.0027245795708310113,0.002722836252865913,0
2023-03-24T17:58:55Z,2023-03-24T17:59:00Z,3.795383334555518e-06,0.0027178487219342248,0.0027216441052687803,0
2023-03-24T17:58:55Z,2023-03-24T17:59:00Z,1.3281037113402599e-05,0.0027086418659536472,0.00272192290306705,0
2023-03-24T17:58:55Z,2023-03-24T17:59:00Z,1.4989461363592704e-05,0.00270618614850039,0.002721175609863983,0
2023-03-24T17:58:55Z,2023-03-24T17:59:00Z,1.4526057558742877e-05,0.0027051743764789854,0.0027197004340377283,0
2023-03-24T17:58:55Z,2023-03-24T17:59:00Z,1.9110850342621104e-05,0.002699320866998864,0.002718431717341485,0
2023-03-24T17:58:55Z,2023-03-24T17:59:00Z,2.4378189894697436e-05,0.002692901440135316,0.0027172796300300134,0
2023-03-24T17:58:55Z,2023-03-24T17:59:00Z,1.8896795330132065e-05,0.002697329239036692,0.002716226034366824,0
2023-03-24T17:58:55Z,2023-03-24T17:59:00Z,4.004331430050231e-06,0.002709742996068347,0.002713747327498397,0
2023-03-24T17:58:55Z,2023-03-24T17:59:00Z,7.609766694001256e-07,0.0027118215691627756,0.0027110605924933755,0
2023-03-24T17:58:55Z,2023-03-24T17:59:00Z,1.0350776413713385e-05,0.002719013444636691,0.0027086626682229775,0
2023-03-24T17:58:55Z,2023-03-24T17:59:00Z,2.2148239531205247e-06,0.002709710015166623,0.0027074951912135024,0
2023-03-24T17:58:55Z,2023-03-24T17:59:00Z,2.3203383204585537e-06,0.0027061139665259006,0.002708434304846359,0
2023-03-24T17:58:55Z,2023-03-24T17:59:00Z,6.3915756414395855e-06,0.0027149140968834038,0.002708522521241964,0
2023-03-24T17:58:55Z,2023-03-24T17:59:00Z,1.3296837217042536e-06,0.002708313404604909,0.0027069837208832047,0
2023-03-24T17:58:55Z,2023-03-24T17:59:00Z,1.13000711223399e-05,0.0027180392399179763,0.0027067391687956364,0
2023-03-24T17:58:55Z,2023-03-24T17:59:00Z,1.07557562270791e-05,0.002717467553243654,0.002706711797016575,0
2023-03-24T17:58:55Z,2023-03-24T17:59:00Z,6.18148300522009e-06,0.0027138810376399272,0.002707699554634707,0
2023-03-24T17:58:55Z,2023-03-24T17:59:00Z,1.4631110155143012e-05,0.002723355096186906,0.002708723986031763,0
2023-03-24T17:58:55Z,2023-03-24T17:59:00Z,1.594250609037763e-05,0.0027258798396755618,0.002709937333585184,0
2023-03-24T17:58:55Z,2023-03-24T17:59:00Z,1.58628393419776e-05,0.002728337977598128,0.0027124751382561502,0
2023-03-24T17:58:55Z,2023-03-24T17:59:00Z,2.8224311505163115e-05,0.002743078666481219,0.002714854354976056,0
2023-03-24T17:58:55Z,2023-03-24T17:59:00Z,1.907061514386417e-05,0.0027354745519140686,0.0027164039367702044,0
2023-03-24T17:58:55Z,2023-03-24T17:59:00Z,1.3778906778127726e-05,0.002732787601658203,0.002719008694880075,0
2023-03-24T17:58:55Z,2023-03-24T17:59:00Z,9.308615949297615e-06,0.0027296890697691544,0.002720380453819857,0
2023-03-24T17:58:55Z,2023-03-24T17:59:00Z,2.192440891053823e-05,0.002744227994938026,0.002722303586027488,0
2023-03-24T17:58:55Z,2023-03-24T17:59:00Z,1.980011782253639e-05,0.0027440682957869623,0.002724268177964426,0
2023-03-24T17:58:55Z,2023-03-24T17:59:00Z,2.133835298914104e-05,0.0027480493557914525,0.0027267110028023115,0
2023-03-24T17:58:55Z,2023-03-24T17:59:00Z,1.2497501219687485e-05,0.0027421880782871697,0.0027296905770674822,0
2023-03-24T17:58:55Z,2023-03-24T17:59:00Z,1.2361911660068413e-05,0.0027445533317170074,0.002732191420056939,0
2023-03-24T17:58:55Z,2023-03-24T17:59:00Z,1.5279530518554855e-05,0.0027495309943291195,0.0027342514638105647,0
2023-03-24T17:58:55Z,2023-03-24T17:59:00Z,1.4954971990557668e-05,0.0027517624603075456,0.002736807488316988,0
2023-03-24T17:58:55Z,2023-03-24T17:59:00Z,1.3840511181162276e-05,0.002752829324343335,0.002738988813162173,0
2023-03-24T17:58:55Z,2023-03-24T17:59:00Z,1.9133578688881273e-05,0.0027602792769037187,0.0027411456982148375,0
2023-03-24T17:58:55Z,2023-03-24T17:59:00Z,2.8297082333760947e-05,0.0027714837261106993,0.0027431866437769383,0
2023-03-24T17:58:55Z,2023-03-24T17:59:00Z,2.5404340354098342e-05,0.0027700243683329118,0.0027446200279788134,0
2023-03-24T17:58:55Z,2023-03-24T17:59:00Z,2.4365975235081643e-05,0.002771986767730281,0.0027476207924951993,0
2023-03-24T17:58:55Z,2023-03-24T17:59:00Z,2.1197193077164642e-05,0.002771921049461923,0.0027507238563847583,0
2023-03-24T17:58:55Z,2023-03-24T17:59:00Z,2.167113348084098e-05,0.002775919798029027,0.002754248664548186,0
2023-03-24T17:58:55Z,2023-03-24T17:59:00Z,2.48689346077041e-05,0.0027814253536995485,0.0027565564190918444,0
2023-03-24T17:58:55Z,2023-03-24T17:59:00Z,1.7427771413784827e-05,0.002776638482359134,0.0027592107109453493,0
2023-03-24T17:58:55Z,2023-03-24T17:59:00Z,1.766248187347677e-05,0.0027796545259778337,0.002761992044104357,0
2023-03-24T17:58:55Z,2023-03-24T17:59:00Z,2.5420516523994106e-05,0.0027902834276343482,0.002764862911110354,0
2023-03-24T17:58:55Z,2023-03-24T17:59:00Z,1.4110320177466475e-05,0.002781898330809556,0.0027677880106320896,0
2023-03-24T17:58:55Z,2023-03-24T17:59:00Z,3.504749353224531e-06,0.0027746887960940834,0.002771184046740859,0
2023-03-24T17:58:55Z,2023-03-24T17:59:00Z,1.5160814173889071e-06,0.002775211450700082,0.002773695369282693,0
2023-03-24T17:58:55Z,2023-03-24T17:59:00Z,1.0070904622289014e-05,0.0027855878965508778,0.0027755169919285888,0
2023-03-24T17:58:55Z,2023-03-24T17:59:00Z,2.2633816472513064e-05,0.0027993951562174653,0.002776761339744952,0
2023-03-24T17:58:55Z,2023-03-24T17:59:00Z,1.7182535160222695e-05,0.0027951192224418566,0.002777936687281634,0
2023-03-24T17:58:55Z,2023-03-24T17:59:00Z,2.464308400141821e-05,0.0028050273369400977,0.0027803842529386794,0
2023-03-24T17:58:55Z,2023-03-24T17:59:00Z,3.583405190268202e-05,0.00281814600940066,0.002782311957497978,0
2023-03-24T17:58:55Z,2023-03-24T17:59:00Z,3.473808196683163e-05,0.0028198088967546575,0.002785070814787826,0
2023-03-24T17:58:55Z,2023-03-24T17:59:00Z,3.129539488925864e-05,0.002819885060624721,0.002788589665735462,0
2023-03-24T17:58:55Z,2023-03-24T17:59:00Z,3.580838574045869e-05,0.0028275966800638467,0.002791788294323388,0
2023-03-24T17:58:55Z,2023-03-24T17:59:00Z,3.510300868481749e-05,0.0028304951845303373,0.00279539217584552,0
2023-03-24T17:58:55Z,2023-03-24T17:59:00Z,3.4374853840159376e-05,0.0028337622091928467,0.0027993873553526873,0
2023-03-24T17:58:55Z,2023-03-24T17:59:00Z,3.394720519007445e-05,0.002836685540284094,0.0028027383350940197,0
2023-03-24T17:58:55Z,2023-03-24T17:59:00Z,3.0783505190908576e-05,0.002837843830150203,0.0028070603249592944,0
2023-03-24T17:58:55Z,2023-03-24T17:59:00Z,2.3508090505015584e-05,0.0028357348108134775,0.002812226720308462,0
2023-03-24T17:58:55Z,2023-03-24T17:59:00Z,2.7848317874900035e-05,0.002845294403137539,0.002817446085262639,0
2023-03-24T17:58:55Z,2023-03-24T17:59:00Z,3.358246174583416e-05,0.002855207456530356,0.0028216249947845217,0
2023-03-24T17:58:55Z,2023-03-24T17:59:00Z,1.9265858732201747e-05,0.002844715790760063,0.0028254499320278614,0
2023-03-24T17:58:55Z,2023-03-24T17:59:00Z,1.770055020263459e-05,0.002848157835071204,0.0028304572848685695,0
2023-03-24T17:58:55Z,2023-03-24T17:59:00Z,1.516131851936461e-05,0.0028489259745395983,0.0028337646560202337,0
2023-03-24T17:58:55Z,2023-03-24T17:59:00Z,1.3249838772071663e-05,0.0028495154802648504,0.0028362656414927787,0
2023-03-24T17:58:55Z,2023-03-24T17:59:00Z,2.808744941903713e-06,0.0028415008095834275,0.0028386920646415238,0
2023-03-24T17:58:55Z,2023-03-24T17:59:00Z,4.1187287513908336e-06,0.00283704253752681,0.002841161266278201,0
2023-03-24T17:58:55Z,2023-03-24T17:59:00Z,1.0173606509835016e-05,0.0028321463372283314,0.0028423199437381664,0
2023-03-24T17:58:55Z,2023-03-24T17:59:00Z,7.2495041356468275e-06,0.002835616052352226,0.0028428655564878727,0
2023-03-24T17:58:55Z,2023-03-24T17:59:00Z,4.97122119011038e-06,0.002837759679300719,0.0028427309004908294,0
2023-03-24T17:58:55Z,2023-03-24T17:59:00Z,5.918322207854303e-06,0.0028485600987043615,0.002842641776496507,0
2023-03-24T17:58:55Z,2023-03-24T17:59:00Z,3.513029414022994e-06,0.0028461477933397396,0.0028426347639257167,0
2023-03-24T17:58:55Z,2023-03-24T17:59:00Z,1.4259854156147694e-06,0.002845129523332239,0.0028437035379166244,0
2023-03-24T17:58:55Z,2023-03-24T17:59:00Z,2.113747402262677e-06,0.0028458884011690697,0.002843774653766807,0
2023-03-24T17:58:55Z,2023-03-24T17:59:00Z,1.916697465994925e-06,0.002841018128534303,0.0028429348260002978,0
2023-03-24T17:58:55Z,2023-03-24T17:59:00Z,3.690002767936691e-06,0.002846722546302318,0.0028430325435343812,0
2023-03-24T17:58:55Z,2023-03-24T17:59:00Z,1.0642926403248328e-05,0.0028530804943928878,0.0028424375679896394,0
2023-03-24T17:58:55Z,2023-03-24T17:59:00Z,2.8040568506248163e-06,0.002845058005820491,0.002842253948969866,0
2023-03-24T17:58:55Z,2023-03-24T17:59:00Z,3.619259689416083e-06,0.00283893177379112,0.002842551033480536,0
2023-03-24T17:58:55Z,2023-03-24T17:59:00Z,4.3800876580266795e-06,0.0028472275541583177,0.002842847466500291,0
2023-03-24T17:58:55Z,2023-03-24T17:59:00Z,1.3591686196445449e-05,0.002856596589052096,0.0028430049028556506,0
2023-03-24T17:58:55Z,2023-03-24T17:59:00Z,3.353644222377477e-06,0.002847615315155527,0.0028442616709331496,0
2023-03-24T17:58:55Z,2023-03-24T17:59:00Z,1.383289520394404e-07,0.0028458717200394324,0.002846010048991472,0
2023-03-24T17:58:55Z,2023-03-24T17:59:00Z,2.1668936680129154e-06,0.0028446644583113596,0.0028468313519793725,0
2023-03-24T17:58:55Z,2023-03-24T17:59:00Z,9.389832390798054e-06,0.0028372174880331633,0.0028466073204239614,0
2023-03-24T17:58:55Z,2023-03-24T17:59:00Z,2.2776780419266496e-05,0.0028237069287523303,0.002846483709171597,0
2023-03-24T17:58:55Z,2023-03-24T17:59:00Z,1.5309430089121244e-05,0.0028305149428075526,0.002845824372896674,0
2023-03-24T17:58:55Z,2023-03-24T17:59:00Z,1.4592567173103525e-05,0.002829383349688842,0.0028439759168619456,0
2023-03-24T17:58:55Z,2023-03-24T17:59:00Z,7.145810009531739e-06,0.002850246461394248,0.0028431006513847164,0
2023-03-24T17:58:55Z,2023-03-24T17:59:00Z,2.0428881922556104e-05,0.00286208460025615,0.002841655718333594,0
2023-03-24T17:58:55Z,2023-03-24T17:59:00Z,1.9834283050663894e-05,0.0028612538319677037,0.00284141954891704,0
2023-03-24T17:58:55Z,2023-03-24T17:59:00Z,1.193892115922135e-05,0.0028547773529458997,0.0028428384317866783,0
2023-03-24T17:58:55Z,2023-03-24T17:59:00Z,1.4173878429232269e-06,0.0028461159911443165,0.0028446986033013933,0
2023-03-24T17:58:55Z,2023-03-24T17:59:00Z,6.366301122140514e-06,0.002851694054322499,0.0028453277532003583,0
2023-03-24T17:58:55Z,2023-03-24T17:59:00Z,2.8215697296571883e-06,0.0028472759397710342,0.002844454370041377,0
2023-03-24T17:58:55Z,2023-03-24T17:59:00Z,5.631846815529022e-06,0.0028504261117874873,0.0028447942649719583,0
2023-03-24T17:58:55Z,2023-03-24T17:59:00Z,4.670374813914302e-06,0.002849581658096839,0.0028449112832829248,0
2023-03-24T17:58:55Z,2023-03-24T17:59:00Z,7.430535108533982e-07,0.0028446483675617484,0.0028453914210726018,0
2023-03-24T17:58:55Z,2023-03-24T17:59:00Z,4.608744306130747e-06,0.0028418130242717776,0.0028464217685779084,0
2023-03-24T17:58:55Z,2023-03-24T17:59:00Z,1.2074651511323128e-05,0.0028360922369673708,0.002848166888478694,0
2023-03-24T17:58:55Z,2023-03-24T17:59:00Z,1.2867421097101806e-05,0.002836240974170277,0.0028491083952673787,0
2023-03-24T17:58:55Z,2023-03-24T17:59:00Z,2.060778355399747e-05,0.0028290596856532586,0.002849667469207256,0
2023-03-24T17:58:55Z,2023-03-24T17:59:00Z,2.4884712009635903e-05,0.0028236156332622888,0.0028485003452719247,0
2023-03-24T17:58:55Z,2023-03-24T17:59:00Z,2.297672543140816e-05,0.0028227715436236096,0.002845748269055018,0
2023-03-24T17:58:55Z,2023-03-24T17:59:00Z,6.090537398093735e-06,0.0028365212150981397,0.0028426117524962334,0
2023-03-24T17:58:55Z,2023-03-24T17:59:00Z,6.240012116663814e-06,0.00284618461383604,0.002839944601719376,0
2023-03-24T17:58:55Z,2023-03-24T17:59:00Z,9.273606034432454e-06,0.002848418643083293,0.0028391450370488605,0
2023-03-24T17:58:55Z,2023-03-24T17:59:00Z,9.150090456089971e-06,0.0028478360074644126,0.0028386859170083227,0
2023-03-24T17:58:55Z,2023-03-24T17:59:00Z,1.794601579565517e-06,0.0028405757438639094,0.002838781142284344,0
2023-03-24T17:58:55Z,2023-03-24T17:59:00Z,1.162239134208827e-07,0.002838681524170842,0.0028385653002574213,0
2023-03-24T17:58:55Z,2023-03-24T17:59:00Z,7.651200046652866e-06,0.0028301636073580242,0.002837814807404677,0
2023-03-24T17:58:55Z,2023-03-24T17:59:00Z,1.2158970384419047e-05,0.0028251586000710162,0.0028373175704554353,0
2023-03-24T17:58:55Z,2023-03-24T17:59:00Z,2.14230448052047e-05,0.002814923740907417,0.0028363467857126217,0
2023-03-24T17:58:55Z,2023-03-24T17:59:00Z,8.61796795860719e-06,0.002826817681345986,0.002835435649304593,0
2023-03-24T17:58:55Z,2023-03-24T17:59:00Z,1.9005466855787426e-06,0.002831758666513776,0.0028336592131993545,0
2023-03-24T17:58:55Z,2023-03-24T17:59:00Z,1.3372252364252536e-05,0.002820100127142829,0.0028334723795070817,0
2023-03-24T17:58:55Z,2023-03-24T17:59:00Z,1.777041083025812e-05,0.0028163805547811132,0.0028341509656113714,0
2023-03-24T17:58:55Z,2023-03-24T17:59:00Z,1.3744083658004565e-05,0.002820184263913302,0.0028339283475713067,0
2023-03-24T17:58:55Z,2023-03-24T17:59:00Z,1.9689049590546764e-05,0.002812560909621008,0.0028322499592115546,0
2023-03-24T17:58:55Z,2023-03-24T17:59:00Z,1.1365088843247155e-05,0.002818718174541413,0.00283008326338466,0
2023-03-24T17:58:55Z,2023-03-24T17:59:00Z,2.0598319658521585e-05,0.0028064967992709484,0.00282709511892947,0
2023-03-24T17:58:55Z,2023-03-24T17:59:00Z,1.857491829951926e-05,0.0028060937145530335,0.0028246686328525527,0
2023-03-24T17:58:55Z,2023-03-24T17:59:00Z,1.4260595638558322e-05,0.0028075681251645813,0.0028218287208031396,0
2023-03-24T17:58:55Z,2023-03-24T17:59:00Z,2.4578315609521516e-05,0.002794534754392134,0.0028191130700016553,0
2023-03-24T17:58:55Z,2023-03-24T17:59:00Z,2.2394587435818104e-05,0.0027948355257163835,0.0028172301131522016,0
2023-03-24T17:58:55Z,2023-03-24T17:59:00Z,1.021000406917303e-05,0.002804468121943122,0.002814678126012295,0
2023-03-24T17:58:55Z,2023-03-24T17:59:00Z,6.172585413489421e-06,0.0028068315226662194,0.002813004108079709,0
2023-03-24T17:58:55Z,2023-03-24T17:59:00Z,1.4594975816367966e-05,0.0027965466689797687,0.0028111416447961367,0
2023-03-24T17:58:55Z,2023-03-24T17:59:00Z,1.72418642628994e-05,0.0027918225185459412,0.0028090643828088406,0
2023-03-24T17:58:55Z,2023-03-24T17:59:00Z,1.6375962548682583e-05,0.002790725632079903,0.0028071015946285857,0
2023-03-24T17:58:55Z,2023-03-24T17:59:00Z,1.4479212766516179e-05,0.002790575878842472,0.002805055091608988,0
2023-03-24T17:58:55Z,2023-03-24T17:59:00Z,1.2090380547813938e-06,0.0028013911675680903,0.0028026002056228717,0
2023-03-24T17:58:55Z,2023-03-24T17:59:00Z,3.677111382478001e-06,0.002804445231107138,0.00280076811972466,0
2023-03-24T17:58:55Z,2023-03-24T17:59:00Z,1.6652857593355518e-06,0.0028009894882362186,0.002799324202476883,0
2023-03-24T17:58:55Z,2023-03-24T17:59:00Z,1.2060599889108809e-05,0.002811213838352341,0.002799153238463232,0
2023-03-24T17:58:55Z,2023-03-24T17:59:00Z,7.893638144605003e-06,0.0028066215244147695,0.0027987278862701644,0
2023-03-24T17:58:55Z,2023-03-24T17:59:00Z,3.967912985297292e-06,0.0028029996086877747,0.0027990316957024774,0
2023-03-24T17:58:55Z,2023-03-24T17:59:00Z,5.696530567196861e-06,0.0027943423959705003,0.002800038926537697,0
2023-03-24T17:58:55Z,2023-03-24T17:59:00Z,8.06233726703253e-06,0.0027926569295182806,0.002800719266785313,0
2023-03-24T17:58:55Z,2023-03-24T17:59:00Z,3.259007045368443e-06,0.0027966164492422264,0.002799875456287595,0
2023-03-24T17:58:55Z,2023-03-24T17:59:00Z,1.5803575228621677e-06,0.002797113882669071,0.002798694240191933,0
2023-03-24T17:58:55Z,2023-03-24T17:59:00Z,3.788366257743113e-06,0.0027949116889560617,0.0027987000552138048,0
2023-03-24T17:58:55Z,2023-03-24T17:59:00Z,1.6528403380517386e-05,0.0027826125988435475,0.002799141002224065,0
2023-03-24T17:58:55Z,2023-03-24T17:59:00Z,6.999318364367575e-06,0.002792490521932711,0.0027994898402970785,0
2023-03-24T17:58:55Z,2023-03-24T17:59:00Z,6.649296775807553e-06,0.002792176936854694,0.0027988262336305016,0
2023-03-24T17:58:55Z,2023-03-24T17:59:00Z,6.620608563221667e-06,0.002791463904597665,0.0027980845131608868,0
2023-03-24T17:58:55Z,2023-03-24T17:59:00Z,4.391873565138052e-06,0.0027926702817413786,0.0027970621553065167,0
2023-03-24T17:58:55Z,2023-03-24T17:59:00Z,3.840844321752017e-06,0.0028001092009917222,0.0027962683566699702,0
2023-03-24T17:58:55Z,2023-03-24T17:59:00Z,1.4419942199975916e-06,0.002796165054505721,0.0027947230602857233,0
2023-03-24T17:58:55Z,2023-03-24T17:59:00Z,2.4135616276967607e-06,0.002796593928294833,0.002794180366667136,0
2023-03-24T17:58:55Z,2023-03-24T17:59:00Z,3.821423036242961e-06,0.002797432243521541,0.002793610820485298,0
2023-03-24T17:58:55Z,2023-03-24T17:59:00Z,3.136241299613908e-06,0.002796934689478606,0.0027937984481789923,0
2023-03-24T17:58:55Z,2023-03-24T17:59:00Z,8.999348832933879e-06,0.002785197042179664,0.002794196391012598,0
2023-03-24T17:58:55Z,2023-03-24T17:59:00Z,1.0334776471009315e-05,0.0027838881345612866,0.002794222911032296,0
2023-03-24T17:58:55Z,2023-03-24T17:59:00Z,1.5071711596563973e-05,0.0027781581293949485,0.0027932298409915125,0
2023-03-24T17:58:55Z,2023-03-24T17:59:00Z,2.076562406774611e-05,0.0027715455873908684,0.0027923112114586145,0
2023-03-24T17:58:55Z,2023-03-24T17:59:00Z,2.2039077675355904e-05,0.002769900927995875,0.002791940005671231,0
2023-03-24T17:58:55Z,2023-03-24T17:59:00Z,2.6376703000104574e-05,0.0027638178914593066,0.002790194594459411,0
2023-03-24T17:58:55Z,2023-03-24T17:59:00Z,2.554580292160949e-05,0.0027627924574662333,0.002788338260387843,0
2023-03-24T17:58:55Z,2023-03-24T17:59:00Z,3.232394328619862e-05,0.002753710482673447,0.0027860344259596458,0
2023-03-24T17:58:55Z,2023-03-24T17:59:00Z,2.998982867118789e-05,0.002753554778598863,0.002783544607270051,0
2023-03-24T17:58:55Z,2023-03-24T17:59:00Z,3.5783170599208974e-05,0.0027438948768109856,0.0027796780474101945,0
2023-03-24T17:58:55Z,2023-03-24T17:59:00Z,3.093764822462977e-05,0.0027451895428599925,0.0027761271910846223,0
2023-03-24T17:58:55Z,2023-03-24T17:59:00Z,3.0108761292286634e-05,0.0027416268421686825,0.002771735603460969,0
2023-03-24T17:58:55Z,2023-03-24T17:59:00Z,3.828146049860001e-05,0.0027291005845739066,0.0027673820450725066,0
2023-03-24T17:58:55Z,2023-03-24T17:59:00Z,3.967289642110416e-05,0.002723100161375575,0.002762773057796679,0
2023-03-24T17:58:55Z,2023-03-24T17:59:00Z,4.5607280159391805e-05,0.0027124910728368074,0.002758098352996199,0
2023-03-24T17:58:55Z,2023-03-24T17:59:00Z,5.246870779419561e-05,0.002700563980769861,0.0027530326885640568,0
2023-03-24T17:58:55Z,2023-03-24T17:59:00Z,5.849885727698262e-05,0.002689061576573896,0.0027475604338508784,0
2023-03-24T17:58:55Z,2023-03-24T17:59:00Z,5.944179570920548e-05,0.0026822035042565894,0.002741645299965795,0
2023-03-24T17:58:55Z,2023-03-24T17:59:00Z,5.934285467149676e-05,0.0026755658326757994,0.002734908687347296,0
2023-03-24T17:58:55Z,2023-03-24T17:59:00Z,7.005576286696607e-05,0.002658051725546771,0.002728107488413737,0
2023-03-24T17:58:55Z,2023-03-24T17:59:00Z,7.326685315337672e-05,0.002647571749861157,0.002720838603014534,0
2023-03-24T17:58:55Z,2023-03-24T17:59:00Z,9.00232416526257e-05,0.0026228437982680182,0.002712867039920644,0
2023-03-24T17:58:55Z,2023-03-24T17:59:00Z,9.088987851766598e-05,0.002613145242341502,0.002704035120859168,0
2023-03-24T17:58:55Z,2023-03-24T17:59:00Z,9.094377671846256e-05,0.0026030037542621254,0.002693947530980588,0
2023-03-24T17:58:55Z,2023-03-24T17:59:00Z,9.376885204537755e-05,0.0025891749872253363,0.002682943839270714,1
2023-03-24T17:58:55Z,2023-03-24T17:59:00Z,9.238876135621342e-05,0.0025790031539222875,0.002671391915278501,1
2023-03-24T17:58:55Z,2023-03-24T17:59:00Z,8.913830279051824e-05,0.0025705931460422685,0.0026597314488327867,1
2023-03-24T17:58:55Z,2023-03-24T17:59:00Z,8.561735638794267e-05,0.002562106008490403,0.0026477233648783457,1
2023-03-24T17:58:55Z,2023-03-24T17:59:00Z,8.718660554551168e-05,0.002548711932099956,0.002635898537645468,1
2023-03-24T17:58:55Z,2023-03-24T17:59:00Z,8.144282883316674e-05,0.0025429175444556798,0.0026243603732888465,1
2023-03-24T17:58:55Z,2023-03-24T17:59:00Z,8.174946826737268e-05,0.0025309151013153124,0.002612664569582685,1
2023-03-24T17:58:55Z,2023-03-24T17:59:00Z,7.509415211263927e-05,0.002525963254153303,0.0026010574062659423,1
2023-03-24T17:58:55Z,2023-03-24T17:59:00Z,6.120668053066769e-05,0.0025277964981219006,0.0025890031786525683,1
2023-03-24T17:58:55Z,2023-03-24T17:59:00Z,4.2180920023351075e-05,0.002535814886013095,0.002577995806036446,1
2023-03-24T17:58:55Z,2023-03-24T17:59:00Z,3.600571351284037e-05,0.002532008821545334,0.0025680145350581744,1
2023-03-24T17:58:55Z,2023-03-24T17:59:00Z,2.626592704154827e-05,0.002534496198662049,0.002560762125703597,1
2023-03-24T17:58:55Z,2023-03-24T17:59:00Z,2.2915003664365774e-05,0.002531085753639551,0.002554000757303917,1
2023-03-24T17:58:55Z,2023-03-24T17:59:00Z,1.93791714537192e-05,0.0025289126228835246,0.002548291794337244,1
2023-03-24T17:58:55Z,2023-03-24T17:59:00Z,2.3151221228161125e-05,0.0025202998036436006,0.0025434510248717617,1
2023-03-24T17:58:55Z,2023-03-24T17:59:00Z,2.938529082672104e-05,0.0025098915231251437,0.0025392768139518647,1
2023-03-24T17:58:55Z,2023-03-24T17:59:00Z,2.868207709027723e-05,0.002506403624995032,0.002535085702085309,1
2023-03-24T17:58:55Z,2023-03-24T17:59:00Z,2.5279947228730795e-05,0.0025054545477428067,0.0025307344949715375,1
2023-03-24T17:58:55Z,2023-03-24T17:59:00Z,2.1069511678089084e-05,0.0025061392910347047,0.0025272088027127938,1
2023-03-24T17:58:55Z,2023-03-24T17:59:00Z,2.7292006476458634e-05,0.0024967948798435956,0.0025240868863200543,1
2023-03-24T17:58:55Z,2023-03-24T17:59:00Z,3.23313345462835e-05,0.0024896909009170538,0.0025220222354633373,1
2023-03-24T17:58:55Z,2023-03-24T17:59:00Z,3.977348463902325e-05,0.0024798180529651717,0.002519591537604195,1
2023-03-24T17:58:55Z,2023-03-24T17:59:00Z,4.0509353924800696e-05,0.0024759067172456565,0.002516416071170457,1
2023-03-24T17:58:55Z,2023-03-24T17:59:00Z,3.793947210486894e-05,0.002473810196311595,0.002511749668416464,1
2023-03-24T17:58:55Z,2023-03-24T17:59:00Z,2.010020930412991e-05,0.002486974283754027,0.002507074493058157,0
2023-03-24T17:58:55Z,2023-03-24T17:59:00Z,8.952369877837998e-06,0.002510969696073457,0.002502017326195619,0
2023-03-24T17:58:55Z,2023-03-24T17:59:00Z,1.2719509925068328e-05,0.0025110608802968943,0.002498341370371826,0
2023-03-24T17:58:55Z,2023-03-24T17:59:00Z,2.4550764183889698e-05,0.0025213968906548766,0.002496846126470987,0
2023-03-24T17:58:55Z,2023-03-24T17:59:00Z,3.529795974493901e-05,0.002531374175937034,0.002496076216192095,0
2023-03-24T17:58:55Z,2023-03-24T17:59:00Z,2.64908075539921e-05,0.0025235258043735643,0.002497034996819572,0
2023-03-24T17:58:55Z,2023-03-24T17:59:00Z,2.084861073530517e-05,0.0025199644868000443,0.002499115876064739,0
2023-03-24T17:58:55Z,2023-03-24T17:59:00Z,2.045954324975726e-05,0.0025210813573670597,0.0025006218141173024,0
2023-03-24T17:58:55Z,2023-03-24T17:59:00Z,2.004490463057085e-05,0.002521818818394985,0.002501773913764414,0
2023-03-24T17:58:55Z,2023-03-24T17:59:00Z,2.297519159047195e-05,0.0025267729784818416,0.0025037977868913697,0
2023-03-24T17:58:55Z,2023-03-24T17:59:00Z,1.2090058070036384e-05,0.0025185651714179002,0.002506475113347864,0
2023-03-24T17:58:55Z,2023-03-24T17:59:00Z,4.989052627695119e-07,0.0025098891185448167,0.0025103880238075862,0
2023-03-24T17:58:55Z,2023-03-24T17:59:00Z,8.84758626835307e-06,0.002505095308720254,0.002513942894988607,0
2023-03-24T17:58:55Z,2023-03-24T17:59:00Z,1.0714156424641678e-05,0.0025062353154167334,0.002516949471841375,1
2023-03-24T17:58:55Z,2023-03-24T17:59:00Z,2.252329642555553e-05,0.002495936260829672,0.0025184595572552274,1
2023-03-24T17:58:55Z,2023-03-24T17:59:00Z,2.819538219978393e-05,0.00248986964333405,0.002518065025533834,1
2023-03-24T17:58:55Z,2023-03-24T17:59:00Z,4.440230452733805e-05,0.0024724023360508936,0.0025168046405782316,1
2023-03-24T17:58:55Z,2023-03-24T17:59:00Z,7.116602353116541e-05,0.0024430113464369973,0.0025141773699681627,1
2023-03-24T17:58:55Z,2023-03-24T17:59:00Z,7.788949407337578e-05,0.0024313735559042754,0.002509263049977651,1
2023-03-24T17:58:55Z,2023-03-24T17:59:00Z,8.459791248103697e-05,0.0024179555993352336,0.0025025535118162706,1
2023-03-24T17:58:55Z,2023-03-24T17:59:00Z,8.558334948877621e-05,0.002409587584752847,0.0024951709342416234,1
2023-03-24T17:58:55Z,2023-03-24T17:59:00Z,8.811186433099749e-05,0.0023984652567413073,0.0024865771210723048,1
2023-03-24T17:58:55Z,2023-03-24T17:59:00Z,9.546599990827844e-05,0.0023817585183605145,0.002477224518268793,1
2023-03-24T17:58:55Z,2023-03-24T17:59:00Z,8.83749519090659e-05,0.002378157256214683,0.0024665322081237487,1
2023-03-24T17:58:55Z,2023-03-24T17:59:00Z,5.9026358294690575e-05,0.002396105295407609,0.0024551316537022995,1
2023-03-24T17:58:55Z,2023-03-24T17:59:00Z,5.091140147923641e-05,0.002393242597028886,0.0024441539985081222,1
2023-03-24T17:58:55Z,2023-03-24T17:59:00Z,4.40226478268641e-05,0.002391048849571871,0.002435071497398735,1
2023-03-24T17:58:55Z,2023-03-24T17:59:00Z,2.9037815234350065e-05,0.002396617622298731,0.002425655437533081,1
2023-03-24T17:58:55Z,2023-03-24T17:59:00Z,2.2805803014881894e-05,0.002394109016913382,0.0024169148199282638,1
2023-03-24T17:58:55Z,2023-03-24T17:59:00Z,2.5452682239611186e-05,0.0023836911359357096,0.0024091438181753208,1
2023-03-24T17:58:55Z,2023-03-24T17:59:00Z,2.193872675184793e-05,0.0023806806481620137,0.0024026193749138616,1
2023-03-24T17:58:55Z,2023-03-24T17:59:00Z,2.0215249346060803e-05,0.0023774607746926933,0.002397676024038754,1
2023-03-24T17:58:55Z,2023-03-24T17:59:00Z,1.8017887404307535e-05,0.0023754337276559244,0.002393451615060232,1
2023-03-24T17:58:55Z,2023-03-24T17:59:00Z,3.29147848658869e-05,0.002357162261474134,0.002390077046340021,1
2023-03-24T17:58:55Z,2023-03-24T17:59:00Z,3.36957393534767e-05,0.002353535152228467,0.002387230891581944,1
2023-03-24T17:58:55Z,2023-03-24T17:59:00Z,3.204172127298623e-05,0.002351747254036693,0.0023837889753096793,1
2023-03-24T17:58:55Z,2023-03-24T17:59:00Z,4.8227523402458606e-05,0.00233320950472955,0.0023814370281320086,1
2023-03-24T17:58:55Z,2023-03-24T17:59:00Z,6.482194822242035e-05,0.0023144142463947556,0.002379236194617176,1
2023-03-24T17:58:55Z,2023-03-24T17:59:00Z,6.84843834416228e-05,0.002305510495285715,0.002373994878727338,1
2023-03-24T17:58:55Z,2023-03-24T17:59:00Z,7.665609292217129e-05,0.0022907697565856555,0.0023674258495078268,1
2023-03-24T17:58:55Z,2023-03-24T17:59:00Z,7.469492533255465e-05,0.0022856027279847596,0.0023602976533173142,1
2023-03-24T17:58:55Z,2023-03-24T17:59:00Z,7.513486191407324e-05,0.0022763421359271513,0.0023514769978412245,1
2023-03-24T17:58:55Z,2023-03-24T17:59:00Z,7.427416184479325e-05,0.0022681606452523797,0.002342434807097173,1
2023-03-24T17:58:55Z,2023-03-24T17:59:00Z,7.318053767322837e-05,0.002260308519423231,0.0023334890570964593,1
2023-03-24T17:58:55Z,2023-03-24T17:59:00Z,7.522065245302344e-05,0.0022488917377343,0.0023241123901873236,1
2023-03-24T17:58:55Z,2023-03-24T17:59:00Z,7.560456511069603e-05,0.0022387451371375052,0.0023143497022482013,1
2023-03-24T17:58:55Z,2023-03-24T17:59:00Z,7.6639929638462e-05,0.0022271646067829375,0.0023038045364213995,1
2023-03-24T17:58:55Z,2023-03-24T17:59:00Z,8.276429560565924e-05,0.0022111721471210215,0.0022939364427266807,1
2023-03-24T17:58:55Z,2023-03-24T17:59:00Z,9.834398195175415e-05,0.002185061581987799,0.002283405563939553,1
2023-03-24T17:58:55Z,2023-03-24T17:59:00Z,0.00011255473101942116,0.002159136240677159,0.0022716909716965802,1
2023-03-24T17:58:55Z,2023-03-24T17:59:00Z,0.00012211205917277363,0.0021372332522953275,0.002259345311468101,1
2023-03-24T17:58:55Z,2023-03-24T17:59:00Z,0.00012626896701458962,0.0021201365106437112,0.002246405477658301,1
2023-03-24T17:58:55Z,2023-03-24T17:59:00Z,0.00011968710232596004,0.002112695271749809,0.002232382374075769,1
2023-03-24T17:58:55Z,2023-03-24T17:59:00Z,0.00010843365318243155,0.002109729283731508,0.0022181629369139397,1
2023-03-24T17:58:55Z,2023-03-24T17:59:00Z,0.00010107253507633676,0.0021026814471513575,0.0022037539822276943,1
2023-03-24T17:58:55Z,2023-03-24T17:59:00Z,9.405183421036176e-05,0.0020958177436676954,0.002189869577878057,1
2023-03-24T17:58:55Z,2023-03-24T17:59:00Z,9.254370545080676e-05,0.0020835359392521653,0.002176079644702972,1
2023-03-24T17:58:55Z,2023-03-24T17:59:00Z,9.493251153007334e-05,0.002067439568526604,0.0021623720800566775,1
2023-03-24T17:58:55Z,2023-03-24T17:59:00Z,8.799409210510966e-05,0.002060598338078057,0.002148592430183167,1
2023-03-24T17:58:55Z,2023-03-24T17:59:00Z,7.818770268286064e-05,0.002056129263449397,0.0021343169661322578,1
2023-03-24T17:58:55Z,2023-03-24T17:59:00Z,7.657624696868733e-05,0.0020438601967714977,0.002120436443740185,1
2023-03-24T17:58:55Z,2023-03-24T17:59:00Z,7.438279948093762e-05,0.0020331334039532783,0.002107516203434216,1
2023-03-24T17:58:55Z,2023-03-24T17:59:00Z,7.341085486940345e-05,0.0020223385664634545,0.002095749421332858,1
2023-03-24T17:58:55Z,2023-03-24T17:59:00Z,6.858031055462536e-05,0.0020166688743845753,0.0020852491849392006,1
2023-03-24T17:58:55Z,2023-03-24T17:59:00Z,6.41675830475438e-05,0.002011507044739001,0.002075674627786545,1
2023-03-24T17:58:55Z,2023-03-24T17:59:00Z,6.142090593182301e-05,0.0020056314188331265,0.0020670523247649495,1
2023-03-24T17:58:55Z,2023-03-24T17:59:00Z,5.847741516981425e-05,0.002000142557344235,0.002058619972514049,1
2023-03-24T17:58:55Z,2023-03-24T17:59:00Z,5.217273117916069e-05,0.001997772419260023,0.0020499451504391837,1
2023-03-24T17:58:55Z,2023-03-24T17:59:00Z,4.4831118175301526e-05,0.0019965691247799556,0.002041400242955257,1
2023-03-24T17:58:55Z,2023-03-24T17:59:00Z,4.1979305456392967e-05,0.001991250493798225,0.002033229799254618,1
2023-03-24T17:58:55Z,2023-03-24T17:59:00Z,3.4197575589214445e-05,0.0019917849891260522,0.0020259825647152667,1
2023-03-24T17:58:55Z,2023-03-24T17:59:00Z,3.581512424304795e-05,0.001983818350911521,0.0020196334751545687,1
2023-03-24T17:58:55Z,2023-03-24T17:59:00Z,2.457670922731848e-05,0.00198932232018125,0.0020138990294085684,1
2023-03-24T17:58:55Z,2023-03-24T17:59:00Z,1.2668575707546273e-06,0.0020066062624596575,0.002007873120030412,1
2023-03-24T17:58:55Z,2023-03-24T17:59:00Z,8.948896136260192e-06,0.0019943794008449645,0.0020033282969812247,1
2023-03-24T17:58:55Z,2023-03-24T17:59:00Z,1.478055157198583e-05,0.0019863371502847707,0.0020011177018567565,1
2023-03-24T17:58:55Z,2023-03-24T17:59:00Z,1.845338141578728e-05,0.001980334389972762,0.001998787771388549,1
2023-03-24T17:58:55Z,2023-03-24T17:59:00Z,2.263444025298999e-05,0.0019736256874605756,0.0019962601277135656,1
2023-03-24T17:58:55Z,2023-03-24T17:59:00Z,2.4739063380027973e-05,0.001968923343103018,0.001993662406483046,1
2023-03-24T17:58:55Z,2023-03-24T17:59:00Z,3.539725616502664e-05,0.001955598006036973,0.0019909952622019994,1
2023-03-24T17:58:55Z,2023-03-24T17:59:00Z,4.37159015070816e-05,0.0019446777595081499,0.0019883936610152315,1
2023-03-24T17:58:55Z,2023-03-24T17:59:00Z,4.2778020318673e-05,0.0019421011062613041,0.001984879126579977,1
2023-03-24T17:58:55Z,2023-03-24T17:59:00Z,4.372322879402351e-05,0.001936831617346636,0.0019805548461406595,1
2023-03-24T17:58:55Z,2023-03-24T17:59:00Z,4.0252270497545106e-05,0.0019362067933483712,0.0019764590638459163,1
2023-03-24T17:58:55Z,2023-03-24T17:59:00Z,3.816440085639976e-05,0.001933715215341232,0.0019718796161976317,1
2023-03-24T17:58:55Z,2023-03-24T17:59:00Z,3.193716024366957e-05,0.001935974826157033,0.0019679119864007026,1
2023-03-24T17:58:55Z,2023-03-24T17:59:00Z,2.257144103467502e-05,0.0019407066199626929,0.001963278060997368,1
2023-03-24T17:58:55Z,2023-03-24T17:59:00Z,2.0377465070262925e-05,0.0019370146429018862,0.001957392107972149,1
2023-03-24T17:58:55Z,2023-03-24T17:59:00Z,1.6277474609905935e-05,0.001936641901622054,0.0019529193762319599,1
2023-03-24T17:58:55Z,2023-03-24T17:59:00Z,2.170646818205695e-05,0.0019271026991013291,0.001948809167283386,1
2023-03-24T17:58:55Z,2023-03-24T17:59:00Z,2.253277451070494e-05,0.0019226353520767887,0.0019451681265874937,1
2023-03-24T17:58:55Z,2023-03-24T17:59:00Z,2.1368488839739212e-05,0.0019199227220511508,0.00194129121089089,1
2023-03-24T17:58:55Z,2023-03-24T17:59:00Z,1.68284065525247e-05,0.0019206054717528461,0.0019374338783053708,1
2023-03-24T17:58:55Z,2023-03-24T17:59:00Z,7.388932820828493e-06,0.0019270720051523904,0.0019344609379732189,1
2023-03-24T17:58:55Z,2023-03-24T17:59:00Z,1.6172482000287617e-05,0.0019162824319933227,0.0019324549139936103,1
2023-03-24T17:58:55Z,2023-03-24T17:59:00Z,8.734876463819315e-06,0.001922467612437382,0.0019312024889012013,1
2023-03-24T17:58:55Z,2023-03-24T17:59:00Z,8.647031518160125e-07,0.0019303547599402407,0.0019294900567884247,1
2023-03-24T17:58:55Z,2023-03-24T17:59:00Z,3.944200514922457e-06,0.0019322893255607648,0.0019283451250458423,0
2023-03-24T17:58:55Z,2023-03-24T17:59:00Z,1.9171395121652746e-05,0.0019472364822174125,0.0019280650870957597,0
2023-03-24T17:58:55Z,2023-03-24T17:59:00Z,3.604238315453199e-05,0.001963800345200603,0.0019277579620460708,0
2023-03-24T17:58:55Z,2023-03-24T17:59:00Z,4.798770857131142e-05,0.0019762898258052757,0.0019283021172339643,0
2023-03-24T17:58:55Z,2023-03-24T17:59:00Z,6.0511619371802616e-05,0.0019910458784639933,0.0019305342590921907,0
2023-03-24T17:58:55Z,2023-03-24T17:59:00Z,7.465677468498238e-05,0.0020084950274591082,0.0019338382527741259,0
2023-03-24T17:58:55Z,2023-03-24T17:59:00Z,8.764885826282286e-05,0.0020268157093171705,0.0019391668510543476,0
2023-03-24T17:58:55Z,2023-03-24T17:59:00Z,9.704073227766196e-05,0.002043362556280536,0.001946321824002874,0
2023-03-24T17:58:55Z,2023-03-24T17:59:00Z,0.00010752794498589385,0.002062757517927603,0.001955229572941709,0
2023-03-24T17:58:55Z,2023-03-24T17:59:00Z,0.00011321684316154944,0.002078676173147233,0.0019654593299856834,0
2023-03-24T17:58:55Z,2023-03-24T17:59:00Z,0.0001226716595701489,0.002099438115620433,0.001976766456050284,0
2023-03-24T17:58:55Z,2023-03-24T17:59:00Z,0.00012728513631925925,0.002117584404132369,0.00199029926781311,0
2023-03-24T17:58:55Z,2023-03-24T17:59:00Z,0.00012399969611926473,0.0021290465058642957,0.002005046809745031,0
2023-03-24T17:58:55Z,2023-03-24T17:59:00Z,0.00013511220821993625,0.0021557614883143113,0.002020649280094375,0
2023-03-24T17:58:55Z,2023-03-24T17:59:00Z,0.0001368961110781667,0.0021739418228645026,0.002037045711786336,0
2023-03-24T17:58:55Z,2023-03-24T17:59:00Z,0.00013925283288777337,0.0021936756285155174,0.002054422795627744,0
2023-03-24T17:58:55Z,2023-03-24T17:59:00Z,0.0001429871211869652,0.0022149217066200345,0.0020719345854330693,0
2023-03-24T17:58:55Z,2023-03-24T17:59:00Z,0.00014166745358810138,0.0022317175225803577,0.0020900500689922563,0
2023-03-24T17:58:55Z,2023-03-24T17:59:00Z,0.00014197385713771507,0.0022506802451429746,0.0021087063880052596,0
2023-03-24T17:58:55Z,2023-03-24T17:59:00Z,0.00015121175384583086,0.002278520016444528,0.002127308262598697,0
2023-03-24T17:58:55Z,2023-03-24T17:59:00Z,0.0001554781150448258,0.0023014417556290064,0.0021459636405841806,0
2023-03-24T17:58:55Z,2023-03-24T17:59:00Z,0.00015850630222975608,0.0023240663978276025,0.0021655600955978464,0
2023-03-24T17:58:55Z,2023-03-24T17:59:00Z,0.00016305970638346486,0.002348510155123095,0.0021854504487396303,0
2023-03-24T17:58:55Z,2023-03-24T17:59:00Z,0.0001534836510078048,0.0023593832851374658,0.002205899634129661,0
2023-03-24T17:58:55Z,2023-03-24T17:59:00Z,0.0001321657798319881,0.002358821417253538,0.0022266556374215497,0
2023-03-24T17:58:55Z,2023-03-24T17:59:00Z,0.00014455877639223168,0.002391364320564206,0.002246805544171974,0
2023-03-24T17:58:55Z,2023-03-24T17:59:00Z,0.00015626970904831627,0.0024222231625027277,0.0022659534534544114,0
2023-03-24T17:58:55Z,2023-03-24T17:59:00Z,0.00016750089335028362,0.002453087916158853,0.0022855870228085692,0
2023-03-24T17:58:55Z,2023-03-24T17:59:00Z,0.00017033942440973678,0.0024766165588548245,0.0023062771344450877,0
2023-03-24T17:58:55Z,2023-03-24T17:59:00Z,0.00017522164373279941,0.002503116468814832,0.0023278948250820327,0
2023-03-24T17:58:55Z,2023-03-24T17:59:00Z,0.00017742186900741343,0.002527124598442345,0.0023497027294349317,0
2023-03-24T17:58:55Z,2023-03-24T17:59:00Z,0.0001700427223215984,0.002542362030609403,0.0023723193082878045,0
2023-03-24T17:58:55Z,2023-03-24T17:59:00Z,0.00017078494842775798,0.002566141286157176,0.002395356337729418,0
2023-03-24T17:58:55Z,2023-03-24T17:59:00Z,0.00017457559122245787,0.0025919187634656166,0.0024173431722431587,0
2023-03-24T17:58:55Z,2023-03-24T17:59:00Z,0.00016989974476305835,0.0026093012112168973,0.002439401466453839,0
2023-03-24T17:58:55Z,2023-03-24T17:59:00Z,0.00016107888543133702,0.00262280138235501,0.002461722496923673,0
2023-03-24T17:58:55Z,2023-03-24T17:59:00Z,0.00015912449245446443,0.0026425795773859545,0.00248345508493149,0
2023-03-24T17:58:55Z,2023-03-24T17:59:00Z,0.00015895657400841548,0.0026643631670413676,0.002505406593032952,0
2023-03-24T17:58:55Z,2023-03-24T17:59:00Z,0.00014570311309424107,0.002674756219471561,0.00252905310637732,0
2023-03-24T17:58:55Z,2023-03-24T17:59:00Z,0.00013128603018020078,0.002683089040430618,0.0025518030102504173,0
2023-03-24T17:58:55Z,2023-03-24T17:59:00Z,0.00012412324736601208,0.0026969706790304984,0.0025728474316644863,0
2023-03-24T17:58:55Z,2023-03-24T17:59:00Z,0.00011995049461023055,0.0027119646866306975,0.002592014192020467,0
2023-03-24T17:58:55Z,2023-03-24T17:59:00Z,0.0001105645240603104,0.00272094155942875,0.0026103770353684396,0
2023-03-24T17:58:55Z,2023-03-24T17:59:00Z,9.699771634011757e-05,0.0027247787698598796,0.002627781053519762,0
2023-03-24T17:58:55Z,2023-03-24T17:59:00Z,8.02390724975871e-05,0.0027241715394328825,0.0026439324669352954,0
2023-03-24T17:58:55Z,2023-03-24T17:59:00Z,7.099508352752032e-05,0.002730128945400356,0.002659133861872836,0
2023-03-24T17:58:55Z,2023-03-24T17:59:00Z,5.712396246653319e-05,0.0027294270121123445,0.0026723030496458113,0
2023-03-24T17:58:55Z,2023-03-24T17:59:00Z,4.5690793182195846e-05,0.0027295113579892355,0.0026838205648070396,0
2023-03-24T17:58:55Z,2023-03-24T17:59:00Z,3.688032376515703e-05,0.0027307113719801505,0.0026938310482149935,0
2023-03-24T17:58:55Z,2023-03-24T17:59:00Z,2.880932527792165e-05,0.0027315328714624335,0.002702723546184512,0
2023-03-24T17:58:55Z,2023-03-24T17:59:00Z,1.4841429273348018e-05,0.0027249092916740436,0.0027100678624006956,0
2023-03-24T17:58:55Z,2023-03-24T17:59:00Z,3.0392035417648594e-06,0.002718704541310882,0.0027156653377691173,0
2023-03-24T17:58:55Z,2023-03-24T17:59:00Z,1.6774966934453295e-07,0.0027200125101220023,0.0027198447604526578,0
2023-03-24T17:58:55Z,2023-03-24T17:59:00Z,2.5636677400322355e-08,0.0027227870821819452,0.0027228127188593455,0
2023-03-24T17:58:55Z,2023-03-24T17:59:00Z,4.6691541779860304e-07,0.0027251997868681034,0.002724732871450305,0
2023-03-24T17:58:55Z,2023-03-24T17:59:00Z,2.9414586666326806e-06,0.0027226932790796092,0.002725634737746242,0
2023-03-24T17:58:55Z,2023-03-24T17:59:00Z,6.050894305464818e-06,0.0027199386957273896,0.0027259895900328544,0
2023-03-24T17:58:55Z,2023-03-24T17:59:00Z,8.508785366665318e-06,0.0027173070137678336,0.002725815799134499,0
2023-03-24T17:58:55Z,2023-03-24T17:59:00Z,6.905244609454846e-06,0.002718557817549586,0.002725463062159041,0
2023-03-24T17:58:55Z,2023-03-24T17:59:00Z,1.2968556924567148e-05,0.002711426010931764,0.002724394567856331,0
2023-03-24T17:58:55Z,2023-03-24T17:59:00Z,1.3644641459844599e-06,0.0027221243374967834,0.002723488801642768,0
2023-03-24T17:58:55Z,2023-03-24T17:59:00Z,2.208789265494178e-06,0.0027197729001224844,0.0027219816893879786,0
2023-03-24T17:58:55Z,2023-03-24T17:59:00Z,4.4921984924842055e-06,0.002716773904688547,0.0027212661031810314,0
2023-03-24T17:58:55Z,2023-03-24T17:59:00Z,4.111834304446928e-06,0.0027161742712649224,0.0027202861055693694,0
2023-03-24T17:58:55Z,2023-03-24T17:59:00Z,9.179312723152713e-06,0.002710428843930758,0.002719608156653911,0
2023-03-24T17:58:55Z,2023-03-24T17:59:00Z,1.3187488485912752e-05,0.002706209812330835,0.002719397300816748,0
2023-03-24T17:58:55Z,2023-03-24T17:59:00Z,2.0963714461186105e-05,0.002697634947506291,0.002718598661967477,0
2023-03-24T17:58:55Z,2023-03-24T17:59:00Z,2.326402321550314e-05,0.002693953199597715,0.002717217222813218,0
2023-03-24T17:58:55Z,2023-03-24T17:59:00Z,1.0624393717627387e-05,0.002704295759148773,0.0027149201528664005,0
2023-03-24T17:58:55Z,2023-03-24T17:59:00Z,4.508437015094107e-06,0.002708016709227815,0.002712525146242909,0
2023-03-24T17:58:55Z,2023-03-24T17:59:00Z,2.0812033071962964e-06,0.002709140364887495,0.002711221568194691,0
2023-03-24T17:58:55Z,2023-03-24T17:59:00Z,3.345875913670455e-05,0.002676988617012985,0.0027104473761496895,0
2023-03-24T17:58:55Z,2023-03-24T17:59:00Z,7.225549499670792e-05,0.0026374070934311413,0.0027096625884278492,0
2023-03-24T17:58:55Z,2023-03-24T17:59:00Z,7.317442754857907e-05,0.0026336183780527045,0.0027067928056012836,0
2023-03-24T17:58:55Z,2023-03-24T17:59:00Z,7.485139953034015e-05,0.00262488163573214,0.00269973303526248,0
2023-03-24T17:58:55Z,2023-03-24T17:59:00Z,7.105882577271251e-05,0.0026214946659839527,0.002692553491756665,0
2023-03-24T17:58:55Z,2023-03-24T17:59:00Z,6.189430044194416e-05,0.0026230015022350207,0.002684895802676965,0
2023-03-24T17:58:55Z,2023-03-24T17:59:00Z,6.28207750113202e-05,0.0026141850605588966,0.002677005835570217,0
2023-03-24T17:58:55Z,2023-03-24T17:59:00Z,6.166257733687935e-05,0.0026080576464253603,0.0026697202237622396,0
2023-03-24T17:58:55Z,2023-03-24T17:59:00Z,5.9055531544481305e-05,0.00260299596290343,0.0026620514944479113,0
2023-03-24T17:58:55Z,2023-03-24T17:59:00Z,5.139961646872604e-05,0.0026031871028891077,0.0026545867193578337,0
2023-03-24T17:58:55Z,2023-03-24T17:59:00Z,4.8329140021021854e-05,0.0025986778096122876,0.0026470069496333094,0
2023-03-24T17:58:55Z,2023-03-24T17:59:00Z,4.383449048333144e-05,0.0025947467377950063,0.0026385812282783377,0
2023-03-24T17:58:55Z,2023-03-24T17:59:00Z,3.778145095949996e-05,0.002591688202350877,0.002629469653310377,0
2023-03-24T17:58:55Z,2023-03-24T17:59:00Z,3.8920182685877724e-05,0.0025810166683667914,0.002619936851052669,0
2023-03-24T17:58:55Z,2023-03-24T17:59:00Z,4.2115123362545994e-05,0.0025707133598016144,0.0026128284831641604,0
2023-03-24T17:58:55Z,2023-03-24T17:59:00Z,4.4522760018249254e-05,0.002563606521057216,0.0026081292810754652,0
2023-03-24T17:58:55Z,2023-03-24T17:59:00Z,4.3753083319683726e-05,0.0025591341129015234,0.002602887196221207,0
2023-03-24T17:58:55Z,2023-03-24T17:59:00Z,4.743868831560711e-05,0.0025503422483493564,0.0025977809366649635,0
2023-03-24T17:58:55Z,2023-03-24T17:59:00Z,5.1187148791411764e-05,0.0025413970751166823,0.002592584223908094,0
2023-03-24T17:58:55Z,2023-03-24T17:59:00Z,5.097514441954748e-05,0.0025355541416647413,0.002586529286084289,0
2023-03-24T17:58:55Z,2023-03-24T17:59:00Z,5.584937533856032e-05,0.0025246142452922107,0.002580463620630771,0
2023-03-24T17:58:55Z,2023-03-24T17:59:00Z,6.338451775294868e-05,0.0025110371441477704,0.002574421661900719,0
2023-03-24T17:58:55Z,2023-03-24T17:59:00Z,5.6333036516597896e-05,0.0025115568155831868,0.0025678898520997847,0
2023-03-24T17:58:55Z,2023-03-24T17:59:00Z,4.8507034256148416e-05,0.0025117036546151916,0.00256021068887134,0
2023-03-24T17:58:55Z,2023-03-24T17:59:00Z,5.224006527424765e-05,0.0025007105407613335,0.002552950606035581,0
2023-03-24T17:58:55Z,2023-03-24T17:59:00Z,5.453420341638895e-05,0.002491496145687541,0.00254603034910393,0
2023-03-24T17:58:55Z,2023-03-24T17:59:00Z,5.673641656149314e-05,0.0024817124607433086,0.0025384488773048017,0
2023-03-24T17:58:55Z,2023-03-24T17:59:00Z,5.736337969047952e-05,0.0024736254540577178,0.0025309888337481973,0
2023-03-24T17:58:55Z,2023-03-24T17:59:00Z,5.582869888167688e-05,0.0024677433932783284,0.0025235720921600053,0
2023-03-24T17:58:55Z,2023-03-24T17:59:00Z,5.021435422950882e-05,0.0024658593156805385,0.0025160736699100473,0
2023-03-24T17:58:55Z,2023-03-24T17:59:00Z,4.6571660881779015e-05,0.002461886115726335,0.002508457776608114,0
2023-03-24T17:58:55Z,2023-03-24T17:59:00Z,4.5166706439368504e-05,0.0024562508257796774,0.002501417532219046,0
2023-03-24T17:58:55Z,2023-03-24T17:59:00Z,4.06775605151931e-05,0.002454114058421324,0.002494791618936517,0
2023-03-24T17:58:55Z,2023-03-24T17:59:00Z,4.248948896907632e-05,0.0024456935203103517,0.002488183009279428,0
2023-03-24T17:58:55Z,2023-03-24T17:59:00Z,3.0346200370259986e-05,0.0024519617933365947,0.0024823079937068547,0
2023-03-24T17:58:55Z,2023-03-24T17:59:00Z,2.6526513812628102e-05,0.002450336177907775,0.002476862691720403,0
2023-03-24T17:58:55Z,2023-03-24T17:59:00Z,1.5740658390152058e-05,0.002456155781476368,0.00247189643986652,0
2023-03-24T17:58:55Z,2023-03-24T17:59:00Z,1.681729747817851e-05,0.002449965185996057,0.0024667824834742353,0
2023-03-24T17:58:55Z,2023-03-24T17:59:00Z,3.111358512020504e-08,0.002463038473282035,0.002463069586867155,0
2023-03-24T17:58:55Z,2023-03-24T17:59:00Z,9.540002014386643e-06,0.002469148675573918,0.0024596086735595313,0
2023-03-24T17:58:55Z,2023-03-24T17:59:00Z,5.922550876378153e-06,0.002463975058814137,0.0024580525079377588,0
2023-03-24T17:58:55Z,2023-03-24T17:59:00Z,1.8925428748634617e-05,0.002476604871812743,0.0024576794430641083,0
2023-03-24T17:58:55Z,2023-03-24T17:59:00Z,2.1670313228185252e-05,0.0024790357284202777,0.0024573654151920925,0
2023-03-24T17:58:55Z,2023-03-24T17:59:00Z,2.905794800642323e-05,0.002487318826209533,0.00245826087820311,0
2023-03-24T17:58:55Z,2023-03-24T17:59:00Z,2.478238377214264e-05,0.002484472396366414,0.002459690012594271,0
2023-03-24T17:58:55Z,2023-03-24T17:59:00Z,2.0721424733894777e-05,0.002483000437363988,0.002462279012630093,0
2023-03-24T17:58:55Z,2023-03-24T17:59:00Z,2.7909020435284548e-05,0.0024927178945608015,0.002464808874125517,0
2023-03-24T17:58:55Z,2023-03-24T17:59:00Z,1.8187939147904647e-07,0.0024680996632714656,0.0024679177838799866,0
2023-03-24T17:58:55Z,2023-03-24T17:59:00Z,3.0078139716849424e-06,0.0024683063116769854,0.0024713141256486704,0
2023-03-24T17:58:55Z,2023-03-24T17:59:00Z,7.118454523743264e-06,0.0024656759615719016,0.002472794416095645,0
2023-03-24T17:58:55Z,2023-03-24T17:59:00Z,1.461389058109424e-06,0.0024723455712209203,0.0024738069602790297,0
2023-03-24T17:58:55Z,2023-03-24T17:59:00Z,2.8702257288865368e-05,0.0024464139342881518,0.002475116191577017,0
2023-03-24T17:58:55Z,2023-03-24T17:59:00Z,6.45806139503457e-05,0.0024113111691215785,0.002475891783071924,0
2023-03-24T17:58:55Z,2023-03-24T17:59:00Z,7.475080115272679e-05,0.002399246420145383,0.00247399722129811,0
2023-03-24T17:58:55Z,2023-03-24T17:59:00Z,8.879459668366526e-05,0.0023808139671400645,0.0024696085638237298,0
2023-03-24T17:58:55Z,2023-03-24T17:59:00Z,8.729594846325264e-05,0.002375866077721531,0.0024631620261847836,0
2023-03-24T17:58:55Z,2023-03-24T17:59:00Z,0.00011843633086092067,0.0023365405485505117,0.0024549768794114323,0
2023-03-24T17:58:55Z,2023-03-24T17:59:00Z,0.00013793792099042572,0.00230775122938034,0.0024456891503707658,0
2023-03-24T17:58:55Z,2023-03-24T17:59:00Z,0.00015187690782081376,0.0022814845885652936,0.0024333614963861073,0
2023-03-24T17:58:55Z,2023-03-24T17:59:00Z,0.00014379861938342443,0.0022749587763373786,0.002418757395720803,0
2023-03-24T17:58:55Z,2023-03-24T17:59:00Z,0.00014036090354970637,0.0022607937166714714,0.0024011546202211778,0
2023-03-24T17:58:55Z,2023-03-24T17:59:00Z,0.00013310488940502683,0.002251954656904977,0.002385059546310004,0
2023-03-24T17:58:55Z,2023-03-24T17:59:00Z,0.00012091384255100797,0.0022468529875085365,0.0023677668300595444,0
2023-03-24T17:58:55Z,2023-03-24T17:59:00Z,0.00010446292302868955,0.002245493798308611,0.0023499567213373005,0
2023-03-24T17:58:55Z,2023-03-24T17:59:00Z,8.940108276515217e-05,0.0022417645899294497,0.002331165672694602,0
2023-03-24T17:58:55Z,2023-03-24T17:59:00Z,7.908275758066862e-05,0.0022353395704489713,0.00231442232802964,0
2023-03-24T17:58:55Z,2023-03-24T17:59:00Z,6.149896850935008e-05,0.002238794477920945,0.002300293446430295,0
2023-03-24T17:58:55Z,2023-03-24T17:59:00Z,6.214974324828329e-05,0.002224484799040645,0.0022866345422889282,0
2023-03-24T17:58:55Z,2023-03-24T17:59:00Z,4.303829758644552e-05,0.0022317612872675557,0.0022747995848540013,0
2023-03-24T17:58:55Z,2023-03-24T17:59:00Z,2.7428333445523277e-05,0.0022347561448517374,0.0022621844782972607,0
2023-03-24T17:58:55Z,2023-03-24T17:59:00Z,2.4216274997224292e-05,0.0022292365981931234,0.0022534528731903477,0
2023-03-24T17:58:55Z,2023-03-24T17:59:00Z,2.281172002944554e-05,0.0022245582294501856,0.002247369949479631,0
2023-03-24T17:58:55Z,2023-03-24T17:59:00Z,2.639318694551418e-05,0.002216622763336436,0.00224301595028195,0
2023-03-24T17:58:55Z,2023-03-24T17:59:00Z,2.6852197924222103e-05,0.0022119637067837955,0.0022388159047080176,0
2023-03-24T17:58:55Z,2023-03-24T17:59:00Z,2.7883039266790154e-05,0.0022072519526633075,0.0022351349919300977,0
2023-03-24T17:58:55Z,2023-03-24T17:59:00Z,2.8287833638910177e-05,0.0022035145791144224,0.0022318024127533326,0
2023-03-24T17:58:55Z,2023-03-24T17:59:00Z,2.8536190729254018e-05,0.0021999661357869765,0.0022285023265162305,0
2023-03-24T17:58:55Z,2023-03-24T17:59:00Z,2.943156854092995e-05,0.002195572489709118,0.002225004058250048,0
2023-03-24T17:58:55Z,2023-03-24T17:59:00Z,2.7652488473321225e-05,0.002193868365264854,0.002221520853738175,0
2023-03-24T17:58:55Z,2023-03-24T17:59:00Z,3.006651178649516e-05,0.002188140418556692,0.002218206930343187,0
2023-03-24T17:58:55Z,2023-03-24T17:59:00Z,2.5954742824520986e-05,0.0021885083447973257,0.0022144630876218467,0
2023-03-24T17:58:55Z,2023-03-24T17:59:00Z,2.254380550183524e-05,0.0021888905837463483,0.0022114343892481836,0
2023-03-24T17:58:55Z,2023-03-24T17:59:00Z,2.8348645683174984e-05,0.002179481331692489,0.002207829977375664,0
2023-03-24T17:58:55Z,2023-03-24T17:59:00Z,2.6430828491576155e-05,0.0021775770187919723,0.0022040078472835485,0
2023-03-24T17:58:55Z,2023-03-24T17:59:00Z,2.392590099420302e-05,0.0021759356740809594,0.0021998615750751624,0
2023-03-24T17:58:55Z,2023-03-24T17:59:00Z,2.5771790738345415e-05,0.0021701746834486327,0.002195946474186978,0
2023-03-24T17:58:55Z,2023-03-24T17:59:00Z,2.860910205649929e-05,0.002163946781359189,0.0021925558834156884,0
2023-03-24T17:58:55Z,2023-03-24T17:59:00Z,2.4832682019082942e-05,0.0021642407827853418,0.0021890734648044247,0
2023-03-24T17:58:55Z,2023-03-24T17:59:00Z,2.0873527479565047e-05,0.002164591173049516,0.002185464700529081,0
2023-03-24T17:58:55Z,2023-03-24T17:59:00Z,1.9910431502854434e-05,0.00216228145266547,0.0021821918841683245,0
2023-03-24T17:58:55Z,2023-03-24T17:59:00Z,1.0903353334662351e-05,0.0021683406172722072,0.0021792439706068696,0
2023-03-24T17:58:55Z,2023-03-24T17:59:00Z,1.5769290862032055e-05,0.0021607004266578672,0.0021764697175198993,0
2023-03-24T17:58:55Z,2023-03-24T17:59:00Z,2.173234458045705e-06,0.0021765156396452243,0.0021743424051871786,0
2023-03-24T17:58:55Z,2023-03-24T17:59:00Z,9.516504748436402e-06,0.002181572243944046,0.0021720557391956097,0
2023-03-24T17:58:55Z,2023-03-24T17:59:00Z,2.3120960554196684e-05,0.0021479353865454047,0.0021710563470996014,0
2023-03-24T17:58:55Z,2023-03-24T17:59:00Z,1.8297481427809962e-05,0.0021887439668772193,0.0021704464854494093,0
2023-03-24T17:58:55Z,2023-03-24T17:59:00Z,5.919543644078082e-05,0.002227013093127933,0.002167817656687152,0
2023-03-24T17:58:55Z,2023-03-24T17:59:00Z,0.00010340139342727419,0.0022721496291215307,0.0021687482356942565,0
2023-03-24T17:58:55Z,2023-03-24T17:59:00Z,0.00010086019406105144,0.0022738648813425554,0.002173004687281504,0
2023-03-24T17:58:55Z,2023-03-24T17:59:00Z,0.00012644608017786663,0.002307948679598779,0.0021815025994209123,0
2023-03-24T17:58:55Z,2023-03-24T17:59:00Z,0.00016595259321453915,0.002356615034300732,0.0021906624410861926,0
2023-03-24T17:58:55Z,2023-03-24T17:59:00Z,0.00013164209371946227,0.002334280192873442,0.0022026380991539795,0
2023-03-24T17:58:55Z,2023-03-24T17:59:00Z,0.00013470740907520597,0.0023533474966667862,0.0022186400875915803,0
2023-03-24T17:58:55Z,2023-03-24T17:59:00Z,0.0001301073447542928,0.0023630806606965375,0.0022329733159422447,0
2023-03-24T17:58:55Z,2023-03-24T17:59:00Z,0.0001539346420022735,0.002402325197894067,0.0022483905558917934,0
2023-03-24T17:58:55Z,2023-03-24T17:59:00Z,0.00016135997160550723,0.002426615547000523,0.002265255575395016,0
2023-03-24T17:58:55Z,2023-03-24T17:59:00Z,0.0001671928597163433,0.0024512658982987624,0.002284073038582419,0
2023-03-24T17:58:55Z,2023-03-24T17:59:00Z,0.00014285678608507487,0.0024473500999222003,0.0023044933138371255,0
2023-03-24T17:58:55Z,2023-03-24T17:59:00Z,0.00011916942885504276,0.0024489402853382814,0.0023297708564832386,0
2023-03-24T17:58:55Z,2023-03-24T17:59:00Z,0.0001002144307074757,0.002451535798277796,0.0023513213675703205,0
2023-03-24T17:58:55Z,2023-03-24T17:59:00Z,6.879146422511268e-05,0.002438606764479629,0.0023698153002545165,0
2023-03-24T17:58:55Z,2023-03-24T17:59:00Z,5.118788763044469e-05,0.0024359520353146496,0.002384764147684205,0
2023-03-24T17:58:55Z,2023-03-24T17:59:00Z,3.434769308830387e-05,0.0024328403310339315,0.0023984926379456276,0
2023-03-24T17:58:55Z,2023-03-24T17:59:00Z,1.708826051286449e-05,0.002426247844768148,0.0024091595842552836,0
2023-03-24T17:58:55Z,2023-03-24T17:59:00Z,1.038219218808768e-05,0.0024258938845044715,0.002415511692316384,0
2023-03-24T17:58:55Z,2023-03-24T17:59:00Z,8.79906866700685e-06,0.002431974731974616,0.002423175663307609,0
2023-03-24T17:58:55Z,2023-03-24T17:59:00Z,7.156795629444188e-06,0.002422064399997972,0.0024292211956274162,0
2023-03-24T17:58:55Z,2023-03-24T17:59:00Z,2.6567670615416407e-05,0.0024083946976185067,0.002434962368233923,0
2023-03-24T17:58:55Z,2023-03-24T17:59:00Z,3.050472367480822e-05,0.002406102578067774,0.0024366073017425822,0
2023-03-24T17:58:55Z,2023-03-24T17:59:00Z,2.6849514367618173e-05,0.0024082393832597954,0.0024350888976274136,0
2023-03-24T17:58:55Z,2023-03-24T17:59:00Z,1.7765220681304275e-05,0.0024135600669268607,0.002431325287608165,0
2023-03-24T17:58:55Z,2023-03-24T17:59:00Z,8.578803481942843e-06,0.002419487257737688,0.002428066061219631,0
2023-03-24T17:58:55Z,2023-03-24T17:59:00Z,4.385065811566679e-06,0.002429502775496913,0.002425117709685346,0
2023-03-24T17:58:55Z,2023-03-24T17:59:00Z,1.477217894561931e-06,0.002423924215868232,0.0024224469979736703,0
2023-03-24T17:58:55Z,2023-03-24T17:59:00Z,3.8715657822829125e-06,0.0024255598980073936,0.0024216883322251107,0
2023-03-24T17:58:55Z,2023-03-24T17:59:00Z,7.359838270034301e-06,0.0024280458522079437,0.0024206860139379094,0
2023-03-24T17:58:55Z,2023-03-24T17:59:00Z,1.166998573017431e-05,0.002431749296915872,0.0024200793111856978,0
2023-03-24T17:58:55Z,2023-03-24T17:59:00Z,1.5916646324653453e-05,0.002436145791463668,0.0024202291451390144,0
2023-03-24T17:58:55Z,2023-03-24T17:59:00Z,1.6523291494836573e-05,0.002437240387668134,0.0024207170961732974,0
2023-03-24T17:58:55Z,2023-03-24T17:59:00Z,1.5065860127925785e-05,0.0024361305445919773,0.0024210646844640515,0
2023-03-24T17:58:55Z,2023-03-24T17:59:00Z,1.2663635082052482e-05,0.002434992985185284,0.0024223293501032315,0
2023-03-24T17:58:55Z,2023-03-24T17:59:00Z,2.1400355886778792e-05,0.002446041026571133,0.002424640670684354,0
2023-03-24T17:58:55Z,2023-03-24T17:59:00Z,1.916988375955499e-05,0.0024462180883703683,0.0024270482046108133,0
2023-03-24T17:58:55Z,2023-03-24T17:59:00Z,2.2399181397613713e-05,0.0024525975229510387,0.002430198341553425,0
2023-03-24T17:58:55Z,2023-03-24T17:59:00Z,1.8941462224970288e-05,0.0024518613055653543,0.002432919843340384,0
2023-03-24T17:58:55Z,2023-03-24T17:59:00Z,2.014994248538066e-05,0.0024558289745935436,0.002435679032108163,0
2023-03-24T17:58:55Z,2023-03-24T17:59:00Z,2.7926089310242527e-05,0.0024654683322574427,0.0024375422429472,0
2023-03-24T17:58:55Z,2023-03-24T17:59:00Z,2.332193736601833e-05,0.002463522910206994,0.0024402009728409758,0
2023-03-24T17:58:55Z,2023-03-24T17:59:00Z,2.832917075577899e-05,0.0024718558464509256,0.0024435266756951467,0
2023-03-24T17:58:55Z,2023-03-24T17:59:00Z,3.267875995155434e-05,0.0024791618571466216,0.0024464830971950673,0
2023-03-24T17:58:55Z,2023-03-24T17:59:00Z,2.9932811284172096e-05,0.0024797581209404945,0.0024498253096563224,0
2023-03-24T17:58:55Z,2023-03-24T17:59:00Z,3.2701788372309706e-05,0.002486111770168878,0.0024534099817965682,0
2023-03-24T17:58:55Z,2023-03-24T17:59:00Z,7.011550107438288e-05,0.0025270686273103143,0.0024569531262359314,0
2023-03-24T17:58:55Z,2023-03-24T17:59:00Z,5.928216515868135e-05,0.0025204003935260216,0.00246111822836734,0
2023-03-24T17:58:55Z,2023-03-24T17:59:00Z,4.524385246983207e-05,0.002514035051014258,0.002468791198544426,0
2023-03-24T17:58:55Z,2023-03-24T17:59:00Z,3.159874091311155e-05,0.002506586553370445,0.0024749878124573333,0
2023-03-24T17:58:55Z,2023-03-24T17:59:00Z,3.105994398131667e-05,0.002511699169992307,0.0024806392260109905,0
2023-03-24T17:58:55Z,2023-03-24T17:59:00Z,2.164866229450741e-05,0.0025067869741737816,0.002485138311879274,0
2023-03-24T17:58:55Z,2023-03-24T17:59:00Z,2.0544972286799194e-05,0.00251066977286832,0.0024901248005815206,0
2023-03-24T17:58:55Z,2023-03-24T17:59:00Z,4.465784495310968e-05,0.0025390291454996496,0.00249437130054654,0
2023-03-24T17:58:55Z,2023-03-24T17:59:00Z,4.2916195552474435e-05,0.002541054282816588,0.0024981380872641135,0
2023-03-24T17:58:55Z,2023-03-24T17:59:00Z,2.4916951970863077e-05,0.0025293472255093646,0.0025044302735385015,0
2023-03-24T17:58:55Z,2023-03-24T17:59:00Z,3.751121009746552e-05,0.002547708019999772,0.0025101968099023064,0
2023-03-24T17:58:55Z,2023-03-24T17:59:00Z,3.182334099794673e-05,0.0025462022649304816,0.002514378923932535,0
2023-03-24T17:58:55Z,2023-03-24T17:59:00Z,2.481886506916454e-05,0.0025448602805899726,0.002520041415520808,0
2023-03-24T17:58:55Z,2023-03-24T17:59:00Z,1.9646105343451743e-05,0.002544695062094394,0.002525048956750942,0
2023-03-24T17:58:55Z,2023-03-24T17:59:00Z,1.5339639830190197e-05,0.0025418712343544376,0.0025265315945242474,0
2023-03-24T17:58:55Z,2023-03-24T17:59:00Z,1.1064420989462774e-05,0.002539620571227741,0.0025285561502382784,0
2023-03-24T17:58:55Z,2023-03-24T17:59:00Z,1.1592101328447308e-05,0.00254246793351174,0.002530875832183293,0
2023-03-24T17:58:55Z,2023-03-24T17:59:00Z,3.808097263453044e-06,0.0025374367642681875,0.0025336286670047344,0
2023-03-24T17:58:55Z,2023-03-24T17:59:00Z,1.035675105024456e-05,0.0025258359795811086,0.002536192730631353,0
2023-03-24T17:58:55Z,2023-03-24T17:59:00Z,2.5844873665892797e-06,0.002536162392439298,0.002538746879805887,0
2023-03-24T17:58:55Z,2023-03-24T17:59:00Z,2.172131254663456e-05,0.002518289417818652,0.0025400107303652866,0
2023-03-24T17:58:55Z,2023-03-24T17:59:00Z,2.2493526292687114e-05,0.0025172783079842366,0.0025397718342769237,0
2023-03-24T17:58:55Z,2023-03-24T17:59:00Z,1.4038831095913081e-05,0.0025238359310978493,0.0025378747621937624,0
2023-03-24T17:58:55Z,2023-03-24T17:59:00Z,1.385557766733509e-05,0.002523013441399333,0.002536869019066668,0
2023-03-24T17:58:55Z,2023-03-24T17:59:00Z,1.6411359343165063e-05,0.0025184683189816764,0.0025348796783248415,0
2023-03-24T17:58:55Z,2023-03-24T17:59:00Z,2.0847330429716194e-05,0.002512099945934196,0.002532947276363912,0
2023-03-24T17:58:55Z,2023-03-24T17:59:00Z,2.9360851539935763e-05,0.002501387094689952,0.0025307479462298877,0
2023-03-24T17:58:55Z,2023-03-24T17:59:00Z,3.946785972728812e-05,0.002488563826822583,0.0025280316865498712,0
2023-03-24T17:58:55Z,2023-03-24T17:59:00Z,4.444707712803397e-05,0.0024802109311164635,0.0025246580082444975,0
2023-03-24T17:58:55Z,2023-03-24T17:59:00Z,5.451315667916786e-05,0.0024658901228648998,0.0025204032795440676,0
2023-03-24T17:58:55Z,2023-03-24T17:59:00Z,6.301666481871998e-05,0.0024521985311924083,0.0025152151960111282,0
2023-03-24T17:58:55Z,2023-03-24T17:59:00Z,6.756373000008174e-05,0.002441689245894106,0.0025092529758941875,0
2023-03-24T17:58:55Z,2023-03-24T17:59:00Z,7.554080391543013e-05,0.002427575717946366,0.002503116521861796,0
2023-03-24T17:58:55Z,2023-03-24T17:59:00Z,8.074332461375329e-05,0.0024145004350359434,0.0024952437596496967,0
2023-03-24T17:58:55Z,2023-03-24T17:59:00Z,8.624494956063289e-05,0.0024014393350997067,0.0024876842846603396,0
2023-03-24T17:58:55Z,2023-03-24T17:59:00Z,8.455132783976183e-05,0.0023945681340748863,0.002479119461914648,0
2023-03-24T17:58:55Z,2023-03-24T17:59:00Z,8.95267506617007e-05,0.002379392994919769,0.00246891974558147,0
2023-03-24T17:58:55Z,2023-03-24T17:59:00Z,8.830481531736916e-05,0.00236991115465373,0.0024582159699710992,0
2023-03-24T17:58:55Z,2023-03-24T17:59:00Z,7.515370460852051e-05,0.002371472655024086,0.0024466263596326066,0
2023-03-24T17:58:55Z,2023-03-24T17:59:00Z,7.654331178268007e-05,0.002358233981909888,0.002434777293692568,0
2023-03-24T17:58:55Z,2023-03-24T17:59:00Z,7.457763986169069e-05,0.0023493734505253883,0.002423951090387079,0
2023-03-24T17:58:55Z,2023-03-24T17:59:00Z,6.927822920814192e-05,0.002343812040769546,0.002413090269977688,0
2023-03-24T17:58:55Z,2023-03-24T17:59:00Z,7.048795310974319e-05,0.002331699193485355,0.002402187146595098,0
2023-03-24T17:58:55Z,2023-03-24T17:59:00Z,6.183883124630035e-05,0.002330175141840852,0.002392013973087152,0
2023-03-24T17:58:55Z,2023-03-24T17:59:00Z,5.732660133541236e-05,0.002324645760276152,0.0023819723616115645,0
2023-03-24T17:58:55Z,2023-03-24T17:59:00Z,5.1162848208613585e-05,0.0023215166713985128,0.0023726795196071264,0
2023-03-24T17:58:55Z,2023-03-24T17:59:00Z,3.876437436873886e-05,0.0023253376487658694,0.0023641020231346082,0
2023-03-24T17:58:55Z,2023-03-24T17:59:00Z,2.8336522189201067e-05,0.0023280168539756216,0.0023563533761648226,0
2023-03-24T17:58:55Z,2023-03-24T17:59:00Z,1.7026823971107337e-05,0.0023329847449992283,0.0023500115689703356,0
2023-03-24T17:58:55Z,2023-03-24T17:59:00Z,7.939422054194754e-06,0.002336526206907869,0.002344465628962064,0
2023-03-24T17:58:55Z,2023-03-24T17:59:00Z,5.8878501763698354e-06,0.0023347104246256487,0.0023405982748020185,0
2023-03-24T17:58:55Z,2023-03-24T17:59:00Z,2.753110182507519e-06,0.00233506308564069,0.0023378161958231974,0
2023-03-24T17:58:55Z,2023-03-24T17:59:00Z,6.254414975903275e-06,0.0023410070915992304,0.002334752676623327,0
2023-03-24T17:58:55Z,2023-03-24T17:59:00Z,1.165126809031915e-05,0.0023444730366912136,0.0023328217686008944,0
2023-03-24T17:58:55Z,2023-03-24T17:59:00Z,1.296625099980785e-05,0.0023450908230235224,0.0023321245720237145,0
2023-03-24T17:58:55Z,2023-03-24T17:59:00Z,2.597636886334659e-05,0.0023581560238805335,0.002332179655017187,0
2023-03-24T17:58:55Z,2023-03-24T17:59:00Z,3.156858260421015e-05,0.002364864206749578,0.0023332956241453678,0
2023-03-24T17:58:55Z,2023-03-24T17:59:00Z,5.263321430471358e-05,0.0023882605786200543,0.0023356273643153408,0
2023-03-24T17:58:55Z,2023-03-24T17:59:00Z,6.42597509626754e-05,0.002403238652484135,0.0023389789015214597,0
2023-03-24T17:58:55Z,2023-03-24T17:59:00Z,7.152244041830303e-05,0.0024160633342082244,0.0023445408937899214,0
2023-03-24T17:58:55Z,2023-03-24T17:59:00Z,7.81441093722756e-05,0.0024291767534720525,0.002351032644099777,0
2023-03-24T17:58:55Z,2023-03-24T17:59:00Z,7.679544109174359e-05,0.0024351652918775707,0.002358369850785827,0
2023-03-24T17:58:55Z,2023-03-24T17:59:00Z,7.674399631506625e-05,0.0024431298478069623,0.002366385851491896,0
2023-03-24T17:58:55Z,2023-03-24T17:59:00Z,7.67369033040817e-05,0.0024513426785434523,0.0023746057752393706,1
2023-03-24T17:58:55Z,2023-03-24T17:59:00Z,7.405901170426605e-05,0.002457699738875413,0.002383640727171147,1
2023-03-24T17:58:55Z,2023-03-24T17:59:00Z,6.94443551028912e-05,0.002462775048349269,0.0023933306932463778,1
2023-03-24T17:58:55Z,2023-03-24T17:59:00Z,6.304373135802583e-05,0.0024660988118774185,0.0024030550805193927,1
2023-03-24T17:58:55Z,2023-03-24T17:59:00Z,5.227024255773701e-05,0.002465183824048634,0.002412913581490897,1
2023-03-24T17:58:55Z,2023-03-24T17:59:00Z,5.105760346114886e-05,0.002474055184023204,0.002422997580562055,1
2023-03-24T17:58:55Z,2023-03-24T17:59:00Z,3.224018748250153e-05,0.0024641567513918987,0.002431916563909397,1
2023-03-24T17:58:55Z,2023-03-24T17:59:00Z,1.4545228105086825e-05,0.0024555610401206193,0.0024410158120155324,1
2023-03-24T17:58:55Z,2023-03-24T17:59:00Z,4.2097082247846175e-06,0.0024515502013046377,0.002447340493079853,1
2023-03-24T17:58:55Z,2023-03-24T17:59:00Z,2.1458997555637294e-06,0.0024538465918051235,0.00245170069204956,1
2023-03-24T17:58:55Z,2023-03-24T17:59:00Z,5.834190063835898e-07,0.002455241349980645,0.0024546579309742615,1
2023-03-24T17:58:55Z,2023-03-24T17:59:00Z,4.7033681524893955e-06,0.002452010382682861,0.00245671375083535,1
2023-03-24T17:58:55Z,2023-03-24T17:59:00Z,1.6981278661143753e-05,0.0024414054770161295,0.0024583867556772733,1
2023-03-24T17:58:55Z,2023-03-24T17:59:00Z,2.95893505056306e-05,0.002429537449744634,0.0024591268002502648,1
2023-03-24T17:58:55Z,2023-03-24T17:59:00Z,3.6354326133799814e-05,0.0024219443739891882,0.002458298700122988,1
2023-03-24T17:58:55Z,2023-03-24T17:59:00Z,4.507467951311763e-05,0.0024108771631823054,0.002455951842695423,1
2023-03-24T17:58:55Z,2023-03-24T17:59:00Z,5.526706572793298e-05,0.0023972822207708167,0.0024525492864987497,1
2023-03-24T17:58:55Z,2023-03-24T17:59:00Z,6.01169032647484e-05,0.0023878305791760752,0.0024479474824408236,1
2023-03-24T17:58:55Z,2023-03-24T17:59:00Z,5.2078083994922236e-05,0.002390210931506083,0.0024422890155010053,1
2023-03-24T17:58:55Z,2023-03-24T17:59:00Z,5.2728500160607525e-05,0.0023823751316031368,0.0024351036317637443,1
2023-03-24T17:58:55Z,2023-03-24T17:59:00Z,5.8199920082348516e-05,0.002370741560024245,0.0024289414801065934,1
2023-03-24T17:58:55Z,2023-03-24T17:59:00Z,7.069111393995242e-05,0.0023521515404568505,0.002422842654396803,1
2023-03-24T17:58:55Z,2023-03-24T17:59:00Z,7.56961122166471e-05,0.0023404124887401235,0.0024161086009567706,1
2023-03-24T17:58:55Z,2023-03-24T17:59:00Z,7.672449290191787e-05,0.0023309095204424963,0.002407634013344414,1
2023-03-24T17:58:55Z,2023-03-24T17:59:00Z,8.268361464753475e-05,0.002315381326926836,0.0023980649415743707,1
2023-03-24T17:58:55Z,2023-03-24T17:59:00Z,9.13951885127837e-05,0.002296578014541557,0.0023879732030543405,1
2023-03-24T17:58:55Z,2023-03-24T17:59:00Z,0.00010102693156342811,0.002276444258983471,0.002377471190546899,1
2023-03-24T17:58:55Z,2023-03-24T17:59:00Z,0.00010559655004094108,0.0022607946875723684,0.0023663912376133095,1
2023-03-24T17:58:55Z,2023-03-24T17:59:00Z,9.996510385303081e-05,0.0022543011241764684,0.002354266228029499,1
2023-03-24T17:58:55Z,2023-03-24T17:59:00Z,8.590225225457325e-05,0.002255857102807432,0.002341759355062005,1
2023-03-24T17:58:55Z,2023-03-24T17:59:00Z,8.289751566568481e-05,0.0022469467480134577,0.0023298442636791425,1
2023-03-24T17:58:55Z,2023-03-24T17:59:00Z,8.169270322482816e-05,0.0022371537707569274,0.0023188464739817556,1
2023-03-24T17:58:55Z,2023-03-24T17:59:00Z,9.117688081263517e-05,0.0022157309112114014,0.0023069077920240366,1
2023-03-24T17:58:55Z,2023-03-24T17:59:00Z,9.931698441374573e-05,0.0021954890275397735,0.0022948060119535193,1
2023-03-24T17:58:55Z,2023-03-24T17:59:00Z,9.375625946060097e-05,0.002188132198425181,0.002281888457885782,1
2023-03-24T17:58:55Z,2023-03-24T17:59:00Z,9.19964806223761e-05,0.0021768367678536497,0.002268833248476026,1
2023-03-24T17:58:55Z,2023-03-24T17:59:00Z,0.00010001988267712911,0.0021561233416059855,0.0022561432242831146,1
2023-03-24T17:58:55Z,2023-03-24T17:59:00Z,0.00011187645081195711,0.0021314273774220866,0.0022433038282340437,1
2023-03-24T17:58:55Z,2023-03-24T17:59:00Z,0.0001225522223246146,0.0021074801071326917,0.0022300323294573063,1
2023-03-24T17:58:55Z,2023-03-24T17:59:00Z,0.0001277553653130318,0.002088514411050985,0.002216269776364017,1
2023-03-24T17:58:55Z,2023-03-24T17:59:00Z,0.00013088640084640488,0.0020713030295300473,0.002202189430376452,1
2023-03-24T17:58:55Z,2023-03-24T17:59:00Z,0.00013598415992985367,0.002051848580736483,0.0021878327406663367,1
2023-03-24T17:58:55Z,2023-03-24T17:59:00Z,0.00012100894030388134,0.0020515739591419205,0.002172582899445802,1
2023-03-24T17:58:55Z,2023-03-24T17:59:00Z,9.698976058675679e-05,0.0020585924286864654,0.002155582189273222,1
2023-03-24T17:58:55Z,2023-03-24T17:59:00Z,7.101542436427919e-05,0.0020682856991696484,0.0021393011235339276,1
2023-03-24T17:58:55Z,2023-03-24T17:59:00Z,6.382168145963475e-05,0.0020605993302350877,0.0021244210116947225,1
2023-03-24T17:58:55Z,2023-03-24T17:59:00Z,5.872419912701784e-05,0.002053409711564225,0.002112133910691243,1
2023-03-24T17:58:55Z,2023-03-24T17:59:00Z,4.89788987636762e-05,0.002051914203818843,0.0021008931025825192,1
2023-03-24T17:58:55Z,2023-03-24T17:59:00Z,2.9398931380539024e-05,0.002060267297296901,0.00208966622867744,1
2023-03-24T17:58:55Z,2023-03-24T17:59:00Z,2.99464145579768e-05,0.0020493096004498956,0.0020792560150078724,1
2023-03-24T17:58:55Z,2023-03-24T17:59:00Z,2.1074024772989915e-05,0.002050193986542459,0.002071268011315449,1
2023-03-24T17:58:55Z,2023-03-24T17:59:00Z,1.8353436029501166e-05,0.002046071427204931,0.0020644248632344323,1
2023-03-24T17:58:55Z,2023-03-24T17:59:00Z,2.0433667822727063e-05,0.0020392173520291856,0.0020596510198519127,1
2023-03-24T17:58:55Z,2023-03-24T17:59:00Z,1.6544008225438406e-05,0.0020395700963059702,0.0020561141045314086,1
2023-03-24T17:58:55Z,2023-03-24T17:59:00Z,1.7401548519141354e-05,0.002036038749553862,0.0020534402980730035,1
2023-03-24T17:58:55Z,2023-03-24T17:59:00Z,2.1450390200869127e-05,0.0020309667008362588,0.002052417091037128,1
2023-03-24T17:58:55Z,2023-03-24T17:59:00Z,1.699096146225241e-05,0.0020341315287758705,0.002051122490238123,1
2023-03-24T17:58:55Z,2023-03-24T17:59:00Z,1.342429900164652e-05,0.002035396047248959,0.0020488203462506057,1
2023-03-24T17:58:55Z,2023-03-24T17:59:00Z,4.253037091182625e-07,0.0020463994690935764,0.002045974165384458,1
2023-03-24T17:58:55Z,2023-03-24T17:59:00Z,2.1136183121898446e-06,0.00204598751011447,0.0020438738918022803,1
2023-03-24T17:58:55Z,2023-03-24T17:59:00Z,5.492824259655058e-06,0.0020487825291893814,0.0020432897049297264,1
2023-03-24T17:58:55Z,2023-03-24T17:59:00Z,4.678517705850992e-06,0.0020474743314935462,0.0020427958137876952,1
2023-03-24T17:58:55Z,2023-03-24T17:59:00Z,7.334188769970908e-06,0.0020491729385487063,0.0020418387497787354,1
2023-03-24T17:58:55Z,2023-03-24T17:59:00Z,6.365926765826771e-06,0.002048051737464866,0.0020416858106990393,1
2023-03-24T17:58:55Z,2023-03-24T17:59:00Z,4.079807099200555e-06,0.002045680530465427,0.0020416007233662265,1
2023-03-24T17:58:55Z,2023-03-24T17:59:00Z,3.8075020134110786e-06,0.0020455732512346322,0.002041765749221221,1
2023-03-24T17:58:55Z,2023-03-24T17:59:00Z,5.918723469459843e-06,0.002036385623954781,0.002042304347424241,1
2023-03-24T17:58:55Z,2023-03-24T17:59:00Z,5.079230220656188e-06,0.002037725380114307,0.002042804610334963,1
2023-03-24T17:58:55Z,2023-03-24T17:59:00Z,1.0966714585258427e-06,0.0020417368450765137,0.0020428335165350395,1
2023-03-24T17:58:55Z,2023-03-24T17:59:00Z,2.064314910817447e-06,0.0020413324248973927,0.00204339673980821,1
2023-03-24T17:58:55Z,2023-03-24T17:59:00Z,3.7322300165832517e-06,0.002040298286150014,0.0020440305161665974,1
2023-03-24T17:58:55Z,2023-03-24T17:59:00Z,8.502422451291038e-06,0.0020360227918526756,0.0020445252143039667,1
2023-03-24T17:58:55Z,2023-03-24T17:59:00Z,3.712471451393449e-06,0.00204030431094061,0.0020440167823920032,1
2023-03-24T17:58:55Z,2023-03-24T17:59:00Z,4.6570214290108346e-06,0.0020385293677745095,0.0020431863892035203,1
2023-03-24T17:58:55Z,2023-03-24T17:59:00Z,2.129254449711321e-06,0.0020446091254658337,0.0020424798710161223,1
2023-03-24T17:58:55Z,2023-03-24T17:59:00Z,2.3864896250185355e-06,0.002044120946997888,0.0020417344573728695,1
2023-03-24T17:58:55Z,2023-03-24T17:59:00Z,1.2629246951452022e-05,0.0020287248926645117,0.0020413541396159638,1
2023-03-24T17:58:55Z,2023-03-24T17:59:00Z,3.109658894774993e-05,0.0020099299847959654,0.0020410265737437153,1
2023-03-24T17:58:55Z,2023-03-24T17:59:00Z,3.574057303537374e-05,0.002003873030891599,0.0020396136039269727,1
2023-03-24T17:58:55Z,2023-03-24T17:59:00Z,3.812422868686074e-05,0.001998519103036889,0.00203664333172375,1
2023-03-24T17:58:55Z,2023-03-24T17:59:00Z,2.7214853550178685e-05,0.002006719095418306,0.002033933948968485,1
2023-03-24T17:58:55Z,2023-03-24T17:59:00Z,1.884681478831309e-05,0.0020118199444237204,0.0020306667592120335,1
2023-03-24T17:58:55Z,2023-03-24T17:59:00Z,1.721172854658162e-05,0.002010536884860601,0.0020277486134071825,1
2023-03-24T17:58:55Z,2023-03-24T17:59:00Z,2.4465438990373123e-05,0.002000823801044004,0.002025289240034377,1
2023-03-24T17:58:55Z,2023-03-24T17:59:00Z,2.2973303117564386e-05,0.0019998358201426944,0.0020228091232602587,1
2023-03-24T17:58:55Z,2023-03-24T17:59:00Z,1.3605116039712862e-05,0.0020062707579864905,0.0020198758740262034,1
2023-03-24T17:58:55Z,2023-03-24T17:59:00Z,1.0352112946520556e-05,0.002006151386846523,0.0020165034997930435,1
2023-03-24T17:58:55Z,2023-03-24T17:59:00Z,5.095405542592229e-06,0.0020087198767681164,0.0020138152823107086,1
2023-03-24T17:58:55Z,2023-03-24T17:59:00Z,2.5788558424854648e-06,0.002008031614916614,0.0020106104707590996,1
2023-03-24T17:58:55Z,2023-03-24T17:59:00Z,5.6217528709031316e-06,0.0020132821344441883,0.002007660381573285,1
2023-03-24T17:58:55Z,2023-03-24T17:59:00Z,5.092677925712472e-06,0.002011028619686673,0.0020059359417609604,1
2023-03-24T17:58:55Z,2023-03-24T17:59:00Z,5.888480437647031e-06,0.002012103768002626,0.0020062152875649788,1
2023-03-24T17:58:55Z,2023-03-24T17:59:00Z,1.061705692014794e-05,0.0020174286435513827,0.0020068115866312347,1
2023-03-24T17:58:55Z,2023-03-24T17:59:00Z,6.83144742907784e-06,0.0020147750894741238,0.002007943642045046,1
2023-03-24T17:58:55Z,2023-03-24T17:59:00Z,1.3701507579908737e-05,0.0020225376119693784,0.0020088361043894697,1
2023-03-24T17:58:55Z,2023-03-24T17:59:00Z,1.222029843728949e-05,0.002021302664914292,0.0020090823664770025,1
2023-03-24T17:58:55Z,2023-03-24T17:59:00Z,1.60407261099154e-05,0.0020261231531793164,0.002010082427069401,1
2023-03-24T17:58:55Z,2023-03-24T17:59:00Z,1.5264745981960308e-05,0.0020270537450405523,0.002011788999058592,1
2023-03-24T17:58:55Z,2023-03-24T17:59:00Z,8.252862403621431e-06,0.002022232472548599,0.0020139796101449775,1
2023-03-24T17:58:55Z,2023-03-24T17:59:00Z,2.8540417757599856e-06,0.0020185655675085757,0.0020157115257328157,1
2023-03-24T17:58:55Z,2023-03-24T17:59:00Z,3.476052877407834e-06,0.0020135755633305806,0.0020170516162079885,1
2023-03-24T17:58:55Z,2023-03-24T17:59:00Z,1.501147590173479e-05,0.0020028606145346254,0.00201787209043636,1
2023-03-24T17:58:55Z,2023-03-24T17:59:00Z,1.673247297829042e-05,0.0020016016131592334,0.002018334086137524,1
2023-03-24T17:58:55Z,2023-03-24T17:59:00Z,1.961585167029262e-05,0.0019978497744747676,0.0020174656261450602,1
2023-03-24T17:58:55Z,2023-03-24T17:59:00Z,1.8782434885032673e-05,0.001997897607382741,0.0020166800422677738,1
2023-03-24T17:58:55Z,2023-03-24T17:59:00Z,1.9922780834892746e-05,0.001995569428638893,0.0020154922094737858,1
2023-03-24T17:58:55Z,2023-03-24T17:59:00Z,2.8075130244508556e-05,0.00198578949288189,0.0020138646231263988,1
2023-03-24T17:58:55Z,2023-03-24T17:59:00Z,2.9731014179752713e-05,0.001982533137210377,0.0020122641513901298,1
2023-03-24T17:58:55Z,2023-03-24T17:59:00Z,3.4274784064576656e-05,0.001974927024068262,0.002009201808132839,1
2023-03-24T17:58:55Z,2023-03-24T17:59:00Z,2.8487640264483142e-05,0.0019774833738930293,0.0020059710141575125,1
2023-03-24T17:58:55Z,2023-03-24T17:59:00Z,3.0706233227816536e-05,0.0019709984368371084,0.002001704670064925,1
2023-03-24T17:58:55Z,2023-03-24T17:59:00Z,3.0173630948152758e-05,0.0019674001748544788,0.0019975738058026315,1
2023-03-24T17:58:55Z,2023-03-24T17:59:00Z,3.0682506190510706e-05,0.001962621796636163,0.001993304302826674,1
2023-03-24T17:58:55Z,2023-03-24T17:59:00Z,3.0170346245804967e-05,0.001958870173859694,0.001989040520105499,1
2023-03-24T17:58:55Z,2023-03-24T17:59:00Z,2.8228017538633673e-05,0.0019565663553423305,0.001984794372880964,1
2023-03-24T17:58:55Z,2023-03-24T17:59:00Z,3.5226026270539744e-05,0.0019459024765541805,0.00198112850282472,1
2023-03-24T17:58:55Z,2023-03-24T17:59:00Z,3.7203884227285334e-05,0.0019401716804460266,0.001977375564673312,1
2023-03-24T17:58:55Z,2023-03-24T17:59:00Z,3.7052659566481384e-05,0.0019359939636134477,0.001973046623179929,1
2023-03-24T17:58:55Z,2023-03-24T17:59:00Z,3.198909621878951e-05,0.0019362470330497468,0.0019682361292685364,1
2023-03-24T17:58:55Z,2023-03-24T17:59:00Z,3.089488218091974e-05,0.0019323766250021626,0.0019632715071830824,1
2023-03-24T17:58:55Z,2023-03-24T17:59:00Z,3.3570249331191454e-05,0.0019255727195325457,0.001959142968863737,1
2023-03-24T17:58:55Z,2023-03-24T17:59:00Z,3.076830256516219e-05,0.0019241949569478905,0.0019549632595130526,1
2023-03-24T17:58:55Z,2023-03-24T17:59:00Z,3.251701444448264e-05,0.0019183333863572601,0.0019508504008017428,1
2023-03-24T17:58:55Z,2023-03-24T17:59:00Z,2.940619848530875e-05,0.0019170035009043393,0.001946409699389648,1
2023-03-24T17:58:55Z,2023-03-24T17:59:00Z,2.6934799825460145e-05,0.0019150861453575336,0.0019420209451829938,1
2023-03-24T17:58:55Z,2023-03-24T17:59:00Z,2.99934064429486e-05,0.0019078278159108668,0.0019378212223538154,1
2023-03-24T17:58:55Z,2023-03-24T17:59:00Z,3.2576709700493775e-05,0.0019012832083801028,0.0019338599180805966,1
2023-03-24T17:58:55Z,2023-03-24T17:59:00Z,2.626950440715015e-05,0.0019033368838443775,0.0019296063882515277,1
2023-03-24T17:58:55Z,2023-03-24T17:59:00Z,3.237801551558318e-05,0.0018926214438224256,0.0019249994593380088,1
2023-03-24T17:58:55Z,2023-03-24T17:59:00Z,3.618220096235293e-05,0.001885270125649839,0.0019214523266121919,1
2023-03-24T17:58:55Z,2023-03-24T17:59:00Z,3.76904986407313e-05,0.0018797993082528266,0.001917489806893558,1
2023-03-24T17:58:55Z,2023-03-24T17:59:00Z,3.5203711398795485e-05,0.0018780591089977954,0.001913262820396591,1
2023-03-24T17:58:55Z,2023-03-24T17:59:00Z,3.264675022897909e-05,0.001875912093101202,0.0019085588433301812,1
2023-03-24T17:58:55Z,2023-03-24T17:59:00Z,4.22165435140843e-05,0.0018618158401490657,0.00190403238366315,1
2023-03-24T17:58:55Z,2023-03-24T17:59:00Z,4.6023042630268744e-05,0.001853870955496936,0.0018998939981272047,1
2023-03-24T17:58:55Z,2023-03-24T17:59:00Z,5.433276715593365e-05,0.0018403629712380356,0.0018946957383939693,1
2023-03-24T17:58:55Z,2023-03-24T17:59:00Z,5.7043499334538455e-05,0.0018322803698210704,0.0018893238691556089,1
2023-03-24T17:58:55Z,2023-03-24T17:59:00Z,5.592229234105319e-05,0.0018270148660090304,0.0018829371583500836,1
2023-03-24T17:58:55Z,2023-03-24T17:59:00Z,4.3257949677028744e-05,0.00183277872737835,0.0018760366770553788,1
2023-03-24T17:58:55Z,2023-03-24T17:59:00Z,4.097174704538421e-05,0.001828330517518175,0.0018693022645635592,1
2023-03-24T17:58:55Z,2023-03-24T17:59:00Z,4.467146929249357e-05,0.0018189220885209193,0.0018635935578134128,1
2023-03-24T17:58:55Z,2023-03-24T17:59:00Z,3.899277507995709e-05,0.001818350252206272,0.001857343027286229,1
2023-03-24T17:58:55Z,2023-03-24T17:59:00Z,4.9923818093083406e-05,0.0018012775962513534,0.0018512014143444368,1
2023-03-24T17:58:55Z,2023-03-24T17:59:00Z,5.279786265637346e-05,0.0017928268955677666,0.00184562475822414,1
2023-03-24T17:58:55Z,2023-03-24T17:59:00Z,5.630215928572853e-05,0.0017827791229382886,0.0018390812822240172,1
2023-03-24T17:58:55Z,2023-03-24T17:59:00Z,4.5850937551044886e-05,0.00178612766022047,0.001831978597771515,1
2023-03-24T17:58:55Z,2023-03-24T17:59:00Z,4.910157609289622e-05,0.001775115940831709,0.0018242175169246053,1
2023-03-24T17:58:55Z,2023-03-24T17:59:00Z,5.332706329657386e-05,0.0017645831053006487,0.0018179101685972226,1
2023-03-24T17:58:55Z,2023-03-24T17:59:00Z,5.0762516531170686e-05,0.001760584734177283,0.0018113472507084536,1
2023-03-24T17:58:55Z,2023-03-24T17:59:00Z,4.9480809617512755e-05,0.001755551452262825,0.0018050322618803378,1
2023-03-24T17:58:55Z,2023-03-24T17:59:00Z,5.227593767544625e-05,0.001746781687901243,0.0017990576255766891,1
2023-03-24T17:58:55Z,2023-03-24T17:59:00Z,5.4390598519266564e-05,0.001738711742578572,0.0017931023410978385,1
2023-03-24T17:58:55Z,2023-03-24T17:59:00Z,6.182935612692505e-05,0.0017241065650144879,0.001785935921141413,1
2023-03-24T17:58:55Z,2023-03-24T17:59:00Z,6.106551577798013e-05,0.0017174021741184658,0.001778467689896446,1
2023-03-24T17:58:55Z,2023-03-24T17:59:00Z,6.66109530246498e-05,0.0017039554432462598,0.0017705663962709096,1
2023-03-24T17:58:55Z,2023-03-24T17:59:00Z,6.256354569490665e-05,0.001699590510735353,0.0017621540564302597,1
2023-03-24T17:58:55Z,2023-03-24T17:59:00Z,6.148174004749784e-05,0.0016925621369656702,0.001754043877013168,1
2023-03-24T17:58:55Z,2023-03-24T17:59:00Z,6.392600892294329e-05,0.0016823481693541908,0.001746274178277134,1
2023-03-24T17:58:55Z,2023-03-24T17:59:00Z,5.641743576486214e-05,0.0016823386603478869,0.001738756096112749,1
2023-03-24T17:58:55Z,2023-03-24T17:59:00Z,4.960149358436915e-05,0.0016805063116228564,0.0017301078052072256,1
2023-03-24T17:58:55Z,2023-03-24T17:59:00Z,4.7104896957908624e-05,0.0016752714682089986,0.0017223763651669072,1
2023-03-24T17:58:55Z,2023-03-24T17:59:00Z,4.694749179321258e-05,0.0016684224739005452,0.0017153699656937578,1
2023-03-24T17:58:55Z,2023-03-24T17:59:00Z,5.248379916643017e-05,0.0016557767276966374,0.0017082605268630676,1
2023-03-24T17:58:55Z,2023-03-24T17:59:00Z,5.862551455402751e-05,0.0016423742641121836,0.001700999778666211,1
2023-03-24T17:58:55Z,2023-03-24T17:59:00Z,6.535571569721006e-05,0.0016280603162852835,0.0016934160319824936,1
2023-03-24T17:58:55Z,2023-03-24T17:59:00Z,7.407044268341214e-05,0.0016113174660935489,0.001685387908776961,1
2023-03-24T17:58:55Z,2023-03-24T17:59:00Z,8.51924624064547e-05,0.0015921915923097394,0.0016773840547161941,1
2023-03-24T17:58:55Z,2023-03-24T17:59:00Z,0.00011324896904811219,0.0015552946933326723,0.0016685436623807845,1
2023-03-24T17:58:55Z,2023-03-24T17:59:00Z,0.0001471000211609489,0.0015121299869751256,0.0016592300081360745,1
2023-03-24T17:58:55Z,2023-03-24T17:59:00Z,0.00016911394683979887,0.001478091409846052,0.0016472053566858509,1
2023-03-24T17:58:55Z,2023-03-24T17:59:00Z,0.00017964268042670113,0.0014525266637599376,0.0016321693441866388,1
2023-03-24T17:58:55Z,2023-03-24T17:59:00Z,0.00019723185458113217,0.0014179160929798282,0.0016151479475609604,1
2023-03-24T17:58:55Z,2023-03-24T17:59:00Z,0.00020230150112093771,0.001393695446724361,0.0015959969478452987,1
2023-03-24T17:58:55Z,2023-03-24T17:59:00Z,0.00017901503886732107,0.0013950993907577251,0.0015741144296250462,1
2023-03-24T17:58:55Z,2023-03-24T17:59:00Z,0.00014439154620863757,0.001406258214959355,0.0015506497611679926,1
2023-03-24T17:58:55Z,2023-03-24T17:59:00Z,0.00011331352517561554,0.0014145593123971426,0.0015278728375727581,1
2023-03-24T17:58:55Z,2023-03-24T17:59:00Z,8.350894502894262e-05,0.0014235706831490418,0.0015070796281779844,1
2023-03-24T17:58:55Z,2023-03-24T17:59:00Z,4.910361218052567e-05,0.0014389914366878718,0.0014880950488683974,1
2023-03-24T17:58:55Z,2023-03-24T17:59:00Z,2.102051311703005e-05,0.001450033732990014,0.001471054246107044,1
2023-03-24T17:58:55Z,2023-03-24T17:59:00Z,2.128959627721149e-06,0.001458822703284292,0.0014566937436565708,0
2023-03-24T17:58:55Z,2023-03-24T17:59:00Z,2.015981858237469e-05,0.0014650070739623017,0.001444847255379927,0
2023-03-24T17:58:55Z,2023-03-24T17:59:00Z,3.6488361274612975e-05,0.0014732962841505085,0.0014368079228758955,0
2023-03-24T17:58:55Z,2023-03-24T17:59:00Z,5.787330172021387e-05,0.0014907543151783742,0.0014328810134581604,0
2023-03-24T17:58:55Z,2023-03-24T17:59:00Z,7.571556086584863e-05,0.0015081969805160469,0.0014324814196501983,0
2023-03-24T17:58:55Z,2023-03-24T17:59:00Z,9.196406717919704e-05,0.0015276311244475985,0.0014356670572684015,0
2023-03-24T17:58:55Z,2023-03-24T17:59:00Z,9.565316506555889e-05,0.001538843629628645,0.0014431904645630861,0
2023-03-24T17:58:55Z,2023-03-24T17:59:00Z,9.30770857213957e-05,0.0015474288567614185,0.0014543517710400228,0
2023-03-24T17:58:55Z,2023-03-24T17:59:00Z,9.337049071985641e-05,0.001559700948332456,0.0014663304576125996,0
2023-03-24T17:58:55Z,2023-03-24T17:59:00Z,9.67805061983908e-05,0.001574875183961162,0.0014780946777627711,0
2023-03-24T17:58:55Z,2023-03-24T17:59:00Z,9.50655254197913e-05,0.001585255339510505,0.0014901898140907137,0
2023-03-24T17:58:55Z,2023-03-24T17:59:00Z,9.566027283222623e-05,0.0015984587953239502,0.001502798522491724,0
2023-03-24T17:58:55Z,2023-03-24T17:59:00Z,9.810361373623435e-05,0.0016130907947965111,0.0015149871810602768,0
2023-03-24T17:58:55Z,2023-03-24T17:59:00Z,0.00010726162910272173,0.0016346175653574933,0.0015273559362547716,0
2023-03-24T17:58:55Z,2023-03-24T17:59:00Z,0.00010042538953586636,0.001640637000083323,0.0015402116105474567,0
2023-03-24T17:58:55Z,2023-03-24T17:59:00Z,0.00010551113188079293,0.0016598569500445156,0.0015543458181637227,0
2023-03-24T17:58:55Z,2023-03-24T17:59:00Z,0.00011371949486939912,0.0016820103726941894,0.0015682908778247902,0
2023-03-24T17:58:55Z,2023-03-24T17:59:00Z,0.00011934424250347039,0.001701727006567106,0.0015823827640636355,0
2023-03-24T17:58:55Z,2023-03-24T17:59:00Z,0.00012008765706359803,0.0017169548704754122,0.0015968672134118141,0
2023-03-24T17:58:55Z,2023-03-24T17:59:00Z,0.00013148651688489827,0.0017428617204733377,0.0016113752035884395,0
2023-03-24T17:58:55Z,2023-03-24T17:59:00Z,0.0001368112932115487,0.0017630291002038855,0.0016262178069923368,0
2023-03-24T17:58:55Z,2023-03-24T17:59:00Z,0.00014786420981285756,0.0017903680887811878,0.0016425038789683302,0
2023-03-24T17:58:55Z,2023-03-24T17:59:00Z,0.00015352445690917623,0.001812972348533459,0.0016594478916242827,0
2023-03-24T17:58:55Z,2023-03-24T17:59:00Z,0.00015153989869084398,0.0018289455323834622,0.0016774056336926182,0
2023-03-24T17:58:55Z,2023-03-24T17:59:00Z,0.0001568394152481941,0.0018532214663593916,0.0016963820511111975,0
2023-03-24T17:58:55Z,2023-03-24T17:59:00Z,0.0001586610131447514,0.0018742502923442415,0.0017155892791994901,0
2023-03-24T17:58:55Z,2023-03-24T17:59:00Z,0.00016592355268790358,0.0019015237211843004,0.0017356001684963969,0
2023-03-24T17:58:55Z,2023-03-24T17:59:00Z,0.00017119405186632151,0.0019267636142782808,0.0017555695624119592,0
2023-03-24T17:58:55Z,2023-03-24T17:59:00Z,0.00017041542536290998,0.0019477255478666173,0.0017773101225037073,0
2023-03-24T17:58:55Z,2023-03-24T17:59:00Z,0.00016878284833672327,0.001968335192859911,0.0017995523445231878,0
2023-03-24T17:58:55Z,2023-03-24T17:59:00Z,0.0001759916715056728,0.00199768694729323,0.001821695275787557,0
2023-03-24T17:58:55Z,2023-03-24T17:59:00Z,0.00018270594288306787,0.0020266185675283585,0.0018439126246452906,0
2023-03-24T17:58:55Z,2023-03-24T17:59:00Z,0.00019412267713072163,0.00206142964151083,0.0018673069643801085,0
2023-03-24T17:58:55Z,2023-03-24T17:59:00Z,0.00020537702597943287,0.0020963303942807933,0.0018909533683013605,0
2023-03-24T17:58:55Z,2023-03-24T17:59:00Z,0.00020537193042593116,0.0021211920105028703,0.0019158200800769392,0
2023-03-24T17:58:55Z,2023-03-24T17:59:00Z,0.0002085698534289532,0.002149886792297526,0.0019413169388685727,0
2023-03-24T17:58:55Z,2023-03-24T17:59:00Z,0.0002289953375817634,0.0021959972482811204,0.001967001910699357,0
2023-03-24T17:58:55Z,2023-03-24T17:59:00Z,0.00024131795987381065,0.0022350649755660066,0.001993747015692196,0
2023-03-24T17:58:55Z,2023-03-24T17:59:00Z,0.000231704355927793,0.002254016020113466,0.002022311664185673,0
2023-03-24T17:58:55Z,2023-03-24T17:59:00Z,0.00019211926086182317,0.002244498815315977,0.002052379554454154,0
2023-03-24T17:58:55Z,2023-03-24T17:59:00Z,0.00013958710610474483,0.002221341018802996,0.002081753912698251,0
2023-03-24T17:58:55Z,2023-03-24T17:59:00Z,9.518636513486823e-05,0.0022034182112529274,0.002108231846118059,0
2023-03-24T17:58:55Z,2023-03-24T17:59:00Z,6.852390649802077e-05,0.0021995570418607774,0.0021310331353627567,0
2023-03-24T17:58:55Z,2023-03-24T17:59:00Z,5.020174563366087e-05,0.0022008251325291695,0.0021506233868955086,0
2023-03-24T17:58:55Z,2023-03-24T17:59:00Z,2.8596026076196848e-05,0.0021960419208523338,0.002167445894776137,0
2023-03-24T17:58:55Z,2023-03-24T17:59:00Z,1.6712511678360596e-05,0.0021986756202045654,0.002181963108526205,0
2023-03-24T17:58:55Z,2023-03-24T17:59:00Z,1.2268929130417744e-05,0.002205449727601748,0.00219318079847133,0
2023-03-24T17:58:55Z,2023-03-24T17:59:00Z,7.704612378029232e-06,0.0022094141796763405,0.0022017095672983112,0
2023-03-24T17:58:55Z,2023-03-24T17:59:00Z,1.3603381274051446e-05,0.002222334424997269,0.0022087310437232176,0
2023-03-24T17:58:55Z,2023-03-24T17:59:00Z,9.46648140979318e-06,0.0022231581407479123,0.002213691659338119,0
2023-03-24T17:58:55Z,2023-03-24T17:59:00Z,1.9563263771615446e-05,0.0022354496878360802,0.0022158864240644648,0
2023-03-24T17:58:55Z,2023-03-24T17:59:00Z,2.867108744294229e-05,0.0022435652752725655,0.002214894187829623,0
2023-03-24T17:58:55Z,2023-03-24T17:59:00Z,4.080852383596097e-05,0.0022541555173091355,0.0022133469934731745,0
2023-03-24T17:58:55Z,2023-03-24T17:59:00Z,5.1984875947280566e-05,0.0022652540744168377,0.002213269198469557,0
2023-03-24T17:58:55Z,2023-03-24T17:59:00Z,6.483168936170965e-05,0.002280835429373445,0.0022160037400117353,0
2023-03-24T17:58:55Z,2023-03-24T17:59:00Z,6.216469559766104e-05,0.002283321424206389,0.0022211567286087278,0
2023-03-24T17:58:55Z,2023-03-24T17:59:00Z,6.03115950531842e-05,0.0022882415226213007,0.0022279299275681165,0
2023-03-24T17:58:55Z,2023-03-24T17:59:00Z,6.787683245269328e-05,0.002302681450993912,0.0022348046185412186,0
2023-03-24T17:58:55Z,2023-03-24T17:59:00Z,7.665626098450878e-05,0.0023191441796731414,0.0022424879186886326,0
2023-03-24T17:58:55Z,2023-03-24T17:59:00Z,7.772109821389817e-05,0.0023288761694683093,0.002251155071254411,0
2023-03-24T17:58:55Z,2023-03-24T17:59:00Z,7.309813142650657e-05,0.002333727740353534,0.0022606296089270274,0
2023-03-24T17:58:55Z,2023-03-24T17:59:00Z,6.58306648242085e-05,0.002336415439567233,0.0022705847747430245,0
2023-03-24T17:58:55Z,2023-03-24T17:59:00Z,6.815637753175433e-05,0.002348023928554468,0.0022798675510227137,0
2023-03-24T17:58:55Z,2023-03-24T17:59:00Z,6.162586431344898e-05,0.002350931523571106,0.002289305659257657,0
2023-03-24T17:58:55Z,2023-03-24T17:59:00Z,6.497797537975128e-05,0.00236366482136394,0.002298686845984189,0
2023-03-24T17:58:55Z,2023-03-24T17:59:00Z,6.180251779920641e-05,0.002369436551141607,0.0023076340333424007,0
2023-03-24T17:58:55Z,2023-03-24T17:59:00Z,7.617691696054597e-05,0.0023929367256408473,0.0023167598086803014,0
2023-03-24T17:58:55Z,2023-03-24T17:59:00Z,7.487132803322277e-05,0.0024003130097739215,0.0023254416817406988,0
2023-03-24T17:58:55Z,2023-03-24T17:59:00Z,0.00010225363439370083,0.0024370370908233497,0.002334783456429649,0
2023-03-24T17:58:55Z,2023-03-24T17:59:00Z,0.00010325645081518458,0.0024477892060421284,0.0023445327552269438,0
2023-03-24T17:58:55Z,2023-03-24T17:59:00Z,9.634690155332568e-05,0.002453279287463773,0.002356932385910447,0
2023-03-24T17:58:55Z,2023-03-24T17:59:00Z,9.668857935390572e-05,0.002465713278185038,0.0023690246988311322,0
2023-03-24T17:58:55Z,2023-03-24T17:59:00Z,8.105470180005871e-05,0.0024612573262804104,0.0023802026244803516,0
2023-03-24T17:58:55Z,2023-03-24T17:59:00Z,6.70984516195107e-05,0.002458704168492923,0.0023916057168734124,0
2023-03-24T17:58:55Z,2023-03-24T17:59:00Z,5.4080018856801724e-05,0.0024563132012241206,0.002402233182367319,0
2023-03-24T17:58:55Z,2023-03-24T17:59:00Z,4.490269895063683e-05,0.0024573266087284298,0.002412423909777793,0
2023-03-24T17:58:55Z,2023-03-24T17:59:00Z,3.770859992864757e-05,0.002459156615762245,0.0024214480158335975,0
2023-03-24T17:58:55Z,2023-03-24T17:59:00Z,3.598792564456438e-05,0.002466302198574605,0.002430314272930041,0
2023-03-24T17:58:55Z,2023-03-24T17:59:00Z,2.2850896695680856e-05,0.002461122819158914,0.002438271922463233,0
2023-03-24T17:58:55Z,2023-03-24T17:59:00Z,1.5594275470578057e-05,0.0024619383352198943,0.002446344059749316,0
2023-03-24T17:58:55Z,2023-03-24T17:59:00Z,3.7324965437572806e-06,0.0024482937376653973,0.0024520262342091546,0
2023-03-24T17:58:55Z,2023-03-24T17:59:00Z,1.8762744809948818e-05,0.0024383989331863707,0.0024571616779963195,0
2023-03-24T17:58:55Z,2023-03-24T17:59:00Z,2.1040101353772978e-05,0.0024370596305460504,0.0024580997318998233,0
2023-03-24T17:58:55Z,2023-03-24T17:59:00Z,1.4614003785986315e-05,0.002442703205375857,0.0024573172091618433,0
2023-03-24T17:58:55Z,2023-03-24T17:59:00Z,2.0413576384505604e-05,0.002435551994700861,0.0024559655710853666,0
2023-03-24T17:58:55Z,2023-03-24T17:59:00Z,2.3088451389207797e-05,0.002430959613628727,0.002454048065017935,0
2023-03-24T17:58:55Z,2023-03-24T17:59:00Z,5.578245434268358e-05,0.0023961234997102888,0.0024519059540529724,0
2023-03-24T17:58:55Z,2023-03-24T17:59:00Z,5.65443213606351e-05,0.0023930495864536543,0.0024495939078142894,0
2023-03-24T17:58:55Z,2023-03-24T17:59:00Z,6.706746484512688e-05,0.0023775106345096764,0.0024445780993548032,0
2023-03-24T17:58:55Z,2023-03-24T17:59:00Z,5.576010469993727e-05,0.0023834615761319684,0.0024392216808319057,0
2023-03-24T17:58:55Z,2023-03-24T17:59:00Z,6.0765734034177576e-05,0.00237165211502668,0.0024324178490608577,0
2023-03-24T17:58:55Z,2023-03-24T17:59:00Z,4.8913941008379546e-05,0.002376600522848925,0.0024255144638573047,0
2023-03-24T17:58:55Z,2023-03-24T17:59:00Z,5.218200887162003e-05,0.002365876562974666,0.002418058571846286,0
2023-03-24T17:58:55Z,2023-03-24T17:59:00Z,4.688081378290826e-05,0.0023640662736991304,0.0024109470874820386,0
2023-03-24T17:58:55Z,2023-03-24T17:59:00Z,4.9219090872517496e-05,0.002354859898718626,0.0024040789895911434,0
2023-03-24T17:58:55Z,2023-03-24T17:59:00Z,3.591434690233342e-05,0.0023619702543982075,0.002397884601300541,0
2023-03-24T17:58:55Z,2023-03-24T17:59:00Z,5.0748994167563576e-05,0.0023402856294806916,0.002391034623648255,0
2023-03-24T17:58:55Z,2023-03-24T17:59:00Z,4.230929142109508e-05,0.002341997586312356,0.002384306877733451,0
2023-03-24T17:58:55Z,2023-03-24T17:59:00Z,3.659452833320491e-05,0.0023397734856318987,0.0023763680139651036,0
2023-03-24T17:58:55Z,2023-03-24T17:59:00Z,1.3565717985013995e-05,0.002355388793703725,0.002368954511688739,0
2023-03-24T17:58:55Z,2023-03-24T17:59:00Z,1.1104519983207595e-05,0.002353154157198999,0.0023642586771822067,0
2023-03-24T17:58:55Z,2023-03-24T17:59:00Z,8.463625432429591e-06,0.0023526566523539494,0.002361120277786379,0
2023-03-24T17:58:55Z,2023-03-24T17:59:00Z,3.233089992090094e-05,0.002326759671422922,0.002359090571343823,0
2023-03-24T17:58:55Z,2023-03-24T17:59:00Z,3.133445651506495e-05,0.0023251890378472567,0.0023565234943623216,0
2023-03-24T17:58:55Z,2023-03-24T17:59:00Z,2.7800668730228878e-05,0.0023249817886651127,0.0023527824573953415,0
2023-03-24T17:58:55Z,2023-03-24T17:59:00Z,3.109876849911961e-05,0.0023173993984794165,0.002348498166978536,0
2023-03-24T17:58:55Z,2023-03-24T17:59:00Z,3.655265762641472e-05,0.0023085376114929915,0.002345090269119406,0
2023-03-24T17:58:55Z,2023-03-24T17:59:00Z,3.2352171542403795e-05,0.0023088491913086933,0.002341201362851097,0
2023-03-24T17:58:55Z,2023-03-24T17:59:00Z,2.1911410737909722e-05,0.0023154297615110508,0.0023373411722489605,0
2023-03-24T17:58:55Z,2023-03-24T17:59:00Z,2.2698797612894818e-05,0.002310215619378606,0.002332914416991501,0
2023-03-24T17:58:55Z,2023-03-24T17:59:00Z,2.6389499207793085e-05,0.002304453595452904,0.0023308430946606972,0
2023-03-24T17:58:55Z,2023-03-24T17:59:00Z,2.322741179230795e-05,0.00230496718562391,0.002328194597416218,0
2023-03-24T17:58:55Z,2023-03-24T17:59:00Z,2.7360023539896305e-05,0.002297891249694739,0.0023252512732346354,0
2023-03-24T17:58:55Z,2023-03-24T17:59:00Z,3.2696161826554354e-05,0.002288353310734763,0.0023210494725613173,0
2023-03-24T17:58:55Z,2023-03-24T17:59:00Z,5.007405503036286e-05,0.002266370175238933,0.002316444230269296,0
2023-03-24T17:58:55Z,2023-03-24T17:59:00Z,4.4527438269663985e-05,0.0022665581801980333,0.0023110856184676972,0
2023-03-24T17:58:55Z,2023-03-24T17:59:00Z,6.915115968039471e-05,0.0022369020007719704,0.002306053160452365,0
2023-03-24T17:58:55Z,2023-03-24T17:59:00Z,7.531285645576884e-05,0.002225854399192494,0.0023011672556482628,0
2023-03-24T17:58:55Z,2023-03-24T17:59:00Z,4.216214622072096e-05,0.002251665127103113,0.002293827273323834,0
2023-03-24T17:58:55Z,2023-03-24T17:59:00Z,4.936592493546806e-05,0.0022368325984477894,0.0022861985233832574,0
2023-03-24T17:58:55Z,2023-03-24T17:59:00Z,3.739655869960858e-05,0.002244062590984492,0.0022814591496841006,0
2023-03-24T17:58:55Z,2023-03-24T17:59:00Z,2.24296459504854e-05,0.0022530281209952067,0.002275457766945692,0
2023-03-24T17:58:55Z,2023-03-24T17:59:00Z,1.3192151834364937e-05,0.0022563183509007804,0.0022695105027351454,0
2023-03-24T17:58:55Z,2023-03-24T17:59:00Z,3.0099285045761745e-06,0.002261734949365286,0.0022647448778698623,0
2023-03-24T17:58:55Z,2023-03-24T17:59:00Z,6.509271999303751e-06,0.002267242879489822,0.0022607336074905184,0
2023-03-24T17:58:55Z,2023-03-24T17:59:00Z,3.1588965220465115e-05,0.0022887198863560986,0.0022571309211356335,0
2023-03-24T17:58:55Z,2023-03-24T17:59:00Z,3.268914263635566e-05,0.002287266032921579,0.0022545768902852235,0
2023-03-24T17:58:55Z,2023-03-24T17:59:00Z,3.3293220723835254e-05,0.002287900658977503,0.0022546074382536678,0
2023-03-24T17:58:55Z,2023-03-24T17:59:00Z,3.5872997247050724e-05,0.0022922217569742724,0.0022563487597272217,0
2023-03-24T17:58:55Z,2023-03-24T17:59:00Z,3.547462441403455e-05,0.0022936019240395455,0.002258127299625511,0
2023-03-24T17:58:55Z,2023-03-24T17:59:00Z,3.2498802921855034e-05,0.0022952360822308913,0.0022627372793090363,0
2023-03-24T17:58:55Z,2023-03-24T17:59:00Z,1.2442665222162606e-05,0.0022808255716017865,0.002268382906379624,0
2023-03-24T17:58:55Z,2023-03-24T17:59:00Z,2.7905210185648777e-05,0.0022999190294925873,0.0022720138193069385,0
2023-03-24T17:58:55Z,2023-03-24T17:59:00Z,3.115569535701171e-05,0.002306835595760117,0.0022756799004031054,0
2023-03-24T17:58:55Z,2023-03-24T17:59:00Z,2.933922828077251e-05,0.0023096738318928857,0.002280334603612113,0
2023-03-24T17:58:55Z,2023-03-24T17:59:00Z,2.6767450487849304e-05,0.002311586010330372,0.0022848185598425227,0
2023-03-24T17:58:55Z,2023-03-24T17:59:00Z,3.2779246580698276e-05,0.0023220440965058963,0.002289264849925198,0
2023-03-24T17:58:55Z,2023-03-24T17:59:00Z,2.682258993793544e-05,0.0023202416949435574,0.002293419105005622,0
2023-03-24T17:58:55Z,2023-03-24T17:59:00Z,3.0154492957311374e-05,0.002328140366047606,0.0022979858730902947,0
2023-03-24T17:58:55Z,2023-03-24T17:59:00Z,2.2909303439604383e-05,0.002323521993912187,0.002300612690472583,0
2023-03-24T17:58:55Z,2023-03-24T17:59:00Z,2.706682175885591e-05,0.0023310857066586076,0.0023040188848997517,0
2023-03-24T17:58:55Z,2023-03-24T17:59:00Z,2.448592024568595e-05,0.002331473249723328,0.002306987329477642,0
2023-03-24T17:58:55Z,2023-03-24T17:59:00Z,2.5356850732194142e-05,0.0023355828426835307,0.0023102259919513366,0
2023-03-24T17:58:55Z,2023-03-24T17:59:00Z,1.8832656504309125e-05,0.0023322145922626274,0.0023133819357583183,0
2023-03-24T17:58:55Z,2023-03-24T17:59:00Z,2.0485993122292077e-05,0.0023372301589183304,0.0023167441657960383,0
2023-03-24T17:58:55Z,2023-03-24T17:59:00Z,1.2162298487195054e-05,0.002333188882671637,0.002321026584184442,0
2023-03-24T17:58:55Z,2023-03-24T17:59:00Z,1.2109360147670532e-05,0.0023362452051175907,0.00232413584496992,0
2023-03-24T17:58:55Z,2023-03-24T17:59:00Z,7.123515201851172e-06,0.0023334554674143983,0.002326331952212547,0
2023-03-24T17:58:55Z,2023-03-24T17:59:00Z,8.529120827210825e-06,0.0023370753541418167,0.002328546233314606,0
2023-03-24T17:58:55Z,2023-03-24T17:59:00Z,1.4699737331948064e-05,0.002345068425403556,0.002330368688071608,0
2023-03-24T17:58:55Z,2023-03-24T17:59:00Z,1.3896023990257484e-05,0.0023455173168648587,0.002331621292874601,0
2023-03-24T17:58:55Z,2023-03-24T17:59:00Z,4.092536180125717e-06,0.002337782723259727,0.002333690187079601,0
2023-03-24T17:58:55Z,2023-03-24T17:59:00Z,4.206594615314974e-06,0.002330931671699057,0.002335138266314372,0
2023-03-24T17:58:55Z,2023-03-24T17:59:00Z,2.7600722048463575e-06,0.002333566588221821,0.0023363266604266675,0
2023-03-24T17:58:55Z,2023-03-24T17:59:00Z,2.51391657447083e-07,0.002336565215837485,0.002336313824180038,0
2023-03-24T17:58:55Z,2023-03-24T17:59:00Z,1.1213826731160462e-06,0.002337609651728029,0.0023364882690549127,0