sTime,eTime,Change,Value,Mean_last_8,real_label
2023-03-24T14:00:00Z,2023-03-24T14:00:00Z,None,0.0034457610755950665,None,0
2023-03-24T14:00:55Z,2023-03-24T14:01:00Z,None,0.003436428818614332,None,0
2023-03-24T14:00:55Z,2023-03-24T14:01:00Z,None,0.0034358108227183115,None,0
2023-03-24T14:00:55Z,2023-03-24T14:01:00Z,None,0.003438267024905394,None,0
2023-03-24T14:00:55Z,2023-03-24T14:01:00Z,None,0.0034250996738285763,None,0
2023-03-24T14:00:55Z,2023-03-24T14:01:00Z,None,0.0033992978875663823,None,0
2023-03-24T14:00:55Z,2023-03-24T14:01:00Z,None,0.0034508621269728926,None,0
2023-03-24T14:00:55Z,2023-03-24T14:01:00Z,None,0.003454962085952703,None,0
2023-03-24T14:00:55Z,2023-03-24T14:01:00Z,7.331783853051351e-05,0.003506393185702079,0.0034330753471715656,0
2023-03-24T14:00:55Z,2023-03-24T14:01:00Z,0.00015742917249675532,0.0035918189497194113,0.003434389777222656,0
2023-03-24T14:00:55Z,2023-03-24T14:01:00Z,0.00017196646364009806,0.003616351150446718,0.00344438468680662,0
2023-03-24T14:00:55Z,2023-03-24T14:01:00Z,0.00010347099129122449,0.0035701425533837157,0.003466671562092491,0
2023-03-24T14:00:55Z,2023-03-24T14:01:00Z,6.010740360498819e-05,0.0035522195550605254,0.0034921121514555373,0
2023-03-24T14:01:55Z,2023-03-24T14:02:00Z,8.374107432524477e-06,0.003504458455388033,0.0035128325628205575,0
2023-03-24T14:01:55Z,2023-03-24T14:02:00Z,8.807996416755094e-05,0.0036227584794872713,0.0035346785153197204,0
2023-03-24T14:01:55Z,2023-03-24T14:02:00Z,5.420256942114754e-05,0.003596537703085888,0.0035423351336647405,0
2023-03-24T14:01:55Z,2023-03-24T14:02:00Z,5.0442102452844754e-05,0.003616748149479667,0.003566306047026822,0
2023-03-24T14:01:55Z,2023-03-24T14:02:00Z,2.428868953053935e-05,0.003603472524755048,0.0035791838352245086,0
2023-03-24T14:01:55Z,2023-03-24T14:02:00Z,6.461193483530293e-05,0.003647357084311277,0.003582745149475974,0
2023-03-24T14:01:55Z,2023-03-24T14:02:00Z,2.318581708275931e-05,0.003604091162888495,0.0035809053458057357,0
2023-03-24T14:01:55Z,2023-03-24T14:02:00Z,1.1248963055392105e-05,0.0036031849561364935,0.0035919359930811014,0
2023-03-24T14:01:55Z,2023-03-24T14:02:00Z,1.2427039059506682e-05,0.003586919183711305,0.0035993462227708116,0
2023-03-24T14:01:55Z,2023-03-24T14:02:00Z,6.746584924415076e-05,0.0035459841593478694,0.00361345000859202,0
2023-03-24T14:01:55Z,2023-03-24T14:02:00Z,0.000174910479168627,0.0034334196300268263,0.0036083301091954533,0
2023-03-24T14:01:55Z,2023-03-24T14:02:00Z,0.00017349855356306844,0.0034276096208126676,0.003601108174375736,0
2023-03-24T14:02:55Z,2023-03-24T14:03:00Z,0.0001412557681911902,0.0034336626176912836,0.003574918385882474,0
2023-03-24T14:02:55Z,2023-03-24T14:03:00Z,0.00015406908561490075,0.003395726028275804,0.0035497951138907047,0
2023-03-24T14:02:55Z,2023-03-24T14:03:00Z,0.00017314945453359744,0.003346117878411394,0.0035192673329449914,0
2023-03-24T14:02:55Z,2023-03-24T14:03:00Z,0.0001310813016457209,0.0033584195834974575,0.0034895008851431784,0
2023-03-24T14:02:55Z,2023-03-24T14:03:00Z,0.00011587345009486313,0.0033369035668018724,0.0034527770168967355,0
2023-03-24T14:02:55Z,2023-03-24T14:03:00Z,0.0001649694373310859,0.0032551647795351,0.003420134216866186,0
2023-03-24T14:02:55Z,2023-03-24T14:03:00Z,0.00016073479300403272,0.0032295307677841535,0.0033902655607881862,0
2023-03-24T14:02:55Z,2023-03-24T14:03:00Z,0.00017939279204705469,0.0031854077900994567,0.0033648005821465114,0
2023-03-24T14:02:55Z,2023-03-24T14:03:00Z,0.00011164319115447878,0.003224860411987959,0.0033365036031424377,0
2023-03-24T14:02:55Z,2023-03-24T14:03:00Z,3.603297860962787e-05,0.003265005649162549,0.0033010386277721768,0
2023-03-24T14:02:55Z,2023-03-24T14:03:00Z,1.281714213957185e-06,0.0032753475398028128,0.00327662925401677,0
2023-03-24T14:02:55Z,2023-03-24T14:03:00Z,3.1024345484286734e-05,0.003296066138179793,0.0032650417926955062,0
2023-03-24T14:03:55Z,2023-03-24T14:04:00Z,0.00010082697061232493,0.003354001328494311,0.003253174357881986,0
2023-03-24T14:03:55Z,2023-03-24T14:04:00Z,9.651846638455367e-05,0.0033438589058919573,0.0032473404395074036,0
2023-03-24T14:03:55Z,2023-03-24T14:04:00Z,7.262228092871307e-05,0.0033340822274302894,0.0032614599465015763,0
2023-03-24T14:03:55Z,2023-03-24T14:04:00Z,6.940411528738848e-05,0.0033471966529472225,0.003277792537659834,0
2023-03-24T14:03:55Z,2023-03-24T14:04:00Z,8.111278328993979e-05,0.00338014452628275,0.00329903174299281,0
2023-03-24T14:03:55Z,2023-03-24T14:04:00Z,7.274522688407526e-05,0.0033892535757282082,0.003316508348844133,0
2023-03-24T14:03:55Z,2023-03-24T14:04:00Z,9.799365580606071e-05,0.0034309504156673654,0.0033329567598613047,0
2023-03-24T14:03:55Z,2023-03-24T14:04:00Z,0.0001280163003324541,0.0034772453510402445,0.0033492290507077904,0
2023-03-24T14:03:55Z,2023-03-24T14:04:00Z,8.981824587700775e-05,0.0034583164790830223,0.0033684982332060145,0
2023-03-24T14:03:55Z,2023-03-24T14:04:00Z,0.00010034040954018907,0.003486444931681337,0.003386104522141148,0
2023-03-24T14:03:55Z,2023-03-24T14:04:00Z,9.512529592406753e-05,0.0034975808999496536,0.003402455604025586,0
2023-03-24T14:03:55Z,2023-03-24T14:04:00Z,5.0516535326632864e-05,0.0034747382399595117,0.003424221704632879,0
2023-03-24T14:04:55Z,2023-03-24T14:05:00Z,7.532088487562007e-05,0.0035210260533659887,0.0034457051684903687,0
2023-03-24T14:04:55Z,2023-03-24T14:05:00Z,4.636851157619089e-05,0.0035055870677346682,0.0034592185561584774,0
2023-03-24T14:04:55Z,2023-03-24T14:05:00Z,1.4807082233130823e-05,0.0034928502780541488,0.003478043195821018,0
2023-03-24T14:04:55Z,2023-03-24T14:05:00Z,2.777490001779244e-05,0.0034609306746699827,0.003488705574687775,0
2023-03-24T14:04:55Z,2023-03-24T14:05:00Z,6.751768971915853e-05,0.0034234171602563175,0.003490934849975476,0
2023-03-24T14:04:55Z,2023-03-24T14:05:00Z,3.959595310458475e-05,0.0034517123533833144,0.003491308306487899,0
2023-03-24T14:04:55Z,2023-03-24T14:05:00Z,5.374600481612571e-05,0.0034285583343253417,0.0034823043391414674,0
2023-03-24T14:04:55Z,2023-03-24T14:05:00Z,0.00011121589130825985,0.0033645357983237306,0.0034757516896319904,0
2023-03-24T14:04:55Z,2023-03-24T14:05:00Z,7.108789133977765e-05,0.0033980666689159026,0.0034691545602556803,0
2023-03-24T14:04:55Z,2023-03-24T14:05:00Z,0.00010703878338855569,0.003339760026146802,0.0034467988095353576,0
2023-03-24T14:04:55Z,2023-03-24T14:05:00Z,6.985192034397172e-05,0.0033615868322172766,0.0034314387525612483,0
2023-03-24T14:05:55Z,2023-03-24T14:06:00Z,1.2359331159605795e-05,0.003397209385414879,0.0034095687165744846,0
2023-03-24T14:05:55Z,2023-03-24T14:06:00Z,9.647854160135198e-06,0.0033857288849211053,0.0033953767390812405,0
2023-03-24T14:05:55Z,2023-03-24T14:06:00Z,2.970362448162815e-05,0.0034213363957283777,0.0033916327712467495,0
2023-03-24T14:05:55Z,2023-03-24T14:06:00Z,3.503522730572426e-05,0.0034172417887721584,0.003382206561466434,0
2023-03-24T14:05:55Z,2023-03-24T14:06:00Z,1.3285230857410044e-05,0.0033944600868099925,0.0033811748559525825,0
2023-03-24T14:05:55Z,2023-03-24T14:06:00Z,8.787374239157143e-05,0.0034765780255510714,0.0033887042831595,0
2023-03-24T14:05:55Z,2023-03-24T14:06:00Z,6.256317784625147e-05,0.0034507522349906217,0.00338818905714437,0
2023-03-24T14:05:55Z,2023-03-24T14:06:00Z,2.684636711376741e-05,0.003434580852744462,0.0034077344856306944,0
2023-03-24T14:05:55Z,2023-03-24T14:06:00Z,1.682071811391064e-05,0.0034036516821986905,0.003420472400312601,0
2023-03-24T14:05:55Z,2023-03-24T14:06:00Z,4.576163293296262e-05,0.0033800495484267216,0.003425811181359684,0
2023-03-24T14:05:55Z,2023-03-24T14:06:00Z,6.974656209767166e-05,0.003358625018873096,0.0034283715809707675,0
2023-03-24T14:05:55Z,2023-03-24T14:06:00Z,5.9546219118009926e-05,0.0033629272408096642,0.003422473459927674,0
2023-03-24T14:05:55Z,2023-03-24T14:06:00Z,8.309352969794199e-06,0.0034057902826865848,0.003414099635656379,0
2023-03-24T14:06:55Z,2023-03-24T14:07:00Z,2.286506550819604e-05,0.0033867298778624223,0.0034095949433706183,0
2023-03-24T14:06:55Z,2023-03-24T14:07:00Z,3.501469511244578e-05,0.003364467713563246,0.003399482408675692,0
2023-03-24T14:06:55Z,2023-03-24T14:07:00Z,2.3188853867450645e-05,0.003367147503789927,0.0033903363576573775,0
2023-03-24T14:06:55Z,2023-03-24T14:07:00Z,2.326897292869801e-05,0.003357051221988506,0.003380320194917204,0
2023-03-24T14:06:55Z,2023-03-24T14:07:00Z,7.758846626395146e-05,0.0032975168460234287,0.00337510531228738,0
2023-03-24T14:06:55Z,2023-03-24T14:07:00Z,6.298595873591075e-05,0.0033088338783460107,0.0033718198370819214,0
2023-03-24T14:06:55Z,2023-03-24T14:07:00Z,9.871130287357564e-06,0.0033729612283907545,0.003363090098103397,0
2023-03-24T14:06:55Z,2023-03-24T14:07:00Z,1.4863290267037345e-05,0.003340499184627267,0.003355362474894304,0
2023-03-24T14:06:55Z,2023-03-24T14:07:00Z,4.656238475575676e-06,0.003346016371519324,0.0033506726099948995,0
2023-03-24T14:06:55Z,2023-03-24T14:07:00Z,1.1066434639654676e-05,0.003355134659886675,0.00334406822524702,0
2023-03-24T14:06:55Z,2023-03-24T14:07:00Z,7.293482982942932e-05,0.003414367149070175,0.0033414323192407455,0
2023-03-24T14:06:55Z,2023-03-24T14:07:00Z,2.6178189721582593e-05,0.0033658943884047206,0.003339716198683138,0
2023-03-24T14:07:55Z,2023-03-24T14:08:00Z,7.846538080532629e-05,0.00342636956907156,0.003347904188266234,0
2023-03-24T14:07:55Z,2023-03-24T14:08:00Z,4.427436101793426e-05,0.003401946769624352,0.0033576724086064177,0
2023-03-24T14:07:55Z,2023-03-24T14:08:00Z,5.283932440626384e-05,0.0034273025459734745,0.0033744632215672106,0
2023-03-24T14:07:55Z,2023-03-24T14:08:00Z,6.761395520260257e-05,0.003446217968374613,0.0033786040131720103,0
2023-03-24T14:07:55Z,2023-03-24T14:08:00Z,3.940215014377763e-05,0.0034304066435081036,0.003391004493364326,0
2023-03-24T14:07:55Z,2023-03-24T14:08:00Z,4.475322062704422e-05,0.0034500722278278406,0.0034053190072007964,0
2023-03-24T14:07:55Z,2023-03-24T14:08:00Z,4.0149536904641146e-05,0.0033759226108135013,0.0034160721477181424,0
2023-03-24T14:07:55Z,2023-03-24T14:08:00Z,3.3883497665300206e-05,0.003455056370920252,0.003421172873254952,0
2023-03-24T14:07:55Z,2023-03-24T14:08:00Z,2.50621772838475e-05,0.003447667653740054,0.0034226054764562065,0
2023-03-24T14:07:55Z,2023-03-24T14:08:00Z,2.084685557206126e-05,0.0034475504465780803,0.003426703591006019,0
2023-03-24T14:07:55Z,2023-03-24T14:08:00Z,8.222537412150722e-05,0.0033510097717581837,0.003433235145879691,0
2023-03-24T14:07:55Z,2023-03-24T14:08:00Z,8.704545463699646e-05,0.0033490822484719238,0.0034361277031089202,0
2023-03-24T14:08:55Z,2023-03-24T14:09:00Z,7.354612065924677e-05,0.00334898041150447,0.0034225265321637167,0
2023-03-24T14:08:55Z,2023-03-24T14:09:00Z,6.893639875333799e-05,0.0033419723626909245,0.0034109087614442625,0
2023-03-24T14:08:55Z,2023-03-24T14:09:00Z,6.355143049348788e-05,0.0033329156429045786,0.0033964670733980665,0
2023-03-24T14:08:55Z,2023-03-24T14:09:00Z,6.485782232849152e-05,0.003326759215623493,0.0033916170379519844,0
2023-03-24T14:08:55Z,2023-03-24T14:09:00Z,1.7384447184086264e-05,0.00339155280970526,0.0033741683625211735,0
2023-03-24T14:08:55Z,2023-03-24T14:09:00Z,7.212391853390074e-05,0.003429019647038423,0.0033568957285045223,0
2023-03-24T14:08:55Z,2023-03-24T14:09:00Z,7.457461583234909e-05,0.0034234706819264685,0.0033488960660941194,0
2023-03-24T14:08:55Z,2023-03-24T14:09:00Z,3.597427291487628e-05,0.003396014606906173,0.0033600403339912968,0
2023-03-24T14:08:55Z,2023-03-24T14:09:00Z,4.890972891631292e-05,0.0034195769819725438,0.003370667253056231,0
2023-03-24T14:08:55Z,2023-03-24T14:09:00Z,3.960414829148797e-06,0.0033813468386570517,0.003377386423827903,0
2023-03-24T14:08:55Z,2023-03-24T14:09:00Z,3.2443536529778126e-05,0.003356029261481213,0.003388472798010991,0
2023-03-24T14:09:55Z,2023-03-24T14:10:00Z,7.533645530447171e-05,0.003320055084956873,0.0033953915402613445,0
2023-03-24T14:09:55Z,2023-03-24T14:10:00Z,9.454099930197683e-05,0.0033050319760818984,0.0033995729753838752,0
2023-03-24T14:09:55Z,2023-03-24T14:10:00Z,4.280527944172403e-05,0.0034321642941472588,0.0033893590147055347,0
2023-03-24T14:09:55Z,2023-03-24T14:10:00Z,1.732224763552337e-05,0.003354324242647651,0.0033716464902831746,0
2023-03-24T14:09:55Z,2023-03-24T14:10:00Z,1.1124142892011968e-05,0.003361764291994133,0.003372888434886145,0
2023-03-24T14:09:55Z,2023-03-24T14:10:00Z,1.6234376549496832e-07,0.003366770324798004,0.003366932668563499,0
2023-03-24T14:09:55Z,2023-03-24T14:10:00Z,2.892014023698434e-06,0.0033557816988285987,0.003358673712852297,0
2023-03-24T14:09:55Z,2023-03-24T14:10:00Z,1.2057511242247534e-05,0.0033686488649718235,0.003356591353729576,0
2023-03-24T14:09:55Z,2023-03-24T14:10:00Z,0.00010975515375079596,0.003466311141387141,0.003356555987636345,0
2023-03-24T14:09:55Z,2023-03-24T14:10:00Z,0.00013022548532328317,0.003493723441533193,0.00336349795620991,0
2023-03-24T14:09:55Z,2023-03-24T14:10:00Z,0.00011233998536219932,0.0034988778223300006,0.0033865378369678013,0
2023-03-24T14:09:55Z,2023-03-24T14:10:00Z,7.538863785593909e-05,0.003470720638736017,0.0033953320008800777,0
2023-03-24T14:09:55Z,2023-03-24T14:10:00Z,4.579684147512121e-05,0.0034617793537383918,0.0034159825122632706,0
2023-03-24T14:10:55Z,2023-03-24T14:11:00Z,1.449623632037659e-06,0.0034329973282870054,0.0034315477046549677,0
2023-03-24T14:10:55Z,2023-03-24T14:11:00Z,0.00013775481921463831,0.003307365603860385,0.0034451204230750232,0
2023-03-24T14:10:55Z,2023-03-24T14:11:00Z,0.00021132226021075215,0.003244828967072615,0.0034561512272833672,0
2023-03-24T14:10:55Z,2023-03-24T14:11:00Z,0.00011559332971509528,0.003331803145980924,0.003447396475696019,0
2023-03-24T14:10:55Z,2023-03-24T14:11:00Z,6.129156793000575e-06,0.0034218853218726587,0.003415756165079658,0
2023-03-24T14:10:55Z,2023-03-24T14:11:00Z,2.3224877653685912e-05,0.0034158495719401626,0.0033926246942864767,0
2023-03-24T14:10:55Z,2023-03-24T14:11:00Z,9.54828885969968e-05,0.0034771086542467106,0.003381625765649714,0
2023-03-24T14:10:55Z,2023-03-24T14:11:00Z,5.271122189422911e-06,0.0033790581640111574,0.0033737870418217345,0
2023-03-24T14:10:55Z,2023-03-24T14:11:00Z,4.518141373092196e-05,0.00333079552816343,0.003375976941894352,0
2023-03-24T14:10:55Z,2023-03-24T14:11:00Z,3.2107396742488224e-05,0.0033361639502553133,0.0033682713469978015,0
2023-03-24T14:10:55Z,2023-03-24T14:11:00Z,3.180178819316365e-05,0.0034034202672342576,0.003371618479041094,0
2023-03-24T14:10:55Z,2023-03-24T14:11:00Z,8.426887051544507e-05,0.0034689352042969242,0.003384666333781479,0
2023-03-24T14:11:55Z,2023-03-24T14:12:00Z,7.536934719745139e-05,0.003470266698300835,0.003394897351103384,0
2023-03-24T14:11:55Z,2023-03-24T14:12:00Z,0.00011309697145158414,0.0035147157343298637,0.0034016187628782796,0
2023-03-24T14:11:55Z,2023-03-24T14:12:00Z,9.486294936929306e-05,0.0035042555874419544,0.0034093926380726614,0
2023-03-24T14:11:55Z,2023-03-24T14:12:00Z,9.749932306146606e-05,0.003512264401146006,0.00341476507808454,0
2023-03-24T14:11:55Z,2023-03-24T14:12:00Z,3.208792790200098e-05,0.0034647383521909407,0.0034326504242889397,0
2023-03-24T14:11:55Z,2023-03-24T14:12:00Z,5.295802849392172e-05,0.0034056165205068145,0.003458574549000736,0
2023-03-24T14:11:55Z,2023-03-24T14:12:00Z,0.00011721528543187209,0.003359727035273954,0.0034769423207058263,0
2023-03-24T14:11:55Z,2023-03-24T14:12:00Z,0.00010576812621438097,0.003371487944958953,0.003477256071173334,0
2023-03-24T14:11:55Z,2023-03-24T14:12:00Z,3.818123137509007e-05,0.0034234736727949628,0.003461654904170053,0
2023-03-24T14:11:55Z,2023-03-24T14:12:00Z,4.464313192130247e-06,0.0034520079668847715,0.003447543653692641,0
2023-03-24T14:11:55Z,2023-03-24T14:12:00Z,3.2800548175603364e-05,0.0034673096216489728,0.0034345090734733694,0
2023-03-24T14:11:55Z,2023-03-24T14:12:00Z,6.326916791894299e-05,0.0033637759597605426,0.0034270451276794856,0
2023-03-24T14:12:55Z,2023-03-24T14:13:00Z,9.390979642701644e-05,0.0033267132198957503,0.0034206230163227667,0
2023-03-24T14:12:55Z,2023-03-24T14:13:00Z,4.684925568772301e-05,0.0033593505617164157,0.0034061998174041387,0
2023-03-24T14:12:55Z,2023-03-24T14:13:00Z,3.648963213053434e-05,0.003358438285186309,0.0033949279173168434,0
2023-03-24T14:12:55Z,2023-03-24T14:13:00Z,5.9702731800534686e-05,0.003335171403579518,0.0033948741353800526,0
2023-03-24T14:12:55Z,2023-03-24T14:13:00Z,6.579905418966627e-05,0.003327210844080009,0.0033930098982696754,0
2023-03-24T14:12:55Z,2023-03-24T14:13:00Z,4.0655636574806874e-05,0.003339739651806948,0.0033803952883817547,0
2023-03-24T14:12:55Z,2023-03-24T14:13:00Z,6.508292708837021e-05,0.0032974842008927033,0.0033625671279810736,0
2023-03-24T14:12:55Z,2023-03-24T14:13:00Z,8.900402340039724e-05,0.0032553388231746725,0.0033443428465750697,0
2023-03-24T14:12:55Z,2023-03-24T14:13:00Z,0.00012393607760865545,0.0032109365176995804,0.003334872595308236,0
2023-03-24T14:12:55Z,2023-03-24T14:13:00Z,0.00010371692401153244,0.003220959328907978,0.0033246762529195104,0
2023-03-24T14:12:55Z,2023-03-24T14:13:00Z,8.455892340252305e-05,0.0032189153232288687,0.0033034742466313918,0
2023-03-24T14:12:55Z,2023-03-24T14:13:00Z,3.264472483913063e-05,0.0032511896708953564,0.003283834395734487,0
2023-03-24T14:13:55Z,2023-03-24T14:14:00Z,3.6559456375275055e-05,0.0033037858406310978,0.0032672263842558227,0
2023-03-24T14:13:55Z,2023-03-24T14:14:00Z,2.0358952234357172e-05,0.0032767251688923726,0.0032563662166580154,0
2023-03-24T14:13:55Z,2023-03-24T14:14:00Z,7.765228179726141e-05,0.003328882239715869,0.0032512299579186077,0
2023-03-24T14:13:55Z,2023-03-24T14:14:00Z,8.715177773983666e-05,0.0033354161596583975,0.003248264381918561,0
2023-03-24T14:13:55Z,2023-03-24T14:14:00Z,0.00012410990288187458,0.003382880487163464,0.0032587705842815895,0
2023-03-24T14:13:55Z,2023-03-24T14:14:00Z,8.979086807819371e-05,0.0033663442583538998,0.003276553390275706,0
2023-03-24T14:13:55Z,2023-03-24T14:14:00Z,4.1705160103536285e-05,0.0033413901444157403,0.003299684984312204,0
2023-03-24T14:13:55Z,2023-03-24T14:14:00Z,2.485664709591176e-07,0.0033204976942876776,0.0033207462607586368,0
2023-03-24T14:13:55Z,2023-03-24T14:14:00Z,3.0961517997112574e-05,0.003302670524693008,0.0033336320426901205,0
2023-03-24T14:13:55Z,2023-03-24T14:14:00Z,7.811365623818607e-05,0.00325790579411716,0.003336019450355346,0
2023-03-24T14:13:55Z,2023-03-24T14:14:00Z,9.58293062634898e-05,0.003243896623491947,0.0033397259297554367,0
2023-03-24T14:13:55Z,2023-03-24T14:14:00Z,0.00011604949933583138,0.003213536938191218,0.0033295864375270496,0
2023-03-24T14:14:55Z,2023-03-24T14:15:00Z,0.00015350592154315685,0.003163006296531543,0.0033165122180747,0
2023-03-24T14:14:55Z,2023-03-24T14:15:00Z,5.800312744057333e-05,0.003234317155066662,0.0032923202825072355,0
2023-03-24T14:14:55Z,2023-03-24T14:15:00Z,2.8802462166311812e-05,0.003234469540080587,0.0032632720022468986,0
2023-03-24T14:14:55Z,2023-03-24T14:15:00Z,1.0065196380983164e-05,0.003258041057292299,0.003247975860911316,0
2023-03-24T14:14:55Z,2023-03-24T14:15:00Z,9.612107812772153e-06,0.003226074016783246,0.003235686124596018,0
2023-03-24T14:14:55Z,2023-03-24T14:15:00Z,7.5516137722311284e-06,0.0032368621001681477,0.0032293104863959166,0
2023-03-24T14:14:55Z,2023-03-24T14:15:00Z,2.3443942918155176e-05,0.0032482070325520846,0.0032247630896339295,0
2023-03-24T14:14:55Z,2023-03-24T14:15:00Z,6.207374083012657e-06,0.003229965531813542,0.0032237581577305293,0
2023-03-24T14:14:55Z,2023-03-24T14:15:00Z,5.5458841516649315e-05,0.0032841698698701594,0.00322871102835351,0
2023-03-24T14:14:55Z,2023-03-24T14:15:00Z,7.819862314802821e-05,0.0033164752565418235,0.0032382766333937953,0
2023-03-24T14:14:55Z,2023-03-24T14:15:00Z,6.733839581377814e-05,0.0033127368456080733,0.003245398449794295,0
2023-03-24T14:14:55Z,2023-03-24T14:15:00Z,6.976613035795508e-05,0.0033268796825038555,0.0032571135521459005,0
2023-03-24T14:15:55Z,2023-03-24T14:16:00Z,7.164589745602698e-05,0.003336573133647038,0.003264927236191011,0
2023-03-24T14:15:55Z,2023-03-24T14:16:00Z,7.392740209310241e-06,0.0032719353053703598,0.00327932804557967,0
2023-03-24T14:15:55Z,2023-03-24T14:16:00Z,5.2753326102048144e-05,0.0032408191528317484,0.0032935724789337965,0
2023-03-24T14:15:55Z,2023-03-24T14:16:00Z,8.383572917258731e-05,0.0032131265030209627,0.00329696223219355,0
2023-03-24T14:15:55Z,2023-03-24T14:16:00Z,0.0001018545205583709,0.003196658228923495,0.003298512749481866,0
2023-03-24T14:15:55Z,2023-03-24T14:16:00Z,0.00013084913627972854,0.003157514560795109,0.0032883636970748374,0
2023-03-24T14:15:55Z,2023-03-24T14:16:00Z,0.00010076340785527887,0.0031704835709883685,0.0032712469788436474,0
2023-03-24T14:15:55Z,2023-03-24T14:16:00Z,0.00010223111886976293,0.0031468412478577465,0.0032490723667275095,0
2023-03-24T14:15:55Z,2023-03-24T14:16:00Z,0.00010694818588126952,0.003119781879201171,0.0032267300650824404,0
2023-03-24T14:15:55Z,2023-03-24T14:16:00Z,8.822004371140686e-05,0.0031114054662582775,0.0031996255099696843,0
2023-03-24T14:15:55Z,2023-03-24T14:16:00Z,3.0561343684437376e-05,0.003147327962546791,0.0031778893062312285,0
2023-03-24T14:16:55Z,2023-03-24T14:17:00Z,2.7389959018568177e-05,0.003132011677702165,0.003159401636720733,0
2023-03-24T14:16:55Z,2023-03-24T14:17:00Z,2.0243625592270345e-05,0.003129758219632152,0.0031500018452244225,0
2023-03-24T14:16:55Z,2023-03-24T14:17:00Z,8.791852874633944e-07,0.003139887438333912,0.0031407666236213756,0
2023-03-24T14:16:55Z,2023-03-24T14:17:00Z,1.3948847358013789e-05,0.003150750279384681,0.0031368014320266673,0
2023-03-24T14:16:55Z,2023-03-24T14:17:00Z,7.482255266315959e-05,0.003207253108596333,0.0031324305559331735,0
2023-03-24T14:16:55Z,2023-03-24T14:17:00Z,0.00014320191791196034,0.0032761909069204103,0.00313298898900845,0
2023-03-24T14:16:55Z,2023-03-24T14:17:00Z,0.000169920886241529,0.003315405765163573,0.003145484878922044,0
2023-03-24T14:16:55Z,2023-03-24T14:17:00Z,0.00018340527540489484,0.0033524309315643877,0.003169025656159493,0
2023-03-24T14:16:55Z,2023-03-24T14:17:00Z,0.00013474025769850875,0.003327777028517541,0.003193036770819032,0
2023-03-24T14:16:55Z,2023-03-24T14:17:00Z,8.163298299302367e-05,0.0033061582186495165,0.003224525235656493,0
2023-03-24T14:16:55Z,2023-03-24T14:17:00Z,5.435047684214508e-05,0.003307164113767979,0.003252813636925834,0
2023-03-24T14:16:55Z,2023-03-24T14:17:00Z,1.8537952850987242e-05,0.0032951045583933356,0.0032765666055423483,0
2023-03-24T14:16:55Z,2023-03-24T14:17:00Z,3.707011347908089e-05,0.0032618413255465963,0.003298911439025677,0
2023-03-24T14:17:55Z,2023-03-24T14:18:00Z,5.568835200823541e-05,0.0032557732941312996,0.003311461646139535,0
2023-03-24T14:17:55Z,2023-03-24T14:18:00Z,0.00010609026040359331,0.003203321445539682,0.003309411705943275,0
2023-03-24T14:17:55Z,2023-03-24T14:18:00Z,0.0001611980293999963,0.003139694752110097,0.0033008927815100933,0
2023-03-24T14:17:55Z,2023-03-24T14:18:00Z,0.0001197605251040206,0.003159830901259687,0.0032795914263637075,0
2023-03-24T14:17:55Z,2023-03-24T14:18:00Z,5.55489426271932e-05,0.003197173587106879,0.003252722529734072,0
2023-03-24T14:17:55Z,2023-03-24T14:18:00Z,6.060060009670373e-05,0.0031712180271531074,0.003231818627249811,0
2023-03-24T14:17:55Z,2023-03-24T14:18:00Z,2.7637644811524982e-05,0.003188468050058129,0.003216105694869654,0
2023-03-24T14:17:55Z,2023-03-24T14:18:00Z,2.3784449605701412e-05,0.0032221920685838934,0.003198407618978192,0
2023-03-24T14:17:55Z,2023-03-24T14:18:00Z,6.0393307239205597e-05,0.0032483190297190453,0.0031879257224798397,0
2023-03-24T14:17:55Z,2023-03-24T14:18:00Z,6.644252768964794e-05,0.003249570932234144,0.003183128404544496,0
2023-03-24T14:17:55Z,2023-03-24T14:18:00Z,9.468260332108104e-05,0.0032842392341769157,0.0031895566308558347,0
2023-03-24T14:17:55Z,2023-03-24T14:18:00Z,0.00010217817264401938,0.003307431400660432,0.0032052532280164125,0
2023-03-24T14:18:55Z,2023-03-24T14:19:00Z,6.398279691020295e-05,0.003287008643914791,0.003223025847004588,0
2023-03-24T14:18:55Z,2023-03-24T14:19:00Z,6.86861818967625e-06,0.0032456455814162,0.003238776963226524,0
2023-03-24T14:18:55Z,2023-03-24T14:19:00Z,7.703648658115205e-05,0.003178281993325612,0.003255318479906764,0
2023-03-24T14:18:55Z,2023-03-24T14:19:00Z,0.00011749906077724746,0.003145987637894956,0.0032634866986722033,0
2023-03-24T14:18:55Z,2023-03-24T14:19:00Z,0.00018130203159147547,0.0030759117991866875,0.003257213830778163,0
2023-03-24T14:18:55Z,2023-03-24T14:19:00Z,0.00012454857147678727,0.003118046489040791,0.0032425950605175784,0
2023-03-24T14:18:55Z,2023-03-24T14:19:00Z,0.00016133420175705286,0.0030564524111823172,0.00321778661293937,0
2023-03-24T14:18:55Z,2023-03-24T14:19:00Z,0.00013214394473051554,0.003061900847475123,0.0031940447922056384,0
2023-03-24T14:18:55Z,2023-03-24T14:19:00Z,3.68688627013572e-05,0.003195059513552979,0.0031581906508516217,0
2023-03-24T14:18:55Z,2023-03-24T14:19:00Z,8.860025163828474e-05,0.003214632645855669,0.0031260323942173844,0
2023-03-24T14:18:55Z,2023-03-24T14:19:00Z,8.334071985292716e-05,0.0032021465329469937,0.0031188058130940666,0
2023-03-24T14:18:55Z,2023-03-24T14:19:00Z,2.1650029218860632e-05,0.0031456487926743637,0.003123998763455503,0
2023-03-24T14:19:55Z,2023-03-24T14:20:00Z,3.372272766592613e-05,0.0030982987350827254,0.0031320214627486515,0
2023-03-24T14:19:55Z,2023-03-24T14:20:00Z,4.337209769369847e-05,0.00309861179269605,0.0031419838903897486,0
2023-03-24T14:19:55Z,2023-03-24T14:20:00Z,3.8140221039801355e-05,0.0031010225616416517,0.003139162782681453,0
2023-03-24T14:19:55Z,2023-03-24T14:20:00Z,4.305193678319453e-05,0.0031021336146859345,0.003145185551469129,0
2023-03-24T14:19:55Z,2023-03-24T14:20:00Z,4.300726442556073e-05,0.003107767103353072,0.003150774367778633,0
2023-03-24T14:19:55Z,2023-03-24T14:20:00Z,5.9825061952227965e-05,0.003077674177416827,0.003137499239369055,0
2023-03-24T14:19:55Z,2023-03-24T14:20:00Z,6.832118919397308e-05,0.0030539115441032827,0.0031222327332972558,0
2023-03-24T14:19:55Z,2023-03-24T14:20:00Z,2.193531214964104e-05,0.003082515656071877,0.003104450968221518,0
2023-03-24T14:19:55Z,2023-03-24T14:20:00Z,7.72126095884289e-05,0.0030141330374086487,0.0030913456469970776,0
2023-03-24T14:19:55Z,2023-03-24T14:20:00Z,5.064944706969533e-05,0.003038441474354404,0.0030890909214240994,0
2023-03-24T14:19:55Z,2023-03-24T14:20:00Z,7.259711024079282e-05,0.00300442541757082,0.003077022527811613,0
2023-03-24T14:19:55Z,2023-03-24T14:20:00Z,9.557123765814189e-05,0.0029725111348267224,0.0030680823724848643,0
2023-03-24T14:20:55Z,2023-03-24T14:21:00Z,8.901455427265002e-05,0.0029651095043386265,0.0030541240586112765,0
2023-03-24T14:20:55Z,2023-03-24T14:21:00Z,5.6757952782938645e-05,0.0029780438246102877,0.0030348017773932263,0
2023-03-24T14:20:55Z,2023-03-24T14:21:00Z,6.301369286144639e-05,0.0029557074169491793,0.0030187211098106257,0
2023-03-24T14:20:55Z,2023-03-24T14:21:00Z,5.0455436101467036e-05,0.002957427428067303,0.00300788286416877,0
2023-03-24T14:20:55Z,2023-03-24T14:21:00Z,3.8126192691448606e-05,0.0029516412087455066,0.0029897674014369552,0
2023-03-24T14:20:55Z,2023-03-24T14:21:00Z,2.50271080311352e-05,0.003006693708133613,0.0029816666001024777,0
2023-03-24T14:20:55Z,2023-03-24T14:21:00Z,2.881813631612582e-05,0.0029980846984744756,0.0029692665621583497,0
2023-03-24T14:20:55Z,2023-03-24T14:21:00Z,4.402447871045684e-05,0.0030136150823777763,0.0029695906036673195,0
2023-03-24T14:20:55Z,2023-03-24T14:21:00Z,9.46649515008724e-05,0.0030679089214035856,0.0029732439699027132,0
2023-03-24T14:20:55Z,2023-03-24T14:21:00Z,8.536632569212856e-05,0.0030655396638861487,0.00298017333819402,0
2023-03-24T14:20:55Z,2023-03-24T14:21:00Z,8.020267750769158e-05,0.003073213886672183,0.0029930112091644916,0
2023-03-24T14:20:55Z,2023-03-24T14:21:00Z,7.247368806722948e-05,0.003081175218222717,0.0030087015301554876,0
2023-03-24T14:21:55Z,2023-03-24T14:22:00Z,7.138322779411815e-05,0.003096625680607445,0.003025242452813327,0
2023-03-24T14:21:55Z,2023-03-24T14:22:00Z,3.280167006308255e-05,0.003076548981373154,0.0030437473113100713,0
2023-03-24T14:21:55Z,2023-03-24T14:22:00Z,2.882716531603857e-05,0.0030854219012652283,0.0030565947359491898,0
2023-03-24T14:21:55Z,2023-03-24T14:22:00Z,4.17328251040021e-05,0.003109536744324432,0.00306780391922043,0
2023-03-24T14:21:55Z,2023-03-24T14:22:00Z,1.560714337767383e-05,0.0030936691795820253,0.0030780620362043515,0
2023-03-24T14:21:55Z,2023-03-24T14:22:00Z,4.076235793024855e-05,0.003043246510119938,0.0030840088680501865,0
2023-03-24T14:21:55Z,2023-03-24T14:22:00Z,6.548027827148889e-05,0.003022547092020967,0.0030880273702924557,0
2023-03-24T14:21:55Z,2023-03-24T14:22:00Z,7.423069521460051e-05,0.0030095156212846764,0.003083746316499277,0
2023-03-24T14:21:55Z,2023-03-24T14:22:00Z,7.566805524109738e-05,0.00299970281465793,0.0030753708698990274,0
2023-03-24T14:21:55Z,2023-03-24T14:22:00Z,5.988915631081112e-06,0.003056937660078979,0.00306292657571006,0
2023-03-24T14:21:55Z,2023-03-24T14:22:00Z,6.781163134430028e-05,0.0029841369205492996,0.0030519485518936,0
2023-03-24T14:21:55Z,2023-03-24T14:22:00Z,8.748111235471791e-05,0.0029603982622265607,0.0030478793745812786,0
2023-03-24T14:22:55Z,2023-03-24T14:23:00Z,8.488145748470526e-05,0.002945083656557268,0.0030299651140419733,0
2023-03-24T14:22:55Z,2023-03-24T14:23:00Z,2.7425994079576226e-05,0.0029835004174830447,0.003010926411562621,0
2023-03-24T14:22:55Z,2023-03-24T14:23:00Z,4.921893298779744e-06,0.0029919812534691744,0.002996903146767954,0
2023-03-24T14:22:55Z,2023-03-24T14:23:00Z,3.066724195080429e-05,0.00296065780845459,0.0029913250504053942,0
2023-03-24T14:22:55Z,2023-03-24T14:23:00Z,3.780989371669676e-05,0.0029510102470007684,0.002988820140717465,0
2023-03-24T14:22:55Z,2023-03-24T14:23:00Z,6.099498225991271e-05,0.0029222473004285043,0.002983242282688417,0
2023-03-24T14:22:55Z,2023-03-24T14:23:00Z,5.673947802995816e-05,0.002911370317075857,0.002968109795105815,0
2023-03-24T14:22:55Z,2023-03-24T14:23:00Z,0.00010188750582580935,0.002857380914977035,0.0029592684208028445,0
2023-03-24T14:22:55Z,2023-03-24T14:23:00Z,0.00017303736121392554,0.0027792270674245325,0.002952264428638458,0
2023-03-24T14:22:55Z,2023-03-24T14:23:00Z,0.0002051540316981241,0.0027345814338574437,0.002939735465555568,0
2023-03-24T14:22:55Z,2023-03-24T14:23:00Z,0.00014132932039770743,0.002769224238006644,0.0029105535584043516,0
2023-03-24T14:23:55Z,2023-03-24T14:24:00Z,0.00010609014068548852,0.002767692014917187,0.0028737821556026753,0
2023-03-24T14:23:55Z,2023-03-24T14:24:00Z,5.8076801236228194e-05,0.0027883577014453124,0.0028464345026815406,0
2023-03-24T14:23:55Z,2023-03-24T14:24:00Z,4.808491670206527e-05,0.002772161267110392,0.0028202461838124572,0
2023-03-24T14:23:55Z,2023-03-24T14:24:00Z,5.685515613475852e-05,0.0027442639421086713,0.00280111909824343,0
2023-03-24T14:23:55Z,2023-03-24T14:24:00Z,1.3969113930112267e-05,0.0027672629771753944,0.0027812320911055066,0
2023-03-24T14:23:55Z,2023-03-24T14:24:00Z,3.396916429706555e-06,0.00276846943998259,0.0027650725235528833,0
2023-03-24T14:23:55Z,2023-03-24T14:24:00Z,9.986619011005194e-05,0.0028632295579130588,0.002763363367803007,0
2023-03-24T14:23:55Z,2023-03-24T14:24:00Z,0.00010806023631681127,0.0028762647478519816,0.0027682045115351704,0
2023-03-24T14:23:55Z,2023-03-24T14:24:00Z,0.0001461525478145347,0.0029277863907649065,0.0027816338429503718,0
2023-03-24T14:23:55Z,2023-03-24T14:24:00Z,0.00020655420444771512,0.0030036984378173435,0.0027971442333696284,0
2023-03-24T14:23:55Z,2023-03-24T14:24:00Z,0.00017675410617083807,0.00299381672372898,0.0028170626175581417,0
2023-03-24T14:23:55Z,2023-03-24T14:24:00Z,0.00013266540714502529,0.002982804763375589,0.0028501393562305635,0
2023-03-24T14:24:55Z,2023-03-24T14:25:00Z,8.066523222564513e-05,0.0029664549858305386,0.0028857897536048935,0
2023-03-24T14:24:55Z,2023-03-24T14:25:00Z,5.758609229454493e-05,0.0029741675296423233,0.0029165814373477783,0
2023-03-24T14:24:55Z,2023-03-24T14:25:00Z,1.1351809658996254e-05,0.002956216896413625,0.0029448650867546287,0
2023-03-24T14:24:55Z,2023-03-24T14:25:00Z,2.8435328618472977e-07,0.0029609977217164222,0.0029607133684302375,0
2023-03-24T14:24:55Z,2023-03-24T14:25:00Z,1.7111779806482617e-05,0.002955023324132561,0.0029721351039390435,0
2023-03-24T14:24:55Z,2023-03-24T14:25:00Z,3.985441945097675e-05,0.0029370251603382832,0.00297687957978926,0
2023-03-24T14:24:55Z,2023-03-24T14:25:00Z,5.591328853930735e-05,0.002914012703580698,0.0029699259921200055,0
2023-03-24T14:24:55Z,2023-03-24T14:25:00Z,4.058719996857937e-05,0.002921225711667041,0.00296181291163562,0
2023-03-24T14:24:55Z,2023-03-24T14:25:00Z,1.3617512420835854e-05,0.0029383679621012284,0.0029519854745220643,0
2023-03-24T14:24:55Z,2023-03-24T14:25:00Z,1.2078948288416543e-05,0.0029334452013531484,0.002945524149641565,0
2023-03-24T14:24:55Z,2023-03-24T14:25:00Z,8.68393328446555e-06,0.0029317259924226576,0.002940409925707123,0
2023-03-24T14:24:55Z,2023-03-24T14:25:00Z,2.7402220937989847e-05,0.0029645590473507586,0.0029371568264127687,0
2023-03-24T14:24:55Z,2023-03-24T14:25:00Z,6.83051706011086e-05,0.0030012803214004825,0.002932975150799374,0
2023-03-24T14:25:55Z,2023-03-24T14:26:00Z,6.799614930487951e-05,0.0030023335462782815,0.002934337396973402,0
2023-03-24T14:25:55Z,2023-03-24T14:26:00Z,7.627755831844706e-05,0.0030197942640150205,0.0029435167056965734,0
2023-03-24T14:25:55Z,2023-03-24T14:26:00Z,6.451401645507764e-05,0.003020647985394163,0.0029561339689390853,0
2023-03-24T14:25:55Z,2023-03-24T14:26:00Z,5.972347144517741e-05,0.00302993866214826,0.0029702151907030827,0
2023-03-24T14:25:55Z,2023-03-24T14:26:00Z,7.275889099537169e-05,0.003054728370740302,0.00298196947974493,0
2023-03-24T14:25:55Z,2023-03-24T14:26:00Z,5.903318844450176e-05,0.0030547874483030195,0.0029957542598585177,0
2023-03-24T14:25:55Z,2023-03-24T14:26:00Z,2.8174246078371823e-05,0.003041500274267982,0.00301332602818961,0
2023-03-24T14:25:55Z,2023-03-24T14:26:00Z,5.6469879679272965e-06,0.003031862787722146,0.0030262157997542186,0
2023-03-24T14:25:55Z,2023-03-24T14:26:00Z,4.126309246547857e-05,0.003073224599772197,0.0030319615073067185,0
2023-03-24T14:25:55Z,2023-03-24T14:26:00Z,3.111369201443245e-05,0.00306729366238456,0.0030361799703701275,0
2023-03-24T14:25:55Z,2023-03-24T14:26:00Z,4.744051419352819e-06,0.0030390688240589433,0.003043812875478296,0
2023-03-24T14:25:55Z,2023-03-24T14:26:00Z,3.79728762837238e-05,0.003012503667336057,0.003050476543619781,0
2023-03-24T14:26:55Z,2023-03-24T14:27:00Z,7.974673217449194e-05,0.0029720341202896716,0.0030517808524641635,0
2023-03-24T14:26:55Z,2023-03-24T14:27:00Z,3.9425218694759834e-05,0.0030063235332830835,0.0030457487519778433,0
2023-03-24T14:26:55Z,2023-03-24T14:27:00Z,2.497191321422206e-05,0.0030588987611901586,0.0030339268479759366,0
2023-03-24T14:26:55Z,2023-03-24T14:27:00Z,2.1749154691735276e-05,0.0030506507539555436,0.0030289015992638084,0
2023-03-24T14:26:55Z,2023-03-24T14:27:00Z,3.237958356976838e-05,0.0030651434647575786,0.00303276388118781,0
2023-03-24T14:26:55Z,2023-03-24T14:27:00Z,3.049659550350206e-05,0.003060035641574647,0.003029539046071145,0
2023-03-24T14:26:55Z,2023-03-24T14:27:00Z,8.596902484767988e-05,0.0031152008998292565,0.0030292318749815766,0
2023-03-24T14:26:55Z,2023-03-24T14:27:00Z,7.3959565907754e-05,0.003106186700534431,0.003032227134626677,0
2023-03-24T14:26:55Z,2023-03-24T14:27:00Z,5.145956738777458e-05,0.0030983577352277658,0.003046898167839991,0
2023-03-24T14:26:55Z,2023-03-24T14:27:00Z,3.0279439826106334e-05,0.0030963422619867775,0.003066062822160671,0
2023-03-24T14:26:55Z,2023-03-24T14:27:00Z,1.96540893536829e-05,0.003098864654649309,0.003079210565295626,0
2023-03-24T14:26:55Z,2023-03-24T14:27:00Z,2.8237622037765014e-05,0.003112797258875765,0.003084559636838,0
2023-03-24T14:27:55Z,2023-03-24T14:28:00Z,4.235021204694557e-05,0.003133797548984055,0.0030914473369371095,0
2023-03-24T14:27:55Z,2023-03-24T14:28:00Z,7.452175313812752e-05,0.0031727767749492636,0.003098255021811136,0
2023-03-24T14:27:55Z,2023-03-24T14:28:00Z,3.165827559706465e-05,0.0031404507127524013,0.0031087924371553366,0
2023-03-24T14:27:55Z,2023-03-24T14:28:00Z,6.36599355359666e-05,0.0031806774977084476,0.003117017562172481,0
2023-03-24T14:27:55Z,2023-03-24T14:28:00Z,8.490119847607506e-05,0.003206813619536838,0.0031219124210607628,0
2023-03-24T14:27:55Z,2023-03-24T14:28:00Z,8.488005385751032e-05,0.0032185524409869414,0.003133672387129431,0
2023-03-24T14:27:55Z,2023-03-24T14:28:00Z,3.3055014038582946e-05,0.0031825090236751656,0.0031494540096365826,0
2023-03-24T14:27:55Z,2023-03-24T14:28:00Z,3.238787938436051e-05,0.0031341643854433127,0.0031665522648276732,0
2023-03-24T14:27:55Z,2023-03-24T14:28:00Z,5.7838963466309064e-05,0.003118672124904136,0.003176511088370445,0
2023-03-24T14:27:55Z,2023-03-24T14:28:00Z,7.63394557139938e-05,0.0031002240378649164,0.0031765634935789103,0
2023-03-24T14:27:55Z,2023-03-24T14:28:00Z,7.821012130262159e-05,0.0030906241365555556,0.0031688342578581772,0
2023-03-24T14:27:55Z,2023-03-24T14:28:00Z,8.897781992069304e-05,0.0030741097700964144,0.0031630875900171074,0
2023-03-24T14:28:55Z,2023-03-24T14:29:00Z,0.00011976848537534985,0.0030304543387627736,0.0031502228241381235,0
2023-03-24T14:28:55Z,2023-03-24T14:29:00Z,9.435264694164806e-05,0.0030369124844192726,0.0031312651313609207,0
2023-03-24T14:28:55Z,2023-03-24T14:29:00Z,5.846785945843626e-05,0.003045926114441889,0.0031043939739003254,0
2023-03-24T14:28:55Z,2023-03-24T14:29:00Z,5.964082521722628e-05,0.003023953643075114,0.00308359446829234,0
2023-03-24T14:28:55Z,2023-03-24T14:29:00Z,0.00012249759708513963,0.002948491403921283,0.0030709890010064225,0
2023-03-24T14:28:55Z,2023-03-24T14:29:00Z,0.00012062302826723603,0.002936834761049326,0.003057457789316562,0
2023-03-24T14:28:55Z,2023-03-24T14:29:00Z,0.00010310927620783405,0.002932672422545352,0.003035781698753186,0
2023-03-24T14:28:55Z,2023-03-24T14:29:00Z,0.00010246040660630328,0.002911351381360279,0.003013811787966582,0
2023-03-24T14:28:55Z,2023-03-24T14:29:00Z,9.360096260504483e-05,0.002900005489997099,0.002993606452602144,0
2023-03-24T14:28:55Z,2023-03-24T14:29:00Z,8.637053415215621e-05,0.002890221210249632,0.0029765917444017883,0
2023-03-24T14:28:55Z,2023-03-24T14:29:00Z,5.849525332797751e-05,0.0028985383490134995,0.002957033602341477,0
2023-03-24T14:28:55Z,2023-03-24T14:29:00Z,4.3532216817937074e-05,0.0028912578277817892,0.0029347900445997263,0
2023-03-24T14:29:55Z,2023-03-24T14:30:00Z,3.669024274628339e-05,0.0028801833312732126,0.002916873574019496,0
2023-03-24T14:29:55Z,2023-03-24T14:30:00Z,5.631275832764567e-05,0.0028523845905290657,0.0029086973488567113,0
2023-03-24T14:29:55Z,2023-03-24T14:30:00Z,7.407399563686464e-05,0.0028265302918232585,0.002900604287460123,0
2023-03-24T14:29:55Z,2023-03-24T14:30:00Z,2.2827121981819614e-05,0.0028663074751902632,0.002889134597172083,0
2023-03-24T14:29:55Z,2023-03-24T14:30:00Z,2.0776445513034578e-05,0.0028977937441798285,0.002877017298666794,0
2023-03-24T14:29:55Z,2023-03-24T14:30:00Z,3.561938681162632e-05,0.0029078226833631577,0.0028722032965515314,0
2023-03-24T14:29:55Z,2023-03-24T14:30:00Z,2.0813860339657323e-05,0.0028940989474526453,0.002873285087112988,0
2023-03-24T14:29:55Z,2023-03-24T14:30:00Z,1.814895704325666e-05,0.002892760377634768,0.0028746114205915113,0
2023-03-24T14:29:55Z,2023-03-24T14:30:00Z,3.813474282680484e-06,0.002871203820547524,0.0028750172948302046,0
2023-03-24T14:29:55Z,2023-03-24T14:30:00Z,3.828677365803456e-05,0.0028385272420809638,0.0028768140157389983,0
2023-03-24T14:29:55Z,2023-03-24T14:30:00Z,7.712183879674765e-05,0.002802380638373459,0.0028795024771702065,0
2023-03-24T14:29:55Z,2023-03-24T14:30:00Z,0.00011784089616891135,0.0027633754310381104,0.0028812163272070217,0
2023-03-24T14:30:55Z,2023-03-24T14:31:00Z,7.155673509760601e-05,0.002800527186849872,0.002872083921947478,0
2023-03-24T14:30:55Z,2023-03-24T14:31:00Z,4.8528606866261176e-05,0.002804352698918114,0.002852881305784375,0
2023-03-24T14:30:55Z,2023-03-24T14:31:00Z,5.828944033546297e-05,0.002779263937375586,0.002837553377711049,0
2023-03-24T14:30:55Z,2023-03-24T14:31:00Z,2.7824118305751558e-05,0.0027969083667575066,0.002824732485063258,0
2023-03-24T14:30:55Z,2023-03-24T14:31:00Z,4.927075890175754e-05,0.0027592479489816184,0.002808518707883376,0
2023-03-24T14:30:55Z,2023-03-24T14:31:00Z,4.025208242281527e-05,0.0027576529892048437,0.002797905071627659,0
2023-03-24T14:30:55Z,2023-03-24T14:31:00Z,2.6687918089252256e-05,0.0028132673764170043,0.002786579458327752,0
2023-03-24T14:30:55Z,2023-03-24T14:31:00Z,3.232399100617069e-05,0.0028125137851669774,0.0027801897941608067,0
2023-03-24T14:30:55Z,2023-03-24T14:31:00Z,3.4543222662480194e-05,0.002821860437591701,0.0027873172149292208,0
2023-03-24T14:30:55Z,2023-03-24T14:31:00Z,8.796099215163536e-05,0.0028769905782690137,0.0027890295861173783,0
2023-03-24T14:30:55Z,2023-03-24T14:31:00Z,0.00015807515676725557,0.0029496058484094327,0.002791530691642177,0
2023-03-24T14:30:55Z,2023-03-24T14:31:00Z,0.00020248664320860008,0.003007978283549838,0.0028054916403412377,0
2023-03-24T14:31:55Z,2023-03-24T14:32:00Z,0.00017295227118124291,0.003000257837472756,0.0028273055662915133,0
2023-03-24T14:31:55Z,2023-03-24T14:32:00Z,0.00018998141388627994,0.0030528198851161098,0.00286283847122983,0
2023-03-24T14:31:55Z,2023-03-24T14:32:00Z,0.0001616294881364084,0.0030591257948330832,0.002897496306696675,0
2023-03-24T14:31:55Z,2023-03-24T14:32:00Z,0.00013693739063481503,0.0030686554842885047,0.0029317180936536897,0
2023-03-24T14:31:55Z,2023-03-24T14:32:00Z,0.00016083525761092067,0.003127783638359769,0.0029669483807488483,0
2023-03-24T14:31:55Z,2023-03-24T14:32:00Z,0.0001224991424230797,0.0031247039584143283,0.0030022048159912486,0
2023-03-24T14:31:55Z,2023-03-24T14:32:00Z,0.00011265389091247389,0.0031506862869166877,0.0030380323960042138,0
2023-03-24T14:31:55Z,2023-03-24T14:32:00Z,4.9158015921804774e-05,0.003112204427641003,0.003063046411719198,0
2023-03-24T14:31:55Z,2023-03-24T14:32:00Z,3.236770437121256e-05,0.0031158009737142466,0.003083433269343034,0
2023-03-24T14:31:55Z,2023-03-24T14:32:00Z,2.2230506132139925e-05,0.003077195133234929,0.003099425639367069,0
2023-03-24T14:31:55Z,2023-03-24T14:32:00Z,4.438721319756714e-05,0.003064035724540664,0.0031084229377382313,0
2023-03-24T14:31:55Z,2023-03-24T14:32:00Z,7.993907299923882e-05,0.0030310651987963994,0.003111004271795638,0
2023-03-24T14:32:55Z,2023-03-24T14:33:00Z,8.930203087396471e-05,0.0030210422752434104,0.003110344306117375,0
2023-03-24T14:32:55Z,2023-03-24T14:33:00Z,0.000156759943734566,0.002939767442445185,0.003096527386179751,0
2023-03-24T14:32:55Z,2023-03-24T14:33:00Z,0.00011803827717196073,0.002963680297126231,0.0030817185742981917,0
2023-03-24T14:32:55Z,2023-03-24T14:33:00Z,9.775419746633389e-05,0.0029538331133359286,0.0030515873108022625,0
2023-03-24T14:32:55Z,2023-03-24T14:33:00Z,5.452381413697995e-05,0.0029758457637346007,0.0030303695778715807,0
2023-03-24T14:32:55Z,2023-03-24T14:33:00Z,5.841491581811721e-05,0.002948816396285132,0.003007231312103249,0
2023-03-24T14:32:55Z,2023-03-24T14:33:00Z,3.7991820762825566e-05,0.0029547610099832345,0.00299275283074606,0
2023-03-24T14:32:55Z,2023-03-24T14:33:00Z,2.8411837411102155e-05,0.0029478810892984535,0.0029762929267095556,0
2023-03-24T14:32:55Z,2023-03-24T14:33:00Z,1.2177871394965234e-05,0.0029775701997026395,0.0029653923283076743,0
2023-03-24T14:32:55Z,2023-03-24T14:33:00Z,4.271445391427868e-06,0.0029592121757069656,0.0029549407303155377,0
2023-03-24T14:32:55Z,2023-03-24T14:33:00Z,1.1448469612356654e-05,0.0029717895938218167,0.00296034112420946,0
2023-03-24T14:32:55Z,2023-03-24T14:33:00Z,6.114594857626384e-05,0.003020848769725829,0.0029597028211495653,0
2023-03-24T14:33:55Z,2023-03-24T14:34:00Z,5.3251955998078696e-05,0.0030155199886456275,0.002962268032647549,0
2023-03-24T14:33:55Z,2023-03-24T14:34:00Z,7.002439749128828e-05,0.0030387214309947268,0.0029686970335034385,0
2023-03-24T14:33:55Z,2023-03-24T14:34:00Z,9.824256285121498e-05,0.003076468680977582,0.002978226118126367,0
2023-03-24T14:33:55Z,2023-03-24T14:34:00Z,0.000133757562612987,0.003123978026598138,0.002990220463985151,0
2023-03-24T14:33:55Z,2023-03-24T14:34:00Z,0.00012700533880444839,0.003135595458743761,0.0030085901199393126,0
2023-03-24T14:33:55Z,2023-03-24T14:34:00Z,0.00015000733823623998,0.003179512862017767,0.003029505523781527,0
2023-03-24T14:33:55Z,2023-03-24T14:34:00Z,0.00011159796185250537,0.0031663010974964313,0.003054703135643926,0
2023-03-24T14:33:55Z,2023-03-24T14:34:00Z,0.00010086289379199458,0.0031852407820353416,0.003084377888243347,0
2023-03-24T14:33:55Z,2023-03-24T14:34:00Z,4.896863588284891e-05,0.003154125428093425,0.003105156792210576,0
2023-03-24T14:33:55Z,2023-03-24T14:34:00Z,4.589755976844561e-05,0.0031753001796061236,0.003129402619837678,0
2023-03-24T14:33:55Z,2023-03-24T14:34:00Z,3.6237088450082056e-05,0.0031821259935875747,0.0031458889051374926,0
2023-03-24T14:33:55Z,2023-03-24T14:34:00Z,2.242922565203571e-05,0.0031375784650038195,0.0031600076906558553,0
2023-03-24T14:34:55Z,2023-03-24T14:35:00Z,8.672479038444262e-06,0.0031596420640444736,0.003168314543082918,0
2023-03-24T14:34:55Z,2023-03-24T14:35:00Z,8.16959184073195e-06,0.0031604282378507654,0.0031685978296914974,0
2023-03-24T14:34:55Z,2023-03-24T14:35:00Z,5.1702852898742775e-06,0.003170929429556616,0.0031657591442667415,0
2023-03-24T14:34:55Z,2023-03-24T14:35:00Z,4.8596781390197914e-05,0.003116323382927163,0.003164920164317361,0
2023-03-24T14:34:55Z,2023-03-24T14:35:00Z,0.00012091038642700119,0.003041965298964827,0.0031628756853918282,0
2023-03-24T14:34:55Z,2023-03-24T14:35:00Z,5.395013577647739e-05,0.003103525257448742,0.003157475393225219,0
2023-03-24T14:34:55Z,2023-03-24T14:35:00Z,7.432105113091853e-05,0.003064106502002687,0.0031384275531336054,0
2023-03-24T14:34:55Z,2023-03-24T14:35:00Z,0.00010347166894660595,0.003023727207595738,0.003127198876542344,0
2023-03-24T14:34:55Z,2023-03-24T14:35:00Z,4.5530367926325047e-05,0.0030711725139015707,0.0031167028818278957,0
2023-03-24T14:34:55Z,2023-03-24T14:35:00Z,7.566119522520957e-05,0.0030216252785385824,0.003097286473763792,0
2023-03-24T14:34:55Z,2023-03-24T14:35:00Z,8.149923702507455e-05,0.003003036419031689,0.0030845356560567634,0
2023-03-24T14:34:55Z,2023-03-24T14:35:00Z,6.555673427573704e-05,0.0029976497573498784,0.0030632064916256154,0
2023-03-24T14:35:55Z,2023-03-24T14:36:00Z,0.00010853522226997704,0.002938487417370571,0.003047022639640548,0
2023-03-24T14:35:55Z,2023-03-24T14:36:00Z,7.117407829973846e-05,0.0029695177696815313,0.0030406918479812697,0
2023-03-24T14:35:55Z,2023-03-24T14:36:00Z,4.440049229134527e-05,0.002972714521393043,0.003017115013684388,0
2023-03-24T14:35:55Z,2023-03-24T14:36:00Z,5.681881833742575e-05,0.002946783519301083,0.003003602337638509,0
2023-03-24T14:35:55Z,2023-03-24T14:36:00Z,2.7704429973924444e-05,0.002968610381064199,0.0029963148110381233,0
2023-03-24T14:35:55Z,2023-03-24T14:36:00Z,3.1662248993727556e-05,0.0029468827056728978,0.0029785449546666253,0
2023-03-24T14:35:55Z,2023-03-24T14:36:00Z,2.6009389164129756e-05,0.002944962008720441,0.0029709713978845705,0
2023-03-24T14:35:55Z,2023-03-24T14:36:00Z,7.757801296190935e-05,0.002885371425871405,0.002962949438833314,0
2023-03-24T14:35:55Z,2023-03-24T14:36:00Z,8.641768091286004e-05,0.002869004936687678,0.002955422617600538,0
2023-03-24T14:35:55Z,2023-03-24T14:36:00Z,9.066604098370698e-05,0.002857168577831236,0.002947834618814943,0
2023-03-24T14:35:55Z,2023-03-24T14:36:00Z,0.00011811670227920585,0.002815358940393758,0.002933475642672964,0
2023-03-24T14:36:55Z,2023-03-24T14:37:00Z,0.0001139443667460562,0.0028030247125609346,0.002916969079306991,0
2023-03-24T14:36:55Z,2023-03-24T14:37:00Z,0.00010365123640914417,0.0027945429030539434,0.0028981941394630875,0
2023-03-24T14:36:55Z,2023-03-24T14:37:00Z,7.958999946027856e-05,0.002794949044502343,0.0028745390439626215,0
2023-03-24T14:36:55Z,2023-03-24T14:37:00Z,1.8044899606470526e-05,0.002834731315410586,0.0028527762150170567,0
2023-03-24T14:36:55Z,2023-03-24T14:37:00Z,6.501239338145559e-06,0.0028378470308954742,0.0028313457915573287,0
2023-03-24T14:36:55Z,2023-03-24T14:37:00Z,4.9856689154078454e-05,0.0028739681792170043,0.002824111490062926,0
2023-03-24T14:36:55Z,2023-03-24T14:37:00Z,4.8319895942847916e-05,0.0028679802566068872,0.0028196603606640393,0
2023-03-24T14:36:55Z,2023-03-24T14:37:00Z,6.27810255653281e-05,0.002884841329284477,0.0028220603037191487,0
2023-03-24T14:36:55Z,2023-03-24T14:37:00Z,9.968326732693678e-05,0.0029292609019336757,0.002829577634606739,0
2023-03-24T14:36:55Z,2023-03-24T14:37:00Z,9.291234118027425e-05,0.0029341780638903765,0.002841265722710102,0
2023-03-24T14:36:55Z,2023-03-24T14:37:00Z,0.00010510317717400512,0.002965614328295498,0.002860511151121493,0
2023-03-24T14:36:55Z,2023-03-24T14:37:00Z,0.0001519849432920755,0.003032385954326145,0.0028804010110340694,0
2023-03-24T14:36:55Z,2023-03-24T14:37:00Z,0.00011626233546953519,0.003015360919772877,0.002899098584303342,0
2023-03-24T14:37:55Z,2023-03-24T14:38:00Z,0.00012405194213309031,0.0030509418012122425,0.0029268898590791522,0
2023-03-24T14:37:55Z,2023-03-24T14:38:00Z,0.00013970066527953847,0.003086789487295244,0.0029470888220157056,0
2023-03-24T14:37:55Z,2023-03-24T14:38:00Z,7.247819608500192e-05,0.003045704381615758,0.002973226185530756,0
2023-03-24T14:37:55Z,2023-03-24T14:38:00Z,6.372744613531095e-05,0.003065803368524748,0.003002075922389437,0
2023-03-24T14:37:55Z,2023-03-24T14:38:00Z,4.639500769983065e-06,0.00301407120443118,0.003018710705201163,0
2023-03-24T14:37:55Z,2023-03-24T14:38:00Z,3.726614505254787e-05,0.0030002481750963823,0.00303751432014893,0
2023-03-24T14:37:55Z,2023-03-24T14:38:00Z,8.041635941855377e-05,0.0029640203716069023,0.003044436731025456,0
2023-03-24T14:37:55Z,2023-03-24T14:38:00Z,0.00010086865232768628,0.002938976967379232,0.0030398456197069184,0
2023-03-24T14:37:55Z,2023-03-24T14:38:00Z,0.00010942952005233222,0.002923081735630876,0.0030325112556832084,0
2023-03-24T14:37:55Z,2023-03-24T14:38:00Z,9.546426189834456e-05,0.002921052017523005,0.0030165162794213497,0
2023-03-24T14:37:55Z,2023-03-24T14:38:00Z,0.00015054377597666611,0.0028425856817783455,0.0029931294577550116,0
2023-03-24T14:37:55Z,2023-03-24T14:38:00Z,7.989728864561067e-05,0.002895424688524722,0.0029753219771703325,0
2023-03-24T14:38:55Z,2023-03-24T14:39:00Z,8.703467695201934e-05,0.002856399059254541,0.00294343373620656,0
2023-03-24T14:38:55Z,2023-03-24T14:39:00Z,9.446856032914105e-05,0.002832015673605068,0.002926484233934209,0
2023-03-24T14:38:55Z,2023-03-24T14:39:00Z,4.764280652374501e-05,0.002858291553718773,0.002905934360242518,0
2023-03-24T14:38:55Z,2023-03-24T14:39:00Z,2.0062814787862558e-05,0.002867013731454393,0.0028870765462422556,0
2023-03-24T14:38:55Z,2023-03-24T14:39:00Z,1.0598150568794963e-06,0.002874490243519596,0.0028755500585764754,0
2023-03-24T14:38:55Z,2023-03-24T14:39:00Z,2.7795819112550954e-05,0.0028953361628066714,0.0028675403436941205,0
2023-03-24T14:38:55Z,2023-03-24T14:39:00Z,5.354827367767953e-05,0.0029144369353713137,0.002860888661693634,0
2023-03-24T14:38:55Z,2023-03-24T14:39:00Z,9.723596971935016e-05,0.002965660414417031,0.0028684244446976806,0
2023-03-24T14:38:55Z,2023-03-24T14:39:00Z,0.000106726978316101,0.0029778674582775803,0.0028711404799614793,0
2023-03-24T14:38:55Z,2023-03-24T14:39:00Z,7.066680965516414e-05,0.0029574160546398565,0.0028867492449846923,0
2023-03-24T14:38:55Z,2023-03-24T14:39:00Z,3.742457969332534e-05,0.002945009793916948,0.0029075852142236226,0
2023-03-24T14:39:55Z,2023-03-24T14:40:00Z,3.2889381500485204e-05,0.002954635238712834,0.0029217458572123487,0
2023-03-24T14:39:55Z,2023-03-24T14:40:00Z,1.0166977919589745e-05,0.0029430551297694465,0.0029328881518498567,0
2023-03-24T14:39:55Z,2023-03-24T14:40:00Z,5.611719100361533e-05,0.0030004546278810775,0.002944337436877462,0
2023-03-24T14:39:55Z,2023-03-24T14:40:00Z,2.961325177643125e-05,0.00298076768393429,0.0029511544321578586,0
2023-03-24T14:39:55Z,2023-03-24T14:40:00Z,2.5194894447258965e-05,0.0029886375683922262,0.0029634426739449673,0
2023-03-24T14:39:55Z,2023-03-24T14:40:00Z,1.1048262588850884e-05,0.0029766491178934273,0.0029656008553045764,0
2023-03-24T14:39:55Z,2023-03-24T14:40:00Z,4.045294216757991e-06,0.0029711847366805694,0.0029671394424638114,0
2023-03-24T14:39:55Z,2023-03-24T14:40:00Z,4.500563344458919e-06,0.002974387586273066,0.002969887022928607,0
2023-03-24T14:39:55Z,2023-03-24T14:40:00Z,2.6753077376977675e-05,0.0029468732230892893,0.002973626300466267,0
2023-03-24T14:39:55Z,2023-03-24T14:40:00Z,3.8841598320538476e-07,0.002976059648420238,0.0029764480644034435,0
2023-03-24T14:39:55Z,2023-03-24T14:40:00Z,2.026846588503708e-05,0.002956725040421241,0.002976993506306278,0
2023-03-24T14:39:55Z,2023-03-24T14:40:00Z,3.117410727504662e-05,0.002942334401965397,0.002973508509240444,0
2023-03-24T14:39:55Z,2023-03-24T14:40:00Z,3.8420504802304505e-05,0.002931653341079132,0.0029700738458814367,0
2023-03-24T14:40:55Z,2023-03-24T14:41:00Z,4.190035569826087e-05,0.0029215587521221995,0.0029634591078204603,0
2023-03-24T14:40:55Z,2023-03-24T14:41:00Z,4.8414108369977584e-05,0.002908617031334156,0.0029570311397041334,0
2023-03-24T14:40:55Z,2023-03-24T14:41:00Z,6.889434401120484e-06,0.0029430522789375317,0.0029499417133386522,0
2023-03-24T14:40:55Z,2023-03-24T14:41:00Z,2.855594069666118e-05,0.0029119899790792892,0.0029405459197759504,0
2023-03-24T14:40:55Z,2023-03-24T14:41:00Z,5.21868463541084e-06,0.0029452187552468246,0.0029400000706114138,0
2023-03-24T14:40:55Z,2023-03-24T14:41:00Z,1.3606578716871508e-05,0.0029172406819886923,0.002930847260705564,0
2023-03-24T14:40:55Z,2023-03-24T14:41:00Z,2.316036548954091e-05,0.0029060431401911066,0.0029292035056806475,0
2023-03-24T14:40:55Z,2023-03-24T14:41:00Z,2.3478899467033795e-05,0.0029021397890740845,0.0029256186885411183,0
2023-03-24T14:40:55Z,2023-03-24T14:41:00Z,2.9954817635400362e-05,0.0028920052707788564,0.0029219600884142567,0
2023-03-24T14:40:55Z,2023-03-24T14:41:00Z,5.526674726753127e-05,0.002863919203568424,0.0029191859508359555,0
2023-03-24T14:40:55Z,2023-03-24T14:41:00Z,2.7885780415183494e-05,0.0029446986226003818,0.0029168128421851983,0
2023-03-24T14:40:55Z,2023-03-24T14:41:00Z,2.8015252186356157e-05,0.0029335233693188246,0.0029055081171324684,0
2023-03-24T14:41:55Z,2023-03-24T14:42:00Z,3.098243121325665e-05,0.0029411632117058817,0.002910180780492625,0
2023-03-24T14:41:55Z,2023-03-24T14:42:00Z,1.5124497382916578e-05,0.0029236345084572555,0.002908510011074339,0
2023-03-24T14:41:55Z,2023-03-24T14:42:00Z,6.0664540327376795e-05,0.002851262974992275,0.002911927515319652,0
2023-03-24T14:41:55Z,2023-03-24T14:42:00Z,4.3782383043171856e-05,0.0028706581848859294,0.0029144405679291012,0
2023-03-24T14:41:55Z,2023-03-24T14:42:00Z,8.420012574718522e-05,0.0028229723258845147,0.0029071724516317,0
2023-03-24T14:41:55Z,2023-03-24T14:42:00Z,4.5176545765717845e-05,0.002858946322166992,0.00290412286793271,0
2023-03-24T14:41:55Z,2023-03-24T14:42:00Z,1.7527678647662626e-05,0.002880745635330203,0.0028982733139778657,0
2023-03-24T14:41:55Z,2023-03-24T14:42:00Z,1.1442911496255172e-05,0.0028974658968407797,0.0028860229853445245,0
2023-03-24T14:41:55Z,2023-03-24T14:42:00Z,4.3249389310366475e-06,0.002882808247991472,0.0028784833090604355,0
2023-03-24T14:41:55Z,2023-03-24T14:42:00Z,2.313429978386761e-05,0.002895375135292146,0.0028722408355082783,0
2023-03-24T14:41:55Z,2023-03-24T14:42:00Z,1.531191859735449e-05,0.0028817204311819495,0.002866408512584595,0
2023-03-24T14:42:55Z,2023-03-24T14:43:00Z,6.947261590734954e-06,0.0028796575113610263,0.0028727102497702914,0
2023-03-24T14:42:55Z,2023-03-24T14:43:00Z,1.550939707521421e-05,0.0028897999677449365,0.0028742905706697222,0
2023-03-24T14:42:55Z,2023-03-24T14:43:00Z,1.0080798744613404e-05,0.002892469253053838,0.0028823884543092244,0
2023-03-24T14:42:55Z,2023-03-24T14:43:00Z,7.090980520865113e-05,0.0029577059231718677,0.0028867961179632165,0
2023-03-24T14:42:55Z,2023-03-24T14:43:00Z,6.731089294921902e-05,0.0029557818134443832,0.0028884709204951642,0
2023-03-24T14:42:55Z,2023-03-24T14:43:00Z,7.397641120906887e-05,0.0029710530497515314,0.0028970766385424626,0
2023-03-24T14:42:55Z,2023-03-24T14:43:00Z,2.811036897403408e-05,0.002935611802581198,0.002907501433607164,0
2023-03-24T14:42:55Z,2023-03-24T14:43:00Z,1.7751628733067657e-05,0.002900560935511151,0.002918312564244219,0
2023-03-24T14:42:55Z,2023-03-24T14:43:00Z,5.076576872837645e-05,0.002875245562858592,0.0029260113315869684,0
2023-03-24T14:42:55Z,2023-03-24T14:43:00Z,7.875499432945894e-05,0.002850242540707527,0.002928997535036986,0
2023-03-24T14:42:55Z,2023-03-24T14:43:00Z,7.300297665530824e-05,0.0028539153576836286,0.002926918334338937,0
2023-03-24T14:42:55Z,2023-03-24T14:43:00Z,6.240781057044627e-05,0.0028584781362904466,0.002920885946860893,0
2023-03-24T14:42:55Z,2023-03-24T14:43:00Z,1.3288316319953492e-05,0.0029193470395396694,0.002906058723219716,0
2023-03-24T14:43:55Z,2023-03-24T14:44:00Z,5.000276858305088e-05,0.0029421609664950616,0.0028921581979120107,0
2023-03-24T14:43:55Z,2023-03-24T14:44:00Z,4.794773448895881e-05,0.0029327193595135607,0.002884771625024602,0
2023-03-24T14:43:55Z,2023-03-24T14:44:00Z,8.786973123313824e-05,0.0029735769511025772,0.002885707219869439,0
2023-03-24T14:43:55Z,2023-03-24T14:44:00Z,8.996197249809242e-05,0.002980263252939305,0.0028903012804412124,0
2023-03-24T14:43:55Z,2023-03-24T14:44:00Z,9.297715337074856e-05,0.002997325774989673,0.0029043486216189245,0
2023-03-24T14:43:55Z,2023-03-24T14:44:00Z,0.00011971304278662453,0.003042636051867232,0.0029229230090806074,0
2023-03-24T14:43:55Z,2023-03-24T14:44:00Z,9.194601288569889e-05,0.0030353562244385983,0.0029434102115528994,0
2023-03-24T14:43:55Z,2023-03-24T14:44:00Z,0.00010984792344370534,0.0030795664086504305,0.002969718485206725,0
2023-03-24T14:43:55Z,2023-03-24T14:44:00Z,0.00010825711476656653,0.0030945483406731394,0.002986291225906573,0
2023-03-24T14:43:55Z,2023-03-24T14:44:00Z,0.00010374204022897812,0.0031096626150148893,0.003005920574785911,0
2023-03-24T14:43:55Z,2023-03-24T14:44:00Z,0.00013075312968904547,0.0031597921303548964,0.003029039000665851,0
2023-03-24T14:43:55Z,2023-03-24T14:44:00Z,0.00014286955551764827,0.003191349365313829,0.003048479809796181,0
2023-03-24T14:44:55Z,2023-03-24T14:45:00Z,8.274642504104953e-05,0.0031568732173251723,0.003074126792284123,0
2023-03-24T14:44:55Z,2023-03-24T14:45:00Z,3.7248529003838706e-05,0.0031390929770485545,0.0031018444480447158,0
2023-03-24T14:44:55Z,2023-03-24T14:45:00Z,2.8450999800307825e-06,0.0031210091430901674,0.0031181640431101366,0
2023-03-24T14:44:55Z,2023-03-24T14:45:00Z,3.7000301281446546e-05,0.0030959832779158267,0.0031329835791972733,0
2023-03-24T14:44:55Z,2023-03-24T14:45:00Z,9.187998201526729e-05,0.003047023987816254,0.0031389039698315213,0
2023-03-24T14:44:55Z,2023-03-24T14:45:00Z,0.00013009259577720714,0.0030090163650889836,0.0031391089608661907,0
2023-03-24T14:44:55Z,2023-03-24T14:45:00Z,7.862708473066254e-05,0.0030515335008214376,0.0031301605855521,0
2023-03-24T14:44:55Z,2023-03-24T14:45:00Z,5.820166114232136e-05,0.0030504195293717916,0.003108621190514113,0
2023-03-24T14:44:55Z,2023-03-24T14:45:00Z,5.0243383852462565e-05,0.0030384041117341655,0.003088647495586628,0
2023-03-24T14:44:55Z,2023-03-24T14:45:00Z,4.042155839551007e-06,0.0030774819817185528,0.0030734398258790018,0
2023-03-24T14:44:55Z,2023-03-24T14:45:00Z,3.2236512840302066e-05,0.0030912922151029626,0.0030590557022626605,0
2023-03-24T14:44:55Z,2023-03-24T14:45:00Z,4.0300581651749826e-05,0.0030931381180041803,0.0030528375363524304,0
2023-03-24T14:45:55Z,2023-03-24T14:46:00Z,8.022065986334039e-05,0.003132388044385361,0.0030521673845220207,0
2023-03-24T14:45:55Z,2023-03-24T14:46:00Z,7.974516207416311e-05,0.003138500279480174,0.003058755117406011,0
2023-03-24T14:45:55Z,2023-03-24T14:46:00Z,0.00010824057204408951,0.0031846202150638686,0.003076379643019779,0
2023-03-24T14:45:55Z,2023-03-24T14:46:00Z,0.0001483833870525135,0.003237186855594969,0.0030888034685424555,0
2023-03-24T14:45:55Z,2023-03-24T14:46:00Z,0.00012934582269364487,0.0032373208177635397,0.003107974995069895,0
2023-03-24T14:45:55Z,2023-03-24T14:46:00Z,0.00016347467916484788,0.0032998472090720004,0.0031363725299071526,0
2023-03-24T14:45:55Z,2023-03-24T14:46:00Z,0.00012863932625894938,0.0032878459756011,0.0031592066493421507,0
2023-03-24T14:45:55Z,2023-03-24T14:46:00Z,7.66270133550212e-05,0.0032656272332641776,0.0031890002199091564,0
2023-03-24T14:45:55Z,2023-03-24T14:46:00Z,5.448824915009649e-05,0.0032713038772873844,0.003216815628137288,0
2023-03-24T14:45:55Z,2023-03-24T14:46:00Z,3.733576396927705e-06,0.003232116221580191,0.0032358497979771187,0
2023-03-24T14:45:55Z,2023-03-24T14:46:00Z,9.225790433629736e-05,0.003162563836184709,0.0032548217405210063,0
2023-03-24T14:45:55Z,2023-03-24T14:46:00Z,0.00010145331687403704,0.0031601535674350154,0.0032616068843090524,0
2023-03-24T14:46:55Z,2023-03-24T14:47:00Z,8.641215221465463e-05,0.0031645343007500742,0.003250946452964729,0
2023-03-24T14:46:55Z,2023-03-24T14:47:00Z,7.826824608150526e-05,0.0031616543139791485,0.003239922560060654,0
2023-03-24T14:46:55Z,2023-03-24T14:47:00Z,7.434627591864805e-05,0.003146245868667445,0.003220592144586093,0
2023-03-24T14:46:55Z,2023-03-24T14:47:00Z,3.844032815381341e-05,0.003164124436200572,0.0032025647643543855,0
2023-03-24T14:46:55Z,2023-03-24T14:47:00Z,2.3083827578200544e-05,0.003162426456119509,0.0031855102836977098,0
2023-03-24T14:46:55Z,2023-03-24T14:47:00Z,6.897308347500464e-05,0.0031012258514960178,0.0031701989349710224,0
2023-03-24T14:46:55Z,2023-03-24T14:47:00Z,8.855084375978184e-05,0.003071692410431143,0.003160243254190925,0
2023-03-24T14:46:55Z,2023-03-24T14:47:00Z,5.7169827150171416e-05,0.003094310857799512,0.0031514806849496832,0
2023-03-24T14:46:55Z,2023-03-24T14:47:00Z,4.779951629593727e-05,0.0030910438605103356,0.003138843376806273,0
2023-03-24T14:46:55Z,2023-03-24T14:47:00Z,2.605521607893565e-05,0.0031027562403058285,0.003128811456384764,0
2023-03-24T14:46:55Z,2023-03-24T14:47:00Z,4.0463631270310895e-05,0.0030782606174760514,0.0031187242487463623,0
2023-03-24T14:46:55Z,2023-03-24T14:47:00Z,6.790318100080139e-05,0.003044608263693901,0.0031125114446947026,0
2023-03-24T14:47:55Z,2023-03-24T14:48:00Z,4.980929740621299e-05,0.003050435887470701,0.003100245184876914,0
2023-03-24T14:47:55Z,2023-03-24T14:48:00Z,6.859934971684351e-05,0.003014814664813555,0.0030834140145303986,0
2023-03-24T14:47:55Z,2023-03-24T14:48:00Z,6.912501571114393e-05,0.003007033289672781,0.003076158305383925,0
2023-03-24T14:47:55Z,2023-03-24T14:48:00Z,6.238609887411657e-05,0.003005646814278724,0.0030680329131528407,0
2023-03-24T14:47:55Z,2023-03-24T14:48:00Z,1.7589186631340303e-05,0.003037975502503396,0.0030555646891347365,0
2023-03-24T14:47:55Z,2023-03-24T14:48:00Z,8.550858753450259e-06,0.0030348142523481986,0.003043365111101649,0
2023-03-24T14:47:55Z,2023-03-24T14:48:00Z,4.060417104475309e-05,0.0030747148910317693,0.003034110719987016,0
2023-03-24T14:47:55Z,2023-03-24T14:48:00Z,1.3905113356315474e-05,0.003041809209753638,0.0030279040963973225,0
2023-03-24T14:47:55Z,2023-03-24T14:48:00Z,5.524023243056505e-05,0.00308744527559044,0.003032205043159875,0
2023-03-24T14:47:55Z,2023-03-24T14:48:00Z,6.718547512042736e-05,0.0030981581357492935,0.003030972660628866,0
2023-03-24T14:47:55Z,2023-03-24T14:48:00Z,6.762022586209683e-05,0.0031089686880305177,0.003041348462168421,0
2023-03-24T14:47:55Z,2023-03-24T14:48:00Z,7.280587297604736e-05,0.0031271721702982556,0.0030543662973222083,0
2023-03-24T14:48:55Z,2023-03-24T14:49:00Z,1.8744395748991963e-05,0.0030878709607500285,0.0030691265650010366,0
2023-03-24T14:48:55Z,2023-03-24T14:49:00Z,8.003377761562399e-06,0.00308987232387615,0.0030818689461145875,0
2023-03-24T14:48:55Z,2023-03-24T14:49:00Z,2.3925298730197424e-05,0.00306552317715608,0.0030894484758862773,0
2023-03-24T14:48:55Z,2023-03-24T14:49:00Z,3.7826790586891444e-05,0.0030537870328485833,0.0030916138234354748,0
2023-03-24T14:48:55Z,2023-03-24T14:49:00Z,7.695651990456036e-05,0.0030180450131598343,0.0030950015330643947,0
2023-03-24T14:48:55Z,2023-03-24T14:49:00Z,0.0001186296566305289,0.0029715635560421724,0.0030901932126727013,0
2023-03-24T14:48:55Z,2023-03-24T14:49:00Z,0.00010731424953488349,0.002971434231339324,0.0030787484808742073,0
2023-03-24T14:48:55Z,2023-03-24T14:49:00Z,6.798685512990734e-05,0.002991132321174536,0.003059119176304443,0
2023-03-24T14:48:55Z,2023-03-24T14:49:00Z,0.00010610008955273939,0.0029307708097575714,0.003036870899310311,0
2023-03-24T14:48:55Z,2023-03-24T14:49:00Z,0.00015820338639184993,0.0028648477072648186,0.0030230510936566685,0
2023-03-24T14:48:55Z,2023-03-24T14:49:00Z,0.00023500228843827435,0.0027653200174871688,0.003000322305925443,0
2023-03-24T14:49:55Z,2023-03-24T14:50:00Z,0.000259775730030888,0.002711878651624375,0.002971654381655263,1
2023-03-24T14:49:55Z,2023-03-24T14:50:00Z,0.00024228807832282458,0.002688156729709379,0.0029304448080322036,1
2023-03-24T14:49:55Z,2023-03-24T14:50:00Z,0.00026931162736007486,0.0026173951290242056,0.0028867067563842805,1
2023-03-24T14:49:55Z,2023-03-24T14:50:00Z,0.000262259136881902,0.002583960930026266,0.002846220066908168,1
2023-03-24T14:49:55Z,2023-03-24T14:50:00Z,0.0002452277722336813,0.002550415280058041,0.002795643052291722,1
2023-03-24T14:49:55Z,2023-03-24T14:50:00Z,0.00023177009208140377,0.002505705618617708,0.0027374757106991116,1
2023-03-24T14:49:55Z,2023-03-24T14:50:00Z,0.0002122633776813535,0.0024708758287749683,0.002683139206456322,1
2023-03-24T14:49:55Z,2023-03-24T14:50:00Z,0.0002023372660094622,0.0024294959277829874,0.0026318331937924496,1
2023-03-24T14:49:55Z,2023-03-24T14:50:00Z,0.0001962675867927216,0.002393502151469413,0.0025897697382621346,1
2023-03-24T14:49:55Z,2023-03-24T14:50:00Z,0.00013856561426197483,0.0024108637348799616,0.0025494293491419365,1
2023-03-24T14:49:55Z,2023-03-24T14:50:00Z,1.7616614314342263e-05,0.0024897192236504563,0.0025073358379647985,1
2023-03-24T14:49:55Z,2023-03-24T14:50:00Z,9.556235688562434e-05,0.0025733937099726737,0.0024778313530870494,1
2023-03-24T14:49:55Z,2023-03-24T14:50:00Z,0.00012368171220570635,0.0025880499643819257,0.0024643682521762193,1
2023-03-24T14:50:55Z,2023-03-24T14:51:00Z,0.0001077042406684688,0.002575355125689636,0.002467650885021167,1
2023-03-24T14:50:55Z,2023-03-24T14:51:00Z,6.862030750613658e-05,0.0025480346704936205,0.002479414362987484,1
2023-03-24T14:50:55Z,2023-03-24T14:51:00Z,4.926907476909175e-05,0.002543609051601528,0.002494339976832436,1
2023-03-24T14:50:55Z,2023-03-24T14:51:00Z,1.863329398172752e-06,0.0025094107535357825,0.0025112740829339552,1
2023-03-24T14:50:55Z,2023-03-24T14:51:00Z,3.637080868356974e-05,0.0024963471171264018,0.0025327179258099715,1
2023-03-24T14:50:55Z,2023-03-24T14:51:00Z,4.063825332570716e-05,0.0025061578180065247,0.002546796071332232,1
2023-03-24T14:50:55Z,2023-03-24T14:51:00Z,6.194227305833175e-05,0.002485800640199035,0.002547742913257367,1
2023-03-24T14:50:55Z,2023-03-24T14:51:00Z,6.938575870939039e-05,0.0024687520271242406,0.002538137785833631,1
2023-03-24T14:50:55Z,2023-03-24T14:51:00Z,0.00010714358623637506,0.002416387153285415,0.00252353073952179,1
2023-03-24T14:50:55Z,2023-03-24T14:51:00Z,0.0001805549282913963,0.002327746797149623,0.0025083017254410194,1
2023-03-24T14:50:55Z,2023-03-24T14:51:00Z,0.0002467180769867164,0.002242776860281702,0.0024894949372684183,1
2023-03-24T14:51:55Z,2023-03-24T14:52:00Z,0.0002493969492974048,0.0022092605230493124,0.0024586574723467172,1
2023-03-24T14:51:55Z,2023-03-24T14:52:00Z,0.0002609760203492748,0.0021595908958182883,0.002420566916167563,1
2023-03-24T14:51:55Z,2023-03-24T14:52:00Z,0.00023170192540308528,0.0021478526201820364,0.0023795545455851217,1
2023-03-24T14:51:55Z,2023-03-24T14:52:00Z,0.00018533540181162392,0.0021447095834608923,0.0023300449852725162,1
2023-03-24T14:51:55Z,2023-03-24T14:52:00Z,0.00012257001235485088,0.0021591966843438086,0.0022817666966986594,1
2023-03-24T14:51:55Z,2023-03-24T14:52:00Z,7.149213326697063e-05,0.0021639827857654966,0.002235474919032467,1
2023-03-24T14:51:55Z,2023-03-24T14:52:00Z,4.523521779482105e-05,0.002153498205674559,0.0021987334234693802,1
2023-03-24T14:51:55Z,2023-03-24T14:52:00Z,3.15900973048679e-06,0.0021721795549697327,0.0021753385647002195,1
2023-03-24T14:51:55Z,2023-03-24T14:52:00Z,9.089652798256308e-06,0.00217167412398317,0.0021625844711849135,1
2023-03-24T14:51:55Z,2023-03-24T14:52:00Z,3.913987118576252e-05,0.0021964270612164502,0.0021572871900306877,1
2023-03-24T14:51:55Z,2023-03-24T14:52:00Z,5.049647917382185e-05,0.0022095098446566356,0.0021590133654828137,1
2023-03-24T14:51:55Z,2023-03-24T14:52:00Z,5.103082956034368e-05,0.0022169834009052166,0.002165952571344873,1
2023-03-24T14:51:55Z,2023-03-24T14:52:00Z,6.84760433082225e-05,0.002243685794823916,0.0021752097515156934,1
2023-03-24T14:52:55Z,2023-03-24T14:53:00Z,8.684568207551488e-05,0.0022703106788142663,0.0021834649967387514,1
2023-03-24T14:52:55Z,2023-03-24T14:53:00Z,8.99914244918646e-05,0.002284842565381819,0.0021948511408899545,1
2023-03-24T14:52:55Z,2023-03-24T14:53:00Z,8.291236386267966e-05,0.002294451000915449,0.0022115386370527693,1
2023-03-24T14:52:55Z,2023-03-24T14:53:00Z,4.5921615823672855e-05,0.0022735549686495977,0.002227633352825925,1
2023-03-24T14:52:55Z,2023-03-24T14:53:00Z,1.9147091778502073e-05,0.0022643199984518953,0.002245172906673393,1
2023-03-24T14:52:55Z,2023-03-24T14:53:00Z,1.5438197103830216e-06,0.0022546473594534594,0.0022561911791638425,1
2023-03-24T14:52:55Z,2023-03-24T14:53:00Z,2.6391444224445164e-06,0.0022666603455570385,0.002264021201134594,1
2023-03-24T14:52:55Z,2023-03-24T14:53:00Z,5.6693263126567e-05,0.002326095029768053,0.002269401766641486,1
2023-03-24T14:52:55Z,2023-03-24T14:53:00Z,6.439942099363289e-05,0.0023370832663112792,0.0022726838453176463,1
2023-03-24T14:52:55Z,2023-03-24T14:53:00Z,2.2096465238819786e-05,0.0023027495035498643,0.0022806530383110445,1
2023-03-24T14:52:55Z,2023-03-24T14:53:00Z,9.529548569736385e-06,0.002297645544156418,0.0022881159955866815,1
2023-03-24T14:53:55Z,2023-03-24T14:54:00Z,1.0084511110747957e-05,0.0022993860070737748,0.002289301495963027,1
2023-03-24T14:53:55Z,2023-03-24T14:54:00Z,1.7668352348854718e-05,0.00231041135909857,0.0022927430067497152,1
2023-03-24T14:53:55Z,2023-03-24T14:54:00Z,2.5616061878038724e-05,0.00232336849843088,0.0022977524365528413,1
2023-03-24T14:53:55Z,2023-03-24T14:54:00Z,1.0149370611335553e-05,0.0023158680928277637,0.002305718722216428,1
2023-03-24T14:53:55Z,2023-03-24T14:54:00Z,1.8137784278250517e-06,0.0023156336653405163,0.0023138198869126912,1
2023-03-24T14:53:55Z,2023-03-24T14:54:00Z,8.226859298427619e-06,0.0023205857552196494,0.002312358895921222,1
2023-03-24T14:53:55Z,2023-03-24T14:54:00Z,1.0728301964678735e-05,0.002320022969175791,0.0023092946672111122,1
2023-03-24T14:53:55Z,2023-03-24T14:54:00Z,2.6996886985084824e-06,0.00230914301446543,0.0023118427031639387,1
2023-03-24T14:53:55Z,2023-03-24T14:54:00Z,5.4721742986246075e-05,0.0022603177351804603,0.0023150394781667064,1
2023-03-24T14:53:55Z,2023-03-24T14:54:00Z,8.50060650347921e-06,0.0023079327298620353,0.0023164333363655146,1
2023-03-24T14:53:55Z,2023-03-24T14:54:00Z,4.608069777496237e-05,0.0023553578021521756,0.0023092771043772132,1
2023-03-24T14:53:55Z,2023-03-24T14:54:00Z,8.795397033834178e-05,0.0023950259649200053,0.0023070719945816635,1
2023-03-24T14:53:55Z,2023-03-24T14:54:00Z,0.00014828665337356193,0.0024610000350015703,0.0023127133816280084,1
2023-03-24T14:54:55Z,2023-03-24T14:55:00Z,0.00020303343920951514,0.0025270885779203073,0.002324055138710792,0
2023-03-24T14:54:55Z,2023-03-24T14:55:00Z,0.0002596369563868618,0.002603751277923643,0.002344114321536781,0
2023-03-24T14:54:55Z,2023-03-24T14:55:00Z,0.0002935989747241737,0.0026672940975101716,0.002373695122785998,0
2023-03-24T14:54:55Z,2023-03-24T14:55:00Z,0.0003614402145685333,0.0027772222321342755,0.0024157820175657423,0
2023-03-24T14:54:55Z,2023-03-24T14:55:00Z,0.0004319270179778847,0.002905848515876443,0.0024739214978985583,0
2023-03-24T14:54:55Z,2023-03-24T14:55:00Z,0.00041454495441140254,0.002955507809777424,0.0025409628553660214,0
2023-03-24T14:54:55Z,2023-03-24T14:55:00Z,0.00041011698152214164,0.0030297213674202006,0.002619604385898059,0
2023-03-24T14:54:55Z,2023-03-24T14:55:00Z,0.00033481128363703483,0.003034484504514726,0.0026996732208776912,0
2023-03-24T14:54:55Z,2023-03-24T14:55:00Z,0.0002806733176391042,0.0030615924431480275,0.0027809191255089233,0
2023-03-24T14:54:55Z,2023-03-24T14:55:00Z,0.00017703103269139323,0.003030435290570948,0.002853404257879555,0
2023-03-24T14:54:55Z,2023-03-24T14:55:00Z,0.0001396977309615459,0.0030585078695874414,0.0029188101386258955,0
2023-03-24T14:54:55Z,2023-03-24T14:55:00Z,7.161154976452694e-05,0.003042299001684819,0.002970687451920292,0
2023-03-24T14:55:55Z,2023-03-24T14:56:00Z,2.2223545716539266e-05,0.0030330946601301407,0.0030108711144136015,0
2023-03-24T14:55:55Z,2023-03-24T14:56:00Z,1.403095266757498e-05,0.0030443949936252305,0.0030303640409576555,0
2023-03-24T14:55:55Z,2023-03-24T14:56:00Z,8.744440934843091e-07,0.0030423223208158132,0.003041447876722329,0
2023-03-24T14:55:55Z,2023-03-24T14:56:00Z,3.193688915734648e-05,0.0030754809981946795,0.003043544109037333,0
2023-03-24T14:55:55Z,2023-03-24T14:56:00Z,7.298801172979288e-06,0.003037364995907366,0.0030446637970803453,0
2023-03-24T14:55:55Z,2023-03-24T14:56:00Z,1.707629386270195e-06,0.0030449402469864537,0.003046647876372724,0
2023-03-24T14:55:55Z,2023-03-24T14:56:00Z,4.100889009271951e-05,0.003006628944185208,0.0030476378342779273,0
2023-03-24T14:55:55Z,2023-03-24T14:56:00Z,6.416976724723557e-05,0.0029815298352305506,0.003045699602477786,0
2023-03-24T14:55:55Z,2023-03-24T14:56:00Z,5.934090776644639e-05,0.002981262972211395,0.0030406038799778413,0
2023-03-24T14:55:55Z,2023-03-24T14:56:00Z,2.7076260528390537e-05,0.0030061612158923667,0.0030332374764207573,0
2023-03-24T14:55:55Z,2023-03-24T14:56:00Z,4.307171844174576e-06,0.003019911444374606,0.0030242186162187804,0
2023-03-24T14:56:55Z,2023-03-24T14:57:00Z,1.7804756142639558e-05,0.0030368575002294993,0.0030190527440868598,0
2023-03-24T14:56:55Z,2023-03-24T14:57:00Z,4.62011123250638e-05,0.003057315348723342,0.003011114236398278,0
2023-03-24T14:56:55Z,2023-03-24T14:57:00Z,6.492417250632959e-05,0.0030759659095220553,0.0030110417370157257,0
2023-03-24T14:56:55Z,2023-03-24T14:57:00Z,4.179162854747948e-05,0.0030546012372399036,0.003012809608692424,0
2023-03-24T14:56:55Z,2023-03-24T14:57:00Z,6.902751121878187e-05,0.0030917424006736125,0.0030227148894548307,0
2023-03-24T14:56:55Z,2023-03-24T14:57:00Z,8.234680175817468e-05,0.003115500462928627,0.0030331536611704524,0
2023-03-24T14:56:55Z,2023-03-24T14:57:00Z,7.152259530549421e-05,0.00312045903197055,0.0030489364366650556,0
2023-03-24T14:56:55Z,2023-03-24T14:57:00Z,2.957065599009604e-05,0.0030349856731087103,0.0030645563290988063,0
2023-03-24T14:56:55Z,2023-03-24T14:57:00Z,5.1207130522114546e-05,0.003027713139661827,0.0030789202701839414,0
2023-03-24T14:56:55Z,2023-03-24T14:57:00Z,0.00014417378334878562,0.0029344790829607574,0.003078652866309543,0
2023-03-24T14:56:55Z,2023-03-24T14:57:00Z,0.00017246070905376377,0.0029019632702469915,0.0030744239793007552,0
2023-03-24T14:56:55Z,2023-03-24T14:57:00Z,0.00011267786395128404,0.0029415337115549995,0.0030542115755062835,0
2023-03-24T14:56:55Z,2023-03-24T14:57:00Z,0.00011640415636500392,0.0029160019952851495,0.0030324061516501534,0
2023-03-24T14:57:55Z,2023-03-24T14:58:00Z,0.0001893829631771653,0.0028215648043131863,0.0030109477674903516,0
2023-03-24T14:57:55Z,2023-03-24T14:58:00Z,0.00013051194520219715,0.0028519360411962294,0.0029824479863984265,0
2023-03-24T14:57:55Z,2023-03-24T14:58:00Z,5.202051271182553e-05,0.0028877282983069776,0.002939748811018803,0
2023-03-24T14:57:55Z,2023-03-24T14:58:00Z,5.525601427761257e-05,0.0028583428493251218,0.0029135988636027343,0
2023-03-24T14:57:55Z,2023-03-24T14:58:00Z,5.7952267946256766e-05,0.0028356487611772133,0.00289360102912347,0
2023-03-24T14:57:55Z,2023-03-24T14:58:00Z,4.741348799905875e-05,0.0028353109363193204,0.002882724424318379,0
2023-03-24T14:57:55Z,2023-03-24T14:58:00Z,5.748822678565673e-05,0.0029307391498083536,0.002873250923022697,0
2023-03-24T14:57:55Z,2023-03-24T14:58:00Z,0.00013802065241303244,0.0029960968932592038,0.0028580762408461713,0
2023-03-24T14:57:55Z,2023-03-24T14:58:00Z,0.0002764052236355441,0.0031365867722707446,0.0028601815486352005,0
2023-03-24T14:57:55Z,2023-03-24T14:58:00Z,0.00030999953676225534,0.0031951142409611722,0.002885114704198917,0
2023-03-24T14:57:55Z,2023-03-24T14:58:00Z,0.00021931571971683808,0.003145094814069257,0.002925779094352419,0
2023-03-24T14:57:55Z,2023-03-24T14:58:00Z,0.00023576635200330768,0.003205457723877755,0.0029696913718744475,0
2023-03-24T14:58:55Z,2023-03-24T14:59:00Z,0.00033702030530151014,0.0033476762435679765,0.0030106559382664664,0
2023-03-24T14:58:55Z,2023-03-24T14:59:00Z,0.00025616446434703405,0.0033196502544278633,0.0030634857900808292,0
2023-03-24T14:58:55Z,2023-03-24T14:59:00Z,0.00017505197581609922,0.003311732809789594,0.0031366808339734946,0
2023-03-24T14:58:55Z,2023-03-24T14:59:00Z,0.00012515972290094582,0.003317399286105799,0.0031922395632048533,0
2023-03-24T14:58:55Z,2023-03-24T14:59:00Z,0.00012590721863471512,0.0033632376270581956,0.0032373304084234804,0
2023-03-24T14:58:55Z,2023-03-24T14:59:00Z,8.356964006133328e-05,0.0033467304076041076,0.0032631607675427743,0
2023-03-24T14:58:55Z,2023-03-24T14:59:00Z,6.72723050198251e-05,0.0033544506991478873,0.003287178394128062,0
2023-03-24T14:58:55Z,2023-03-24T14:59:00Z,2.314864087197329e-05,0.003292834838046783,0.0033159834789187564,0
2023-03-24T14:58:55Z,2023-03-24T14:59:00Z,6.863933686962606e-05,0.003268628852802006,0.003337268189671632,0
2023-03-24T14:58:55Z,2023-03-24T14:59:00Z,9.746282268709551e-05,0.0032319708804815083,0.0033294337031686038,0
2023-03-24T14:58:55Z,2023-03-24T14:59:00Z,4.62100802522793e-05,0.003275934851255488,0.003322144931507767,0
2023-03-24T14:58:55Z,2023-03-24T14:59:00Z,8.425423733589852e-05,0.0032264961328421424,0.003310750370178041,0
2023-03-24T14:59:55Z,2023-03-24T15:00:00Z,0.00014344231286075176,0.0031613845666243873,0.003304826879485139,0
2023-03-24T14:59:55Z,2023-03-24T15:00:00Z,0.00016771364389802377,0.0031175787364133936,0.0032852923803114173,0
2023-03-24T14:59:55Z,2023-03-24T15:00:00Z,0.00016535323360478615,0.0030934611694238136,0.0032588144030285997,0
2023-03-24T14:59:55Z,2023-03-24T15:00:00Z,0.00015816321114264353,0.003066812340066743,0.0032249755512093864,0
2023-03-24T14:59:55Z,2023-03-24T15:00:00Z,0.00010941819872597319,0.0030870753998229897,0.003196493598548963,0
2023-03-24T14:59:55Z,2023-03-24T15:00:00Z,5.321871823091946e-05,0.0031144439499272915,0.003167662668158211,0
2023-03-24T14:59:55Z,2023-03-24T15:00:00Z,2.1637143985831636e-05,0.003125326169792591,0.0031469633137784225,0
2023-03-24T14:59:55Z,2023-03-24T15:00:00Z,2.344799340928995e-05,0.0031004451916079616,0.0031238931850172515,0
2023-03-24T14:59:55Z,2023-03-24T15:00:00Z,1.0213012630331912e-05,0.003119653345783362,0.00310944033315303,0
2023-03-24T14:59:55Z,2023-03-24T15:00:00Z,2.0571850153477175e-05,0.0030801628579972063,0.0031007347081506834,0
2023-03-24T14:59:55Z,2023-03-24T15:00:00Z,7.892957025573688e-05,0.0030221015106620852,0.003101031080917822,0
2023-03-24T14:59:55Z,2023-03-24T15:00:00Z,6.04390493166981e-05,0.003038692272825894,0.0030991313221425923,0
2023-03-24T15:00:55Z,2023-03-24T15:01:00Z,1.459150098240096e-05,0.0030781525598166685,0.0030927440607990695,0
2023-03-24T15:00:55Z,2023-03-24T15:01:00Z,2.482787322689124e-05,0.0031106600587406615,0.0030858321855137703,0
2023-03-24T15:00:55Z,2023-03-24T15:01:00Z,7.231663517673174e-05,0.0031529643363889842,0.0030806477012122525,0
2023-03-24T15:00:55Z,2023-03-24T15:01:00Z,0.00011498750866893379,0.0031935400511594824,0.0030785525424905486,0
2023-03-24T15:00:55Z,2023-03-24T15:01:00Z,8.909811840975739e-05,0.0031751533958690233,0.003086055277459266,0
2023-03-24T15:00:55Z,2023-03-24T15:01:00Z,5.869956901862188e-05,0.003155310090103048,0.003096610521084426,0
2023-03-24T15:00:55Z,2023-03-24T15:01:00Z,2.0836672402476785e-05,0.0031310172703257334,0.0031101805979232566,0
2023-03-24T15:00:55Z,2023-03-24T15:01:00Z,2.5488323170211238e-05,0.0031037220718160407,0.003129210394986252,0
2023-03-24T15:00:55Z,2023-03-24T15:01:00Z,5.494839646002971e-05,0.003087451283883342,0.0031423996803433716,0
2023-03-24T15:00:55Z,2023-03-24T15:01:00Z,4.82742761734635e-05,0.0030977781915983897,0.0031460524677718532,0
2023-03-24T15:00:55Z,2023-03-24T15:01:00Z,5.0655339650738235e-08,0.0031426862731668715,0.0031427369285065222,0
2023-03-24T15:00:55Z,2023-03-24T15:01:00Z,1.2272060966690701e-05,0.0031471252545031275,0.003134853193536437,0
2023-03-24T15:01:55Z,2023-03-24T15:02:00Z,2.266813713737133e-05,0.0031502565052462924,0.003127588368108921,1
2023-03-24T15:01:55Z,2023-03-24T15:02:00Z,3.5618989886529364e-05,0.0030879653580272643,0.0031235843479137937,1
2023-03-24T15:01:55Z,2023-03-24T15:02:00Z,5.649110670584781e-05,0.003066371300514123,0.003122862407219971,1
2023-03-24T15:01:55Z,2023-03-24T15:02:00Z,5.9981489610781355e-05,0.0030567306444236942,0.0031167121340344756,1
2023-03-24T15:01:55Z,2023-03-24T15:02:00Z,7.241460547972086e-05,0.0030389617040830525,0.0031113763095627733,1
2023-03-24T15:01:55Z,2023-03-24T15:02:00Z,9.277776842642107e-05,0.0030142098783564027,0.0031069876467828238,1
2023-03-24T15:01:55Z,2023-03-24T15:02:00Z,0.00011667207357199698,0.0029819132178514926,0.0030985852914234896,1
2023-03-24T15:01:55Z,2023-03-24T15:02:00Z,6.703121855347431e-05,0.0030132003021828054,0.0030802315207362797,1
2023-03-24T15:01:55Z,2023-03-24T15:02:00Z,4.282054947472944e-05,0.003013809251739888,0.0030566298012146176,1
2023-03-24T15:01:55Z,2023-03-24T15:02:00Z,2.913151941330485e-05,0.003007918824220815,0.0030370503436341198,1
2023-03-24T15:01:55Z,2023-03-24T15:02:00Z,5.4995207332548656e-05,0.0029714614068319456,0.0030264566141644943,1
2023-03-24T15:01:55Z,2023-03-24T15:02:00Z,6.442883491096204e-05,0.002953677425497345,0.003018106260408307,1
2023-03-24T15:02:55Z,2023-03-24T15:03:00Z,7.975717346552641e-05,0.002926167767286817,0.0030059249407523433,1
2023-03-24T15:02:55Z,2023-03-24T15:03:00Z,3.537972790707217e-05,0.002958361744475884,0.0029937414723829564,1
2023-03-24T15:02:55Z,2023-03-24T15:03:00Z,8.915345897481629e-07,0.002980272493354696,0.002981164027944444,1
2023-03-24T15:02:55Z,2023-03-24T15:03:00Z,2.436456146045216e-05,0.003002164093208381,0.002977799531747929,1
2023-03-24T15:02:55Z,2023-03-24T15:03:00Z,5.9066887140098775e-05,0.003032162446198297,0.0029730955590581984,1
2023-03-24T15:02:55Z,2023-03-24T15:03:00Z,7.64166735263117e-05,0.0030478486385085803,0.0029714319649822686,1
2023-03-24T15:02:55Z,2023-03-24T15:03:00Z,0.00012120971949694612,0.0030961050590474267,0.0029748953395504806,1
2023-03-24T15:02:55Z,2023-03-24T15:03:00Z,7.729785692180396e-05,0.0030631056581403755,0.0029858078012185716,1
2023-03-24T15:02:55Z,2023-03-24T15:03:00Z,4.885115617544273e-05,0.003055005762186883,0.0030061546060114403,1
2023-03-24T15:02:55Z,2023-03-24T15:03:00Z,3.022159706165487e-05,0.003055938758909318,0.003025717161847663,1
2023-03-24T15:02:55Z,2023-03-24T15:03:00Z,2.1760657417660683e-05,0.0030177627926744302,0.003039523450092091,1
2023-03-24T15:03:55Z,2023-03-24T15:04:00Z,6.822516194956258e-05,0.002982107754650332,0.0030503329165998947,1
2023-03-24T15:03:55Z,2023-03-24T15:04:00Z,0.00013249654931900582,0.0029200647529188956,0.0030525613022379014,1
2023-03-24T15:03:55Z,2023-03-24T15:04:00Z,0.00021278911243174025,0.0028326215195850235,0.0030454106320167637,1
2023-03-24T15:03:55Z,2023-03-24T15:04:00Z,0.00019946733769821883,0.0028276884535200185,0.0030271557912182373,1
2023-03-24T15:03:55Z,2023-03-24T15:04:00Z,0.00017077930153037947,0.0028187359840503717,0.002989515285580751,1
2023-03-24T15:03:55Z,2023-03-24T15:04:00Z,0.00020802995522703656,0.002747854301122235,0.0029558842563492714,1
2023-03-24T15:03:55Z,2023-03-24T15:04:00Z,0.00016832591781810796,0.0027538055130830906,0.0029221314309011985,1
2023-03-24T15:03:55Z,2023-03-24T15:04:00Z,0.00011218026610773472,0.002765939099395309,0.002878119365503044,1
2023-03-24T15:03:55Z,2023-03-24T15:04:00Z,8.120691034830575e-05,0.0027592042723559754,0.002840411182704281,1
2023-03-24T15:03:55Z,2023-03-24T15:04:00Z,1.1643743705561094e-05,0.0028211736899448393,0.002809529946239278,1
2023-03-24T15:03:55Z,2023-03-24T15:04:00Z,4.144059077276297e-05,0.002745109286814669,0.002786549877587432,1
2023-03-24T15:03:55Z,2023-03-24T15:04:00Z,8.918625467123527e-05,0.002695728218681885,0.0027849144733531205,1
2023-03-24T15:03:55Z,2023-03-24T15:04:00Z,3.726534617953933e-05,0.0027358521033585305,0.00277311744953807,1
2023-03-24T15:04:55Z,2023-03-24T15:05:00Z,2.7292686260493252e-05,0.0027828375978887795,0.0027555449116282863,1
2023-03-24T15:04:55Z,2023-03-24T15:05:00Z,2.2103670109742315e-05,0.0027759339820574995,0.002753830311947757,1
2023-03-24T15:04:55Z,2023-03-24T15:05:00Z,6.709098077896771e-05,0.002825068733413251,0.0027579777526342835,1
2023-03-24T15:04:55Z,2023-03-24T15:05:00Z,7.75778972716707e-05,0.0028369834902862673,0.0027594055930145966,1
2023-03-24T15:04:55Z,2023-03-24T15:05:00Z,9.521420453776231e-05,0.002864029006274827,0.002768814801737065,1
2023-03-24T15:04:55Z,2023-03-24T15:05:00Z,0.00012929779777949525,0.0029003711424224784,0.002771073344642983,1
2023-03-24T15:04:55Z,2023-03-24T15:05:00Z,0.00010320735063086648,0.002891269226625301,0.0027880618759944346,1
2023-03-24T15:04:55Z,2023-03-24T15:05:00Z,7.193755059685478e-05,0.002889234129982803,0.002817296579385948,1
2023-03-24T15:04:55Z,2023-03-24T15:05:00Z,3.621430258218209e-05,0.0028757133281490967,0.0028394990255669146,1
2023-03-24T15:04:55Z,2023-03-24T15:05:00Z,2.2653292858607673e-05,0.002877351823010383,0.0028546985301517755,1
2023-03-24T15:04:55Z,2023-03-24T15:05:00Z,7.05692692777129e-05,0.002939521991728288,0.002868952722450575,1
2023-03-24T15:04:55Z,2023-03-24T15:05:00Z,3.453891073360591e-05,0.0029109606459837714,0.0028764217352501655,1
2023-03-24T15:05:55Z,2023-03-24T15:06:00Z,4.2215558324444364e-05,0.0029332856509234695,0.002891070092599025,1
2023-03-24T15:05:55Z,2023-03-24T15:06:00Z,3.488087552238478e-05,0.00293265548807983,0.0028977746125574454,1
2023-03-24T15:05:55Z,2023-03-24T15:06:00Z,3.5187421004380555e-06,0.002905995427300883,0.0029024766852004447,1
2023-03-24T15:05:55Z,2023-03-24T15:06:00Z,2.9992732317753266e-05,0.002878396275947624,0.0029083890082653775,1
2023-03-24T15:05:55Z,2023-03-24T15:06:00Z,6.296261752704833e-06,0.0029044872175581125,0.0029107834793108173,1
2023-03-24T15:05:55Z,2023-03-24T15:06:00Z,2.7085341175776476e-05,0.0028840814163919736,0.00291116675756775,1
2023-03-24T15:05:55Z,2023-03-24T15:06:00Z,7.251374446479554e-05,0.002842529498038344,0.0029150432425031395,1
2023-03-24T15:05:55Z,2023-03-24T15:06:00Z,6.628811523659139e-05,0.0028408350450756462,0.0029071231603122376,1
2023-03-24T15:05:55Z,2023-03-24T15:06:00Z,5.537410930531129e-05,0.0028419731727290084,0.0028973472820343197,1
2023-03-24T15:05:55Z,2023-03-24T15:06:00Z,4.6387999368321334e-05,0.002837752053259167,0.002884140052627488,1
2023-03-24T15:05:55Z,2023-03-24T15:06:00Z,9.435703427505479e-05,0.002776828401873744,0.002871185436148799,1
2023-03-24T15:05:55Z,2023-03-24T15:06:00Z,4.549092847314258e-05,0.0028159454542411254,0.002861436382714268,1
2023-03-24T15:06:55Z,2023-03-24T15:07:00Z,6.238074414376083e-05,0.0027845459422742385,0.0028469266864179993,1
2023-03-24T15:06:55Z,2023-03-24T15:07:00Z,1.0889919741466619e-05,0.0028233879433455346,0.0028342778630870012,1
2023-03-24T15:06:55Z,2023-03-24T15:07:00Z,4.441122910706042e-05,0.002864469738748671,0.0028200585096416105,1
2023-03-24T15:06:55Z,2023-03-24T15:07:00Z,1.0627320559646568e-05,0.0028279513223879987,0.002817324001828352,1
2023-03-24T15:06:55Z,2023-03-24T15:07:00Z,4.00300929416105e-05,0.002860730479580395,0.0028207003866387846,1
2023-03-24T15:06:55Z,2023-03-24T15:07:00Z,5.3457161939239606e-05,0.0028721544271007363,0.0028186972651614967,1
2023-03-24T15:06:55Z,2023-03-24T15:07:00Z,0.00011549918466726436,0.002937479082160365,0.0028219798974931007,1
2023-03-24T15:06:55Z,2023-03-24T15:07:00Z,0.00012944196980885008,0.0029650398709058067,0.0028355979010969566,1
2023-03-24T15:06:55Z,2023-03-24T15:07:00Z,8.21038196136179e-05,0.0029350636675561804,0.0028529598479425625,1
2023-03-24T15:06:55Z,2023-03-24T15:07:00Z,5.456903341308954e-05,0.0029333137283030193,0.00287874469488993,1
2023-03-24T15:06:55Z,2023-03-24T15:07:00Z,6.662611826187314e-05,0.0029613244880390376,0.0028946983697771644,1
2023-03-24T15:06:55Z,2023-03-24T15:07:00Z,4.102999771999618e-05,0.002945563223147782,0.0029045332254277858,1
2023-03-24T15:07:55Z,2023-03-24T15:08:00Z,3.6725170434654276e-05,0.0029603117052411604,0.002923586534806506,1
2023-03-24T15:07:55Z,2023-03-24T15:08:00Z,5.318288572769229e-05,0.002988888383900968,0.002935705498173276,1
2023-03-24T15:07:55Z,2023-03-24T15:08:00Z,6.852520342004237e-05,0.0030168245984705214,0.002948299395050479,1
2023-03-24T15:07:55Z,2023-03-24T15:08:00Z,0.00014930991653193393,0.0031049534975453557,0.002955643581013422,1
2023-03-24T15:07:55Z,2023-03-24T15:08:00Z,0.0001728247289474968,0.0031358661281844493,0.0029630413992369526,1
2023-03-24T15:07:55Z,2023-03-24T15:08:00Z,0.0001877499356639249,0.003175061310613617,0.0029873113749496923,1
2023-03-24T15:07:55Z,2023-03-24T15:08:00Z,0.00012867869221437058,0.0031449261242899812,0.0030162474320756106,1
2023-03-24T15:07:55Z,2023-03-24T15:08:00Z,0.00011029623662885601,0.003157077500500835,0.003046781263871979,1
2023-03-24T15:07:55Z,2023-03-24T15:08:00Z,0.00012897985998549383,0.0032042415383063587,0.003075261678320865,1
2023-03-24T15:07:55Z,2023-03-24T15:08:00Z,0.00015609982079737433,0.0032594708984410503,0.003103371077643676,1
2023-03-24T15:07:55Z,2023-03-24T15:08:00Z,0.00018132821294216707,0.00331546402692947,0.003134135813987303,1
2023-03-24T15:08:55Z,2023-03-24T15:09:00Z,0.0001636543001991412,0.0033324538713250906,0.0031687995711259494,0
2023-03-24T15:08:55Z,2023-03-24T15:09:00Z,0.00017510345210783491,0.003373975956002944,0.003198872503895109,0
2023-03-24T15:08:55Z,2023-03-24T15:09:00Z,9.20488871316294e-05,0.0033190053543325445,0.003226956467200915,0
2023-03-24T15:08:55Z,2023-03-24T15:09:00Z,4.991024174644124e-05,0.003305283086860117,0.003255372845113676,0
2023-03-24T15:08:55Z,2023-03-24T15:09:00Z,1.380362610370594e-06,0.0032816216691586987,0.003280241306548328,0
2023-03-24T15:08:55Z,2023-03-24T15:09:00Z,5.123176393540679e-05,0.003250181769235676,0.003301413533171083,0
2023-03-24T15:08:55Z,2023-03-24T15:09:00Z,5.893059023983184e-05,0.0032535372473387275,0.0033124678375785594,0
2023-03-24T15:08:55Z,2023-03-24T15:09:00Z,0.00014752738862514655,0.0031636134304955025,0.003311140819120649,0
2023-03-24T15:08:55Z,2023-03-24T15:09:00Z,0.00016759140307136397,0.003134702733250607,0.003302294136321971,0
2023-03-24T15:08:55Z,2023-03-24T15:09:00Z,8.639131075625483e-05,0.003191782762590061,0.003278174073346316,0
2023-03-24T15:08:55Z,2023-03-24T15:09:00Z,2.0802978462015724e-05,0.0032647951628437116,0.003243992184381696,0
2023-03-24T15:08:55Z,2023-03-24T15:09:00Z,2.2779943331508942e-05,0.0032485974717499934,0.0032258175284184845,0
2023-03-24T15:08:55Z,2023-03-24T15:09:00Z,3.2374962895083056e-06,0.0032232710355627916,0.0032200335392732833,0
2023-03-24T15:09:55Z,2023-03-24T15:10:00Z,6.5430650525327184e-06,0.003208772731733793,0.0032153157967863256,0
2023-03-24T15:09:55Z,2023-03-24T15:10:00Z,5.026978930392856e-05,0.0032617411955655562,0.0032114714062616277,0
2023-03-24T15:09:55Z,2023-03-24T15:10:00Z,2.294707112218946e-05,0.003228023546583112,0.0032050764754609226,0
2023-03-24T15:09:55Z,2023-03-24T15:10:00Z,8.808273692051567e-06,0.0032279030013058394,0.003219094727613788,0
2023-03-24T15:09:55Z,2023-03-24T15:10:00Z,6.675482955313455e-05,0.0031656714428224394,0.003232426272375574,0
2023-03-24T15:09:55Z,2023-03-24T15:10:00Z,0.00011632052901035424,0.0031212657774674735,0.0032375863064778277,0
2023-03-24T15:09:55Z,2023-03-24T15:10:00Z,1.1282996028569997e-05,0.0032347087710747876,0.0032234257750462176,0
2023-03-24T15:09:55Z,2023-03-24T15:10:00Z,1.729801165623393e-05,0.003187937521349624,0.003205235533005858,0
2023-03-24T15:09:55Z,2023-03-24T15:10:00Z,5.961727505997532e-05,0.003147252220161882,0.0032068694952218572,0
2023-03-24T15:09:55Z,2023-03-24T15:10:00Z,3.526134570239507e-05,0.0031686316908931525,0.0032038930365955475,0
2023-03-24T15:09:55Z,2023-03-24T15:10:00Z,2.1264433189586204e-05,0.0031662730354911506,0.003187537468680737,0
2023-03-24T15:09:55Z,2023-03-24T15:10:00Z,2.768676824375883e-05,0.003206739686111644,0.0031790529178678853,0
2023-03-24T15:10:55Z,2023-03-24T15:11:00Z,1.4232938480929127e-05,0.003184481575518145,0.003170248637037216,0
2023-03-24T15:10:55Z,2023-03-24T15:11:00Z,6.43982981550148e-06,0.003182555358751175,0.0031761155289356737,0
2023-03-24T15:10:55Z,2023-03-24T15:11:00Z,4.671265570059795e-06,0.003189817622798686,0.0031851463572286263,0
2023-03-24T15:10:55Z,2023-03-24T15:11:00Z,2.3372578613108184e-05,0.003154323291140717,0.0031776958697538253,0
2023-03-24T15:10:55Z,2023-03-24T15:11:00Z,1.8333284616657217e-05,0.003196297740291777,0.0031779644556751197,0
2023-03-24T15:10:55Z,2023-03-24T15:11:00Z,1.9486534037834336e-05,0.00319846114270993,0.0031789746086720956,0
2023-03-24T15:10:55Z,2023-03-24T15:11:00Z,1.4289037485785104e-06,0.0031843558051919065,0.003182926901443328,0
2023-03-24T15:10:55Z,2023-03-24T15:11:00Z,2.810711245698847e-06,0.0031903359137202807,0.003187525202474582,0
2023-03-24T15:10:55Z,2023-03-24T15:11:00Z,6.512259211116167e-05,0.003119204913089172,0.0031843275052003336,0
2023-03-24T15:10:55Z,2023-03-24T15:11:00Z,0.000104172321994236,0.003080991517234975,0.003185163839229211,0
2023-03-24T15:10:55Z,2023-03-24T15:11:00Z,0.00010708368471066274,0.0030690300908525468,0.0031761137755632095,0
2023-03-24T15:11:55Z,2023-03-24T15:12:00Z,5.07493119582458e-05,0.0031098178770958625,0.0031605671890541083,1
2023-03-24T15:11:55Z,2023-03-24T15:12:00Z,0.00010954469833179218,0.0030388377478240062,0.0031483824461557984,1
2023-03-24T15:11:55Z,2023-03-24T15:12:00Z,0.00011417148488397817,0.0030218566951009753,0.0031360281799849535,1
2023-03-24T15:11:55Z,2023-03-24T15:12:00Z,0.0001328991070247876,0.0029803257308336053,0.003113224837858393,1
2023-03-24T15:11:55Z,2023-03-24T15:12:00Z,0.00013597517227038067,0.0029540355070035934,0.003090010679273974,1
2023-03-24T15:11:55Z,2023-03-24T15:12:00Z,8.96055973284896e-05,0.002970403627247388,0.0030600092245758777,1
2023-03-24T15:11:55Z,2023-03-24T15:12:00Z,9.020518166823026e-05,0.0029462084134668502,0.0030364135951350805,1
2023-03-24T15:11:55Z,2023-03-24T15:12:00Z,6.365893757779998e-05,0.0029569563875590536,0.0030206153251368536,1
2023-03-24T15:11:55Z,2023-03-24T15:12:00Z,5.5014784311126826e-05,0.0029480545869134847,0.0030030693712246115,1
2023-03-24T15:11:55Z,2023-03-24T15:12:00Z,3.573742531103822e-05,0.0030169694408875344,0.002981232015576496,1
2023-03-24T15:11:55Z,2023-03-24T15:12:00Z,6.866124488355552e-05,0.003036924237472834,0.0029682629925892783,1
2023-03-24T15:11:55Z,2023-03-24T15:12:00Z,8.152091402156576e-05,0.0030490857274374956,0.00296756481341593,1
2023-03-24T15:11:55Z,2023-03-24T15:12:00Z,2.3424674772404806e-05,0.0029990749891367964,0.0029756503143643915,1
2023-03-24T15:12:55Z,2023-03-24T15:13:00Z,5.227914640780918e-05,0.003041508063691329,0.00298922891728352,1
2023-03-24T15:12:55Z,2023-03-24T15:13:00Z,6.520331627264155e-05,0.003058528142397506,0.0029933248261248646,1
2023-03-24T15:12:55Z,2023-03-24T15:13:00Z,6.650095459653695e-05,0.003073440016467755,0.003006939061871218,1
2023-03-24T15:12:55Z,2023-03-24T15:13:00Z,4.815684802739065e-05,0.0030696061605898165,0.003021449312562426,1
2023-03-24T15:12:55Z,2023-03-24T15:13:00Z,6.908131866479195e-05,0.003108442835449256,0.003039361516784464,1
2023-03-24T15:12:55Z,2023-03-24T15:13:00Z,8.162350485555175e-05,0.003128504553026056,0.0030468810481705045,1
2023-03-24T15:12:55Z,2023-03-24T15:13:00Z,6.367650669241148e-05,0.003120774497430977,0.0030570979907385653,1
2023-03-24T15:12:55Z,2023-03-24T15:13:00Z,1.6406439504567348e-05,0.0030848499767557836,0.0030684435372512163,1
2023-03-24T15:12:55Z,2023-03-24T15:13:00Z,1.5156379306288745e-05,0.0031009855605995313,0.0030858291812932426,1
2023-03-24T15:12:55Z,2023-03-24T15:13:00Z,1.3397587987144712e-05,0.0031054184711467375,0.0030920208831595928,1
2023-03-24T15:12:55Z,2023-03-24T15:13:00Z,1.8036511116887016e-05,0.003116122739733912,0.003098086228617025,1
2023-03-24T15:13:55Z,2023-03-24T15:14:00Z,2.832503974703254e-05,0.003130979619032484,0.0031026545792854515,0
2023-03-24T15:13:55Z,2023-03-24T15:14:00Z,8.06139838779342e-06,0.0031173612032652583,0.003109299804877465,0
2023-03-24T15:13:55Z,2023-03-24T15:14:00Z,2.8217063713358026e-05,0.003084302281675996,0.003112519345389354,0
2023-03-24T15:13:55Z,2023-03-24T15:14:00Z,1.5042093884405725e-05,0.0030958853443962633,0.003110927438280669,0
2023-03-24T15:13:55Z,2023-03-24T15:14:00Z,7.992896208430323e-05,0.00302578815965994,0.003105717121744243,0
2023-03-24T15:13:55Z,2023-03-24T15:14:00Z,0.00014580417246245255,0.002961489430373288,0.0031072936028357406,0
2023-03-24T15:13:55Z,2023-03-24T15:14:00Z,0.00011973975255362597,0.0029768113644336016,0.0030965511169872275,0
2023-03-24T15:13:55Z,2023-03-24T15:14:00Z,8.634566926777644e-05,0.0029896441561803864,0.003075989825448163,0
2023-03-24T15:13:55Z,2023-03-24T15:14:00Z,7.42409616317362e-05,0.002981847238773525,0.003056088200405261,0
2023-03-24T15:13:55Z,2023-03-24T15:14:00Z,6.264020138815711e-05,0.0029732572186096625,0.0030358974199978196,0
2023-03-24T15:13:55Z,2023-03-24T15:14:00Z,9.139012047243043e-05,0.0029251481617408558,0.003016538282213286,0
2023-03-24T15:13:55Z,2023-03-24T15:14:00Z,0.00013501396490997073,0.002865660736865267,0.003000674701775238,0
2023-03-24T15:13:55Z,2023-03-24T15:14:00Z,0.00012860291009498962,0.002847680765586619,0.0029762836756816085,0
2023-03-24T15:14:55Z,2023-03-24T15:15:00Z,0.00011492786976462438,0.0028384804598034588,0.002953408329568083,0
2023-03-24T15:14:55Z,2023-03-24T15:15:00Z,8.620780297332329e-05,0.0028509421459109504,0.0029371499488842737,0
2023-03-24T15:14:55Z,2023-03-24T15:15:00Z,4.406874057130694e-05,0.002873319650508661,0.002917388391079968,0
2023-03-24T15:14:55Z,2023-03-24T15:15:00Z,4.822325906365986e-05,0.002945797077247994,0.002897573818184334,0
2023-03-24T15:14:55Z,2023-03-24T15:15:00Z,0.00013725685347691944,0.003019326730480558,0.0028820698770036387,0
2023-03-24T15:14:55Z,2023-03-24T15:15:00Z,0.00013700095567823834,0.003015147955344496,0.0028781469996662576,0
2023-03-24T15:14:55Z,2023-03-24T15:15:00Z,0.00012706598905365624,0.0030186670699684425,0.0028916010809147863,0
2023-03-24T15:14:55Z,2023-03-24T15:15:00Z,0.0001486580382149636,0.003061614436055355,0.0029129563978403912,0
2023-03-24T15:14:55Z,2023-03-24T15:15:00Z,9.759982895312996e-05,0.00303498284170521,0.00293738301275208,0
2023-03-24T15:14:55Z,2023-03-24T15:15:00Z,6.936090055363522e-05,0.0030386201956274146,0.0029692592950737793,0
2023-03-24T15:14:55Z,2023-03-24T15:15:00Z,9.694520951400703e-05,0.0030924960325583953,0.0029955508230443883,0
2023-03-24T15:14:55Z,2023-03-24T15:15:00Z,8.559125929849098e-05,0.003104756445931273,0.003019165186632782,0
2023-03-24T15:15:55Z,2023-03-24T15:16:00Z,7.002002006147121e-05,0.003110142200310025,0.0030401221802485536,0
2023-03-24T15:15:55Z,2023-03-24T15:16:00Z,0.00011696820202925038,0.0031692946273421912,0.003052326425312941,0
2023-03-24T15:15:55Z,2023-03-24T15:16:00Z,9.075096746736329e-05,0.003156647999203951,0.003065897031736588,0
2023-03-24T15:15:55Z,2023-03-24T15:16:00Z,8.79395535246779e-05,0.00317535480774323,0.003087415254218552,0
2023-03-24T15:15:55Z,2023-03-24T15:16:00Z,5.3977341928609316e-05,0.0031549688194541037,0.0031009914775254944,0
2023-03-24T15:15:55Z,2023-03-24T15:16:00Z,9.247482948348965e-05,0.0032135194450144157,0.003121044615530926,0
2023-03-24T15:15:55Z,2023-03-24T15:16:00Z,7.381834670154271e-05,0.00321148419420771,0.0031376658475061672,0
2023-03-24T15:15:55Z,2023-03-24T15:16:00Z,2.2573621769671898e-05,0.0031775285281981274,0.0031549549064284555,0
2023-03-24T15:15:55Z,2023-03-24T15:16:00Z,1.3564904907183671e-05,0.0031837666325179874,0.0031702017276108037,0
2023-03-24T15:15:55Z,2023-03-24T15:16:00Z,4.187829252575185e-05,0.0032217066384062844,0.0031798283458805325,0
2023-03-24T15:15:55Z,2023-03-24T15:16:00Z,4.376301453586735e-05,0.003225658789727228,0.0031818957751913604,0
2023-03-24T15:16:55Z,2023-03-24T15:17:00Z,4.444601704081631e-05,0.0032356358835467958,0.0031911898665059795,0
2023-03-24T15:16:55Z,2023-03-24T15:17:00Z,4.9639674919010196e-05,0.003248015824565561,0.003198376149646551,0
2023-03-24T15:16:55Z,2023-03-24T15:17:00Z,5.583157030713062e-06,0.0032043168589147935,0.0032099000159455065,0
2023-03-24T15:16:55Z,2023-03-24T15:17:00Z,3.3730208670599074e-06,0.0032114550493000395,0.0032148280701670994,0
2023-03-24T15:16:55Z,2023-03-24T15:17:00Z,1.5209265970337303e-05,0.0031985948991549167,0.003213804165125254,0
2023-03-24T15:16:55Z,2023-03-24T15:17:00Z,2.3439175207077678e-05,0.0031952116357898772,0.003218650810996955,0
2023-03-24T15:16:55Z,2023-03-24T15:17:00Z,1.0498062441891779e-05,0.0032102710723603393,0.003220769134802231,0
2023-03-24T15:16:55Z,2023-03-24T15:17:00Z,8.745292486003406e-06,0.003208238841942455,0.0032169841344284584,0
2023-03-24T15:16:55Z,2023-03-24T15:17:00Z,1.0443180425718374e-06,0.00321374157104776,0.0032147858890903317,0
2023-03-24T15:16:55Z,2023-03-24T15:17:00Z,1.9935863603756654e-05,0.003190936162400241,0.0032108720260039976,0
2023-03-24T15:16:55Z,2023-03-24T15:17:00Z,3.0991114058410464e-06,0.003209074815478724,0.003205975704072883,0
2023-03-24T15:16:55Z,2023-03-24T15:17:00Z,2.264812077444568e-05,0.0031814160552249295,0.003204064175999375,0
2023-03-24T15:16:55Z,2023-03-24T15:17:00Z,5.0828743080754205e-05,0.0031528953995155766,0.003203724142596331,0
2023-03-24T15:17:55Z,2023-03-24T15:18:00Z,1.9249347931283873e-05,0.00318202067410362,0.003201270022034904,0
2023-03-24T15:17:55Z,2023-03-24T15:18:00Z,3.150066721599324e-05,0.003163724178208296,0.003195224845424289,0
2023-03-24T15:17:55Z,2023-03-24T15:18:00Z,1.164627858980978e-05,0.0031795427956549482,0.003191189074244758,0
2023-03-24T15:17:55Z,2023-03-24T15:18:00Z,3.98249066067358e-06,0.003180847345907776,0.0031848298365684496,0
2023-03-24T15:17:55Z,2023-03-24T15:18:00Z,4.059930046526475e-05,0.0031393449967613545,0.0031799442972266193,0
2023-03-24T15:17:55Z,2023-03-24T15:18:00Z,3.2731062658652825e-06,0.003181776143993561,0.0031785030377276956,0
2023-03-24T15:17:55Z,2023-03-24T15:18:00Z,2.676491376691877e-05,0.0031417767212868664,0.003168541635053785,0
2023-03-24T15:17:55Z,2023-03-24T15:18:00Z,3.3785905753970676e-05,0.0031348071705524765,0.003168593076306447,0
2023-03-24T15:17:55Z,2023-03-24T15:18:00Z,3.9531457786787846e-05,0.0032065361514891336,0.0031670046937023457,0
2023-03-24T15:17:55Z,2023-03-24T15:18:00Z,2.653300890253108e-05,0.0031867929163832847,0.0031602599074807536,0
2023-03-24T15:17:55Z,2023-03-24T15:18:00Z,1.3264383484323967e-05,0.0031796402871480545,0.0031663759036637306,0
2023-03-24T15:17:55Z,2023-03-24T15:18:00Z,1.963458275312151e-05,0.0031870462179494725,0.003167411635196351,0
2023-03-24T15:18:55Z,2023-03-24T15:19:00Z,8.271161382872013e-05,0.003084527584401956,0.0031672391982306763,0
2023-03-24T15:18:55Z,2023-03-24T15:19:00Z,6.550105196274957e-05,0.0031085526064376576,0.003174053658400407,0
2023-03-24T15:18:55Z,2023-03-24T15:19:00Z,6.518745111645449e-05,0.003094973555913723,0.0031601610070301775,0
2023-03-24T15:18:55Z,2023-03-24T15:19:00Z,8.687208743648643e-05,0.003068542617472376,0.0031554147049088622,0
2023-03-24T15:18:55Z,2023-03-24T15:19:00Z,4.797142164649241e-05,0.003101752766885405,0.0031497241885318976,0
2023-03-24T15:18:55Z,2023-03-24T15:19:00Z,5.304821446740606e-05,0.003076962612062097,0.003130010826529503,0
2023-03-24T15:18:55Z,2023-03-24T15:19:00Z,5.421856785939316e-05,0.003063643665884699,0.003117862233744092,0
2023-03-24T15:18:55Z,2023-03-24T15:19:00Z,8.618791373083638e-05,0.003017006080715262,0.0031031939944460986,0
2023-03-24T15:18:55Z,2023-03-24T15:19:00Z,3.932488690234137e-05,0.0030462401715345036,0.003085565058436845,0
2023-03-24T15:18:55Z,2023-03-24T15:19:00Z,1.6308949007748721e-06,0.0030775500242395206,0.0030759191293387458,0
2023-03-24T15:18:55Z,2023-03-24T15:19:00Z,3.4334018421820506e-05,0.0031013513713458304,0.00306701735292401,0
2023-03-24T15:18:55Z,2023-03-24T15:19:00Z,5.018413819026001e-05,0.003114712415160812,0.003064528276970552,0
2023-03-24T15:19:55Z,2023-03-24T15:20:00Z,0.00010169770396240832,0.0031709129457720255,0.003069215241809617,0
2023-03-24T15:19:55Z,2023-03-24T15:20:00Z,1.627098225000321e-05,0.0030873376023846776,0.0030710666201346744,0
2023-03-24T15:19:55Z,2023-03-24T15:20:00Z,3.204980338994369e-05,0.0030524382929890065,0.00308448809637895,0
2023-03-24T15:19:55Z,2023-03-24T15:20:00Z,2.5665788655071606e-05,0.003062207155795305,0.0030878729444503766,0
2023-03-24T15:19:55Z,2023-03-24T15:20:00Z,8.241004251870188e-05,0.003010524646542209,0.003092934689060911,0
2023-03-24T15:19:55Z,2023-03-24T15:20:00Z,0.00010508599450145817,0.0029901296923109956,0.003095215686812454,0
2023-03-24T15:19:55Z,2023-03-24T15:20:00Z,5.857145306023244e-05,0.0030270691797954627,0.003085640632855695,0
2023-03-24T15:19:55Z,2023-03-24T15:20:00Z,5.129318084610892e-05,0.003018458640718895,0.003069751821565004,0
2023-03-24T15:19:55Z,2023-03-24T15:20:00Z,8.909732790999972e-05,0.0029681340314599547,0.0030572313593699545,0
2023-03-24T15:19:55Z,2023-03-24T15:20:00Z,0.00010102740777584353,0.0029344247651579497,0.0030354521729337933,0
2023-03-24T15:19:55Z,2023-03-24T15:20:00Z,8.75726867275101e-05,0.0029308504046456087,0.003018423091373119,0
2023-03-24T15:19:55Z,2023-03-24T15:20:00Z,7.888166166016095e-05,0.0029226823543085207,0.0030015640159686816,0
2023-03-24T15:20:55Z,2023-03-24T15:21:00Z,7.463141566724316e-05,0.002908167350137196,0.002982798765804439,0
2023-03-24T15:20:55Z,2023-03-24T15:21:00Z,1.8381005152607113e-05,0.002951868861761305,0.002970249866913912,0
2023-03-24T15:20:55Z,2023-03-24T15:21:00Z,1.768262831361011e-05,0.002976223589202694,0.002958540960889084,0
2023-03-24T15:20:55Z,2023-03-24T15:21:00Z,1.5101018631797497e-05,0.0029326970396809783,0.002947798058312776,0
2023-03-24T15:20:55Z,2023-03-24T15:21:00Z,4.58696737069865e-05,0.002987634153231733,0.0029417644795247467,0
2023-03-24T15:20:55Z,2023-03-24T15:21:00Z,4.677865322734844e-05,0.0029834807053550987,0.0029367020521277503,0
2023-03-24T15:20:55Z,2023-03-24T15:21:00Z,5.747543978090047e-05,0.003001778833062048,0.0029443033932811473,0
2023-03-24T15:20:55Z,2023-03-24T15:21:00Z,0.00010619152170167215,0.0030580135293698896,0.0029518220076682174,0
2023-03-24T15:20:55Z,2023-03-24T15:21:00Z,0.00014483895076227013,0.0031079604553952774,0.0029631215046330072,0
2023-03-24T15:20:55Z,2023-03-24T15:21:00Z,0.00015677600385537388,0.0031413041055216233,0.0029845281016662494,0
2023-03-24T15:20:55Z,2023-03-24T15:21:00Z,0.00012164909570101844,0.0031284759964578354,0.003006826900756817,0
2023-03-24T15:20:55Z,2023-03-24T15:21:00Z,5.806584322790541e-05,0.0030884756748874266,0.003030409831659521,0
2023-03-24T15:21:55Z,2023-03-24T15:22:00Z,2.477992988590737e-05,0.0030831581839421223,0.003058378254056215,0
2023-03-24T15:21:55Z,2023-03-24T15:22:00Z,1.0921284043610355e-05,0.003083705469764925,0.0030727841857213145,0
2023-03-24T15:21:55Z,2023-03-24T15:22:00Z,3.532715570559635e-05,0.0030516966698138637,0.00308702382551946,0
2023-03-24T15:21:55Z,2023-03-24T15:22:00Z,3.25884175966986e-05,0.00306613921316603,0.0030987276307627284,0
2023-03-24T15:21:55Z,2023-03-24T15:22:00Z,8.250863967090849e-05,0.0030153165825838163,0.003097825222254725,0
2023-03-24T15:21:55Z,2023-03-24T15:22:00Z,5.97171041125436e-05,0.0030321336549665747,0.0030918507590791183,0
2023-03-24T15:21:55Z,2023-03-24T15:22:00Z,5.917985005403619e-05,0.0030146726914625378,0.003073852541516574,0
2023-03-24T15:21:55Z,2023-03-24T15:22:00Z,6.568786251025249e-05,0.0029944014873647122,0.0030600893498749647,0
2023-03-24T15:21:55Z,2023-03-24T15:22:00Z,6.164773308800801e-05,0.002987898333440545,0.003049546066528553,0
2023-03-24T15:21:55Z,2023-03-24T15:22:00Z,3.817592678326655e-05,0.002998690611662799,0.0030368665384460656,0
2023-03-24T15:21:55Z,2023-03-24T15:22:00Z,3.668646327990898e-05,0.0029864933414055312,0.00302317980468544,0
2023-03-24T15:21:55Z,2023-03-24T15:22:00Z,1.7318962055766322e-05,0.0029982885486080925,0.003015607510663859,0
2023-03-24T15:22:55Z,2023-03-24T15:23:00Z,2.3422829735027153e-05,0.002980806699248761,0.003004229528983788,0
2023-03-24T15:22:55Z,2023-03-24T15:23:00Z,8.757753556779772e-06,0.0029930391991447617,0.0030017969527015415,0
2023-03-24T15:22:55Z,2023-03-24T15:23:00Z,1.5848068487659718e-06,0.0029960493373049056,0.0029944645304561396,0
2023-03-24T15:22:55Z,2023-03-24T15:23:00Z,1.2347314962135158e-05,0.0029790267165914655,0.0029913740315536006,0
2023-03-24T15:22:55Z,2023-03-24T15:23:00Z,1.5242873047761635e-05,0.003006852311735676,0.0029916094386879142,0
2023-03-24T15:22:55Z,2023-03-24T15:23:00Z,8.46588614712273e-06,0.0029818761787052087,0.0029903420648523314,0
2023-03-24T15:22:55Z,2023-03-24T15:23:00Z,6.259905668110598e-06,0.0029977679276737093,0.0029915080220055987,0
2023-03-24T15:22:55Z,2023-03-24T15:23:00Z,4.6467080878707934e-05,0.003037315508212832,0.002990848427334124,0
2023-03-24T15:22:55Z,2023-03-24T15:23:00Z,1.4108538142020618e-05,0.0030048825910569477,0.002990774052914927,0
2023-03-24T15:22:55Z,2023-03-24T15:23:00Z,2.161783604700488e-05,0.003020464575956799,0.002998846739909794,0
2023-03-24T15:22:55Z,2023-03-24T15:23:00Z,4.251442879799191e-05,0.003043053081838098,0.003000538653040106,0
2023-03-24T15:22:55Z,2023-03-24T15:23:00Z,5.952215625104748e-05,0.003063548700527139,0.0030040265442760916,0
2023-03-24T15:23:55Z,2023-03-24T15:24:00Z,1.982120742721272e-05,0.003032994375309966,0.0030131731678827533,0
2023-03-24T15:23:55Z,2023-03-24T15:24:00Z,6.0764843525193315e-05,0.0029605078084706258,0.003021272651995819,0
2023-03-24T15:23:55Z,2023-03-24T15:24:00Z,6.352404238952735e-05,0.0029650512091212566,0.003028575251510784,0
2023-03-24T15:23:55Z,2023-03-24T15:24:00Z,2.139166882346704e-05,0.003001860708515448,0.003023252377338915,0
2023-03-24T15:23:55Z,2023-03-24T15:24:00Z,5.3373669525610956e-05,0.002959555236514508,0.003012928906040119,0
2023-03-24T15:23:55Z,2023-03-24T15:24:00Z,5.4911988989614965e-05,0.0029575852195445756,0.0030124972085341906,0
2023-03-24T15:23:55Z,2023-03-24T15:24:00Z,5.8794579903466426e-05,0.002945001294424682,0.0030037958743281486,0
2023-03-24T15:23:55Z,2023-03-24T15:24:00Z,0.00010953170977974405,0.0028820544699350447,0.0029915861797147887,0
2023-03-24T15:23:55Z,2023-03-24T15:24:00Z,0.00011790691645867813,0.002856743919527188,0.002974650835985866,0
2023-03-24T15:23:55Z,2023-03-24T15:24:00Z,0.00013305261702913464,0.0028200353753317425,0.002953087992360877,0
2023-03-24T15:23:55Z,2023-03-24T15:24:00Z,0.00016306120829932174,0.00277520337135535,0.002938264579654672,0
2023-03-24T15:23:55Z,2023-03-24T15:24:00Z,0.0001415625489261307,0.002775985483044325,0.0029175480319704556,0
2023-03-24T15:24:55Z,2023-03-24T15:25:00Z,0.0001347538592943124,0.0027504145530818434,0.002885168412376156,0
2023-03-24T15:24:55Z,2023-03-24T15:25:00Z,3.7935821319552525e-05,0.0028210083405608628,0.0028589441618804153,0
2023-03-24T15:24:55Z,2023-03-24T15:25:00Z,1.897238647732098e-05,0.0028483207388630607,0.0028293483523857397,0
2023-03-24T15:24:55Z,2023-03-24T15:25:00Z,7.362195050162994e-06,0.002804272878212174,0.002811635073262337,0
2023-03-24T15:24:55Z,2023-03-24T15:25:00Z,3.3375260283648785e-05,0.0028401912291071306,0.0028068159688234818,0
2023-03-24T15:24:55Z,2023-03-24T15:25:00Z,4.6773445627898685e-05,0.0028460935514063785,0.00279932010577848,0
2023-03-24T15:24:55Z,2023-03-24T15:25:00Z,2.5583931240415105e-05,0.002827783444701093,0.002802199513460678,0
2023-03-24T15:24:55Z,2023-03-24T15:25:00Z,2.536921326055713e-05,0.002837695895299954,0.0028123266820393967,0
2023-03-24T15:24:55Z,2023-03-24T15:25:00Z,7.502575941873563e-06,0.0028272289667893797,0.002819726390847506,0
2023-03-24T15:24:55Z,2023-03-24T15:25:00Z,1.7387895548068213e-05,0.00284958304956959,0.0028321951540215217,0
2023-03-24T15:24:55Z,2023-03-24T15:25:00Z,5.602368826537838e-06,0.0028386861837378474,0.0028330838149113096,0
2023-03-24T15:24:55Z,2023-03-24T15:25:00Z,1.3402612014932255e-05,0.002846666757027175,0.002833264145012243,0
2023-03-24T15:25:55Z,2023-03-24T15:26:00Z,2.0605328833790855e-05,0.0028587856603497015,0.0028381803315159107,0
2023-03-24T15:25:55Z,2023-03-24T15:26:00Z,3.1581313109803853e-06,0.002835947275622079,0.0028391054069330595,0
2023-03-24T15:25:55Z,2023-03-24T15:26:00Z,3.5514155516900084e-05,0.0028054044098366347,0.002840918565353535,0
2023-03-24T15:25:55Z,2023-03-24T15:26:00Z,3.6404259236488476e-05,0.0028056805676771866,0.002842084826913675,0
2023-03-24T15:25:55Z,2023-03-24T15:26:00Z,3.9137014583886034e-05,0.0027983347429778862,0.0028374717575617723,0
2023-03-24T15:25:55Z,2023-03-24T15:26:00Z,1.6967711533953395e-05,0.002817425703297506,0.0028343934148314593,0
2023-03-24T15:25:55Z,2023-03-24T15:26:00Z,1.1934023396128687e-05,0.0028390062515716305,0.002827072228175502,0
2023-03-24T15:25:55Z,2023-03-24T15:26:00Z,5.525965565385477e-05,0.0028792946723378786,0.002824035016684024,0
2023-03-24T15:25:55Z,2023-03-24T15:26:00Z,0.00014711073394949904,0.002970051392711302,0.002822940658761803,0
2023-03-24T15:25:55Z,2023-03-24T15:26:00Z,9.68512988413551e-05,0.0029227218164586117,0.0028258705176172566,0
2023-03-24T15:25:55Z,2023-03-24T15:26:00Z,0.00011570699690913048,0.002960735245539134,0.0028450282486300036,0
2023-03-24T15:25:55Z,2023-03-24T15:26:00Z,0.00012708981664752384,0.0029888776947949525,0.0028617878781474287,0
2023-03-24T15:26:55Z,2023-03-24T15:27:00Z,0.0001280365330593742,0.003011975079472795,0.002883938546413421,0
2023-03-24T15:26:55Z,2023-03-24T15:27:00Z,0.0002135292350980279,0.0031246882031996017,0.002911158968101574,0
2023-03-24T15:26:55Z,2023-03-24T15:27:00Z,0.00018087361230817878,0.003119825348434794,0.0029389517361266154,0
2023-03-24T15:26:55Z,2023-03-24T15:27:00Z,6.444093396458777e-05,0.003044204377466627,0.002979763443502039,0
2023-03-24T15:26:55Z,2023-03-24T15:27:00Z,4.0464421669668404e-06,0.003018171410825708,0.0030141249686587413,0
2023-03-24T15:26:55Z,2023-03-24T15:27:00Z,2.2113187254734542e-05,0.0030026050649404816,0.003024718252195216,0
2023-03-24T15:26:55Z,2023-03-24T15:27:00Z,5.402742534649273e-05,0.0029843264831868805,0.0030383539085333732,0
2023-03-24T15:26:55Z,2023-03-24T15:27:00Z,0.00013759973352758326,0.002906735577777411,0.0030443353113049944,0
2023-03-24T15:26:55Z,2023-03-24T15:27:00Z,0.0001168864320649915,0.002926798706153136,0.0030436851382181274,0
2023-03-24T15:26:55Z,2023-03-24T15:27:00Z,7.277715110023215e-05,0.002955873772589983,0.003028650923690215,0
2023-03-24T15:26:55Z,2023-03-24T15:27:00Z,3.828444209131058e-05,0.002962096553449409,0.0030003809955407197,0
2023-03-24T15:26:55Z,2023-03-24T15:27:00Z,5.094547819246755e-06,0.002971864794029357,0.0029769593418486036,0
2023-03-24T15:27:55Z,2023-03-24T15:28:00Z,2.7745507352720626e-05,0.0029929751600560077,0.002965229652703287,0
2023-03-24T15:27:55Z,2023-03-24T15:28:00Z,3.8144405933599607e-07,0.002958232977673044,0.00295861442173238,0
2023-03-24T15:27:55Z,2023-03-24T15:28:00Z,4.1814055373799557e-05,0.002915424665660798,0.0029572387210345975,0
2023-03-24T15:27:55Z,2023-03-24T15:28:00Z,2.729122897723521e-05,0.0029808023063669993,0.002953511077389764,0
2023-03-24T15:27:55Z,2023-03-24T15:28:00Z,5.731596980237735e-05,0.0030120683454611962,0.002954752375658819,0
2023-03-24T15:27:55Z,2023-03-24T15:28:00Z,4.8683925652626484e-05,0.003011151101341998,0.0029624671756893713,0
2023-03-24T15:27:55Z,2023-03-24T15:28:00Z,9.38321700623022e-05,0.0030643271418761327,0.0029704949718138305,0
2023-03-24T15:27:55Z,2023-03-24T15:28:00Z,9.817477856704539e-05,0.0030756775429369595,0.002977502764369914,0
2023-03-24T15:27:55Z,2023-03-24T15:28:00Z,3.341965910315164e-05,0.0030241313303083195,0.002990711671205168,0
2023-03-24T15:27:55Z,2023-03-24T15:28:00Z,3.7385582621814965e-05,0.003039911879952833,0.003002526297331018,0
2023-03-24T15:27:55Z,2023-03-24T15:28:00Z,1.568638841327073e-05,0.0030276267361207566,0.003011940347707486,0
2023-03-24T15:27:55Z,2023-03-24T15:28:00Z,5.563114374487407e-06,0.0030352873498379783,0.003029724235463491,0
2023-03-24T15:28:55Z,2023-03-24T15:29:00Z,8.452972957066849e-06,0.003027960466756961,0.0030364134397140277,0
2023-03-24T15:28:55Z,2023-03-24T15:29:00Z,4.73572108105713e-05,0.0029923732295287116,0.003039730440339283,0
2023-03-24T15:28:55Z,2023-03-24T15:29:00Z,6.844175461467395e-05,0.0029736900236410325,0.0030421317782557064,0
2023-03-24T15:28:55Z,2023-03-24T15:29:00Z,5.6063609098298134e-05,0.0029757890388220623,0.0030318526479203604,0
2023-03-24T15:28:55Z,2023-03-24T15:29:00Z,5.7631508797486176e-05,0.00295965149350917,0.003017283002306656,0
2023-03-24T15:28:55Z,2023-03-24T15:29:00Z,5.544179910661404e-05,0.002954935161559148,0.003010376960665762,0
2023-03-24T15:28:55Z,2023-03-24T15:29:00Z,5.452648136106391e-05,0.002944384709812746,0.00299891119117381,0
2023-03-24T15:28:55Z,2023-03-24T15:29:00Z,0.00011787605628982029,0.0028706506242323314,0.0029885266805221517,0
2023-03-24T15:28:55Z,2023-03-24T15:29:00Z,9.535836421971844e-05,0.0028801822248702576,0.002975540589089976,0
2023-03-24T15:28:55Z,2023-03-24T15:29:00Z,6.099709515706682e-05,0.0028920706592865334,0.0029530677544436002,0
2023-03-24T15:28:55Z,2023-03-24T15:29:00Z,4.429392450664132e-05,0.0028927465435571796,0.002937040468063821,0
2023-03-24T15:28:55Z,2023-03-24T15:29:00Z,2.5997745985109014e-05,0.002899382812885212,0.002925380558870321,0
2023-03-24T15:29:55Z,2023-03-24T15:30:00Z,5.196937874571688e-06,0.002918714283135624,0.0029135173452610524,0
2023-03-24T15:29:55Z,2023-03-24T15:30:00Z,1.869318082945229e-05,0.0029236007145727965,0.002904907533743344,0
2023-03-24T15:29:55Z,2023-03-24T15:30:00Z,5.334148033122547e-05,0.002953074602871209,0.0028997331225399836,0
2023-03-24T15:29:55Z,2023-03-24T15:30:00Z,4.266146401046833e-05,0.002939425444373316,0.002896763980362848,0
2023-03-24T15:29:55Z,2023-03-24T15:30:00Z,8.044272830985515e-05,0.002988981562763971,0.002908538834454116,0
2023-03-24T15:29:55Z,2023-03-24T15:30:00Z,9.267593518121455e-05,0.0030096780867071957,0.002917002151525981,0
2023-03-24T15:29:55Z,2023-03-24T15:30:00Z,5.705567194633221e-05,0.002987902238254805,0.0029308465663084727,0
2023-03-24T15:29:55Z,2023-03-24T15:30:00Z,8.714145867779171e-05,0.0030346925311505527,0.002947551072472761,0
2023-03-24T15:29:55Z,2023-03-24T15:30:00Z,0.00013120998012432607,0.003091406684792743,0.002960196704668417,0
2023-03-24T15:29:55Z,2023-03-24T15:30:00Z,5.234033882645832e-05,0.0030291053646398646,0.0029767650258134062,0
2023-03-24T15:29:55Z,2023-03-24T15:30:00Z,0.0001071666615136504,0.003107903968787049,0.0030007373072733984,0
2023-03-24T15:29:55Z,2023-03-24T15:30:00Z,5.966387527763569e-05,0.003071262719946557,0.0030115988446689215,0
2023-03-24T15:30:55Z,2023-03-24T15:31:00Z,8.953702596507752e-05,0.0031252042312645317,0.0030356672052994542,0
2023-03-24T15:30:55Z,2023-03-24T15:31:00Z,3.672606151429404e-05,0.003084147717839832,0.003047421656325538,0
2023-03-24T15:30:55Z,2023-03-24T15:31:00Z,4.293036321676401e-06,0.003059632354940624,0.0030639253912623002,0
2023-03-24T15:30:55Z,2023-03-24T15:31:00Z,6.884334525539965e-05,0.003008831400233333,0.0030776747454887327,0
2023-03-24T15:30:55Z,2023-03-24T15:31:00Z,0.00011222182998722003,0.0029690157474715232,0.0030812375774587433,0
2023-03-24T15:30:55Z,2023-03-24T15:31:00Z,0.0001109639286469258,0.0029584771795890443,0.00306944110823597,0
2023-03-24T15:30:55Z,2023-03-24T15:31:00Z,0.00013612772049400972,0.0029247291567179117,0.0030608568772119214,0
2023-03-24T15:30:55Z,2023-03-24T15:31:00Z,0.0001698732839782711,0.0028696369090625068,0.003039510193040778,0
2023-03-24T15:30:55Z,2023-03-24T15:31:00Z,0.0001876132448032368,0.00283096358206202,0.0030185768268652566,0
2023-03-24T15:30:55Z,2023-03-24T15:31:00Z,0.00015382488313257477,0.0028282423262752506,0.0029820672094078254,0
2023-03-24T15:30:55Z,2023-03-24T15:31:00Z,0.0001285143197203237,0.002817383727433528,0.0029458980471538517,0
2023-03-24T15:31:55Z,2023-03-24T15:32:00Z,0.00011025981613580925,0.002802582512637275,0.0029128423287730844,0
2023-03-24T15:31:55Z,2023-03-24T15:32:00Z,9.290266788749679e-05,0.0027925899933427577,0.0028854926612302545,0
2023-03-24T15:31:55Z,2023-03-24T15:32:00Z,2.389012040455475e-05,0.0028378263644208072,0.002861716484825362,0
2023-03-24T15:31:55Z,2023-03-24T15:32:00Z,4.74412108548419e-06,0.0028332741942761227,0.002838018315361607,0
2023-03-24T15:31:55Z,2023-03-24T15:32:00Z,4.612014623992314e-05,0.0028717237769876583,0.002825603630747735,0
2023-03-24T15:31:55Z,2023-03-24T15:32:00Z,9.873124938481088e-05,0.002919140206591634,0.0028204089572068233,0
2023-03-24T15:31:55Z,2023-03-24T15:32:00Z,8.835788887381988e-05,0.00291458973107002,0.0028262318421962,0
2023-03-24T15:31:55Z,2023-03-24T15:32:00Z,9.292373470919666e-05,0.0029321409883791656,0.002839217253669969,0
2023-03-24T15:31:55Z,2023-03-24T15:32:00Z,0.00011059498743495573,0.0027425088381830835,0.0028531038256180393,0
2023-03-24T15:31:55Z,2023-03-24T15:32:00Z,0.0001610239687457795,0.0027105882105496726,0.002871612179295452,0
2023-03-24T15:31:55Z,2023-03-24T15:32:00Z,0.0002175553920484184,0.0026469023365099376,0.002864457728558356,0
2023-03-24T15:31:55Z,2023-03-24T15:32:00Z,0.00024187906095802028,0.0026044017884758876,0.002846280849433908,0
2023-03-24T15:31:55Z,2023-03-24T15:32:00Z,0.00022071414988987861,0.0025989421484345744,0.002819656298324453,0
2023-03-24T15:32:55Z,2023-03-24T15:33:00Z,0.00019628964031562918,0.002585177802507142,0.002781467442822771,0
2023-03-24T15:32:55Z,2023-03-24T15:33:00Z,0.00015821254055621613,0.0025775123225298324,0.0027357248630860485,0
2023-03-24T15:32:55Z,2023-03-24T15:33:00Z,0.00011528367022804915,0.002573382345920446,0.002688666016148495,0
2023-03-24T15:32:55Z,2023-03-24T15:33:00Z,4.824299872828886e-05,0.00258976177944173,0.0026380047781700187,0
2023-03-24T15:32:55Z,2023-03-24T15:33:00Z,6.858648891276253e-05,0.002545257361791165,0.0026138438507039277,0
2023-03-24T15:32:55Z,2023-03-24T15:33:00Z,5.1599191333925095e-05,0.0025449837406402963,0.0025965829319742214,0
2023-03-24T15:32:55Z,2023-03-24T15:33:00Z,6.182962523479689e-05,0.002520232596065314,0.002582062221300111,0
2023-03-24T15:32:55Z,2023-03-24T15:33:00Z,0.00016909633737790305,0.0027426702661300724,0.0025735739287521694,0
2023-03-24T15:32:55Z,2023-03-24T15:33:00Z,0.0002802754809055558,0.002842605187890688,0.0025623297069851322,0
2023-03-24T15:32:55Z,2023-03-24T15:33:00Z,0.00031429232707678,0.002899120957436617,0.0025848286303598368,0
2023-03-24T15:32:55Z,2023-03-24T15:33:00Z,0.00032555623246958987,0.0029482552721666914,0.0026226990396971015,0
2023-03-24T15:32:55Z,2023-03-24T15:33:00Z,0.0003224878845557171,0.002991721011612272,0.002669233127056555,0
2023-03-24T15:33:55Z,2023-03-24T15:34:00Z,0.0002881754009644603,0.0030086218841245812,0.002720446483160121,0
2023-03-24T15:33:55Z,2023-03-24T15:34:00Z,0.0002450599576209029,0.003029286962184039,0.002784227004563136,0
2023-03-24T15:33:55Z,2023-03-24T15:34:00Z,0.00022448504016383142,0.003074946065224723,0.0028504610250608916,0
2023-03-24T15:33:55Z,2023-03-24T15:34:00Z,0.000170324454588585,0.0030935075319521513,0.0029231830773635663,0
2023-03-24T15:33:55Z,2023-03-24T15:34:00Z,0.00015353136113237156,0.0031241824097951736,0.002970651048662802,0
2023-03-24T15:33:55Z,2023-03-24T15:34:00Z,0.00010414659131633731,0.0031106408319879196,0.0030064942406715822,0
2023-03-24T15:33:55Z,2023-03-24T15:34:00Z,3.0925174596753945e-05,0.0030695710513195585,0.0030386458767228046,0
2023-03-24T15:33:55Z,2023-03-24T15:34:00Z,3.9357947462597374e-06,0.0030657796085863825,0.0030618438138401228,0
2023-03-24T15:33:55Z,2023-03-24T15:34:00Z,6.678705490785041e-05,0.0030061781931761708,0.003072965248084021,0
2023-03-24T15:33:55Z,2023-03-24T15:34:00Z,4.598595052200671e-05,0.003035144686770843,0.0030811306372928496,0
2023-03-24T15:33:55Z,2023-03-24T15:34:00Z,3.7574810056077625e-05,0.0030402545745213624,0.00307782938457744,0
2023-03-24T15:33:55Z,2023-03-24T15:34:00Z,4.9378318315976104e-05,0.003022765155053766,0.003072143473369742,0
2023-03-24T15:34:55Z,2023-03-24T15:35:00Z,9.590151082579032e-06,0.003054945756939908,0.0030645359080224872,0
2023-03-24T15:34:55Z,2023-03-24T15:35:00Z,6.799083312241608e-05,0.003118038561896131,0.0030500477287737147,0
2023-03-24T15:34:55Z,2023-03-24T15:35:00Z,0.00014803982349797335,0.0031901311129791145,0.003042091289481141,0
2023-03-24T15:34:55Z,2023-03-24T15:35:00Z,7.664749653526256e-05,0.003125662716098772,0.0030490152195635093,0
2023-03-24T15:34:55Z,2023-03-24T15:35:00Z,4.8330382311829404e-05,0.0031151101025028716,0.003066779720191042,0
2023-03-24T15:34:55Z,2023-03-24T15:35:00Z,6.0572002124257424e-05,0.003144420939875671,0.0030838489377514136,0
2023-03-24T15:34:55Z,2023-03-24T15:35:00Z,3.0021393034675853e-05,0.003125293961604951,0.003095272568570275,0
2023-03-24T15:34:55Z,2023-03-24T15:35:00Z,3.229268768041712e-05,0.003142446165587022,0.003110153477906605,0
2023-03-24T15:34:55Z,2023-03-24T15:35:00Z,3.6108411683600378e-06,0.0031211896091026996,0.0031248004502710596,0
2023-03-24T15:34:55Z,2023-03-24T15:35:00Z,8.087424559618042e-05,0.0030564262630530387,0.003137300508649219,0
2023-03-24T15:34:55Z,2023-03-24T15:35:00Z,8.324484746184474e-05,0.0030545058107883127,0.0031377506582501574,0
2023-03-24T15:34:55Z,2023-03-24T15:35:00Z,6.24760552337773e-05,0.0030561739101697977,0.003118649965403575,0
2023-03-24T15:35:55Z,2023-03-24T15:36:00Z,7.188461658048798e-05,0.003036600076635879,0.003108484693216367,0
2023-03-24T15:35:55Z,2023-03-24T15:36:00Z,1.5121971488244335e-05,0.00308494326568054,0.0031000652371687846,0
2023-03-24T15:35:55Z,2023-03-24T15:36:00Z,3.3851593283741686e-05,0.0030508106634222153,0.003084662256705957,0
2023-03-24T15:35:55Z,2023-03-24T15:36:00Z,2.0105819731430167e-05,0.003058792051842468,0.0030788978715738983,0
2023-03-24T15:35:55Z,2023-03-24T15:36:00Z,1.2533590869709833e-05,0.0030783406764200646,0.003065807085550355,0
2023-03-24T15:35:55Z,2023-03-24T15:36:00Z,2.4035493251181594e-06,0.003059296698124011,0.0030568931487988927,0
2023-03-24T15:35:55Z,2023-03-24T15:36:00Z,2.2383467846184054e-05,0.0030376403114337125,0.0030600237792798965,0
2023-03-24T15:35:55Z,2023-03-24T15:36:00Z,9.337111106136721e-05,0.002967337080695058,0.003060708191756425,0
2023-03-24T15:35:55Z,2023-03-24T15:36:00Z,5.357057203192895e-05,0.003004489962762198,0.003058060534794127,0
2023-03-24T15:35:55Z,2023-03-24T15:36:00Z,5.906644484461425e-05,0.0029890993762436814,0.0030481658210882957,0
2023-03-24T15:35:55Z,2023-03-24T15:36:00Z,4.897131955217387e-05,0.0029877011725477874,0.0030366724920999613,0
2023-03-24T15:35:55Z,2023-03-24T15:36:00Z,3.0270084028700874e-05,0.0029975865099028986,0.0030278565939315994,0
2023-03-24T15:36:55Z,2023-03-24T15:37:00Z,2.8646449497533606e-05,0.0029890543045348254,0.003017700754032359,0
2023-03-24T15:36:55Z,2023-03-24T15:37:00Z,8.601110160798113e-05,0.0029201533429219256,0.0030061644445299068,0
2023-03-24T15:36:55Z,2023-03-24T15:37:00Z,8.960500729368126e-05,0.002906524809580627,0.0029961298168743084,0
2023-03-24T15:36:55Z,2023-03-24T15:37:00Z,8.465910159881351e-05,0.002894686862630954,0.0029793459642297676,0
2023-03-24T15:36:55Z,2023-03-24T15:37:00Z,1.4544685703540838e-05,0.0029561138112241653,0.002970658496927706,0
2023-03-24T15:36:55Z,2023-03-24T15:37:00Z,5.889865277864444e-05,0.0030138709925447444,0.0029549723397661,0
2023-03-24T15:36:55Z,2023-03-24T15:37:00Z,0.00010380037522534583,0.003054060491417229,0.002950260116191883,0
2023-03-24T15:36:55Z,2023-03-24T15:37:00Z,0.00013244953335604616,0.00308644819526178,0.002953998661905734,0
2023-03-24T15:36:55Z,2023-03-24T15:37:00Z,0.00017779978495764594,0.003139866158508285,0.002962066373550639,0
2023-03-24T15:36:55Z,2023-03-24T15:37:00Z,0.00017369174267672493,0.003149671529188358,0.002975979786511633,0
2023-03-24T15:36:55Z,2023-03-24T15:37:00Z,0.0001917557588466041,0.003199123090442002,0.0030073673315953978,0
2023-03-24T15:36:55Z,2023-03-24T15:37:00Z,0.00015370316340070685,0.0031958057406543516,0.0030421025772536447,0
2023-03-24T15:37:55Z,2023-03-24T15:38:00Z,0.00014367148287369302,0.0032292649498146305,0.0030855934669409375,0
2023-03-24T15:37:55Z,2023-03-24T15:38:00Z,0.0001383510081977451,0.003258186179342995,0.00311983517114525,0
2023-03-24T15:37:55Z,2023-03-24T15:38:00Z,8.866463898809379e-05,0.003239270375457614,0.0031506057364695202,0
2023-03-24T15:37:55Z,2023-03-24T15:38:00Z,1.4333711360400327e-05,0.0031941002603907438,0.0031797665490303434,0
2023-03-24T15:37:55Z,2023-03-24T15:38:00Z,2.5257183229665265e-05,0.003176341105828654,0.0032015982890583193,0
2023-03-24T15:37:55Z,2023-03-24T15:38:00Z,6.353066584812101e-05,0.0031458153520505503,0.0032093460178986713,0
2023-03-24T15:37:55Z,2023-03-24T15:38:00Z,8.225552278884243e-05,0.003130900434629871,0.0032131559574187134,0
2023-03-24T15:37:55Z,2023-03-24T15:38:00Z,6.301453085043882e-05,0.0031425260353694956,0.0032055405662199344,0
2023-03-24T15:37:55Z,2023-03-24T15:38:00Z,6.82219310340279e-05,0.003128046448610981,0.003196268379645009,0
2023-03-24T15:37:55Z,2023-03-24T15:38:00Z,1.2623549298919953e-05,0.0031712535568539264,0.0031838771061528464,0
2023-03-24T15:37:55Z,2023-03-24T15:38:00Z,6.765157398454669e-06,0.003158520558649818,0.0031652857160482726,0
2023-03-24T15:37:55Z,2023-03-24T15:38:00Z,2.0336393445933958e-05,0.0031759054211222514,0.0031555690276763174,0
2023-03-24T15:38:55Z,2023-03-24T15:39:00Z,1.7232965496642542e-05,0.003167719178638542,0.0031504862131418996,0
2023-03-24T15:38:55Z,2023-03-24T15:39:00Z,2.04306131838714e-05,0.0031299933592856847,0.003150423972469556,0
2023-03-24T15:38:55Z,2023-03-24T15:39:00Z,1.5889234022808778e-05,0.0031694423245763634,0.0031535530905535546,0
2023-03-24T15:38:55Z,2023-03-24T15:39:00Z,2.490253627164844e-05,0.003178326044633177,0.0031534235083615285,0
2023-03-24T15:38:55Z,2023-03-24T15:39:00Z,3.608547237822328e-05,0.0031933541649121614,0.003157268692533938,0
2023-03-24T15:38:55Z,2023-03-24T15:39:00Z,3.690109438539467e-05,0.003127550397580286,0.003164451491965681,0
2023-03-24T15:38:55Z,2023-03-24T15:39:00Z,3.4060887903838814e-05,0.0032016696095921245,0.0031676087216882857,0
2023-03-24T15:38:55Z,2023-03-24T15:39:00Z,1.379527162542922e-06,0.0031645639401266103,0.0031631844129640673,0
2023-03-24T15:38:55Z,2023-03-24T15:39:00Z,6.136767243126139e-06,0.003173001778560032,0.003166865011316906,0
2023-03-24T15:38:55Z,2023-03-24T15:39:00Z,3.594348119650894e-05,0.003202357744154567,0.003166414262958058,0
2023-03-24T15:38:55Z,2023-03-24T15:39:00Z,1.628948128176407e-05,0.0031562688415726296,0.0031725583228543936,0
2023-03-24T15:39:55Z,2023-03-24T15:40:00Z,9.578086014029336e-06,0.0031676824396372504,0.0031772605256512798,0
2023-03-24T15:39:55Z,2023-03-24T15:40:00Z,8.152521134048617e-05,0.003092584285302144,0.0031741094966426303,0
2023-03-24T15:39:55Z,2023-03-24T15:40:00Z,6.742216595100525e-05,0.0031030199413666377,0.003170442107317643,0
2023-03-24T15:39:55Z,2023-03-24T15:40:00Z,9.08317780461557e-05,0.00307461517037461,0.0031654469484207657,0
2023-03-24T15:39:55Z,2023-03-24T15:40:00Z,7.229704904117285e-05,0.003079057089633095,0.0031513541386742677,0
2023-03-24T15:39:55Z,2023-03-24T15:40:00Z,5.2082157826028024e-05,0.0030864221565979535,0.0031385043144239815,0
2023-03-24T15:39:55Z,2023-03-24T15:40:00Z,1.1624265407570496e-05,0.003113459379169706,0.0031250836445772764,0
2023-03-24T15:39:55Z,2023-03-24T15:40:00Z,3.5424928285574756e-05,0.0030730964894978997,0.0031085214177834744,0
2023-03-24T15:39:55Z,2023-03-24T15:40:00Z,2.641016695175552e-05,0.003075995613345587,0.0031024057802973427,0
2023-03-24T15:39:55Z,2023-03-24T15:40:00Z,8.02375292794158e-06,0.0030808697487780647,0.0030888935017060063,0
2023-03-24T15:39:55Z,2023-03-24T15:40:00Z,3.45396070911266e-05,0.0030519840843353714,0.003086523691426498,0
2023-03-24T15:39:55Z,2023-03-24T15:40:00Z,4.754084850320693e-05,0.0030358185296963523,0.0030833593781995593,0
2023-03-24T15:39:55Z,2023-03-24T15:40:00Z,0.0001581222191500073,0.0029220041467582325,0.0030801263659082398,0
2023-03-24T15:40:55Z,2023-03-24T15:41:00Z,0.0002598806164828978,0.0028140688122915212,0.003073949428774419,1
2023-03-24T15:40:55Z,2023-03-24T15:41:00Z,0.00035137154567901245,0.002699089595975447,0.0030504611416544594,1
2023-03-24T15:40:55Z,2023-03-24T15:41:00Z,0.0004051961208293895,0.0026024949398424715,0.003007691060671861,1
2023-03-24T15:40:55Z,2023-03-24T15:41:00Z,0.00041175559211022693,0.002542505912344141,0.0029542615044543677,1
2023-03-24T15:40:55Z,2023-03-24T15:41:00Z,0.0004479483017947898,0.0024386702493019905,0.0028866185510967803,1
2023-03-24T15:40:55Z,2023-03-24T15:41:00Z,0.0004513289787030422,0.0023583804529031774,0.0028097094316062196,1
2023-03-24T15:40:55Z,2023-03-24T15:41:00Z,0.00043587505983413424,0.0022862181096244597,0.002722093169458594,1
2023-03-24T15:40:55Z,2023-03-24T15:41:00Z,0.00041033521919056105,0.0022149810821547214,0.0026253163013452824,1
2023-03-24T15:40:55Z,2023-03-24T15:41:00Z,0.00037229652667824294,0.0021621931979336436,0.0025344897246118866,1
2023-03-24T15:40:55Z,2023-03-24T15:41:00Z,0.0003114238060560248,0.0021374819571077478,0.0024489057631637725,1
2023-03-24T15:40:55Z,2023-03-24T15:41:00Z,0.00017467789647534473,0.0021975283812538846,0.0023722062777292293,1
2023-03-24T15:41:55Z,2023-03-24T15:42:00Z,6.221898203707119e-05,0.0022435568695871972,0.0023057758516242684,1
2023-03-24T15:41:55Z,2023-03-24T15:42:00Z,1.7494526541969157e-05,0.002273987873724773,0.002256493347182804,1
2023-03-24T15:41:55Z,2023-03-24T15:42:00Z,5.366751080365575e-05,0.002282287518027203,0.0022286200072235474,1
2023-03-24T15:41:55Z,2023-03-24T15:42:00Z,9.337626280900985e-05,0.002309940187292785,0.002216563924483775,1
2023-03-24T15:41:55Z,2023-03-24T15:42:00Z,6.937447027940405e-05,0.002285376881677857,0.002216002411398453,1
2023-03-24T15:41:55Z,2023-03-24T15:42:00Z,5.7619137210565465e-05,0.0022871871350573134,0.002229567997846748,1
2023-03-24T15:41:55Z,2023-03-24T15:42:00Z,3.0382702090599005e-06,0.0022441273967440042,0.002247165666953064,1
2023-03-24T15:41:55Z,2023-03-24T15:42:00Z,1.4064527729180931e-05,0.002254487593216678,0.002268552120945859,1
2023-03-24T15:41:55Z,2023-03-24T15:42:00Z,1.2898692723677368e-05,0.002262310430435056,0.0022752091231587335,1
2023-03-24T15:41:55Z,2023-03-24T15:42:00Z,1.049684505736656e-05,0.002266273810048436,0.0022767706551058025,1
2023-03-24T15:41:55Z,2023-03-24T15:42:00Z,2.2680499884803005e-05,0.00229778294880636,0.002275102448921557,1
2023-03-24T15:41:55Z,2023-03-24T15:42:00Z,9.123913127307912e-06,0.002281938689480469,0.002272814776353161,1
2023-03-24T15:41:55Z,2023-03-24T15:42:00Z,1.2158544297211863e-05,0.0022832365722951697,0.002271078027997958,1
2023-03-24T15:42:55Z,2023-03-24T15:43:00Z,2.0731281588676383e-06,0.002268513729525178,0.0022705868576840455,1
2023-03-24T15:42:55Z,2023-03-24T15:43:00Z,1.3951529863095568e-05,0.0022560709617120717,0.0022700224915751673,1
2023-03-24T15:42:55Z,2023-03-24T15:43:00Z,3.7680928237894974e-05,0.0022358253251631545,0.0022735062534010495,1
2023-03-24T15:42:55Z,2023-03-24T15:43:00Z,1.8092456067364798e-05,0.002255639992833027,0.0022737324489003918,1
2023-03-24T15:42:55Z,2023-03-24T15:43:00Z,1.6112977218710883e-05,0.002253835885214266,0.002269948862432977,1
2023-03-24T15:42:55Z,2023-03-24T15:43:00Z,1.475525585797324e-05,0.0022536744898299455,0.0022684297456879187,1
2023-03-24T15:42:55Z,2023-03-24T15:43:00Z,2.7809100377469958e-05,0.002234342493368721,0.002262151593746191,1
2023-03-24T15:42:55Z,2023-03-24T15:43:00Z,1.8438731190729887e-05,0.0022396751197482434,0.0022581138509389733,1
2023-03-24T15:42:55Z,2023-03-24T15:43:00Z,2.471023773010627e-05,0.002226418744790803,0.002251128982520909,1
2023-03-24T15:42:55Z,2023-03-24T15:43:00Z,3.5198390511277135e-05,0.002211810790612927,0.002247009181124204,1
2023-03-24T15:42:55Z,2023-03-24T15:43:00Z,1.4901687232847776e-05,0.0022278714629026036,0.0022427731501354514,1
2023-03-24T15:42:55Z,2023-03-24T15:43:00Z,4.7884248723963074e-06,0.0022345540774701654,0.0022393425023425617,1
2023-03-24T15:43:55Z,2023-03-24T15:44:00Z,2.0013932894733834e-05,0.002215361636600625,0.002235375569495359,1
2023-03-24T15:43:55Z,2023-03-24T15:44:00Z,1.634666269814851e-05,0.002216274362833767,0.0022326210255319153,1
2023-03-24T15:43:55Z,2023-03-24T15:44:00Z,1.4423506887090848e-05,0.0022127242538977792,0.00222714776078487,1
2023-03-24T15:43:55Z,2023-03-24T15:44:00Z,5.520330947695641e-07,0.002224014566185107,0.0022245665992798765,1
2023-03-24T15:43:55Z,2023-03-24T15:44:00Z,1.0495969200599673e-05,0.002231212444787553,0.0022207164755869532,1
2023-03-24T15:43:55Z,2023-03-24T15:44:00Z,5.868256970906335e-05,0.0022790555912094884,0.002220373021500425,1
2023-03-24T15:43:55Z,2023-03-24T15:44:00Z,6.396296626941288e-05,0.002287107652651927,0.002223144686382514,1
2023-03-24T15:43:55Z,2023-03-24T15:44:00Z,7.83567087511562e-05,0.0023088134134632257,0.0022304567047120695,1
2023-03-24T15:43:55Z,2023-03-24T15:44:00Z,5.222266930777564e-05,0.0022901870276172396,0.002237964358309464,1
2023-03-24T15:43:55Z,2023-03-24T15:44:00Z,3.0204459439362678e-05,0.002281519071586341,0.0022513146121469784,1
2023-03-24T15:43:55Z,2023-03-24T15:44:00Z,2.695744115449334e-05,0.0022888310054133966,0.0022618735642589032,1
2023-03-24T15:44:55Z,2023-03-24T15:45:00Z,2.911609672719617e-05,0.002300817492084465,0.0022717013953572687,1
2023-03-24T15:44:55Z,2023-03-24T15:45:00Z,2.1610847386139588e-05,0.0023025717340617357,0.002280960886675596,1
2023-03-24T15:44:55Z,2023-03-24T15:45:00Z,1.8708120044903798e-05,0.0023096125849057726,0.002290904464860869,1
2023-03-24T15:44:55Z,2023-03-24T15:45:00Z,9.781902487663967e-06,0.0023040458163274256,0.0022942639138397616,1
2023-03-24T15:44:55Z,2023-03-24T15:45:00Z,2.380468257056831e-05,0.0022736742215911715,0.0022974789041617398,1
2023-03-24T15:44:55Z,2023-03-24T15:45:00Z,3.693286616108984e-05,0.0022598649526955356,0.0022967978188566255,1
2023-03-24T15:44:55Z,2023-03-24T15:45:00Z,4.4987377483495655e-05,0.002249451469083691,0.002294438846567187,1
2023-03-24T15:44:55Z,2023-03-24T15:45:00Z,2.992543778752854e-05,0.0022614199632238286,0.002291345401011357,1
2023-03-24T15:44:55Z,2023-03-24T15:45:00Z,8.384382227208647e-05,0.00220187593069217,0.0022857197529642563,1
2023-03-24T15:44:55Z,2023-03-24T15:45:00Z,5.3252490017456026e-05,0.002226839044538139,0.002280091534555595,1
2023-03-24T15:44:55Z,2023-03-24T15:45:00Z,2.2056397002770834e-05,0.0022436500227857427,0.0022657064197885136,1
2023-03-24T15:44:55Z,2023-03-24T15:45:00Z,3.4492593481964644e-05,0.0022193890348254585,0.002253881628307423,1
2023-03-24T15:44:55Z,2023-03-24T15:45:00Z,7.003519231846105e-05,0.002175218465483007,0.0022452536578014682,1
2023-03-24T15:45:55Z,2023-03-24T15:46:00Z,4.567913481769029e-05,0.0021918194963029616,0.002237498631120652,1
2023-03-24T15:45:55Z,2023-03-24T15:46:00Z,4.3157478064342284e-05,0.0021822487977402345,0.0022254062758045767,1
2023-03-24T15:45:55Z,2023-03-24T15:46:00Z,6.0378396108117915e-05,0.002156794740727783,0.002217173136835901,1
2023-03-24T15:45:55Z,2023-03-24T15:46:00Z,4.819827583629971e-05,0.0021576646945019448,0.0022058629703382445,1
2023-03-24T15:45:55Z,2023-03-24T15:46:00Z,5.054816154572914e-05,0.002148874638797603,0.0021994228003433323,1
2023-03-24T15:45:55Z,2023-03-24T15:46:00Z,4.259322035517167e-05,0.0021469475299829904,0.002189540750338162,1
2023-03-24T15:45:55Z,2023-03-24T15:46:00Z,5.7987543277994436e-05,0.002118013866490433,0.0021760014097684274,1
2023-03-24T15:45:55Z,2023-03-24T15:46:00Z,2.192462600990406e-05,0.002143727997352457,0.002165652623362361,1
2023-03-24T15:45:55Z,2023-03-24T15:46:00Z,7.883260899256821e-06,0.0021653637986912503,0.0021574805377919935,1
2023-03-24T15:45:55Z,2023-03-24T15:46:00Z,2.0702823834559212e-05,0.002129907499821647,0.0021506103236562063,1
2023-03-24T15:45:55Z,2023-03-24T15:46:00Z,4.0460638794283504e-05,0.00210773754214064,0.0021481981809349233,1
2023-03-24T15:45:55Z,2023-03-24T15:46:00Z,2.325751199451281e-05,0.002121099634525248,0.0021443571465197607,1
2023-03-24T15:46:55Z,2023-03-24T15:47:00Z,2.4019659515220337e-05,0.0021132050366672113,0.0021372246961824316,1
2023-03-24T15:46:55Z,2023-03-24T15:47:00Z,1.0454365871574375e-05,0.0021437112043008123,0.002133256838429238,1
2023-03-24T15:46:55Z,2023-03-24T15:47:00Z,1.7164291320899763e-05,0.0021456007735621693,0.0021284364822412695,1
2023-03-24T15:46:55Z,2023-03-24T15:47:00Z,8.83222663799468e-06,0.0021409397571378894,0.0021321075304998947,1
2023-03-24T15:46:55Z,2023-03-24T15:47:00Z,7.506137547116064e-06,0.0021248689324113094,0.0021323750699584255,1
2023-03-24T15:46:55Z,2023-03-24T15:47:00Z,1.8191652423129277e-05,0.002110694268741959,0.0021288859211650883,1
2023-03-24T15:46:55Z,2023-03-24T15:47:00Z,6.080677885163168e-05,0.0020673593469691222,0.002128166125820754,1
2023-03-24T15:46:55Z,2023-03-24T15:47:00Z,9.526207969771288e-05,0.002033326435637515,0.002128588515335228,1
2023-03-24T15:46:55Z,2023-03-24T15:47:00Z,0.00013394138252500543,0.001986969948873633,0.0021209113313986386,1
2023-03-24T15:46:55Z,2023-03-24T15:47:00Z,0.0001908362039234415,0.0019186638987566693,0.0021095001026801108,1
2023-03-24T15:46:55Z,2023-03-24T15:47:00Z,0.00012549013998347383,0.001961618354778469,0.0020871084947619426,1
2023-03-24T15:46:55Z,2023-03-24T15:47:00Z,6.170869558191168e-05,0.0019929802456363876,0.0020546889412182993,1
2023-03-24T15:47:55Z,2023-03-24T15:48:00Z,3.580997492326444e-05,0.002064881572947361,0.0020290715980240967,0
2023-03-24T15:47:55Z,2023-03-24T15:48:00Z,0.00011833115114635992,0.0021285615082026104,0.0020102303570562505,0
2023-03-24T15:47:55Z,2023-03-24T15:48:00Z,0.00021606408996395184,0.002219749776192403,0.002003685686228451,0
2023-03-24T15:47:55Z,2023-03-24T15:48:00Z,0.0002719489360948407,0.00228437778821379,0.0020124288521189493,0
2023-03-24T15:47:55Z,2023-03-24T15:48:00Z,0.00034996181220439465,0.002389022570116899,0.0020390607579125045,0
2023-03-24T15:47:55Z,2023-03-24T15:48:00Z,0.0004589564277119717,0.0025405040198159274,0.0020815475921039557,0
2023-03-24T15:47:55Z,2023-03-24T15:48:00Z,0.0005585321112052217,0.0027072737992177814,0.0021487416880125597,0
2023-03-24T15:47:55Z,2023-03-24T15:48:00Z,0.0006497224588797425,0.002881162099040511,0.0022314396401607686,0
2023-03-24T15:47:55Z,2023-03-24T15:48:00Z,0.000620891996141338,0.00295437357252802,0.002333481576386682,0
2023-03-24T15:47:55Z,2023-03-24T15:48:00Z,0.00045942640469186224,0.002909519484806137,0.0024500930801142746,0
2023-03-24T15:47:55Z,2023-03-24T15:48:00Z,0.00033814654441384224,0.0029062127765746046,0.0025680662321607623,0
2023-03-24T15:47:55Z,2023-03-24T15:48:00Z,0.00023193636398195468,0.0028985411259446784,0.0026666047619627238,0
2023-03-24T15:48:55Z,2023-03-24T15:49:00Z,0.00017882852441843513,0.0029342668561469893,0.002755438331728554,0
2023-03-24T15:48:55Z,2023-03-24T15:49:00Z,9.203532591534665e-05,0.0029202620227621553,0.0028282266968468086,0
2023-03-24T15:48:55Z,2023-03-24T15:49:00Z,1.2327278759169304e-05,0.0028968058093675583,0.002884478530608389,0
2023-03-24T15:48:55Z,2023-03-24T15:49:00Z,1.9544807794133912e-05,0.0028953606118920228,0.0029149054196861567,0
2023-03-24T15:48:55Z,2023-03-24T15:49:00Z,2.1417458837732703e-05,0.0028957227766094307,0.0029171402354471634,0
2023-03-24T15:48:55Z,2023-03-24T15:49:00Z,1.7143237854430008e-05,0.0028915665746447336,0.0029087098124991636,0
2023-03-24T15:48:55Z,2023-03-24T15:49:00Z,1.4625865500224756e-05,0.002892112988685123,0.0029067388541853477,0
2023-03-24T15:48:55Z,2023-03-24T15:49:00Z,5.396732833627812e-05,0.00285067921128766,0.0029046465396239383,0
2023-03-24T15:48:55Z,2023-03-24T15:49:00Z,5.986934686245124e-05,0.0028438588874386936,0.002903728234301145,0
2023-03-24T15:48:55Z,2023-03-24T15:49:00Z,6.181741012201277e-05,0.0028299697320563707,0.0028917871421783835,0
2023-03-24T15:48:55Z,2023-03-24T15:49:00Z,1.5166453587883016e-05,0.002896038862148629,0.002880872408560746,0
2023-03-24T15:48:55Z,2023-03-24T15:49:00Z,3.255939538359927e-05,0.00290388379289989,0.002871324397516291,0
2023-03-24T15:49:55Z,2023-03-24T15:50:00Z,0.00010838245748656704,0.0029798037478966587,0.0028714212904100917,0
2023-03-24T15:49:55Z,2023-03-24T15:50:00Z,0.0001448925357151079,0.003017479685595265,0.002872587149880157,0
2023-03-24T15:49:55Z,2023-03-24T15:50:00Z,5.823203003655188e-05,0.0029434244903812695,0.0028851924603447176,0
2023-03-24T15:49:55Z,2023-03-24T15:50:00Z,3.703866713930569e-05,0.0029401406556140435,0.0029031019884747378,0
2023-03-24T15:49:55Z,2023-03-24T15:50:00Z,8.19564043656202e-05,0.00299830771842516,0.00291635131405954,0
2023-03-24T15:49:55Z,2023-03-24T15:50:00Z,4.872941555535051e-05,0.0029788352679256543,0.002930105852370304,0
2023-03-24T15:49:55Z,2023-03-24T15:50:00Z,1.518289357433809e-05,0.0029693370297116115,0.0029541541361372734,0
2023-03-24T15:49:55Z,2023-03-24T15:50:00Z,2.780480994972554e-05,0.002993787004055146,0.0029659821941054204,0
2023-03-24T15:49:55Z,2023-03-24T15:50:00Z,2.4226995801587478e-05,0.002951105660705507,0.0029753326565070946,0
2023-03-24T15:49:55Z,2023-03-24T15:50:00Z,3.6646508606610374e-05,0.0029406837559231252,0.0029773302645297356,0
2023-03-24T15:49:55Z,2023-03-24T15:50:00Z,6.80767362178712e-05,0.002899771524756185,0.002967848260974056,0
2023-03-24T15:49:55Z,2023-03-24T15:50:00Z,9.825193676438193e-05,0.0028692047907156533,0.0029674567274800352,0
2023-03-24T15:50:55Z,2023-03-24T15:51:00Z,0.00011019610569722128,0.002851493603088834,0.0029616897087860554,0
2023-03-24T15:50:55Z,2023-03-24T15:51:00Z,0.00011924734982262297,0.00282399908357636,0.002943246433398983,0
2023-03-24T15:50:55Z,2023-03-24T15:51:00Z,5.987398602340897e-05,0.0028651807809703137,0.0029250547669937227,0
2023-03-24T15:50:55Z,2023-03-24T15:51:00Z,5.930711980857428e-05,0.0028449850834515416,0.002904292203260116,0
2023-03-24T15:50:55Z,2023-03-24T15:51:00Z,4.1820959706716145e-05,0.002844098925969852,0.0028859198856765684,0
2023-03-24T15:50:55Z,2023-03-24T15:51:00Z,7.609294133666209e-06,0.00286315050907805,0.0028707598032117164,0
2023-03-24T15:50:55Z,2023-03-24T15:51:00Z,1.8927763433492818e-05,0.0028758897337947415,0.0028569619703612487,0
2023-03-24T15:50:55Z,2023-03-24T15:51:00Z,6.159204247677174e-05,0.0029133224391697152,0.0028517303966929435,0
2023-03-24T15:50:55Z,2023-03-24T15:51:00Z,0.00012842830060592978,0.002981113689167315,0.002852685388561385,0
2023-03-24T15:50:55Z,2023-03-24T15:51:00Z,0.0001388956114970071,0.003000413690927089,0.002861518079430082,0
2023-03-24T15:50:55Z,2023-03-24T15:51:00Z,9.839476876990745e-05,0.00298235779185584,0.0028839630230859327,0
2023-03-24T15:51:55Z,2023-03-24T15:52:00Z,0.00010251708563228197,0.003005799095854897,0.002903282010222615,0
2023-03-24T15:51:55Z,2023-03-24T15:52:00Z,2.437052661889965e-05,0.0029472772094707007,0.002922906682851801,0
2023-03-24T15:51:55Z,2023-03-24T15:52:00Z,6.727185877765645e-06,0.002939279521243327,0.0029460067071210927,0
2023-03-24T15:51:55Z,2023-03-24T15:52:00Z,1.0764947331247214e-05,0.0029687897545084326,0.0029580248071771854,0
2023-03-24T15:51:55Z,2023-03-24T15:52:00Z,3.1950644647797156e-05,0.0029990311357462086,0.0029670804910984115,0
2023-03-24T15:51:55Z,2023-03-24T15:52:00Z,1.3852618242583825e-05,0.0029611517750470734,0.002975004393289657,0
2023-03-24T15:51:55Z,2023-03-24T15:52:00Z,3.949919997905645e-05,0.002938064828536157,0.0029775640285152134,0
2023-03-24T15:51:55Z,2023-03-24T15:52:00Z,5.770124344171498e-05,0.002914253939947782,0.002971955183389497,0
2023-03-24T15:51:55Z,2023-03-24T15:52:00Z,8.761645608346223e-06,0.0029568659715926244,0.0029656276172009706,0
2023-03-24T15:51:55Z,2023-03-24T15:52:00Z,2.8554917098818407e-05,0.00292399482068685,0.0029525497377856686,0
2023-03-24T15:51:55Z,2023-03-24T15:52:00Z,4.949414185890285e-05,0.002904425419087041,0.002953919560945944,0
2023-03-24T15:51:55Z,2023-03-24T15:52:00Z,3.527477045758105e-05,0.002916461261837437,0.002951736032295018,0
2023-03-24T15:51:55Z,2023-03-24T15:52:00Z,1.1954699749502484e-05,0.0029305864274853173,0.00294254112723482,0
2023-03-24T15:52:55Z,2023-03-24T15:53:00Z,3.149962831552368e-06,0.002927595468130586,0.002930745430962138,0
2023-03-24T15:52:55Z,2023-03-24T15:53:00Z,4.518505203084892e-06,0.002930897457942115,0.00292637895273903,0
2023-03-24T15:52:55Z,2023-03-24T15:53:00Z,1.688062546198986e-05,0.0029080027043619588,0.0029248833298239486,0
2023-03-24T15:52:55Z,2023-03-24T15:53:00Z,8.14499621230088e-05,0.002845811013128701,0.00292726097525171,0
2023-03-24T15:52:55Z,2023-03-24T15:53:00Z,3.7008664644795197e-05,0.0028832718438596768,0.002920280508504472,0
2023-03-24T15:52:55Z,2023-03-24T15:53:00Z,2.3802449564925502e-05,0.002932913842703948,0.0029091113931390225,0
2023-03-24T15:52:55Z,2023-03-24T15:53:00Z,2.5384543468993156e-05,0.0029314739972898206,0.0029060894538208274,0
2023-03-24T15:52:55Z,2023-03-24T15:53:00Z,1.3235408817278103e-05,0.0029216752313333213,0.002908439822516043,0
2023-03-24T15:52:55Z,2023-03-24T15:53:00Z,3.5956387524952414e-06,0.0029049709794499055,0.0029085666182024007,0
2023-03-24T15:52:55Z,2023-03-24T15:53:00Z,4.161118297668588e-05,0.0028661096871118205,0.0029077208700885064,0
2023-03-24T15:52:55Z,2023-03-24T15:53:00Z,1.4381297178749e-05,0.002918398384625511,0.002904017087446762,0
2023-03-24T15:53:55Z,2023-03-24T15:54:00Z,2.3542662674719012e-05,0.002921575033371461,0.002898032370696742,0
2023-03-24T15:53:55Z,2023-03-24T15:54:00Z,5.299498703735224e-05,0.002961396982233639,0.0029084019951962866,0
2023-03-24T15:53:55Z,2023-03-24T15:54:00Z,4.339721577638258e-06,0.0029095341578346174,0.0029138738794122557,0
2023-03-24T15:53:55Z,2023-03-24T15:54:00Z,3.4580164833053224e-05,0.002883362734512015,0.0029179428993450682,0
2023-03-24T15:53:55Z,2023-03-24T15:54:00Z,3.507723630644371e-05,0.00287973140025931,0.0029148086365657537,0
2023-03-24T15:53:55Z,2023-03-24T15:54:00Z,3.163153858360551e-05,0.002877703884150533,0.0029093354227341384,0
2023-03-24T15:53:55Z,2023-03-24T15:54:00Z,5.219601044929205e-05,0.002853533758114761,0.0029057297685640532,0
2023-03-24T15:53:55Z,2023-03-24T15:54:00Z,5.979091768939593e-05,0.002847595164737331,0.002907386082426727,0
2023-03-24T15:53:55Z,2023-03-24T15:54:00Z,1.0666555617245242e-05,0.00288745315159366,0.002898119707210905,0
2023-03-24T15:53:55Z,2023-03-24T15:54:00Z,5.8359759549093775e-06,0.002893387130503796,0.0028875511545488866,0
2023-03-24T15:53:55Z,2023-03-24T15:54:00Z,6.815887316946991e-05,0.0029451466233412164,0.0028769877501717465,0
2023-03-24T15:53:55Z,2023-03-24T15:54:00Z,7.308653287099428e-05,0.002947767564852624,0.0028746810319816296,0
2023-03-24T15:53:55Z,2023-03-24T15:54:00Z,7.615353604557189e-05,0.0029596608378599444,0.0028835073018143725,0
2023-03-24T15:54:55Z,2023-03-24T15:55:00Z,8.077356324801216e-05,0.002974000317147144,0.002893226753899132,0
2023-03-24T15:54:55Z,2023-03-24T15:55:00Z,6.272342322007551e-05,0.0029676583133634088,0.0029049348901433333,0
2023-03-24T15:54:55Z,2023-03-24T15:55:00Z,9.559781679510746e-05,0.003017742215371638,0.0029221443985765305,0
2023-03-24T15:54:55Z,2023-03-24T15:55:00Z,6.821009499641826e-05,0.003007506371948103,0.0029392962769516848,0
2023-03-24T15:54:55Z,2023-03-24T15:55:00Z,7.184113428270128e-05,0.00302975013463124,0.002957909000348539,0
2023-03-24T15:54:55Z,2023-03-24T15:55:00Z,7.76250794808967e-05,0.0030518368286071938,0.002974211749126297,0
2023-03-24T15:54:55Z,2023-03-24T15:55:00Z,7.37590469313586e-05,0.0030600570119562304,0.002986297965024872,0
2023-03-24T15:54:55Z,2023-03-24T15:55:00Z,2.2745844031487293e-06,0.003003439587107245,0.003001165002704096,0
2023-03-24T15:54:55Z,2023-03-24T15:55:00Z,1.7819692759015165e-05,0.0029976876205302645,0.0030155073132892797,0
2023-03-24T15:54:55Z,2023-03-24T15:55:00Z,0.00010735916270850857,0.002912353760575071,0.0030197129232835797,0
2023-03-24T15:54:55Z,2023-03-24T15:55:00Z,9.94548718030821e-05,0.0029245479525043345,0.0030240028243074166,0
2023-03-24T15:54:55Z,2023-03-24T15:55:00Z,0.00010570111051249427,0.0029032462202525553,0.0030089473307650496,0
2023-03-24T15:55:55Z,2023-03-24T15:56:00Z,0.0001694174737315885,0.0028276786542557803,0.002997096127987369,0
2023-03-24T15:55:55Z,2023-03-24T15:56:00Z,9.62770341887049e-05,0.00288274710603028,0.002979024140218985,0
2023-03-24T15:55:55Z,2023-03-24T15:56:00Z,5.390918366925254e-05,0.002893092360213816,0.0029470015438830687,0
2023-03-24T15:55:55Z,2023-03-24T15:56:00Z,2.4562396732366685e-05,0.0029462339540545857,0.002921671557322219,0
2023-03-24T15:55:55Z,2023-03-24T15:56:00Z,8.870754090870275e-06,0.002914778421856885,0.002905907667766015,0
2023-03-24T15:55:55Z,2023-03-24T15:56:00Z,1.7253740320881047e-05,0.0029158108843046556,0.0028985571439837745,0
2023-03-24T15:55:55Z,2023-03-24T15:56:00Z,1.8743833792172777e-05,0.0029176473579590636,0.002898903524166891,0
2023-03-24T15:55:55Z,2023-03-24T15:56:00Z,4.4422357026458e-05,0.002942077728593395,0.002897655371566937,0
2023-03-24T15:55:55Z,2023-03-24T15:56:00Z,6.7578649685729256e-06,0.0029064705419221543,0.0028997126769535813,0
2023-03-24T15:55:55Z,2023-03-24T15:56:00Z,4.21129445744863e-05,0.0029581683464334407,0.0029160554018589544,0
2023-03-24T15:55:55Z,2023-03-24T15:56:00Z,6.843509759058919e-05,0.0029878795617198114,0.0029194444641292222,0
2023-03-24T15:55:55Z,2023-03-24T15:56:00Z,4.9726509560912065e-05,0.0029784675431500807,0.0029287410335891687,0
2023-03-24T15:56:55Z,2023-03-24T15:57:00Z,5.5892939207888206e-05,0.0029905833453206607,0.0029346904061127725,0
2023-03-24T15:56:55Z,2023-03-24T15:57:00Z,5.9761681383729576e-05,0.00300355053339553,0.0029437888520118002,0
2023-03-24T15:56:55Z,2023-03-24T15:57:00Z,2.116007170033414e-05,0.0029756307038572775,0.0029544706321569434,0
2023-03-24T15:56:55Z,2023-03-24T15:57:00Z,1.2594669973806354e-05,0.00297933718433596,0.0029667425143621536,0
2023-03-24T15:56:55Z,2023-03-24T15:57:00Z,2.0043747220260897e-05,0.002991579543762969,0.002971535796542708,0
2023-03-24T15:56:55Z,2023-03-24T15:57:00Z,3.479143910441228e-05,0.003016736755991949,0.0029819453168875368,0
2023-03-24T15:56:55Z,2023-03-24T15:57:00Z,4.2749298642016844e-05,0.003029467643719487,0.0029867183450774703,0
2023-03-24T15:56:55Z,2023-03-24T15:57:00Z,4.695052742418812e-05,0.003037791328826249,0.002990840801402061,0
2023-03-24T15:56:55Z,2023-03-24T15:57:00Z,8.473155877170534e-05,0.003082858088826539,0.0029981265300548336,0
2023-03-24T15:56:55Z,2023-03-24T15:57:00Z,4.047522942811181e-05,0.0030453457571266006,0.003004870527698489,0
2023-03-24T15:56:55Z,2023-03-24T15:57:00Z,5.111596776789058e-05,0.0030673161462422376,0.003016200178474347,0
2023-03-24T15:56:55Z,2023-03-24T15:57:00Z,4.951041635638731e-05,0.0030756698881549234,0.003026159471798536,0
2023-03-24T15:57:55Z,2023-03-24T15:58:00Z,4.907776616897789e-05,0.003087805661096982,0.0030387278949280043,0
2023-03-24T15:57:55Z,2023-03-24T15:58:00Z,4.3138081461392176e-05,0.003093878882731105,0.0030507408012697126,0
2023-03-24T15:57:55Z,2023-03-24T15:58:00Z,5.091687866309175e-05,0.0031118103806620943,0.0030608935019990026,0
2023-03-24T15:57:55Z,2023-03-24T15:58:00Z,9.164804088088434e-05,0.0031617431484529755,0.003070095107572091,0
2023-03-24T15:57:55Z,2023-03-24T15:58:00Z,0.00010672142548307905,0.003187390683317434,0.003080669257834355,0
2023-03-24T15:57:55Z,2023-03-24T15:58:00Z,0.00011380080568655724,0.0032057393577532597,0.0030919385520667025,0
2023-03-24T15:57:55Z,2023-03-24T15:58:00Z,6.976386031663827e-05,0.0031819945446963176,0.0031122306843796793,0
2023-03-24T15:57:55Z,2023-03-24T15:58:00Z,3.585914971937238e-05,0.003167864578600626,0.0031320054288812536,0
2023-03-24T15:57:55Z,2023-03-24T15:58:00Z,9.190279334033834e-06,0.0031563849448640576,0.0031471946655300237,0
2023-03-24T15:57:55Z,2023-03-24T15:58:00Z,8.776323260588706e-06,0.0031674079770054185,0.00315863165374483,0
2023-03-24T15:57:55Z,2023-03-24T15:58:00Z,0.00010514279123045043,0.003062418299961944,0.0031675610911923945,0
2023-03-24T15:58:55Z,2023-03-24T15:59:00Z,8.5951427305725e-05,0.003089552177650002,0.003175503604955727,0
2023-03-24T15:58:55Z,2023-03-24T15:59:00Z,8.457478291202126e-05,0.003076739557973558,0.0031613143408855795,0
2023-03-24T15:58:55Z,2023-03-24T15:59:00Z,7.637592519870806e-05,0.00307096148630581,0.003147337411504518,0
2023-03-24T15:58:55Z,2023-03-24T15:59:00Z,6.391926767955556e-05,0.003064989600999291,0.0031289088686788464,0
2023-03-24T15:58:55Z,2023-03-24T15:59:00Z,2.307484662392124e-05,0.0030899721565705663,0.0031130470031944875,0
2023-03-24T15:58:55Z,2023-03-24T15:59:00Z,5.4981392643058645e-06,0.0031038487170871746,0.0030983505778228687,0
2023-03-24T15:58:55Z,2023-03-24T15:59:00Z,3.406956605797682e-06,0.003092269993243882,0.0030888630366380843,0
2023-03-24T15:58:55Z,2023-03-24T15:59:00Z,5.394686294514332e-05,0.0031337300053091927,0.0030797831423640494,0
2023-03-24T15:58:55Z,2023-03-24T15:59:00Z,4.0852679524438096e-05,0.0031249003495001926,0.0030840476699757545,0
2023-03-24T15:58:55Z,2023-03-24T15:59:00Z,3.5218376459688564e-05,0.00312557716467247,0.0030903587882127816,0
2023-03-24T15:58:55Z,2023-03-24T15:59:00Z,3.259537044370767e-05,0.003129834271731723,0.003097238901288015,0
2023-03-24T15:58:55Z,2023-03-24T15:59:00Z,7.382671682060367e-05,0.003178867857875285,0.003105041141054681,0
2023-03-24T15:58:55Z,2023-03-24T15:59:00Z,6.849034633726317e-05,0.0031827950117822917,0.0031143046654450285,0
2023-03-24T15:59:55Z,2023-03-24T16:00:00Z,5.9722905707052226e-05,0.0031867269570527556,0.0031270040513457034,0
2023-03-24T15:59:55Z,2023-03-24T16:00:00Z,7.391013023313455e-05,0.0032121922236781394,0.003138282093445005,0
2023-03-24T15:59:55Z,2023-03-24T16:00:00Z,8.266880198302181e-05,0.0032344447474007237,0.003151775945417702,0
2023-03-24T15:59:55Z,2023-03-24T16:00:00Z,4.043772265244e-05,0.0032034225564085625,0.0031629848337561225,0
2023-03-24T15:59:55Z,2023-03-24T16:00:00Z,3.183044708781864e-05,0.003210464480544017,0.0031786340334561984,0
2023-03-24T15:59:55Z,2023-03-24T16:00:00Z,2.3153857087862204e-06,0.0031874394179954254,0.0031897548037042116,0
2023-03-24T15:59:55Z,2023-03-24T16:00:00Z,2.7449668903676075e-05,0.0031738237360594344,0.0032012734049631105,0
2023-03-24T15:59:55Z,2023-03-24T16:00:00Z,2.651180444462886e-05,0.0031759861091070736,0.0032024979135517025,0
2023-03-24T15:59:55Z,2023-03-24T16:00:00Z,5.4833552802241274e-05,0.00314638274993191,0.0032012163027341513,0
2023-03-24T15:59:55Z,2023-03-24T16:00:00Z,7.087919811207344e-05,0.0031288026977726946,0.003199681895884768,0
2023-03-24T15:59:55Z,2023-03-24T16:00:00Z,6.940321800232453e-05,0.003120877324490125,0.0031902805424924496,0
2023-03-24T15:59:55Z,2023-03-24T16:00:00Z,0.00010377122436527626,0.003071417596751741,0.003175188821117017,0
2023-03-24T16:00:55Z,2023-03-24T16:01:00Z,6.826119368531737e-05,0.003095135451443351,0.0031633966451286685,0
2023-03-24T16:00:55Z,2023-03-24T16:01:00Z,0.00012115008250233525,0.0030223827220845797,0.003143532804586915,0
2023-03-24T16:00:55Z,2023-03-24T16:01:00Z,0.000185395257020098,0.0029449512666308063,0.0031303465236509043,0
2023-03-24T16:00:55Z,2023-03-24T16:01:00Z,0.0001596538463830041,0.0029490582467000637,0.0031087120930830677,0
2023-03-24T16:00:55Z,2023-03-24T16:01:00Z,4.655360414414786e-05,0.00302915351144231,0.003075707115586458,0
2023-03-24T16:00:55Z,2023-03-24T16:01:00Z,1.810997783274499e-05,0.003065627878671797,0.003047517900839052,0
2023-03-24T16:00:55Z,2023-03-24T16:01:00Z,5.629293180407216e-05,0.0030895752345959267,0.0030332823027918545,0
2023-03-24T16:00:55Z,2023-03-24T16:01:00Z,7.721023596570561e-05,0.0031025997607835123,0.0030253895248178067,0
2023-03-24T16:00:55Z,2023-03-24T16:01:00Z,5.207147585232748e-05,0.0030800549489335897,0.0030279834730812622,0
2023-03-24T16:00:55Z,2023-03-24T16:01:00Z,0.00013049824326091114,0.0031595480462479108,0.0030290498029869996,0
2023-03-24T16:00:55Z,2023-03-24T16:01:00Z,0.00015618891470995993,0.0031934776072468176,0.0030372886925368577,0
2023-03-24T16:00:55Z,2023-03-24T16:01:00Z,0.00014422749703693226,0.0032121728723762334,0.003067945375339301,0
2023-03-24T16:01:55Z,2023-03-24T16:02:00Z,0.00011015125064867907,0.0032130136774946596,0.0031028624268459805,0
2023-03-24T16:01:55Z,2023-03-24T16:02:00Z,0.00016618000193863213,0.0032951880517751732,0.003129008049836541,0
2023-03-24T16:01:55Z,2023-03-24T16:02:00Z,0.00011597553125871577,0.0032660386952128085,0.0031500631639540927,0
2023-03-24T16:01:55Z,2023-03-24T16:02:00Z,6.560543217263605e-05,0.003245041855723764,0.003179436423551128,0
2023-03-24T16:01:55Z,2023-03-24T16:02:00Z,2.13870352303463e-05,0.003181397807524967,0.003202784842755313,0
2023-03-24T16:01:55Z,2023-03-24T16:02:00Z,2.3528107559445382e-05,0.003249882508427641,0.0032263544008681957,0
2023-03-24T16:01:55Z,2023-03-24T16:02:00Z,1.177535453979325e-05,0.003241251149876139,0.0032294757953363457,0
2023-03-24T16:01:55Z,2023-03-24T16:02:00Z,1.5007312199443856e-05,0.0032525409505616224,0.0032375336383621786,0
2023-03-24T16:01:55Z,2023-03-24T16:02:00Z,1.3462838938768824e-06,0.0032430339618988993,0.0032416876780050224,0
2023-03-24T16:01:55Z,2023-03-24T16:02:00Z,6.857513207628131e-05,0.0031787592992240203,0.0032473344313003016,0
2023-03-24T16:01:55Z,2023-03-24T16:02:00Z,5.72469468287486e-05,0.003182636900203514,0.0032398838470322627,0
2023-03-24T16:02:55Z,2023-03-24T16:03:00Z,7.560265456277391e-06,0.0032349756273472854,0.003227415361891008,0
2023-03-24T16:02:55Z,2023-03-24T16:03:00Z,4.306469393200018e-05,0.003261565062177258,0.0032185003682452576,0
2023-03-24T16:02:55Z,2023-03-24T16:03:00Z,2.780633081862511e-06,0.0032289349755874517,0.003226154342505589,0
2023-03-24T16:02:55Z,2023-03-24T16:03:00Z,2.1318647202739523e-05,0.0032065046315527946,0.003227823278755534,0
2023-03-24T16:02:55Z,2023-03-24T16:03:00Z,7.31909787553527e-05,0.003152872846530369,0.0032260638252857216,0
2023-03-24T16:02:55Z,2023-03-24T16:03:00Z,0.00010111771521270282,0.003118369493071757,0.00321948720828446,0
2023-03-24T16:02:55Z,2023-03-24T16:03:00Z,0.00015290638660512244,0.0030537006623409762,0.0032066070489460987,0
2023-03-24T16:02:55Z,2023-03-24T16:03:00Z,0.00012092295071696509,0.0030770569830645246,0.0031979799337814897,0
2023-03-24T16:02:55Z,2023-03-24T16:03:00Z,0.00016103175326181779,0.0030185287179678813,0.003179560471229699,0
2023-03-24T16:02:55Z,2023-03-24T16:03:00Z,0.00014859557829912697,0.003008405086604463,0.00315700066490359,0
2023-03-24T16:02:55Z,2023-03-24T16:03:00Z,0.00011641644857344731,0.0030058647385859463,0.0031222811871593936,0
2023-03-24T16:02:55Z,2023-03-24T16:03:00Z,8.280428958758537e-05,0.0030079726277170956,0.003090776917304681,0
2023-03-24T16:03:55Z,2023-03-24T16:04:00Z,8.942082960421453e-05,0.0029726932458480596,0.003062114075452274,0
2023-03-24T16:03:55Z,2023-03-24T16:04:00Z,7.447488815702464e-05,0.00296693915603621,0.0030414140441932347,0
2023-03-24T16:03:55Z,2023-03-24T16:04:00Z,0.00010605316583491356,0.002914549985897793,0.0030206031517327064,0
2023-03-24T16:03:55Z,2023-03-24T16:04:00Z,7.414500787394007e-05,0.002934063642958086,0.003008208650832026,0
2023-03-24T16:03:55Z,2023-03-24T16:04:00Z,4.606984083655591e-06,0.002989600349606148,0.0029849933655224925,0
2023-03-24T16:03:55Z,2023-03-24T16:04:00Z,3.0202967718852974e-05,0.0030031298939542325,0.0029729269262353795,0
2023-03-24T16:03:55Z,2023-03-24T16:04:00Z,4.787790451945672e-05,0.0030181184397550763,0.0029702405352356196,0
2023-03-24T16:03:55Z,2023-03-24T16:04:00Z,3.911038458356397e-06,0.0029737608816037316,0.0029698498431453752,0
2023-03-24T16:03:55Z,2023-03-24T16:04:00Z,4.494608246173376e-05,0.0030162453273268205,0.0029712992448650867,0
2023-03-24T16:03:55Z,2023-03-24T16:04:00Z,6.597652607195264e-05,0.003037428290330707,0.0029714517642587543,0
2023-03-24T16:03:55Z,2023-03-24T16:04:00Z,1.5072605680489792e-05,0.002993568108695045,0.002978495503014555,0
2023-03-24T16:03:55Z,2023-03-24T16:04:00Z,1.2620471941126449e-05,0.0030086700184460977,0.0029960495465049712,0
2023-03-24T16:03:55Z,2023-03-24T16:04:00Z,1.5969919416413455e-05,0.003020520103883808,0.0030045501844673944,0
2023-03-24T16:04:55Z,2023-03-24T16:05:00Z,4.306659939406002e-05,0.0029642078234790414,0.0030072744228731014,0
2023-03-24T16:04:55Z,2023-03-24T16:05:00Z,2.201388428317401e-05,0.0029877448542941524,0.0030097587385773264,0
2023-03-24T16:04:55Z,2023-03-24T16:05:00Z,4.133923293140511e-05,0.0029607179890350594,0.0030020572219664646,0
2023-03-24T16:04:55Z,2023-03-24T16:05:00Z,6.391905026121875e-06,0.0029976630273246883,0.00300405493235081,0
2023-03-24T16:04:55Z,2023-03-24T16:05:00Z,3.249247880153343e-06,0.002999371703332141,0.0029961224554519877,0
2023-03-24T16:04:55Z,2023-03-24T16:05:00Z,5.071100343517505e-06,0.0029853706032504676,0.002990441703593985,0
2023-03-24T16:04:55Z,2023-03-24T16:05:00Z,8.73464132177676e-06,0.003000005429863918,0.002991270788542141,0
2023-03-24T16:04:55Z,2023-03-24T16:05:00Z,2.2816302052947046e-05,0.0029651259986041042,0.0029879423006570513,0
2023-03-24T16:04:55Z,2023-03-24T16:05:00Z,6.973669791291966e-05,0.0030547483308528437,0.002985011632939924,0
2023-03-24T16:04:55Z,2023-03-24T16:05:00Z,0.0001588502785343903,0.003143993079349324,0.0029851428008149336,0
2023-03-24T16:04:55Z,2023-03-24T16:05:00Z,0.00012422790167925836,0.003118942627716862,0.0029947147260376036,0
2023-03-24T16:04:55Z,2023-03-24T16:05:00Z,9.249599796361078e-05,0.0031133928797603947,0.003020896881796784,0
2023-03-24T16:05:55Z,2023-03-24T16:06:00Z,8.353807131879004e-05,0.0031217606103144556,0.0030382225389956655,0
2023-03-24T16:05:55Z,2023-03-24T16:06:00Z,1.659260062016228e-05,0.003071103879105578,0.003054511278485416,0
2023-03-24T16:05:55Z,2023-03-24T16:06:00Z,9.271222400700219e-06,0.0030832667876095434,0.003073995565208843,0
2023-03-24T16:05:55Z,2023-03-24T16:06:00Z,3.980137212160947e-05,0.0031239538586506897,0.00308415248652908,0
2023-03-24T16:05:55Z,2023-03-24T16:06:00Z,4.520127878093836e-05,0.003055828463320348,0.003101029742101286,0
2023-03-24T16:05:55Z,2023-03-24T16:06:00Z,6.199316295296036e-05,0.003048923083119447,0.0031109162460724073,0
2023-03-24T16:05:55Z,2023-03-24T16:06:00Z,5.547781016620491e-05,0.0030428434907592053,0.0030983213009254103,0
2023-03-24T16:05:55Z,2023-03-24T16:06:00Z,4.8541212125617454e-05,0.003039777296714448,0.0030883185088400656,0
2023-03-24T16:05:55Z,2023-03-24T16:06:00Z,9.30050465538677e-05,0.00298523497814317,0.0030782400246970377,0
2023-03-24T16:05:55Z,2023-03-24T16:06:00Z,0.00012200272127610478,0.002944525401478075,0.00306652812275418,0
2023-03-24T16:05:55Z,2023-03-24T16:06:00Z,0.0001859881122454614,0.0028682730246569464,0.0030542611369024078,0
2023-03-24T16:05:55Z,2023-03-24T16:06:00Z,0.00017741730351060686,0.0028570236353730196,0.0030344409388836265,0
2023-03-24T16:06:55Z,2023-03-24T16:07:00Z,0.0001900841487453035,0.0028078309567106455,0.002997915105455949,0
2023-03-24T16:06:55Z,2023-03-24T16:07:00Z,0.00020924839581346836,0.002760266019935719,0.002969514415749187,0
2023-03-24T16:06:55Z,2023-03-24T16:07:00Z,0.00018099118570064163,0.002754081497704431,0.0029350726834050725,0
2023-03-24T16:06:55Z,2023-03-24T16:07:00Z,0.00012201685471504523,0.0027726876185723867,0.002894704473287432,0
2023-03-24T16:06:55Z,2023-03-24T16:07:00Z,1.7152865328402128e-06,0.0028556060742474126,0.0028538907877145724,0
2023-03-24T16:06:55Z,2023-03-24T16:07:00Z,4.226184372512322e-05,0.0028657887229295836,0.0028235268792044604,0
2023-03-24T16:06:55Z,2023-03-24T16:07:00Z,8.47838713146456e-05,0.002895607989486154,0.0028108241181715086,0
2023-03-24T16:06:55Z,2023-03-24T16:07:00Z,7.162218146287112e-05,0.002882091399387614,0.002810469217924743,0
2023-03-24T16:06:55Z,2023-03-24T16:07:00Z,8.516728220106344e-05,0.0029011485507133964,0.002815981268512333,0
2023-03-24T16:06:55Z,2023-03-24T16:07:00Z,4.496493861320819e-05,0.0028715548417936796,0.0028265899031804714,0
2023-03-24T16:06:55Z,2023-03-24T16:07:00Z,0.00012670687235215002,0.0029734228513580044,0.0028467159790058543,0
2023-03-24T16:06:55Z,2023-03-24T16:07:00Z,1.4138952098281636e-06,0.0028649117805141463,0.002863497885304318,0
2023-03-24T16:07:55Z,2023-03-24T16:08:00Z,5.071274246101591e-05,0.002841461604669819,0.002892174347130835,0
2023-03-24T16:07:55Z,2023-03-24T16:08:00Z,1.4076817842766185e-05,0.002907580551583135,0.0028935037337403688,0
2023-03-24T16:07:55Z,2023-03-24T16:08:00Z,1.3502955075754466e-05,0.002903531386207585,0.0028900284311318305,0
2023-03-24T16:07:55Z,2023-03-24T16:08:00Z,2.823568951591457e-07,0.0028914564402505254,0.0028917387971456846,0
2023-03-24T16:07:55Z,2023-03-24T16:08:00Z,6.511973109743843e-05,0.0028296819213082425,0.002894801652405681,0
2023-03-24T16:07:55Z,2023-03-24T16:08:00Z,2.355406443081253e-05,0.0028698630007658863,0.002893417065196699,0
2023-03-24T16:07:55Z,2023-03-24T16:08:00Z,2.9714922175550895e-05,0.0028577202972375143,0.0028874352194130652,0
2023-03-24T16:07:55Z,2023-03-24T16:08:00Z,6.023523403684075e-06,0.002866617431639079,0.0028726409550427633,0
2023-03-24T16:07:55Z,2023-03-24T16:08:00Z,2.999665886613918e-05,0.002841616941422819,0.002871613600288958,0
2023-03-24T16:07:55Z,2023-03-24T16:08:00Z,1.566948897254502e-05,0.0028595378008834504,0.0028752072898559954,0
2023-03-24T16:07:55Z,2023-03-24T16:08:00Z,4.515957369377859e-06,0.002870299874345328,0.0028657839169759503,0
2023-03-24T16:07:55Z,2023-03-24T16:08:00Z,0.00015117160344893348,0.003010670722521436,0.0028594991190725024,0
2023-03-24T16:08:55Z,2023-03-24T16:09:00Z,0.0001645932418846024,0.0030210699943992196,0.002856476752514617,0
2023-03-24T16:08:55Z,2023-03-24T16:09:00Z,0.00013824930829350966,0.0030205816038385825,0.002882332295545073,0
2023-03-24T16:08:55Z,2023-03-24T16:09:00Z,0.00016285976821802306,0.003066793062853573,0.00290393329463555,0
2023-03-24T16:08:55Z,2023-03-24T16:09:00Z,0.0001423316276825677,0.003069530823261127,0.002927199195578559,0
2023-03-24T16:08:55Z,2023-03-24T16:09:00Z,0.0002242645106784293,0.0031800602250019157,0.0029557957143234864,0
2023-03-24T16:08:55Z,2023-03-24T16:09:00Z,0.0002520384535366674,0.0032403932938370556,0.0029883548403003882,0
2023-03-24T16:08:55Z,2023-03-24T16:09:00Z,0.000304988113711162,0.0033391318717427595,0.0030341437580315976,0
2023-03-24T16:08:55Z,2023-03-24T16:09:00Z,0.0003553368560549894,0.003442351102585405,0.0030870142465304158,0
2023-03-24T16:08:55Z,2023-03-24T16:09:00Z,0.00029655080648246504,0.0034304880743302128,0.0031339372678477477,0
2023-03-24T16:08:55Z,2023-03-24T16:09:00Z,0.0002096787024647869,0.003403798985767704,0.003194120283302917,0
2023-03-24T16:08:55Z,2023-03-24T16:09:00Z,0.00012802376069097864,0.0033807021112069856,0.003252678350516007,0
2023-03-24T16:08:55Z,2023-03-24T16:09:00Z,2.1645927658294623e-05,0.0033224679814477485,0.003300822053789454,0
2023-03-24T16:09:55Z,2023-03-24T16:10:00Z,2.8790126237543314e-05,0.00337406522116212,0.003345275094924577,0
2023-03-24T16:09:55Z,2023-03-24T16:10:00Z,2.737249463685221e-05,0.003392991554767976,0.003365619060131124,0
2023-03-24T16:09:55Z,2023-03-24T16:10:00Z,9.427052185830356e-05,0.003290444527890687,0.0033847150497489905,0
2023-03-24T16:09:55Z,2023-03-24T16:10:00Z,0.000150194746704942,0.003242214543476222,0.003392409290181164,0
2023-03-24T16:09:55Z,2023-03-24T16:10:00Z,0.00023311706032953837,0.0031375912906095233,0.0033707083509390617,0
2023-03-24T16:09:55Z,2023-03-24T16:10:00Z,0.0002708627938556997,0.003072949338389935,0.003343812132245635,0
2023-03-24T16:09:55Z,2023-03-24T16:10:00Z,0.00026344809642609704,0.003042334365082655,0.003305782461508752,0
2023-03-24T16:09:55Z,2023-03-24T16:10:00Z,0.00028284314502807946,0.002978974634649666,0.0032618177796777453,0
2023-03-24T16:09:55Z,2023-03-24T16:10:00Z,0.0002608483507755897,0.0029609503408499992,0.003221798691625589,0
2023-03-24T16:09:55Z,2023-03-24T16:10:00Z,0.00015245850207508708,0.003012898677191579,0.003165357179266666,0
2023-03-24T16:09:55Z,2023-03-24T16:10:00Z,0.00011751748309973354,0.0029861195227500787,0.003103637005849812,0
2023-03-24T16:09:55Z,2023-03-24T16:10:00Z,7.430065097632993e-05,0.0029896869476307526,0.0030639875986070825,0
2023-03-24T16:10:55Z,2023-03-24T16:11:00Z,4.1757674290582476e-05,0.0029856449213556224,0.003027402595646205,0
2023-03-24T16:10:55Z,2023-03-24T16:11:00Z,5.779827450616733e-06,0.0030004935763414784,0.003006273403792095,0
2023-03-24T16:10:55Z,2023-03-24T16:11:00Z,8.906228797406516e-05,0.0029047390562416996,0.0029938013442157648,0
2023-03-24T16:10:55Z,2023-03-24T16:11:00Z,0.00014046164278137168,0.0028473624458999394,0.002987824088681311,0
2023-03-24T16:10:55Z,2023-03-24T16:11:00Z,0.0001227431200386056,0.0028544758860129956,0.002977219006051601,0
2023-03-24T16:10:55Z,2023-03-24T16:11:00Z,0.00014234385035797117,0.0028186483135579075,0.0029609921639158787,0
2023-03-24T16:10:55Z,2023-03-24T16:11:00Z,0.00017144362381553424,0.0027669167127891176,0.002938360336604652,0
2023-03-24T16:10:55Z,2023-03-24T16:11:00Z,0.00016857947852319793,0.00274585639962543,0.002914435878148628,0
2023-03-24T16:10:55Z,2023-03-24T16:11:00Z,0.00015375780628588574,0.0027288537525996517,0.0028826115588855374,0
2023-03-24T16:10:55Z,2023-03-24T16:11:00Z,0.00014085064415257816,0.002707505411628646,0.002848356055781224,0
2023-03-24T16:10:55Z,2023-03-24T16:11:00Z,6.667328074023765e-05,0.002742877085935011,0.002809550366675249,0
2023-03-24T16:10:55Z,2023-03-24T16:11:00Z,4.063944173112507e-05,0.0027407346899994017,0.0027813741317305267,0
2023-03-24T16:11:55Z,2023-03-24T16:12:00Z,3.3492184285050745e-05,0.002732955467450486,0.0027664476517355366,0
2023-03-24T16:11:55Z,2023-03-24T16:12:00Z,2.440162217849347e-05,0.0027746005316263743,0.002750198909447881,0
2023-03-24T16:11:55Z,2023-03-24T16:12:00Z,0.00014229120862965274,0.0028802482829193305,0.0027379570742896778,0
2023-03-24T16:11:55Z,2023-03-24T16:12:00Z,0.0002100726337496109,0.0029491273964446104,0.0027390547626949995,0
2023-03-24T16:11:55Z,2023-03-24T16:12:00Z,0.00017896610539197165,0.002937219708557529,0.0027582536031655574,0
2023-03-24T16:11:55Z,2023-03-24T16:12:00Z,0.00015431147804446065,0.00294403274461644,0.0027897212665719795,0
2023-03-24T16:11:55Z,2023-03-24T16:12:00Z,3.053708421300351e-05,0.0027920005104916743,0.002822537594704678,0
2023-03-24T16:11:55Z,2023-03-24T16:12:00Z,7.676117930107687e-05,0.0027745129380723765,0.0028512741173734534,0
2023-03-24T16:11:55Z,2023-03-24T16:12:00Z,4.597803493271331e-05,0.002812619771082493,0.0028585978060152064,0
2023-03-24T16:11:55Z,2023-03-24T16:12:00Z,2.4457283713356925e-05,0.0028400773038192626,0.0028645345875326195,0
2023-03-24T16:11:55Z,2023-03-24T16:12:00Z,4.9230560317410025e-05,0.002919196467772332,0.002869965907454922,0
2023-03-24T16:12:55Z,2023-03-24T16:13:00Z,0.00011304024789021445,0.0029772674440451266,0.002864227196154912,0
2023-03-24T16:12:55Z,2023-03-24T16:13:00Z,0.00011012558654279348,0.002970076935744523,0.0028599513492017295,0
2023-03-24T16:12:55Z,2023-03-24T16:13:00Z,0.00011263294317855879,0.0029783053974499455,0.0028656724542713867,0
2023-03-24T16:12:55Z,2023-03-24T16:13:00Z,0.00010723823180148291,0.0029766312848054526,0.0028693930530039697,0
2023-03-24T16:12:55Z,2023-03-24T16:13:00Z,9.443473355710266e-05,0.0029904427704122542,0.0028960080368551516,0
2023-03-24T16:12:55Z,2023-03-24T16:13:00Z,0.00010675589736840099,0.0030316379837568488,0.002924882086388448,0
2023-03-24T16:12:55Z,2023-03-24T16:13:00Z,0.00013151361458081396,0.003081798986587799,0.002950285372006985,0
2023-03-24T16:12:55Z,2023-03-24T16:13:00Z,0.0002351531701270202,0.003212804353553661,0.0029776511834266406,0
2023-03-24T16:12:55Z,2023-03-24T16:13:00Z,0.00029996769628180863,0.0033008478109678016,0.003000880114685993,0
2023-03-24T16:12:55Z,2023-03-24T16:13:00Z,0.0002314428917140304,0.003265971136329814,0.0030345282446157837,0
2023-03-24T16:12:55Z,2023-03-24T16:13:00Z,0.00017982996886220905,0.003261611195652747,0.0030817812267905378,0
2023-03-24T16:12:55Z,2023-03-24T16:13:00Z,0.00011282545685339582,0.0032357017891982004,0.0031228763323448046,0
2023-03-24T16:12:55Z,2023-03-24T16:13:00Z,3.012953992595751e-05,0.0031937172881060898,0.0031635877481801323,0
2023-03-24T16:13:55Z,2023-03-24T16:14:00Z,6.32593232340337e-05,0.0032618840740978733,0.0031986247508638396,0
2023-03-24T16:13:55Z,2023-03-24T16:14:00Z,4.318674170520655e-05,0.0031785921954942385,0.003221778937199445,0
2023-03-24T16:13:55Z,2023-03-24T16:14:00Z,7.593666400232792e-05,0.0031715687142699848,0.0032475053782723127,0
2023-03-24T16:13:55Z,2023-03-24T16:14:00Z,0.00010531122773180376,0.0031373066993891628,0.0032426179271209665,0
2023-03-24T16:13:55Z,2023-03-24T16:14:00Z,0.00012168444918287226,0.0031024650355526914,0.0032241494847355637,0
2023-03-24T16:13:55Z,2023-03-24T16:14:00Z,0.0001134899820666624,0.003092278868820237,0.0032057688508868995,0
2023-03-24T16:13:55Z,2023-03-24T16:14:00Z,9.694049893361903e-05,0.0030860931862247013,0.0031830336851583203,0
2023-03-24T16:13:55Z,2023-03-24T16:14:00Z,0.00010768621450098041,0.0030548584820319167,0.003162544696532897,0
2023-03-24T16:13:55Z,2023-03-24T16:14:00Z,7.346428859343742e-05,0.0030737055362421183,0.0031471698248355558,0
2023-03-24T16:13:55Z,2023-03-24T16:14:00Z,5.058207382680835e-05,0.0030670126664278955,0.003117594740254704,0
2023-03-24T16:13:55Z,2023-03-24T16:14:00Z,4.994990237464298e-05,0.0030526610294154734,0.0031026109317901164,0
2023-03-24T16:13:55Z,2023-03-24T16:14:00Z,2.4124162369643706e-05,0.0030635501911573165,0.00308767435352696,0
2023-03-24T16:14:55Z,2023-03-24T16:15:00Z,4.6816482300276845e-06,0.003080263763189318,0.0030755821149592902,0
2023-03-24T16:14:55Z,2023-03-24T16:15:00Z,9.215210166131377e-06,0.0030608076413081056,0.003070022851474237,0
2023-03-24T16:14:55Z,2023-03-24T16:15:00Z,2.3750366090380566e-05,0.003044556041722296,0.0030683064078126767,0
2023-03-24T16:14:55Z,2023-03-24T16:15:00Z,2.8784430009062226e-05,0.003035909757101244,0.003064694187110306,0
2023-03-24T16:14:55Z,2023-03-24T16:15:00Z,2.4095340047814145e-05,0.0030391270698754036,0.0030632224099232178,0
2023-03-24T16:14:55Z,2023-03-24T16:15:00Z,8.592524872477183e-05,0.0029718977641783207,0.0030578230129030925,0
2023-03-24T16:14:55Z,2023-03-24T16:15:00Z,9.851255400094823e-05,0.0029553268022517887,0.003053839356252737,0
2023-03-24T16:14:55Z,2023-03-24T16:15:00Z,8.316809672381797e-05,0.0029591336502093257,0.0030423017469331437,0
2023-03-24T16:14:55Z,2023-03-24T16:15:00Z,9.220119416277102e-05,0.002934640068641011,0.003026841262803782,0
2023-03-24T16:14:55Z,2023-03-24T16:15:00Z,4.214489824948264e-05,0.002967392062700015,0.0030095369609494976,0
2023-03-24T16:14:55Z,2023-03-24T16:15:00Z,1.9098286767273934e-05,0.0029724147352297816,0.0029915130219970556,0
2023-03-24T16:14:55Z,2023-03-24T16:15:00Z,1.7940430953232445e-05,0.0029625491654692118,0.002980489596422444,0
2023-03-24T16:15:55Z,2023-03-24T16:16:00Z,9.98312007890502e-06,0.0029614357589333304,0.0029714188790122354,0
2023-03-24T16:15:55Z,2023-03-24T16:16:00Z,7.647764983024531e-05,0.003036956828213025,0.0029604791783827797,0
2023-03-24T16:15:55Z,2023-03-24T16:16:00Z,7.662310286652351e-05,0.003035607709071447,0.0029589846062049235,0
2023-03-24T16:15:55Z,2023-03-24T16:16:00Z,0.00011188849868429447,0.0030825345371693945,0.0029706460384851,0
2023-03-24T16:15:55Z,2023-03-24T16:16:00Z,0.0001351123343404344,0.003116683238377266,0.0029815709040368317,0
2023-03-24T16:15:55Z,2023-03-24T16:16:00Z,0.00019527907709315654,0.003197977762348329,0.0030026986852551723,0
2023-03-24T16:15:55Z,2023-03-24T16:16:00Z,0.0001514465266609184,0.0031754725227271267,0.0030240259960662083,0
2023-03-24T16:15:55Z,2023-03-24T16:16:00Z,0.00020230502896921056,0.0032585543146237818,0.003056249285654571,0
2023-03-24T16:15:55Z,2023-03-24T16:16:00Z,0.00019479255653706475,0.0032814594646570533,0.0030866669081199886,0
2023-03-24T16:15:55Z,2023-03-24T16:16:00Z,0.00013432910765583768,0.003263441523731605,0.0031291124160757675,0
2023-03-24T16:15:55Z,2023-03-24T16:16:00Z,8.634909544750439e-05,0.0032503904595867043,0.0031640413641392,0
2023-03-24T16:15:55Z,2023-03-24T16:16:00Z,1.81716511575389e-05,0.003178417400790255,0.003196589051947794,0
2023-03-24T16:16:55Z,2023-03-24T16:17:00Z,3.811047877876582e-05,0.003182457990657215,0.003220568469435981,0
2023-03-24T16:16:55Z,2023-03-24T16:17:00Z,6.94457994817742e-05,0.003159941836013205,0.0032293876354949794,0
2023-03-24T16:16:55Z,2023-03-24T16:17:00Z,8.555542718901394e-05,0.0031416150980643773,0.0032271705252533913,0
2023-03-24T16:16:55Z,2023-03-24T16:17:00Z,0.0001305499820051831,0.0030944018737176487,0.0032249518557228318,0
2023-03-24T16:16:55Z,2023-03-24T16:17:00Z,0.00016347923906741887,0.003044767014289783,0.003208246253357202,0
2023-03-24T16:16:55Z,2023-03-24T16:17:00Z,0.00018274526168708845,0.00299877847867877,0.0031815237403658584,0
2023-03-24T16:16:55Z,2023-03-24T16:17:00Z,0.00013309596355567076,0.0030171885611756416,0.0031502845247313124,0
2023-03-24T16:16:55Z,2023-03-24T16:17:00Z,0.0001702755509352034,0.002944064405094976,0.0031143399560301793,0
2023-03-24T16:16:55Z,2023-03-24T16:17:00Z,9.630146426495984e-05,0.0029950058003917032,0.003091307264656663,0
2023-03-24T16:16:55Z,2023-03-24T16:17:00Z,1.3868498803740279e-05,0.003043382539344031,0.0030572510381477714,0
2023-03-24T16:16:55Z,2023-03-24T16:17:00Z,2.478690279730236e-05,0.0030089018445473973,0.0030336887473446997,0
2023-03-24T16:16:55Z,2023-03-24T16:17:00Z,1.8402283267462266e-05,0.003001253241402903,0.0030196555246703653,0
2023-03-24T16:17:55Z,2023-03-24T16:18:00Z,1.6362841462923012e-05,0.0029910783933259776,0.0030074412347889006,0
2023-03-24T16:17:55Z,2023-03-24T16:18:00Z,3.170861209531462e-06,0.0030043958427288775,0.003001224981519346,0
2023-03-24T16:17:55Z,2023-03-24T16:18:00Z,6.914033208190763e-06,0.00300703900253428,0.0030001249693260893,0
2023-03-24T16:17:55Z,2023-03-24T16:18:00Z,4.5506482372744024e-05,0.0030438039204921533,0.0029982974381194093,0
2023-03-24T16:17:55Z,2023-03-24T16:18:00Z,8.300276382962367e-05,0.003090296573011791,0.0030072938091821673,0
2023-03-24T16:17:55Z,2023-03-24T16:18:00Z,0.00010532750589757091,0.0031195924750940882,0.0030142649691965173,0
2023-03-24T16:17:55Z,2023-03-24T16:18:00Z,9.412993193358161e-05,0.003115096905939779,0.0030209669740061972,0
2023-03-24T16:17:55Z,2023-03-24T16:18:00Z,0.00010710448499329532,0.003143884406220448,0.0030367799212271526,0
2023-03-24T16:17:55Z,2023-03-24T16:18:00Z,2.0809790433494804e-05,0.0030738530923087727,0.003053043301875278,0
2023-03-24T16:17:55Z,2023-03-24T16:18:00Z,4.712653180845858e-05,0.003027746200480315,0.0030748727322887737,0
2023-03-24T16:17:55Z,2023-03-24T16:18:00Z,2.580792960855255e-06,0.003082214403553618,0.003084795196514473,0
2023-03-24T16:17:55Z,2023-03-24T16:18:00Z,2.7770857884590935e-05,0.0031155242255342117,0.0030877533676496208,0
2023-03-24T16:18:55Z,2023-03-24T16:19:00Z,0.00012263622791731715,0.0032158768074328613,0.003093240579515544,1
2023-03-24T16:18:55Z,2023-03-24T16:19:00Z,9.465330810696322e-05,0.0031914978379828534,0.00309684452987589,1
2023-03-24T16:18:55Z,2023-03-24T16:19:00Z,0.00011658915446133202,0.003227188588957047,0.003110599434495715,1
2023-03-24T16:18:55Z,2023-03-24T16:19:00Z,0.0001060106473825856,0.003227524500741597,0.0031215138533590113,1
2023-03-24T16:18:55Z,2023-03-24T16:19:00Z,8.219709584414512e-05,0.0032156115467369562,0.003133414450892811,1
2023-03-24T16:18:55Z,2023-03-24T16:19:00Z,2.743994027780026e-05,0.0031828074495181577,0.0031553675092403574,1
2023-03-24T16:18:55Z,2023-03-24T16:19:00Z,5.7520778588924376e-05,0.003124684637259525,0.0031822054158484494,1
2023-03-24T16:18:55Z,2023-03-24T16:19:00Z,7.100343104043342e-05,0.003125572419945807,0.0031965758509862404,1
2023-03-24T16:18:55Z,2023-03-24T16:19:00Z,5.474360688479448e-05,0.0031431408743479196,0.003197884481232714,1
2023-03-24T16:18:55Z,2023-03-24T16:19:00Z,1.29943404806954e-05,0.0031719895139681533,0.0031849838544488487,1
2023-03-24T16:18:55Z,2023-03-24T16:19:00Z,1.6866306178516498e-05,0.0031612094106081992,0.0031780757167867157,1
2023-03-24T16:18:55Z,2023-03-24T16:19:00Z,3.308191544979487e-05,0.00313710821919565,0.0031701901346454448,1
2023-03-24T16:19:55Z,2023-03-24T16:20:00Z,3.56078120858608e-05,0.003125108738254813,0.0031607165503406737,0
2023-03-24T16:19:55Z,2023-03-24T16:20:00Z,3.866687872595585e-05,0.003110834910537389,0.0031495017892633446,0
2023-03-24T16:19:55Z,2023-03-24T16:20:00Z,3.810830562025157e-05,0.0031031508106054723,0.003141259116225724,0
2023-03-24T16:19:55Z,2023-03-24T16:20:00Z,0.00010880149727708274,0.0030304790865597645,0.0031392805838368473,0
2023-03-24T16:19:55Z,2023-03-24T16:20:00Z,9.00710069968308e-05,0.0030460064897913967,0.0031360774967882274,0
2023-03-24T16:19:55Z,2023-03-24T16:20:00Z,7.196585073884548e-05,0.0030480171049367894,0.003119982955675635,0
2023-03-24T16:19:55Z,2023-03-24T16:20:00Z,3.563324574491983e-05,0.003066352135048321,0.003101985380793241,0
2023-03-24T16:19:55Z,2023-03-24T16:20:00Z,2.155193647534505e-05,0.003064263114936265,0.00308581505141161,0
2023-03-24T16:19:55Z,2023-03-24T16:20:00Z,1.3655680707145602e-05,0.003062051358683418,0.0030757070393905637,0
2023-03-24T16:19:55Z,2023-03-24T16:20:00Z,5.515756843449664e-06,0.0030614990506444644,0.003067014807487914,0
2023-03-24T16:19:55Z,2023-03-24T16:20:00Z,1.6149704200888165e-05,0.0030438960244507447,0.003060045728651633,0
2023-03-24T16:20:55Z,2023-03-24T16:21:00Z,1.834664838469167e-05,0.0030357488288439392,0.003054095477228631,0
2023-03-24T16:20:55Z,2023-03-24T16:21:00Z,3.816143163748497e-05,0.0030178507510041433,0.0030560121826416283,0
2023-03-24T16:20:55Z,2023-03-24T16:21:00Z,1.2560536061202807e-05,0.0030671073385674804,0.0030545468025062776,0
2023-03-24T16:20:55Z,2023-03-24T16:21:00Z,3.46520912319361e-05,0.0030155852321411057,0.003050237323373042,0
2023-03-24T16:20:55Z,2023-03-24T16:21:00Z,4.4760088143335104e-05,0.0030055851214467293,0.0030503452095900644,0
2023-03-24T16:20:55Z,2023-03-24T16:21:00Z,7.66300207528008e-05,0.002966761205580813,0.0030433912263336136,0
2023-03-24T16:20:55Z,2023-03-24T16:21:00Z,8.851799444271153e-05,0.0029468066265713752,0.0030353246210140868,0
2023-03-24T16:20:55Z,2023-03-24T16:21:00Z,0.00010656949987018858,0.0029152211432776623,0.003021790643147851,0
2023-03-24T16:20:55Z,2023-03-24T16:21:00Z,0.00010802588104264627,0.0028998948481224374,0.0030079207291650836,0
2023-03-24T16:20:55Z,2023-03-24T16:21:00Z,4.098139203921212e-05,0.0029497210963306893,0.0029907024883699014,0
2023-03-24T16:20:55Z,2023-03-24T16:21:00Z,2.6564787522000057e-05,0.0030004164326230863,0.0029738516451010863,0
2023-03-24T16:20:55Z,2023-03-24T16:21:00Z,2.281614985426804e-05,0.00297989833177867,0.002957082181924402,0
2023-03-24T16:21:55Z,2023-03-24T16:22:00Z,1.4998318676920364e-05,0.002969913529241605,0.002954915210564685,0
2023-03-24T16:21:55Z,2023-03-24T16:22:00Z,7.830803250144253e-06,0.0029590764724336774,0.002951245669183533,0
2023-03-24T16:21:55Z,2023-03-24T16:22:00Z,1.3676834810213371e-05,0.0029653728359452882,0.002951696001135075,0
2023-03-24T16:21:55Z,2023-03-24T16:22:00Z,3.2244934149400044e-06,0.002950224342843321,0.002953448836258261,0
2023-03-24T16:21:55Z,2023-03-24T16:22:00Z,4.8305497222424915e-06,0.0029654439135044504,0.002960613363782208,0
2023-03-24T16:21:55Z,2023-03-24T16:22:00Z,7.64789846016559e-06,0.002960155393139311,0.0029678032915994765,0
2023-03-24T16:21:55Z,2023-03-24T16:22:00Z,6.758855978366684e-06,0.002976808264316952,0.0029700494083385854,0
2023-03-24T16:21:55Z,2023-03-24T16:22:00Z,2.2322553682136998e-05,0.0029866203849516115,0.0029642978312694745,0
2023-03-24T16:21:55Z,2023-03-24T16:22:00Z,2.481535345362539e-05,0.002988671746514283,0.0029638563930606578,0
2023-03-24T16:21:55Z,2023-03-24T16:22:00Z,3.680234936239519e-05,0.0030030454360959113,0.002966243086733516,0
2023-03-24T16:21:55Z,2023-03-24T16:22:00Z,5.4649907631508076e-05,0.0030251208906622532,0.002970470983030745,0
2023-03-24T16:21:55Z,2023-03-24T16:22:00Z,2.5027221899005195e-05,0.003000880004951268,0.002975852783052263,0
2023-03-24T16:22:55Z,2023-03-24T16:23:00Z,2.3269371273984887e-05,0.0029632829186095546,0.0029865522898835394,0
2023-03-24T16:22:55Z,2023-03-24T16:23:00Z,2.820536251074094e-06,0.0029944351249127305,0.0029916145886616564,0
2023-03-24T16:22:55Z,2023-03-24T16:23:00Z,5.98888757058361e-05,0.0030519502537203836,0.0029920613780145475,0
2023-03-24T16:22:55Z,2023-03-24T16:23:00Z,1.8172860994306993e-05,0.0030127523619511085,0.0029945795009568015,0
2023-03-24T16:22:55Z,2023-03-24T16:23:00Z,0.00011996555347700477,0.003123877892829345,0.00300391233935234,0
2023-03-24T16:22:55Z,2023-03-24T16:23:00Z,9.50924968241857e-05,0.0031024449240960724,0.0030073524272718867,0
2023-03-24T16:22:55Z,2023-03-24T16:23:00Z,5.553490671259074e-05,0.0030801491135178253,0.0030246142068052345,0
2023-03-24T16:22:55Z,2023-03-24T16:23:00Z,8.355062092859711e-05,0.0031192111182243775,0.0030356604972957804,0
2023-03-24T16:22:55Z,2023-03-24T16:23:00Z,0.00012233535356366045,0.0031693200092260923,0.003046984655662432,0
2023-03-24T16:22:55Z,2023-03-24T16:23:00Z,0.0001341094435516649,0.0032033695563019283,0.0030692601127502634,0
2023-03-24T16:22:55Z,2023-03-24T16:23:00Z,9.643727042587917e-05,0.0031906809380780514,0.0030942436676521723,0
2023-03-24T16:22:55Z,2023-03-24T16:23:00Z,0.0001574146391508692,0.0032732896357432623,0.003115874996592393,0
2023-03-24T16:23:55Z,2023-03-24T16:24:00Z,0.00014750415381428045,0.0032887975184248083,0.003141293364610528,0
2023-03-24T16:23:55Z,2023-03-24T16:24:00Z,0.00014344296746240676,0.0033060808667749225,0.0031626378993125158,0
2023-03-24T16:23:55Z,2023-03-24T16:24:00Z,8.01126037877492e-05,0.0032693723022900844,0.0031892596985023352,0
2023-03-24T16:23:55Z,2023-03-24T16:24:00Z,0.0001033937785452025,0.0033249294417985516,0.003221535663253349,0
2023-03-24T16:23:55Z,2023-03-24T16:24:00Z,6.021183249068848e-06,0.0032369660777279525,0.0032429872609770214,0
2023-03-24T16:23:55Z,2023-03-24T16:24:00Z,5.3109672776496374e-05,0.0032121075071394477,0.003265217179915944,0
2023-03-24T16:23:55Z,2023-03-24T16:24:00Z,9.715682475575993e-05,0.003172859858221045,0.003270016682976805,0
2023-03-24T16:23:55Z,2023-03-24T16:24:00Z,0.00014409568914263001,0.0031289819322715172,0.0032730776214141472,0
2023-03-24T16:23:55Z,2023-03-24T16:24:00Z,0.0002172035964533867,0.0030415269138861583,0.003258730510339545,0
2023-03-24T16:23:55Z,2023-03-24T16:24:00Z,0.00018326890559745325,0.0030526308067201926,0.003235899712317646,0
2023-03-24T16:23:55Z,2023-03-24T16:24:00Z,0.0001658731014090478,0.0030322331890673456,0.0031981062904763934,0
2023-03-24T16:23:55Z,2023-03-24T16:24:00Z,0.00015520579124055946,0.003011937428440135,0.0031671432196806945,0
2023-03-24T16:23:55Z,2023-03-24T16:24:00Z,0.00015836734318807428,0.002966962126102448,0.0031253294692905223,0
2023-03-24T16:24:55Z,2023-03-24T16:25:00Z,0.0001965042065435285,0.0028966783128487345,0.003093182519392263,0
2023-03-24T16:24:55Z,2023-03-24T16:25:00Z,0.00016995720730468653,0.0028882045433680052,0.0030581617506726918,0
2023-03-24T16:24:55Z,2023-03-24T16:25:00Z,0.00012122725283930788,0.002897479991351625,0.003018707244190933,0
2023-03-24T16:24:55Z,2023-03-24T16:25:00Z,7.772787761240818e-05,0.002906582596735166,0.0029843104743475742,0
2023-03-24T16:24:55Z,2023-03-24T16:25:00Z,6.169483434607026e-05,0.0029020375082108563,0.0029637323425569266,0
2023-03-24T16:24:55Z,2023-03-24T16:25:00Z,0.0001408452030293994,0.0028020231095296664,0.002942868312559066,0
2023-03-24T16:24:55Z,2023-03-24T16:25:00Z,0.0002649894008393723,0.002659279528740195,0.0029242689295795672,0
2023-03-24T16:24:55Z,2023-03-24T16:25:00Z,0.0003423006941513751,0.0025519804755838394,0.0028942811697352144,0
2023-03-24T16:24:55Z,2023-03-24T16:25:00Z,0.0004324058520007927,0.0024179206609683855,0.0028503265129691782,0
2023-03-24T16:24:55Z,2023-03-24T16:25:00Z,0.0004765517467181439,0.002324532218070335,0.002801083964788479,0
2023-03-24T16:24:55Z,2023-03-24T16:25:00Z,0.0004904606186625082,0.0022434399343545966,0.002733900553017105,0
2023-03-24T16:25:55Z,2023-03-24T16:26:00Z,0.0004447986447079092,0.0022072522264118682,0.0026520508711197774,1
2023-03-24T16:25:55Z,2023-03-24T16:26:00Z,0.00038216348018253526,0.002175152724882875,0.0025573162050654104,1
2023-03-24T16:25:55Z,2023-03-24T16:26:00Z,0.0003713256643759883,0.002086735500432424,0.0024580611648084122,1
2023-03-24T16:25:55Z,2023-03-24T16:26:00Z,0.00029514647154034067,0.002073361781175673,0.0023685082527160136,1
2023-03-24T16:25:55Z,2023-03-24T16:26:00Z,0.0001994513820280019,0.0020872648666440444,0.0022867162486720463,1
2023-03-24T16:25:55Z,2023-03-24T16:26:00Z,0.00015606895277173833,0.0020622731966991412,0.0022183421494708796,1
2023-03-24T16:25:55Z,2023-03-24T16:26:00Z,7.804362488691855e-05,0.002093061982537627,0.0021711056074245456,1
2023-03-24T16:25:55Z,2023-03-24T16:26:00Z,7.911128203999095e-05,0.002054528750902955,0.002133640032942946,1
2023-03-24T16:25:55Z,2023-03-24T16:26:00Z,6.733616753462363e-05,0.002044821300863041,0.0021121574683976648,1
2023-03-24T16:25:55Z,2023-03-24T16:26:00Z,2.4225512599462123e-05,0.0020661143164397862,0.0020903398290392484,1
2023-03-24T16:25:55Z,2023-03-24T16:26:00Z,3.606340202777893e-05,0.002035657652151493,0.002071721054179272,1
2023-03-24T16:25:55Z,2023-03-24T16:26:00Z,5.4181680598837205e-05,0.0020145934901529155,0.0020687751707517527,1
2023-03-24T16:25:55Z,2023-03-24T16:26:00Z,3.7275621556641034e-05,0.0020261132450488007,0.0020633888666054417,1
2023-03-24T16:26:55Z,2023-03-24T16:27:00Z,1.5191215415591517e-05,0.0020378160259768314,0.002053007241392423,1
2023-03-24T16:26:55Z,2023-03-24T16:27:00Z,3.546491876552397e-05,0.0020123766152482787,0.0020478415340138027,1
2023-03-24T16:26:55Z,2023-03-24T16:27:00Z,6.38704223772644e-05,0.001976078832127853,0.0020399492545051176,1
2023-03-24T16:26:55Z,2023-03-24T16:27:00Z,4.749458452853574e-05,0.001986432936311628,0.0020339275208401636,1
2023-03-24T16:26:55Z,2023-03-24T16:27:00Z,2.794149628844965e-05,0.001996165671875259,0.0020241071681637085,1
2023-03-24T16:26:55Z,2023-03-24T16:27:00Z,6.68726274310361e-05,0.00194585148642865,0.002012724113859686,1
2023-03-24T16:26:55Z,2023-03-24T16:27:00Z,6.97719636647933e-05,0.0019373104387268587,0.002007082402391652,1
2023-03-24T16:26:55Z,2023-03-24T16:27:00Z,9.484333398714767e-05,0.001902418782158181,0.0019972621161453287,1
2023-03-24T16:26:55Z,2023-03-24T16:27:00Z,7.333964041242704e-05,0.0019112363605440527,0.0019845760009564797,1
2023-03-24T16:26:55Z,2023-03-24T16:27:00Z,5.656341764281175e-05,0.0019086701199110033,0.001965233537553815,1
2023-03-24T16:26:55Z,2023-03-24T16:27:00Z,6.593434848116376e-05,0.0018848505812577622,0.001950784929738926,1
2023-03-24T16:26:55Z,2023-03-24T16:27:00Z,0.0001060558241926979,0.0018350992895152499,0.0019411551137079478,1
2023-03-24T16:27:55Z,2023-03-24T16:28:00Z,0.00013376455762685786,0.0017928787910733949,0.0019266433487002527,1
2023-03-24T16:27:55Z,2023-03-24T16:28:00Z,0.00011806840221672155,0.0017855654632892438,0.0019036338655059654,1
2023-03-24T16:27:55Z,2023-03-24T16:28:00Z,7.818209875836476e-05,0.001803598524553993,0.0018817806233123577,1
2023-03-24T16:27:55Z,2023-03-24T16:28:00Z,9.645530489544858e-05,0.0017636474647829638,0.0018601027696784123,1
2023-03-24T16:27:55Z,2023-03-24T16:28:00Z,0.00010376515400308461,0.0017422204360175867,0.0018459855900206713,1
2023-03-24T16:27:55Z,2023-03-24T16:28:00Z,0.00010897315297094911,0.0017159283090838523,0.0018249014620548014,1
2023-03-24T16:27:55Z,2023-03-24T16:28:00Z,6.591910947817956e-05,0.0017352038263061338,0.0018011229357843134,1
2023-03-24T16:27:55Z,2023-03-24T16:28:00Z,5.062781045554396e-05,0.001726363372161068,0.001776991182616612,1
2023-03-24T16:27:55Z,2023-03-24T16:28:00Z,4.0274350760590794e-05,0.0017224460513975762,0.001762720402158167,1
2023-03-24T16:27:55Z,2023-03-24T16:28:00Z,4.28666716639956e-05,0.0017103515277924102,0.0017532181994564058,1
2023-03-24T16:27:55Z,2023-03-24T16:28:00Z,2.8120557437162153e-05,0.001716080583177577,0.0017442011406147392,1
2023-03-24T16:27:55Z,2023-03-24T16:28:00Z,3.999467516669665e-07,0.0017304801943257033,0.0017308801410773702,1
2023-03-24T16:28:55Z,2023-03-24T16:29:00Z,1.8476891994136015e-06,0.0017259325614760145,0.0017240848722766009,1
2023-03-24T16:28:55Z,2023-03-24T16:29:00Z,0.00011799786048834844,0.0016044098344036972,0.0017224076948920456,1
2023-03-24T16:28:55Z,2023-03-24T16:29:00Z,0.0001744602347078226,0.001549376639097389,0.0017238368738052116,1
2023-03-24T16:28:55Z,2023-03-24T16:29:00Z,0.00012069218994347191,0.0015844598278756774,0.0017051520178191493,1
2023-03-24T16:28:55Z,2023-03-24T16:29:00Z,4.4495243215993434e-05,0.0016353729555940591,0.0016798681988100526,1
2023-03-24T16:28:55Z,2023-03-24T16:29:00Z,4.907404886959248e-05,0.0017092299300336595,0.001660155881164067,1
2023-03-24T16:28:55Z,2023-03-24T16:29:00Z,0.00016713615563698292,0.0018165808122012853,0.0016494446565643024,1
2023-03-24T16:28:55Z,2023-03-24T16:29:00Z,0.00023546172125658285,0.0018839277130860402,0.0016484659918294573,1
2023-03-24T16:28:55Z,2023-03-24T16:29:00Z,0.00032711895967420224,0.0019878850397715996,0.0016607660800973974,1
2023-03-24T16:28:55Z,2023-03-24T16:29:00Z,0.000405722133925213,0.0020890589499669,0.0016833368160416868,1
2023-03-24T16:28:55Z,2023-03-24T16:29:00Z,0.0004300518811728273,0.0021681708694099287,0.0017381189882371014,1
2023-03-24T16:28:55Z,2023-03-24T16:29:00Z,0.00044705702251838196,0.0022622734837368422,0.0018152164612184603,1
2023-03-24T16:29:55Z,2023-03-24T16:30:00Z,0.0004959416262110355,0.002394545379077246,0.0018986037528662104,0
2023-03-24T16:29:55Z,2023-03-24T16:30:00Z,0.0007508057216631019,0.002738966692835424,0.001988160971172322,0
2023-03-24T16:29:55Z,2023-03-24T16:30:00Z,0.0006949784081812542,0.002781041586359803,0.0020860631781785487,0
2023-03-24T16:29:55Z,2023-03-24T16:30:00Z,0.0005790627425499538,0.002796895332247665,0.002217832589697711,0
2023-03-24T16:29:55Z,2023-03-24T16:30:00Z,0.00044253437341964684,0.0027885260878707527,0.002345991714451106,0
2023-03-24T16:29:55Z,2023-03-24T16:30:00Z,0.0003242972563820743,0.0027858618697583323,0.002461564613376258,0
2023-03-24T16:29:55Z,2023-03-24T16:30:00Z,0.00019048836554829427,0.0027519768557679597,0.0025614884902196654,0
2023-03-24T16:29:55Z,2023-03-24T16:30:00Z,0.00011759882530465188,0.0027673288870026604,0.0026497300616980086,0
2023-03-24T16:29:55Z,2023-03-24T16:30:00Z,8.202587464706604e-05,0.002801713560920949,0.002719687686273883,0
2023-03-24T16:29:55Z,2023-03-24T16:30:00Z,9.094865862153837e-05,0.0028638911317419094,0.002772942473120371,0
2023-03-24T16:29:55Z,2023-03-24T16:30:00Z,8.002280062707366e-05,0.0028619291120453774,0.0027819063114183037,0
2023-03-24T16:29:55Z,2023-03-24T16:30:00Z,9.283882294648833e-05,0.0028865807837050923,0.002793741960758604,0
2023-03-24T16:30:55Z,2023-03-24T16:31:00Z,9.650743690063721e-05,0.0028995399376303427,0.0028030325007297055,0
2023-03-24T16:30:55Z,2023-03-24T16:31:00Z,4.769584036568757e-05,0.0028647361547860135,0.002817040314420326,0
2023-03-24T16:30:55Z,2023-03-24T16:31:00Z,1.656457932420856e-05,0.0028498446177262506,0.002833280038402042,0
2023-03-24T16:30:55Z,2023-03-24T16:31:00Z,9.217757592620314e-06,0.0028586062672829554,0.002849388509690335,0
2023-03-24T16:30:55Z,2023-03-24T16:31:00Z,4.6943628183636864e-05,0.0028142328430386396,0.0028611764712222765,0
2023-03-24T16:30:55Z,2023-03-24T16:31:00Z,6.014283095859968e-05,0.0028091611697439634,0.002869304000702563,0
2023-03-24T16:30:55Z,2023-03-24T16:31:00Z,5.046775006516775e-05,0.002811742209394071,0.0028622099594592387,0
2023-03-24T16:30:55Z,2023-03-24T16:31:00Z,3.404734823277567e-05,0.0028206243337548327,0.0028546716819876083,0
2023-03-24T16:30:55Z,2023-03-24T16:31:00Z,2.7169452537074285e-05,0.0028168110045489595,0.002843980457086034,0
2023-03-24T16:30:55Z,2023-03-24T16:31:00Z,5.601689054688308e-05,0.0027766899088426493,0.0028327067993895324,0
2023-03-24T16:30:55Z,2023-03-24T16:31:00Z,5.659091344486665e-05,0.002769269435910801,0.0028258603493556676,0
2023-03-24T16:30:55Z,2023-03-24T16:31:00Z,5.372659809259935e-05,0.0027616830785654107,0.00281540967665801,0
2023-03-24T16:31:55Z,2023-03-24T16:32:00Z,3.123312099052693e-05,0.0027714141511857465,0.0028026472721762734,0
2023-03-24T16:31:55Z,2023-03-24T16:32:00Z,1.345552610959068e-05,0.002781684636856222,0.0027951401629658125,0
2023-03-24T16:31:55Z,2023-03-24T16:32:00Z,1.4126730215649388e-05,0.002775621001527561,0.0027897477317432103,0
2023-03-24T16:31:55Z,2023-03-24T16:32:00Z,1.14695204900166e-05,0.0027739842723192147,0.0027854537928092313,0
2023-03-24T16:31:55Z,2023-03-24T16:32:00Z,8.425374860832318e-05,0.0028632784939565162,0.002779024745348193,0
2023-03-24T16:31:55Z,2023-03-24T16:32:00Z,7.642516133290469e-05,0.002849331802076848,0.0027729066407439435,0
2023-03-24T16:31:55Z,2023-03-24T16:32:00Z,3.623112047402037e-05,0.0028215075590913735,0.002785276438617353,0
2023-03-24T16:31:55Z,2023-03-24T16:32:00Z,4.36324649191488e-05,0.002840346384417366,0.0027967139194982173,0
2023-03-24T16:31:55Z,2023-03-24T16:32:00Z,1.0129630464619094e-05,0.002815389904323688,0.002805260273859069,0
2023-03-24T16:31:55Z,2023-03-24T16:32:00Z,2.6528028738452645e-05,0.002841635764487753,0.0028151077357493003,0
2023-03-24T16:31:55Z,2023-03-24T16:32:00Z,3.895713423397902e-06,0.00281602706053554,0.002819922773958938,0
2023-03-24T16:31:55Z,2023-03-24T16:32:00Z,2.6967189810078816e-05,0.0028563206441919015,0.0028293534543818227,0
2023-03-24T16:32:55Z,2023-03-24T16:33:00Z,2.1836327924021175e-05,0.0028571958949081765,0.0028353595669841553,0
2023-03-24T16:32:55Z,2023-03-24T16:33:00Z,3.4545362780265005e-05,0.0028689109512266176,0.0028343655884463526,0
2023-03-24T16:32:55Z,2023-03-24T16:33:00Z,0.00011467763484605169,0.0029501666651254514,0.0028354890302793997,0
2023-03-24T16:32:55Z,2023-03-24T16:33:00Z,0.00012346653153675648,0.002965727474978334,0.0028422609434415776,0
2023-03-24T16:32:55Z,2023-03-24T16:33:00Z,0.0001275580584619955,0.0029855076134333,0.0028579495549713044,0
2023-03-24T16:32:55Z,2023-03-24T16:33:00Z,9.096931817483998e-05,0.0029703956689539506,0.0028794263507791107,0
2023-03-24T16:32:55Z,2023-03-24T16:33:00Z,9.737732406529765e-05,0.0029973567961223435,0.002899979472057046,0
2023-03-24T16:32:55Z,2023-03-24T16:33:00Z,7.794751580728412e-05,0.0029999796462098177,0.0029220321304025336,0
2023-03-24T16:32:55Z,2023-03-24T16:33:00Z,7.000999214227394e-05,0.003012190144249156,0.002942180152106882,0
2023-03-24T16:32:55Z,2023-03-24T16:33:00Z,2.5426250727674567e-05,0.002988004081591934,0.0029625778308642594,0
2023-03-24T16:32:55Z,2023-03-24T16:33:00Z,6.485269329790586e-05,0.003047898980308242,0.002983046287010336,0
2023-03-24T16:32:55Z,2023-03-24T16:33:00Z,7.910625925364699e-05,0.003067557891473481,0.002988451632219834,0
2023-03-24T16:33:55Z,2023-03-24T16:34:00Z,5.7898581563633426e-05,0.0030580890002591685,0.003000190418695535,0
2023-03-24T16:33:55Z,2023-03-24T16:34:00Z,4.636157476299498e-05,0.003058273461749984,0.003011911886986989,0
2023-03-24T16:33:55Z,2023-03-24T16:34:00Z,1.3211947715398732e-05,0.0030112275580294785,0.0030244395057448773,0
2023-03-24T16:33:55Z,2023-03-24T16:34:00Z,8.009326441402826e-05,0.003113235150962854,0.0030331418865488257,0
2023-03-24T16:33:55Z,2023-03-24T16:34:00Z,0.00011897647713389643,0.003153725208228388,0.0030347487310944917,0
2023-03-24T16:33:55Z,2023-03-24T16:34:00Z,0.00010440178272872131,0.0031535855147823127,0.0030491837320535914,0
2023-03-24T16:33:55Z,2023-03-24T16:34:00Z,0.00010485671027805595,0.0031777148889939985,0.0030728581787159426,0
2023-03-24T16:33:55Z,2023-03-24T16:34:00Z,0.000144984374390633,0.003232940629460014,0.003087956255069381,0
2023-03-24T16:33:55Z,2023-03-24T16:34:00Z,0.00018013233230390223,0.0032838253013047856,0.0031036929690008833,0
2023-03-24T16:33:55Z,2023-03-24T16:34:00Z,0.00018928825542088336,0.0033179600285933165,0.003128671773172433,0
2023-03-24T16:33:55Z,2023-03-24T16:34:00Z,0.00012968888181183772,0.003290582346349242,0.0031608934645374043,0
2023-03-24T16:33:55Z,2023-03-24T16:34:00Z,8.006961830936713e-05,0.003284782007213035,0.0032047123889036677,0
2023-03-24T16:34:55Z,2023-03-24T16:35:00Z,0.00010929950046691204,0.0033393472029972057,0.0032300477025302937,0
2023-03-24T16:34:55Z,2023-03-24T16:35:00Z,6.837041047402532e-05,0.0033171405128592686,0.0032487701023852433,0
2023-03-24T16:34:55Z,2023-03-24T16:35:00Z,4.985395620064328e-05,0.003325161442616586,0.0032753074864159426,0
2023-03-24T16:34:55Z,2023-03-24T16:35:00Z,7.171316839302885e-05,0.0032235122642893807,0.0032952254326824096,0
2023-03-24T16:34:55Z,2023-03-24T16:35:00Z,9.770719916404056e-05,0.0032106926353978795,0.00330839983456192,0
2023-03-24T16:34:55Z,2023-03-24T16:35:00Z,0.0001703585994880445,0.0031294250869288174,0.003299783686416862,0
2023-03-24T16:34:55Z,2023-03-24T16:35:00Z,0.00014860296270044005,0.0031358568104027876,0.0032844597731032277,0
2023-03-24T16:34:55Z,2023-03-24T16:35:00Z,4.930815490542277e-05,0.0032121291525663157,0.0032614373074717385,0
2023-03-24T16:34:55Z,2023-03-24T16:35:00Z,4.9140689166318665e-05,0.0031910215901896698,0.0032401622793559884,0
2023-03-24T16:34:55Z,2023-03-24T16:35:00Z,4.497501127223623e-05,0.00317701326087934,0.0032219882721515763,0
2023-03-24T16:34:55Z,2023-03-24T16:35:00Z,1.538509170598886e-05,0.003188586191492788,0.003203971283198777,0
2023-03-24T16:34:55Z,2023-03-24T16:35:00Z,2.8613321357764867e-05,0.0031541939358785487,0.0031828072572363136,0
2023-03-24T16:35:55Z,2023-03-24T16:36:00Z,7.175211676814421e-06,0.0031706426065885563,0.0031778178182653707,0
2023-03-24T16:35:55Z,2023-03-24T16:36:00Z,2.076258021867271e-05,0.003190509155695568,0.0031697465754768955,0
2023-03-24T16:35:55Z,2023-03-24T16:36:00Z,7.046989901579549e-05,0.003246104691586939,0.0031756347925711434,0
2023-03-24T16:35:55Z,2023-03-24T16:36:00Z,5.6441232739016384e-05,0.0032398835032091287,0.0031834422704701123,0
2023-03-24T16:35:55Z,2023-03-24T16:36:00Z,1.2609486953052765e-05,0.003175686431948577,0.00318829591890163,0
2023-03-24T16:35:55Z,2023-03-24T16:36:00Z,2.1074227101849745e-05,0.0031742019650882747,0.0031952761921901244,0
2023-03-24T16:35:55Z,2023-03-24T16:36:00Z,2.544656898861679e-05,0.0032205332141886324,0.0031950866452000156,0
2023-03-24T16:35:55Z,2023-03-24T16:36:00Z,2.2317889448213862e-05,0.0032153496451618703,0.0031930317557136564,0
2023-03-24T16:35:55Z,2023-03-24T16:36:00Z,3.192688900195868e-05,0.0032344356844741986,0.00320250879547224,0
2023-03-24T16:35:55Z,2023-03-24T16:36:00Z,1.3138301808267826e-05,0.0032220338170766954,0.0032088955152684276,0
2023-03-24T16:35:55Z,2023-03-24T16:36:00Z,3.744789958063689e-05,0.003177722834084738,0.003215170733665375,0
2023-03-24T16:35:55Z,2023-03-24T16:36:00Z,2.44465152213387e-06,0.0032141766888289024,0.0032117320373067685,0
2023-03-24T16:36:55Z,2023-03-24T16:37:00Z,2.7019888406212833e-07,0.0032025817428335073,0.0032028519417175694,0
2023-03-24T16:36:55Z,2023-03-24T16:37:00Z,5.4776821280435456e-05,0.0031535737285628947,0.00320835054984333,0
2023-03-24T16:36:55Z,2023-03-24T16:37:00Z,7.300448173758536e-05,0.0031394003220693496,0.003212404803806935,0
2023-03-24T16:36:55Z,2023-03-24T16:37:00Z,3.033897251912771e-05,0.00317250019048413,0.003202839163003258,0
2023-03-24T16:36:55Z,2023-03-24T16:37:00Z,5.275619571429172e-05,0.0032447454554186184,0.0031919892597043267,0
2023-03-24T16:36:55Z,2023-03-24T16:37:00Z,4.166687687113223e-05,0.003224808208862592,0.00318314133199146,0
2023-03-24T16:36:55Z,2023-03-24T16:37:00Z,4.03558682026111e-06,0.0031823502649343306,0.0031863858517545917,0
2023-03-24T16:36:55Z,2023-03-24T16:37:00Z,6.84392949321655e-05,0.0031246730389335483,0.003193112333865714,0
2023-03-24T16:36:55Z,2023-03-24T16:37:00Z,9.070404392822655e-05,0.0030978616579525487,0.0031885657018807753,0
2023-03-24T16:36:55Z,2023-03-24T16:37:00Z,0.00011217548585995031,0.0030652604011779734,0.0031774358870379237,0
2023-03-24T16:36:55Z,2023-03-24T16:37:00Z,0.000105240518324912,0.0030642365014829625,0.0031694770198078745,0
2023-03-24T16:36:55Z,2023-03-24T16:37:00Z,5.394073986811094e-05,0.0031049448626695657,0.0031588856025376766,0
2023-03-24T16:37:55Z,2023-03-24T16:38:00Z,2.3084770623466554e-05,0.0031203345906283303,0.003143419361251797,0
2023-03-24T16:37:55Z,2023-03-24T16:38:00Z,3.632195732285702e-05,0.003087125890679075,0.003123447848001932,0
2023-03-24T16:37:55Z,2023-03-24T16:38:00Z,2.4033077384596688e-05,0.00308448996801244,0.0031085230453970366,0
2023-03-24T16:37:55Z,2023-03-24T16:38:00Z,3.583358534399537e-05,0.0030590859780165766,0.003094919563360572,0
2023-03-24T16:37:55Z,2023-03-24T16:38:00Z,2.307538585041716e-05,0.0030661037388071393,0.0030891791246575565,0
2023-03-24T16:37:55Z,2023-03-24T16:38:00Z,4.3169477818913796e-05,0.003126809219628474,0.0030836397418095604,0
2023-03-24T16:37:55Z,2023-03-24T16:38:00Z,8.852510883779977e-05,0.0031722853274515268,0.003083760218613727,0
2023-03-24T16:37:55Z,2023-03-24T16:38:00Z,0.00011571406782654803,0.0032084132461753477,0.0030926991783487997,0
2023-03-24T16:37:55Z,2023-03-24T16:38:00Z,0.00013735045064538305,0.0032396696953916064,0.0031023192447462234,0
2023-03-24T16:37:55Z,2023-03-24T16:38:00Z,0.0002017629366006116,0.00331666484642498,0.0031149019098243684,0
2023-03-24T16:37:55Z,2023-03-24T16:38:00Z,0.00022622265666131462,0.0033629165385874733,0.0031366938819261587,0
2023-03-24T16:38:55Z,2023-03-24T16:39:00Z,0.0001788475722357694,0.0033487092939351475,0.003169861721699378,0
2023-03-24T16:38:55Z,2023-03-24T16:39:00Z,0.000153459367307355,0.0033667254548025763,0.0032132660874952214,0
2023-03-24T16:38:55Z,2023-03-24T16:39:00Z,0.0001355758600155828,0.003389214169671948,0.0032536383096563653,0
2023-03-24T16:38:55Z,2023-03-24T16:39:00Z,0.00014005789520304002,0.00342796995274142,0.00328791205753838,0
2023-03-24T16:38:55Z,2023-03-24T16:39:00Z,0.0001654097317819324,0.0034843116239232294,0.003318901892141297,0
2023-03-24T16:38:55Z,2023-03-24T16:39:00Z,0.00014874808695713136,0.0034990152228935815,0.00335026713593645,0
2023-03-24T16:38:55Z,2023-03-24T16:39:00Z,0.00016715863464908257,0.003552374617518622,0.0033852159828695392,0
2023-03-24T16:38:55Z,2023-03-24T16:39:00Z,9.700122095860622e-05,0.003508267257609374,0.003411266036650768,0
2023-03-24T16:38:55Z,2023-03-24T16:39:00Z,9.082959212034251e-05,0.0035291610686184176,0.003438331476498075,0
2023-03-24T16:38:55Z,2023-03-24T16:39:00Z,0.00010566386492430989,0.003566789336232989,0.003461125471308679,0
2023-03-24T16:38:55Z,2023-03-24T16:39:00Z,3.8325028911689527e-05,0.0035226555879083457,0.003484330558996656,0
2023-03-24T16:38:55Z,2023-03-24T16:39:00Z,2.6981457431381542e-05,0.003482716982502566,0.0035096984399339477,0
2023-03-24T16:38:55Z,2023-03-24T16:39:00Z,7.16116406059876e-06,0.0035160637951829102,0.003523224959243509,0
2023-03-24T16:39:55Z,2023-03-24T16:40:00Z,2.0889054648466805e-06,0.0035250860587911176,0.003522997153326271,0
2023-03-24T16:39:55Z,2023-03-24T16:40:00Z,4.274601114819757e-05,0.003568178674801515,0.0035254326636533174,0
2023-03-24T16:39:55Z,2023-03-24T16:40:00Z,5.128902448983544e-05,0.0035728233226106523,0.003521534298120817,0
2023-03-24T16:39:55Z,2023-03-24T16:40:00Z,2.3100371899673674e-05,0.003506992700105735,0.003530093072005409,0
2023-03-24T16:39:55Z,2023-03-24T16:40:00Z,5.9577918238554965e-05,0.0035959084550999973,0.0035363305368614423,0
2023-03-24T16:39:55Z,2023-03-24T16:40:00Z,2.4449019314671562e-05,0.003552237179586506,0.0035277881602718345,0
2023-03-24T16:39:55Z,2023-03-24T16:40:00Z,3.9728258688863025e-05,0.0035779811142737906,0.0035382528555849275,0
2023-03-24T16:39:55Z,2023-03-24T16:40:00Z,5.0640725359049534e-05,0.003598825037670254,0.0035481843123112045,0
2023-03-24T16:39:55Z,2023-03-24T16:40:00Z,4.088760921922658e-05,0.0035979172528291282,0.0035570296436099017,0
2023-03-24T16:39:55Z,2023-03-24T16:40:00Z,6.076779851250892e-05,0.003628331581962287,0.003567563783449778,0
2023-03-24T16:39:55Z,2023-03-24T16:40:00Z,5.305654338673025e-05,0.003624868695126168,0.0035718121517394376,0
2023-03-24T16:40:55Z,2023-03-24T16:41:00Z,3.4023287471448335e-05,0.0036137651905468336,0.0035797419030753853,0
2023-03-24T16:40:55Z,2023-03-24T16:41:00Z,2.7577897018572686e-05,0.0035690034339168745,0.003596581330935447,0
2023-03-24T16:40:55Z,2023-03-24T16:41:00Z,6.484561307486909e-05,0.0035342866800672688,0.003599132293142138,0
2023-03-24T16:40:55Z,2023-03-24T16:41:00Z,7.0996513261964e-05,0.003530530959070227,0.003601527472332191,0
2023-03-24T16:40:55Z,2023-03-24T16:41:00Z,3.4266443512654364e-06,0.0035918587659514224,0.003595285410302688,0
2023-03-24T16:40:55Z,2023-03-24T16:41:00Z,8.248233757551619e-05,0.00350304677578431,0.0035855291133598264,0
2023-03-24T16:40:55Z,2023-03-24T16:41:00Z,0.00011070940210938449,0.003473954213125056,0.0035846636152344403,0
2023-03-24T16:40:55Z,2023-03-24T16:41:00Z,0.00015213519334174135,0.0034146305924387024,0.0035667657857804437,0
2023-03-24T16:40:55Z,2023-03-24T16:41:00Z,7.88769044857288e-05,0.0034663296695802703,0.003545206574065999,0
2023-03-24T16:40:55Z,2023-03-24T16:41:00Z,3.4599358837387496e-05,0.0034821594154988782,0.0035167587743362657,0
2023-03-24T16:40:55Z,2023-03-24T16:41:00Z,6.791514486370045e-05,0.003434175948853051,0.0035020910937167515,0
2023-03-24T16:40:55Z,2023-03-24T16:41:00Z,4.9361106954436997e-05,0.003445283234681115,0.003494644341635552,0
2023-03-24T16:40:55Z,2023-03-24T16:41:00Z,3.559216370369912e-05,0.003445287176472256,0.003480879340175955,0
2023-03-24T16:41:55Z,2023-03-24T16:42:00Z,1.137216868199193e-05,0.00344856780988392,0.003459939978565912,0
2023-03-24T16:41:55Z,2023-03-24T16:42:00Z,2.0614225862067292e-07,0.003451894749494239,0.003451688607235618,0
2023-03-24T16:41:55Z,2023-03-24T16:42:00Z,1.7897092007227583e-06,0.003449851687401893,0.0034480619782011703,0
2023-03-24T16:41:55Z,2023-03-24T16:42:00Z,2.3007891860908278e-05,0.0034763933210700125,0.0034533854292091042,0
2023-03-24T16:41:55Z,2023-03-24T16:42:00Z,4.0800912417564804e-05,0.0034918323441726147,0.00345103143175505,0
2023-03-24T16:41:55Z,2023-03-24T16:42:00Z,7.837678268094762e-05,0.0035285844866604454,0.003450207703979498,0
2023-03-24T16:41:55Z,2023-03-24T16:42:00Z,0.00010993993975012524,0.003568384271632418,0.0034584443318822927,0
2023-03-24T16:41:55Z,2023-03-24T16:42:00Z,0.00010624845678190113,0.0035765929675183844,0.0034703445107364833,0
2023-03-24T16:41:55Z,2023-03-24T16:42:00Z,9.176893021387847e-05,0.003579698740258956,0.0034879298100450777,0
2023-03-24T16:41:55Z,2023-03-24T16:42:00Z,8.980413265433909e-05,0.0035960232509329114,0.0035062191182785724,0
2023-03-24T16:41:55Z,2023-03-24T16:42:00Z,4.887625158882551e-05,0.0035733530828337863,0.003524476831244961,0
2023-03-24T16:41:55Z,2023-03-24T16:42:00Z,1.3720433500595715e-06,0.003546730526528023,0.0035453584831779635,0
2023-03-24T16:42:55Z,2023-03-24T16:43:00Z,2.3477820971824857e-05,0.0035357320567438203,0.003559209877715645,0
2023-03-24T16:42:55Z,2023-03-24T16:43:00Z,7.889347567029137e-05,0.0034881589995246977,0.003567052475194989,0
2023-03-24T16:42:55Z,2023-03-24T16:43:00Z,0.00011300636765325476,0.003455067188982217,0.003568073556635472,0
2023-03-24T16:42:55Z,2023-03-24T16:43:00Z,0.00010168737396061426,0.0034549254295166117,0.003556612803477226,0
2023-03-24T16:42:55Z,2023-03-24T16:43:00Z,6.255763402721872e-05,0.0034766943439448403,0.003539251977972059,0
2023-03-24T16:42:55Z,2023-03-24T16:43:00Z,5.217414901980593e-05,0.003469253070274775,0.003521427219294581,0
2023-03-24T16:42:55Z,2023-03-24T16:43:00Z,4.6868200547286066e-05,0.0034575120320347132,0.0035043802325819993,0
2023-03-24T16:42:55Z,2023-03-24T16:43:00Z,4.834159077462836e-05,0.003441167211441798,0.003489508802216426,0
2023-03-24T16:42:55Z,2023-03-24T16:43:00Z,7.046499474254193e-06,0.0034697168035288423,0.0034767633030030965,0
2023-03-24T16:42:55Z,2023-03-24T16:43:00Z,2.074549069909764e-05,0.0034839995300876194,0.0034632540393885218,0
2023-03-24T16:42:55Z,2023-03-24T16:43:00Z,3.024586136380703e-05,0.0034908653013243493,0.0034606194399605422,0
2023-03-24T16:42:55Z,2023-03-24T16:43:00Z,0.00012133436575504112,0.0035860869973020695,0.0034647526315470284,0
2023-03-24T16:43:55Z,2023-03-24T16:44:00Z,0.00011398334481484878,0.003583870243762983,0.0034698868989481344,0
2023-03-24T16:43:55Z,2023-03-24T16:44:00Z,0.00013918199711081356,0.0036246964179671233,0.0034855144208563098,0
2023-03-24T16:43:55Z,2023-03-24T16:44:00Z,0.00014348446739033665,0.0036453727701735326,0.003501888302783196,0
2023-03-24T16:43:55Z,2023-03-24T16:44:00Z,0.00020755147310930417,0.0037333232595971304,0.0035257717864878263,0
2023-03-24T16:43:55Z,2023-03-24T16:44:00Z,0.00012656611312922544,0.003681510122293014,0.0035549440091637886,0
2023-03-24T16:43:55Z,2023-03-24T16:44:00Z,7.315671012108563e-05,0.003665758784437487,0.0035926020743164014,0
2023-03-24T16:43:55Z,2023-03-24T16:44:00Z,8.07283644691098e-05,0.0037015462376719962,0.0036208178732028864,0
2023-03-24T16:43:55Z,2023-03-24T16:44:00Z,1.056622890221147e-05,0.0036352364276025515,0.003645802656504763,0
2023-03-24T16:43:55Z,2023-03-24T16:44:00Z,6.876306135108123e-05,0.0035935337723493853,0.0036622968337004665,0
2023-03-24T16:43:55Z,2023-03-24T16:44:00Z,8.043681328065563e-05,0.003589198046682606,0.003669634859963262,0
2023-03-24T16:43:55Z,2023-03-24T16:44:00Z,0.00012645992525327741,0.0035387231281931645,0.003665183053446442,0
2023-03-24T16:43:55Z,2023-03-24T16:44:00Z,0.00022014289865027658,0.0034370151942974625,0.003657158092947739,0
2023-03-24T16:44:55Z,2023-03-24T16:45:00Z,0.00018132986823110684,0.003448028205944637,0.0036293580741757437,0
2023-03-24T16:44:55Z,2023-03-24T16:45:00Z,0.00011969880061082211,0.0034747314267084143,0.0035944302273192364,0
2023-03-24T16:44:55Z,2023-03-24T16:45:00Z,5.8858710497872516e-05,0.0035044671484652417,0.003563325858963114,0
2023-03-24T16:44:55Z,2023-03-24T16:45:00Z,0.0001226800328420763,0.003408243710269098,0.003530923743111174,0
2023-03-24T16:44:55Z,2023-03-24T16:45:00Z,2.0575729822818172e-05,0.0034916666876973115,0.0035122424175201296,0
2023-03-24T16:44:55Z,2023-03-24T16:45:00Z,1.6642668921569917e-06,0.003487436675543675,0.003485772408651518,0
2023-03-24T16:44:55Z,2023-03-24T16:45:00Z,3.619410032454796e-05,0.0035080334576924523,0.0034718393573679044,0
2023-03-24T16:44:55Z,2023-03-24T16:45:00Z,2.1262291965100724e-05,0.0034857750132402205,0.00346451272127512,0
2023-03-24T16:44:55Z,2023-03-24T16:45:00Z,1.6845154266662953e-05,0.003457813033207742,0.0034746581874744048,0
2023-03-24T16:44:55Z,2023-03-24T16:45:00Z,3.0986812410337995e-05,0.003511037400926968,0.00348005058851663,0
2023-03-24T16:44:55Z,2023-03-24T16:45:00Z,5.9253625372963047e-05,0.0035368873005323545,0.0034776336751593914,0
2023-03-24T16:45:55Z,2023-03-24T16:46:00Z,2.002185813278299e-05,0.0034985941407867068,0.003478572282653924,0
2023-03-24T16:45:55Z,2023-03-24T16:46:00Z,3.218821652616359e-05,0.003529138154931981,0.0034969499384058175,0
2023-03-24T16:45:55Z,2023-03-24T16:46:00Z,1.9781246033329525e-05,0.003517720820594775,0.0034979395745614456,0
2023-03-24T16:45:55Z,2023-03-24T16:46:00Z,4.87788052924102e-06,0.0035087748092890157,0.0035038969287597747,0
2023-03-24T16:45:55Z,2023-03-24T16:46:00Z,6.570761539886937e-05,0.0035709884531446904,0.003505280837745821,0
2023-03-24T16:45:55Z,2023-03-24T16:46:00Z,7.049239541494917e-05,0.003579058918310598,0.003508566522895649,0
2023-03-24T16:45:55Z,2023-03-24T16:46:00Z,6.574928585213963e-05,0.003590483725881639,0.0035247344400294992,0
2023-03-24T16:45:55Z,2023-03-24T16:46:00Z,1.6382603896553972e-05,0.0035508344035522854,0.0035344517996557315,0
2023-03-24T16:45:55Z,2023-03-24T16:46:00Z,3.9463094005946255e-05,0.0035815715258544325,0.003542108431848486,0
2023-03-24T16:45:55Z,2023-03-24T16:46:00Z,3.274849353050117e-05,0.0035823198200597844,0.0035495713265292833,0
2023-03-24T16:45:55Z,2023-03-24T16:46:00Z,5.348030313349558e-07,0.0035565270050582983,0.0035570618080896332,0
2023-03-24T16:45:55Z,2023-03-24T16:46:00Z,4.125338476358275e-06,0.003562164898108276,0.0035662902365846344,0
2023-03-24T16:45:55Z,2023-03-24T16:46:00Z,3.4939773081399134e-05,0.0035381722057559904,0.0035731119788373895,0
2023-03-24T16:46:55Z,2023-03-24T16:47:00Z,2.7468509748085e-06,0.003569104620000236,0.0035718514709750446,0
2023-03-24T16:46:55Z,2023-03-24T16:47:00Z,3.124001788764805e-05,0.0035972505299263205,0.0035660105120386724,0
2023-03-24T16:46:55Z,2023-03-24T16:47:00Z,4.406767624477335e-05,0.003607024030300388,0.0035629563540556146,0
2023-03-24T16:46:55Z,2023-03-24T16:47:00Z,1.850697099400238e-05,0.003551080258257903,0.0035695872292519056,0
2023-03-24T16:46:55Z,2023-03-24T16:47:00Z,4.151698921888835e-05,0.0035317063120967247,0.003573223301315613,0
2023-03-24T16:46:55Z,2023-03-24T16:47:00Z,3.0173717836794872e-06,0.0035657431349888076,0.003568760506772487,0
2023-03-24T16:46:55Z,2023-03-24T16:47:00Z,2.7840649203910144e-05,0.003593055342696173,0.003565214693492263,0
2023-03-24T16:46:55Z,2023-03-24T16:47:00Z,7.421468085349638e-06,0.0035731473382748314,0.0035657258701894817,0
2023-03-24T16:46:55Z,2023-03-24T16:47:00Z,5.5302869616837e-06,0.0035680360313621096,0.0035735663183237933,0
2023-03-24T16:46:55Z,2023-03-24T16:47:00Z,1.3873452486515454e-06,0.0035727565042572265,0.003574143849505878,0
2023-03-24T16:46:55Z,2023-03-24T16:47:00Z,1.645763322557234e-05,0.0035535127164854187,0.003569970349710991,0
2023-03-24T16:47:55Z,2023-03-24T16:48:00Z,1.8915293488760195e-05,0.0035839902823364424,0.0035650749888476822,0
2023-03-24T16:47:55Z,2023-03-24T16:48:00Z,4.183580905999136e-05,0.003523586673820193,0.0035654224828801846,0
2023-03-24T16:47:55Z,2023-03-24T16:48:00Z,2.1786052535885565e-05,0.003551105568949973,0.0035728916214858584,0
2023-03-24T16:47:55Z,2023-03-24T16:48:00Z,1.7787240774281166e-05,0.0035846565106646233,0.003566869269890342,0
2023-03-24T16:47:55Z,2023-03-24T16:48:00Z,3.027186910766963e-05,0.0035911483141771255,0.003560876445069456,0
2023-03-24T16:47:55Z,2023-03-24T16:48:00Z,2.8785900641340508e-05,0.003591306513195053,0.0035625206125537126,0
2023-03-24T16:47:55Z,2023-03-24T16:48:00Z,0.00012076214875199809,0.0036865845159935696,0.0035658223672415715,0
2023-03-24T16:47:55Z,2023-03-24T16:48:00Z,0.00013489884920862318,0.0037033712177270265,0.0035684723685184033,0
2023-03-24T16:47:55Z,2023-03-24T16:48:00Z,0.0001470176099116283,0.0037345002355026256,0.0035874826255909973,0
2023-03-24T16:47:55Z,2023-03-24T16:48:00Z,0.00014494818831372724,0.003749485233246237,0.0036045370449325096,0
2023-03-24T16:47:55Z,2023-03-24T16:48:00Z,8.175242008545778e-05,0.0037164199738297433,0.0036346675537442855,0
2023-03-24T16:47:55Z,2023-03-24T16:48:00Z,9.996869833251527e-05,0.0037629762041191243,0.003663007505786609,0
2023-03-24T16:47:55Z,2023-03-24T16:48:00Z,7.866336913600613e-05,0.003760494226803346,0.00368183085766734,0
2023-03-24T16:48:55Z,2023-03-24T16:49:00Z,8.542303205483562e-05,0.0037918007311424614,0.0037063776990876257,0
2023-03-24T16:48:55Z,2023-03-24T16:49:00Z,3.936912051709157e-05,0.003769916492977331,0.0037305473724602396,0
2023-03-24T16:48:55Z,2023-03-24T16:49:00Z,2.9074434115039082e-05,0.003774652694453691,0.003745578260338652,0
2023-03-24T16:48:55Z,2023-03-24T16:49:00Z,3.122568098340439e-05,0.003786310409214957,0.0037550847282315524,0
2023-03-24T16:48:55Z,2023-03-24T16:49:00Z,8.981225776874026e-05,0.0036710085360272507,0.003760820793795991,0
2023-03-24T16:48:55Z,2023-03-24T16:49:00Z,0.0001356937470818032,0.0036303877861382904,0.0037660815332200936,0
2023-03-24T16:48:55Z,2023-03-24T16:49:00Z,0.00016810562128298295,0.003591488563679612,0.003759594184962595,0
2023-03-24T16:48:55Z,2023-03-24T16:49:00Z,0.00014228142792358216,0.003598371554470321,0.0037406529823939033,0
2023-03-24T16:48:55Z,2023-03-24T16:49:00Z,0.0001410925896117121,0.0035754167266216583,0.0037165093162333704,0
2023-03-24T16:48:55Z,2023-03-24T16:49:00Z,0.00013430639766062562,0.003554570179048153,0.0036888765767087786,0
2023-03-24T16:48:55Z,2023-03-24T16:49:00Z,0.00010620432090444444,0.0035548865748963807,0.003661090895800825,0
2023-03-24T16:49:55Z,2023-03-24T16:50:00Z,3.471306902042958e-05,0.003594937467436748,0.0036296505364571776,0
2023-03-24T16:49:55Z,2023-03-24T16:50:00Z,4.935053400075343e-07,0.0035960964833573737,0.003596589988697381,0
2023-03-24T16:49:55Z,2023-03-24T16:50:00Z,2.5938721528563982e-05,0.0036116614147130156,0.0035857226931844516,0
2023-03-24T16:49:55Z,2023-03-24T16:50:00Z,3.5889935138692496e-05,0.003544934000505629,0.0035808239356443215,0
2023-03-24T16:49:55Z,2023-03-24T16:50:00Z,5.27300939798395e-05,0.0035309756775263965,0.003583705771506236,0
2023-03-24T16:49:55Z,2023-03-24T16:50:00Z,5.1971746065374025e-05,0.00362804358129094,0.003576071835225566,0
2023-03-24T16:49:55Z,2023-03-24T16:50:00Z,4.68994576984425e-05,0.003616622571624685,0.0035697231139262425,0
2023-03-24T16:49:55Z,2023-03-24T16:50:00Z,3.444439128362682e-05,0.0036146637055302676,0.003580219314246641,0
2023-03-24T16:49:55Z,2023-03-24T16:50:00Z,2.5479282719382754e-05,0.003614518025070067,0.003589038742350684,0
2023-03-24T16:49:55Z,2023-03-24T16:50:00Z,1.6050515374051253e-05,0.0036079072917380947,0.0035918567763640434,0
2023-03-24T16:49:55Z,2023-03-24T16:50:00Z,9.471135329595232e-06,0.0036039595605097383,0.003594488425180143,0
2023-03-24T16:49:55Z,2023-03-24T16:50:00Z,3.589520823616809e-05,0.0036298473301341794,0.0035939521218980113,0
2023-03-24T16:49:55Z,2023-03-24T16:50:00Z,3.344716479545618e-05,0.003635831509551198,0.003602384344755742,0
2023-03-24T16:50:55Z,2023-03-24T16:51:00Z,2.4912463570309074e-05,0.003641421330127162,0.003616508866556853,0
2023-03-24T16:50:55Z,2023-03-24T16:51:00Z,1.8128747471485816e-05,0.0036357501752083757,0.00361762142773689,0
2023-03-24T16:50:55Z,2023-03-24T16:51:00Z,1.551863676375973e-05,0.0036056454707591983,0.003621164107522958,0
2023-03-24T16:50:55Z,2023-03-24T16:51:00Z,9.236572558460159e-05,0.003531810734749515,0.0036241764603341165,0
2023-03-24T16:50:55Z,2023-03-24T16:51:00Z,0.00014283959213793338,0.003480069360437487,0.0036229089525754202,0
2023-03-24T16:50:55Z,2023-03-24T16:51:00Z,0.00010245284413902458,0.003509585171723742,0.0036120380158627665,0
2023-03-24T16:50:55Z,2023-03-24T16:51:00Z,0.00010638948727619609,0.003487949928576249,0.003594339415852445,0
2023-03-24T16:50:55Z,2023-03-24T16:51:00Z,5.787541482226918e-05,0.0035192836926858278,0.003577159107508097,0
2023-03-24T16:50:55Z,2023-03-24T16:51:00Z,3.221654823868086e-05,0.003588249715607499,0.003556033167368818,0
2023-03-24T16:50:55Z,2023-03-24T16:51:00Z,6.611425332342597e-05,0.0036046991867720534,0.0035385849334486274,0
2023-03-24T16:50:55Z,2023-03-24T16:51:00Z,5.7370131438176045e-05,0.003589169284943821,0.003531799153505645,0
2023-03-24T16:51:55Z,2023-03-24T16:52:00Z,3.323739678399171e-05,0.003564901366862902,0.0035316639700789104,0
2023-03-24T16:51:55Z,2023-03-24T16:52:00Z,1.93528391444959e-05,0.0035205052095336007,0.0035398580486780966,0
2023-03-24T16:51:55Z,2023-03-24T16:52:00Z,3.505167583788297e-05,0.0035870285825767537,0.0035519769067388707,0
2023-03-24T16:51:55Z,2023-03-24T16:52:00Z,8.009730730554028e-05,0.0036336342194458193,0.003553536912140279,0
2023-03-24T16:51:55Z,2023-03-24T16:52:00Z,8.387982022054277e-05,0.0036515708257894653,0.0035676910055689225,0
2023-03-24T16:51:55Z,2023-03-24T16:52:00Z,0.000132123897709151,0.003716150692815215,0.003584026795106064,0
2023-03-24T16:51:55Z,2023-03-24T16:52:00Z,0.00012372784059540938,0.003716800508584611,0.003593072667989202,0
2023-03-24T16:51:55Z,2023-03-24T16:52:00Z,5.5333113502881864e-05,0.003664327425212536,0.003608994311709654,0
2023-03-24T16:51:55Z,2023-03-24T16:52:00Z,3.836649149349062e-05,0.0036655938351518287,0.003627227343658338,0
2023-03-24T16:51:55Z,2023-03-24T16:52:00Z,1.0853497669341839e-05,0.003630577568610373,0.003641431066279715,0
2023-03-24T16:51:55Z,2023-03-24T16:52:00Z,7.043959196298671e-05,0.003591718420833617,0.0036621580127966036,0
2023-03-24T16:51:55Z,2023-03-24T16:52:00Z,9.239955315530667e-05,0.0035759797433603862,0.003668379296515693,0
2023-03-24T16:51:55Z,2023-03-24T16:52:00Z,9.966780629313068e-06,0.003652424544656065,0.003662391325285378,0
2023-03-24T16:52:55Z,2023-03-24T16:53:00Z,2.605213510331215e-05,0.0036776447343273935,0.0036515925992240813,0
2023-03-24T16:52:55Z,2023-03-24T16:53:00Z,3.678056295171317e-05,0.0036057083008210608,0.003642488863772774,0
2023-03-24T16:52:55Z,2023-03-24T16:53:00Z,7.053176960692981e-05,0.003566363412129099,0.003636895181736029,0
2023-03-24T16:52:55Z,2023-03-24T16:53:00Z,8.958949918141945e-05,0.0035389315219272557,0.003628521021108675,0
2023-03-24T16:52:55Z,2023-03-24T16:53:00Z,9.735113569854254e-05,0.0035169941106925995,0.003614345246391142,0
2023-03-24T16:52:55Z,2023-03-24T16:53:00Z,7.351957722855377e-05,0.003527733376779286,0.00360125295400784,0
2023-03-24T16:52:55Z,2023-03-24T16:53:00Z,4.371446133369372e-06,0.0035862066064257536,0.003590578052559123,0
2023-03-24T16:52:55Z,2023-03-24T16:53:00Z,3.041774864204509e-05,0.003553267965834064,0.003583685714476109,0
2023-03-24T16:52:55Z,2023-03-24T16:53:00Z,4.152887107354911e-06,0.0035783788961219905,0.0035742260090146356,0
2023-03-24T16:52:55Z,2023-03-24T16:53:00Z,4.152426022987045e-05,0.0035979821594597445,0.003556457899229874,0
2023-03-24T16:52:55Z,2023-03-24T16:53:00Z,7.684690307400597e-05,0.0036294006016325845,0.0035525536985585786,0
2023-03-24T16:53:55Z,2023-03-24T16:54:00Z,1.3128501995585563e-05,0.0035439421604673703,0.003557070662462956,0
2023-03-24T16:53:55Z,2023-03-24T16:54:00Z,3.0202721930919565e-05,0.003539792094775655,0.0035699948167065747,0
2023-03-24T16:53:55Z,2023-03-24T16:54:00Z,6.523086603197259e-05,0.003508613672070998,0.0035738445381029707,0
2023-03-24T16:53:55Z,2023-03-24T16:54:00Z,2.2173971138786906e-05,0.003553393240963665,0.003575567212102452,0
2023-03-24T16:53:55Z,2023-03-24T16:54:00Z,1.003864668299402e-05,0.0035745211538776235,0.0035644825071946295,0
2023-03-24T16:53:55Z,2023-03-24T16:54:00Z,2.5993070386609498e-05,0.0035904934740283246,0.003564500403641715,0
2023-03-24T16:53:55Z,2023-03-24T16:54:00Z,4.0672481391307736e-05,0.003604621778998113,0.0035639492976068054,0
2023-03-24T16:53:55Z,2023-03-24T16:54:00Z,2.3948709928114757e-06,0.003565274356395129,0.0035628794854023174,0
2023-03-24T16:53:55Z,2023-03-24T16:54:00Z,7.551817756857194e-06,0.0035668914713542503,0.003559339653597393,0
2023-03-24T16:53:55Z,2023-03-24T16:54:00Z,3.2877037731826944e-05,0.0035952641478903275,0.0035623871101585006,0
2023-03-24T16:53:55Z,2023-03-24T16:54:00Z,1.967257325827341e-05,0.003585931022928002,0.0035662584496697286,0
2023-03-24T16:53:55Z,2023-03-24T16:54:00Z,6.674579605952602e-05,0.0036453828851320163,0.0035786370890724902,0
2023-03-24T16:54:55Z,2023-03-24T16:55:00Z,7.89176426790111e-05,0.0036622029863178354,0.0035832853436388243,0
2023-03-24T16:54:55Z,2023-03-24T16:55:00Z,5.3094921018909634e-05,0.003646503369122647,0.0035934084481037375,0
2023-03-24T16:54:55Z,2023-03-24T16:55:00Z,5.875778433100769e-06,0.003609528442578197,0.0036036526641450963,0
2023-03-24T16:54:55Z,2023-03-24T16:55:00Z,3.083770305087894e-05,0.0035787980453977223,0.003609635748448601,0
2023-03-24T16:54:55Z,2023-03-24T16:55:00Z,9.39470146101842e-06,0.0036065630592994496,0.003615957760760468,0
2023-03-24T16:54:55Z,2023-03-24T16:55:00Z,1.6044550758782545e-05,0.003633703250668318,0.0036176586999095354,0
2023-03-24T16:54:55Z,2023-03-24T16:55:00Z,6.38617174191611e-05,0.0036831345475299994,0.0036192728301108383,0
2023-03-24T16:54:55Z,2023-03-24T16:55:00Z,3.842406287421236e-05,0.0036645214969479533,0.003626097434073741,0
2023-03-24T16:54:55Z,2023-03-24T16:55:00Z,5.859862667706352e-06,0.0036373503913697306,0.0036314905287020242,0
2023-03-24T16:54:55Z,2023-03-24T16:55:00Z,2.3087519643431344e-05,0.0036087342248628945,0.003631821744506326,0
2023-03-24T16:54:55Z,2023-03-24T16:55:00Z,1.4892092766061182e-05,0.003645406269021971,0.0036305141762559097,0
2023-03-24T16:54:55Z,2023-03-24T16:55:00Z,0.00010122646170596149,0.003731627178288257,0.0036304007165822954,0
2023-03-24T16:54:55Z,2023-03-24T16:55:00Z,0.00010058964499424974,0.0037405058220942953,0.0036399161771000456,0
2023-03-24T16:55:55Z,2023-03-24T16:56:00Z,7.505741500014092e-05,0.0037328398948128735,0.0036577824798127326,0
2023-03-24T16:55:55Z,2023-03-24T16:56:00Z,4.6876933901548925e-05,0.003719916923917992,0.003673039990016443,0
2023-03-24T16:55:55Z,2023-03-24T16:56:00Z,0.00012336765289982718,0.0038035084068138237,0.0036801407539139965,0
2023-03-24T16:55:55Z,2023-03-24T16:56:00Z,0.0001140409856351908,0.0038020953719734786,0.003688054386338288,0
2023-03-24T16:55:55Z,2023-03-24T16:56:00Z,0.00010172304522673269,0.0038135142909141765,0.003711791245687444,0
2023-03-24T16:55:55Z,2023-03-24T16:56:00Z,3.128843505640277e-05,0.0037707027017596442,0.0037394142667032415,0
2023-03-24T16:55:55Z,2023-03-24T16:56:00Z,2.0062127379129324e-05,0.003743367571022998,0.0037634296984021274,0
2023-03-24T16:55:55Z,2023-03-24T16:56:00Z,4.7155049974738e-05,0.0037218568660661593,0.0037690119160408973,0
2023-03-24T16:55:55Z,2023-03-24T16:56:00Z,0.00011786215751467344,0.0036515585798017527,0.003769420737316426,0
2023-03-24T16:55:55Z,2023-03-24T16:56:00Z,0.00014767778506802765,0.0036201739481417253,0.003767851733209753,0
2023-03-24T16:55:55Z,2023-03-24T16:56:00Z,0.0001421876852699404,0.0036158985702089215,0.003758086255478862,0
2023-03-24T16:55:55Z,2023-03-24T16:56:00Z,0.0001323790674081179,0.0035995165511175874,0.0037318956185257053,0
2023-03-24T16:56:55Z,2023-03-24T16:57:00Z,7.860139307499028e-05,0.0036266946823414925,0.003705296075416483,0
2023-03-24T16:56:55Z,2023-03-24T16:57:00Z,3.713988178941606e-05,0.003637585087941839,0.0036747249697312552,0
2023-03-24T16:56:55Z,2023-03-24T16:57:00Z,5.113648460449826e-05,0.003603015910924164,0.0036541523955286623,0
2023-03-24T16:56:55Z,2023-03-24T16:57:00Z,7.892735161785019e-05,0.003560113260613504,0.0036390406122313542,0
2023-03-24T16:56:55Z,2023-03-24T16:57:00Z,9.44653421026142e-05,0.0035275979908227406,0.003622063332925355,0
2023-03-24T16:56:55Z,2023-03-24T16:57:00Z,0.00012278912540972372,0.0034862105904887378,0.0036089997158984615,0
2023-03-24T16:56:55Z,2023-03-24T16:57:00Z,0.00021360818216241114,0.0033821663969761957,0.003595774579138607,0
2023-03-24T16:56:55Z,2023-03-24T16:57:00Z,0.0002227630964615336,0.0033544846284313326,0.003577247724892866,0
2023-03-24T16:56:55Z,2023-03-24T16:57:00Z,0.0002689632301519896,0.003277234472720678,0.0035461977028726677,0
2023-03-24T16:56:55Z,2023-03-24T16:57:00Z,0.0002749593889585849,0.003232351163355488,0.003507310552314073,0
2023-03-24T16:56:55Z,2023-03-24T16:57:00Z,0.000261279072908102,0.003194552820088663,0.003455831892996765,0
2023-03-24T16:57:55Z,2023-03-24T16:58:00Z,0.00027750822665195945,0.0031253715595492802,0.0034028797862012397,0
2023-03-24T16:57:55Z,2023-03-24T16:58:00Z,0.0002383016881898608,0.003112355177936401,0.003350656866126262,0
2023-03-24T16:57:55Z,2023-03-24T16:58:00Z,0.00025779270987902466,0.003035403237493886,0.0032931959473729107,0
2023-03-24T16:57:55Z,2023-03-24T16:58:00Z,0.00024658329845095653,0.002993204732843049,0.0032397880312940055,0
2023-03-24T16:57:55Z,2023-03-24T16:58:00Z,0.00021520100729816548,0.0029750494297840816,0.003190250437082247,0
2023-03-24T16:57:55Z,2023-03-24T16:58:00Z,0.00014649780725290752,0.0029921412161738703,0.003138639023426778,0
2023-03-24T16:57:55Z,2023-03-24T16:58:00Z,0.00011971435584632803,0.0029757553757323646,0.0030954697315786926,0
2023-03-24T16:57:55Z,2023-03-24T16:58:00Z,0.00010854670223830977,0.0029526073226001518,0.0030611540248384615,0
2023-03-24T16:57:55Z,2023-03-24T16:58:00Z,6.194907599493338e-05,0.0029679481710783427,0.003029897247073276,0
2023-03-24T16:57:55Z,2023-03-24T16:58:00Z,6.729773816594375e-05,0.0029379189036288856,0.0030052166417948293,0
2023-03-24T16:57:55Z,2023-03-24T16:58:00Z,7.61244485437346e-05,0.0029084626208428005,0.002984587069386535,0
2023-03-24T16:57:55Z,2023-03-24T16:58:00Z,7.333337766625382e-05,0.0028973273583109953,0.002970660735977249,0
2023-03-24T16:58:55Z,2023-03-24T16:59:00Z,1.5234231269780057e-05,0.002943320488707434,0.002958554719977214,1
2023-03-24T16:58:55Z,2023-03-24T16:59:00Z,2.9229788560390137e-06,0.002950374545765669,0.00294745156690963,1
2023-03-24T16:58:55Z,2023-03-24T16:59:00Z,4.429601976040738e-05,0.002984773197031976,0.0029404771772715685,1
2023-03-24T16:58:55Z,2023-03-24T16:59:00Z,8.679277703534929e-05,0.003023644121454532,0.0029368513444191827,1
2023-03-24T16:58:55Z,2023-03-24T16:59:00Z,9.609375238641337e-05,0.0030375402217244288,0.0029414464693380154,1
2023-03-24T16:58:55Z,2023-03-24T16:59:00Z,5.054397268909952e-05,0.00299994700636657,0.0029494030336774703,1
2023-03-24T16:58:55Z,2023-03-24T16:59:00Z,4.721474708164726e-05,0.0030108493976299094,0.002963634650548262,1
2023-03-24T16:58:55Z,2023-03-24T16:59:00Z,1.7742511243797575e-05,0.0029944463597240266,0.002976703848480229,1
2023-03-24T16:58:55Z,2023-03-24T16:59:00Z,1.282726406615824e-05,0.003005748546734804,0.002992921282668646,1
2023-03-24T16:58:55Z,2023-03-24T16:59:00Z,2.6161897934211167e-05,0.002974063080593948,0.0030002249785281592,1
2023-03-24T16:58:55Z,2023-03-24T16:59:00Z,7.492552567462665e-05,0.002933210024420551,0.0030081355500951776,1
2023-03-24T16:58:55Z,2023-03-24T16:59:00Z,5.676404822784094e-05,0.002949841485233333,0.003006605533461174,1
2023-03-24T16:58:55Z,2023-03-24T16:59:00Z,7.28590495670217e-05,0.0030665454263090553,0.0029936863767420336,1
2023-03-24T16:59:55Z,2023-03-24T17:00:00Z,0.00011181101581610262,0.003092969001630837,0.0029811579858147344,1
2023-03-24T16:59:55Z,2023-03-24T17:00:00Z,6.923806686974206e-05,0.00305991011267626,0.002990672045806518,1
2023-03-24T16:59:55Z,2023-03-24T17:00:00Z,6.517067504690924e-05,0.0030675740928535603,0.003002403417806651,1
2023-03-24T16:59:55Z,2023-03-24T17:00:00Z,7.030784919913758e-05,0.0030820632317132505,0.003011755382514113,1
2023-03-24T16:59:55Z,2023-03-24T17:00:00Z,7.913980761380373e-05,0.0030997274110020246,0.003020587603388221,1
2023-03-24T16:59:55Z,2023-03-24T17:00:00Z,2.9990904719906335e-05,0.00306600710112517,0.0030360161964052635,1
2023-03-24T16:59:55Z,2023-03-24T17:00:00Z,1.1166932647304825e-05,0.0030709713271356363,0.0030598043944883315,1
2023-03-24T16:59:55Z,2023-03-24T17:00:00Z,6.873605355378534e-05,0.003007663428919094,0.0030763994824728794,1
2023-03-24T16:59:55Z,2023-03-24T17:00:00Z,0.00013252854807981832,0.002944503205939716,0.0030770317540195343,1
2023-03-24T16:59:55Z,2023-03-24T17:00:00Z,5.941976226526112e-05,0.003005425481366881,0.0030648452436321423,1
2023-03-24T16:59:55Z,2023-03-24T17:00:00Z,2.0617837749453694e-05,0.0030689763804192327,0.003048358542669779,1
2023-03-24T17:00:55Z,2023-03-24T17:01:00Z,6.440731507212144e-05,0.003103887484672375,0.0030394801696002538,0
2023-03-24T17:00:55Z,2023-03-24T17:01:00Z,0.0001273382121625439,0.003164948831577937,0.003037610619415393,0
2023-03-24T17:00:55Z,2023-03-24T17:01:00Z,0.00019688264881432454,0.0032350875644683395,0.003038204915654015,0
2023-03-24T17:00:55Z,2023-03-24T17:01:00Z,0.00021399539238975505,0.0032663348409655937,0.0030523394485758386,0
2023-03-24T17:00:55Z,2023-03-24T17:01:00Z,0.00023160673567359288,0.0033073913610112467,0.003075784625337654,0
2023-03-24T17:00:55Z,2023-03-24T17:01:00Z,0.00014324619898803707,0.0032559838831894765,0.0031127376842014394,0
2023-03-24T17:00:55Z,2023-03-24T17:01:00Z,6.876364451109673e-05,0.003233342493722755,0.0031645788492116584,0
2023-03-24T17:00:55Z,2023-03-24T17:01:00Z,4.236540829056232e-05,0.0032427383149054487,0.0032003729066148864,0
2023-03-24T17:00:55Z,2023-03-24T17:01:00Z,2.0812618565617825e-05,0.003244666398509578,0.00322385377994396,0
2023-03-24T17:00:55Z,2023-03-24T17:01:00Z,1.7981877946111023e-05,0.0032616714907805103,0.0032436896128343992,0
2023-03-24T17:00:55Z,2023-03-24T17:01:00Z,6.822130448492581e-05,0.003186856532196851,0.0032550778366817767,0
2023-03-24T17:00:55Z,2023-03-24T17:01:00Z,0.00014017705244587448,0.003118698487994784,0.0032588755404406584,0
2023-03-24T17:00:55Z,2023-03-24T17:01:00Z,0.00020031859922870323,0.003047202897102135,0.003247521496330838,0
2023-03-24T17:01:55Z,2023-03-24T17:02:00Z,0.0002025309126031374,0.003018034459011063,0.0032205653716142002,1
2023-03-24T17:01:55Z,2023-03-24T17:02:00Z,0.00024247564123233397,0.002948263875226532,0.003190739516458866,1
2023-03-24T17:01:55Z,2023-03-24T17:02:00Z,0.0002496456618495003,0.002910335563936267,0.0031599812257857673,1
2023-03-24T17:01:55Z,2023-03-24T17:02:00Z,0.0002616283006766319,0.0028562851480121473,0.003117913448688779,1
2023-03-24T17:01:55Z,2023-03-24T17:02:00Z,0.00023900836554390827,0.002831143535348683,0.003070151900892591,1
2023-03-24T17:01:55Z,2023-03-24T17:02:00Z,0.00016191376028172177,0.0028503258059296753,0.003012239566211397,1
2023-03-24T17:01:55Z,2023-03-24T17:02:00Z,0.0001632859363835679,0.0027981374874209482,0.002961423423804516,1
2023-03-24T17:01:55Z,2023-03-24T17:02:00Z,0.00016407184346565844,0.002759012625758127,0.0029230844692237855,1
2023-03-24T17:01:55Z,2023-03-24T17:02:00Z,0.00012560496501205082,0.0027618987314001375,0.0028875036964121884,1
2023-03-24T17:01:55Z,2023-03-24T17:02:00Z,0.00011123152257855448,0.0027392690547974998,0.0028505005773760543,1
2023-03-24T17:01:55Z,2023-03-24T17:02:00Z,0.00011482185694409184,0.0027090551284567627,0.0028238769854008546,1
2023-03-24T17:02:55Z,2023-03-24T17:03:00Z,9.644093554651975e-05,0.002702997977120226,0.0027994389126667456,1
2023-03-24T17:02:55Z,2023-03-24T17:03:00Z,0.00014030283713758118,0.0026381032155926806,0.0027784060527302618,1
2023-03-24T17:02:55Z,2023-03-24T17:03:00Z,0.00010425120884081365,0.002655848335571097,0.0027600995444119108,1
2023-03-24T17:02:55Z,2023-03-24T17:03:00Z,8.065303434116444e-05,0.002649128997165462,0.0027297820315066263,1
2023-03-24T17:02:55Z,2023-03-24T17:03:00Z,6.057892683886991e-05,0.0026488760829749204,0.0027094550098137903,1
2023-03-24T17:02:55Z,2023-03-24T17:03:00Z,8.372141084933126e-05,0.002610035937736935,0.0026937573485862664,1
2023-03-24T17:02:55Z,2023-03-24T17:03:00Z,9.672668062359231e-05,0.0025808845753305,0.0026776112559540924,1
2023-03-24T17:02:55Z,2023-03-24T17:03:00Z,3.827980470752024e-05,0.002620869577380778,0.002659149382088298,1
2023-03-24T17:02:55Z,2023-03-24T17:03:00Z,3.576207567185241e-05,0.002676601378742112,0.0026408393030702597,1
2023-03-24T17:02:55Z,2023-03-24T17:03:00Z,2.058153019645183e-05,0.002649688204732505,0.0026291066745360533,1
2023-03-24T17:02:55Z,2023-03-24T17:03:00Z,2.25591789012043e-05,0.0026571655910300335,0.002634606412128829,1
2023-03-24T17:02:55Z,2023-03-24T17:03:00Z,3.379071916992252e-05,0.0026675171126075243,0.002633726393437602,1
2023-03-24T17:03:55Z,2023-03-24T17:04:00Z,1.317606008195693e-06,0.002633556872267202,0.0026348744782753977,1
2023-03-24T17:03:55Z,2023-03-24T17:04:00Z,3.906426314487796e-05,0.002598473219363749,0.002637537482508627,1
2023-03-24T17:03:55Z,2023-03-24T17:04:00Z,7.945526005899298e-05,0.002561442355953958,0.002640897616012951,1
2023-03-24T17:03:55Z,2023-03-24T17:04:00Z,0.000123029107084947,0.002520381172361325,0.002643410279446272,1
2023-03-24T17:03:55Z,2023-03-24T17:04:00Z,0.00013225122453589758,0.0025026694518494002,0.002634920676385298,1
2023-03-24T17:03:55Z,2023-03-24T17:04:00Z,8.181500377087581e-05,0.0025307885002743094,0.002612603504045185,1
2023-03-24T17:03:55Z,2023-03-24T17:04:00Z,8.392283697519201e-05,0.002507677988086693,0.002591600825061885,1
2023-03-24T17:03:55Z,2023-03-24T17:04:00Z,8.96692277825256e-05,0.002483877727171399,0.0025735469549539244,1
2023-03-24T17:03:55Z,2023-03-24T17:04:00Z,9.65896599489694e-05,0.002454123134359122,0.002550712794308091,1
2023-03-24T17:03:55Z,2023-03-24T17:04:00Z,7.092751424898815e-05,0.0024584025450454165,0.0025293300592944047,1
2023-03-24T17:03:55Z,2023-03-24T17:04:00Z,3.7657318499167546e-05,0.00247105130008029,0.0025087086185794577,1
2023-03-24T17:03:55Z,2023-03-24T17:04:00Z,1.815981036329753e-05,0.002475828835229226,0.0024939886455925234,1
2023-03-24T17:03:55Z,2023-03-24T17:04:00Z,1.631351415388874e-05,0.0025032550351348362,0.0024869415209809475,1
2023-03-24T17:04:55Z,2023-03-24T17:05:00Z,7.680935385936472e-05,0.00255991650103743,0.0024831071471780653,1
2023-03-24T17:04:55Z,2023-03-24T17:05:00Z,6.262306277983031e-05,0.002541796857795114,0.0024791737950152835,1
2023-03-24T17:04:55Z,2023-03-24T17:05:00Z,5.76625152317687e-05,0.0025442989549542996,0.002486636439722531,1
2023-03-24T17:04:55Z,2023-03-24T17:05:00Z,0.00010021412255705516,0.0025951247237972603,0.002494910601240205,1
2023-03-24T17:04:55Z,2023-03-24T17:05:00Z,5.4427588302987176e-05,0.0025622204496282175,0.0025077928613252303,1
2023-03-24T17:04:55Z,2023-03-24T17:05:00Z,5.96044845217877e-06,0.0025213641526947435,0.0025273246011469222,1
2023-03-24T17:04:55Z,2023-03-24T17:05:00Z,1.0921921159347692e-05,0.0025294268442087073,0.002540348765368055,1
2023-03-24T17:04:55Z,2023-03-24T17:05:00Z,3.5628547571484905e-05,0.0025112252631487864,0.0025468538107202713,1
2023-03-24T17:04:55Z,2023-03-24T17:05:00Z,5.737182402091364e-05,0.002493220816567054,0.0025505926405879676,1
2023-03-24T17:04:55Z,2023-03-24T17:05:00Z,8.228469064789322e-05,0.0024613520588131254,0.0025436367494610186,1
2023-03-24T17:04:55Z,2023-03-24T17:05:00Z,9.699697212099375e-05,0.0024397003428788732,0.002536697314999867,1
2023-03-24T17:05:55Z,2023-03-24T17:06:00Z,0.0001223504783308283,0.0024024972800774425,0.002524847758408271,1
2023-03-24T17:05:55Z,2023-03-24T17:06:00Z,0.00013759502285659933,0.00236504925256333,0.0025026442754199295,1
2023-03-24T17:05:55Z,2023-03-24T17:06:00Z,0.00012312345189638635,0.0023567032278734327,0.002479826679769819,1
2023-03-24T17:05:55Z,2023-03-24T17:06:00Z,0.00011348221676307302,0.0023440137629879725,0.0024574959797510456,1
2023-03-24T17:05:55Z,2023-03-24T17:06:00Z,0.00013325639496356532,0.00229956478245387,0.0024328211774174353,1
2023-03-24T17:05:55Z,2023-03-24T17:06:00Z,9.547533974780522e-05,0.0023134584805037995,0.0024089338202516047,1
2023-03-24T17:05:55Z,2023-03-24T17:06:00Z,2.748186036453373e-05,0.002353786812156616,0.0023812686725211496,1
2023-03-24T17:05:55Z,2023-03-24T17:06:00Z,1.8317541547728002e-06,0.0023583092643221872,0.00236014101847696,1
2023-03-24T17:05:55Z,2023-03-24T17:06:00Z,2.9367294550650125e-05,0.0023772349514958593,0.002347867656945209,1
2023-03-24T17:05:55Z,2023-03-24T17:06:00Z,4.293114890529604e-05,0.002384486232171183,0.0023415550832658867,1
2023-03-24T17:05:55Z,2023-03-24T17:06:00Z,8.473081547628793e-05,0.002428026712875393,0.002343295897399105,1
2023-03-24T17:05:55Z,2023-03-24T17:06:00Z,8.600970205821946e-05,0.002433274600071289,0.0023472648980130697,1
2023-03-24T17:05:55Z,2023-03-24T17:06:00Z,0.00013950487707060184,0.0024987716250675887,0.002359266747996987,1
2023-03-24T17:06:55Z,2023-03-24T17:07:00Z,0.00019838154842531262,0.002576749698939074,0.0023783681505137612,1
2023-03-24T17:06:55Z,2023-03-24T17:07:00Z,0.00015124915965572007,0.002556090616535737,0.002404841456880017,1
2023-03-24T17:06:55Z,2023-03-24T17:07:00Z,0.00013169597592391225,0.0025683892737728515,0.0024366932978489393,1
2023-03-24T17:06:55Z,2023-03-24T17:07:00Z,9.36901761491929e-05,0.002558637952885782,0.002464947776736589,1
2023-03-24T17:06:55Z,2023-03-24T17:07:00Z,2.6487765273232756e-05,0.002518743302335106,0.0024922555370618734,1
2023-03-24T17:06:55Z,2023-03-24T17:07:00Z,2.8921706933046718e-05,0.00248821264737377,0.002517134354306817,1
2023-03-24T17:06:55Z,2023-03-24T17:07:00Z,6.169502948801626e-05,0.002468398837598759,0.0025300938670867754,1
2023-03-24T17:06:55Z,2023-03-24T17:07:00Z,4.9071623316076195e-05,0.002488870536242482,0.0025379421595585583,1
2023-03-24T17:06:55Z,2023-03-24T17:07:00Z,2.6376486414248987e-05,0.002507226703505905,0.002533603189920154,1
2023-03-24T17:06:55Z,2023-03-24T17:07:00Z,1.7188883843653226e-05,0.0025382379076642945,0.0025210490238206412,1
2023-03-24T17:06:55Z,2023-03-24T17:07:00Z,4.642895353613313e-06,0.0025094255694627665,0.0025140684648163798,1
2023-03-24T17:07:55Z,2023-03-24T17:08:00Z,8.685244794664343e-05,0.0024229086788542277,0.002509761126800871,1
2023-03-24T17:07:55Z,2023-03-24T17:08:00Z,0.0001553760043010847,0.002347354782010784,0.002502730786311869,1
2023-03-24T17:07:55Z,2023-03-24T17:08:00Z,0.00011828202120050743,0.002370758104614093,0.0024890401258146006,1
2023-03-24T17:07:55Z,2023-03-24T17:08:00Z,6.545181663841033e-05,0.002403465756981478,0.0024689175736198883,1
2023-03-24T17:07:55Z,2023-03-24T17:08:00Z,4.5489551550373635e-05,0.002409479345928848,0.0024549688974792217,1
2023-03-24T17:07:55Z,2023-03-24T17:08:00Z,3.454985557910413e-06,0.0024393132291697394,0.00244276821472765,1
2023-03-24T17:07:55Z,2023-03-24T17:08:00Z,2.0635661938816444e-05,0.002449439968441172,0.0024288043065023557,1
2023-03-24T17:07:55Z,2023-03-24T17:08:00Z,1.923528087277495e-06,0.0024165957376618397,0.0024146722095745622,1
2023-03-24T17:07:55Z,2023-03-24T17:08:00Z,3.635721796114294e-06,0.002409738559796163,0.0024061028380000485,1
2023-03-24T17:07:55Z,2023-03-24T17:08:00Z,2.9042735301527088e-05,0.0024342437245598062,0.002405200989258279,1
2023-03-24T17:07:55Z,2023-03-24T17:08:00Z,1.0455186108758972e-05,0.0024245681436220923,0.0024141129575133333,1
2023-03-24T17:07:55Z,2023-03-24T17:08:00Z,5.741796919260349e-05,0.0024806003009838957,0.002423182331791292,1
2023-03-24T17:07:55Z,2023-03-24T17:08:00Z,0.00013444002894445056,0.002560636987398688,0.0024261969584542372,1
2023-03-24T17:08:55Z,2023-03-24T17:09:00Z,0.00016599176648266455,0.0026023488613733372,0.0024363570948906727,0
2023-03-24T17:08:55Z,2023-03-24T17:09:00Z,0.00025582102801951535,0.002709510088371466,0.0024536890603519507,0
2023-03-24T17:08:55Z,2023-03-24T17:09:00Z,0.0003480921123950264,0.0028236253003087156,0.002475533187913689,0
2023-03-24T17:08:55Z,2023-03-24T17:09:00Z,0.0003822419234450658,0.0028996200186029867,0.002517378095157921,0
2023-03-24T17:08:55Z,2023-03-24T17:09:00Z,0.0004229582271367098,0.0029994629995107104,0.0025765047723740006,0
2023-03-24T17:08:55Z,2023-03-24T17:09:00Z,0.0004931892532643745,0.003136176353358829,0.0026429871000944543,0
2023-03-24T17:08:55Z,2023-03-24T17:09:00Z,0.000511931484992408,0.0032370464216423794,0.0027251149366499714,0
2023-03-24T17:08:55Z,2023-03-24T17:09:00Z,0.0004882220889281673,0.0033069907473459864,0.002818768658417819,0
2023-03-24T17:08:55Z,2023-03-24T17:09:00Z,0.00042978422391506954,0.0033451828015105584,0.002915398577595489,0
2023-03-24T17:08:55Z,2023-03-24T17:09:00Z,0.0003682998177855384,0.003384361521948549,0.0030160617041630105,0
2023-03-24T17:08:55Z,2023-03-24T17:09:00Z,0.0003041599370622603,0.00341103202881657,0.0031068720917543096,0
2023-03-24T17:08:55Z,2023-03-24T17:09:00Z,0.000235245000967884,0.0034222222672421697,0.0031869772662742857,0
2023-03-24T17:09:55Z,2023-03-24T17:10:00Z,0.00016488315860829208,0.0034249192834845178,0.0032600361248762257,0
2023-03-24T17:09:55Z,2023-03-24T17:10:00Z,0.00010870772184447134,0.003429138027825191,0.0033204303059807196,0
2023-03-24T17:09:55Z,2023-03-24T17:10:00Z,5.4884448530195026e-05,0.003416563744528871,0.003361679295998676,0
2023-03-24T17:09:55Z,2023-03-24T17:10:00Z,1.2756920927810625e-05,0.0033763640330969815,0.003389120954024792,0
2023-03-24T17:09:55Z,2023-03-24T17:10:00Z,4.261606079774237e-06,0.003409035845416407,0.0034047742393366327,0
2023-03-24T17:09:55Z,2023-03-24T17:10:00Z,6.262681621556441e-06,0.0034029660193702787,0.003409228700991835,0
2023-03-24T17:09:55Z,2023-03-24T17:10:00Z,4.305400244032729e-05,0.003455807606784714,0.0034127536043443867,0
2023-03-24T17:09:55Z,2023-03-24T17:10:00Z,9.099335834087275e-05,0.003502594675621504,0.0034116013172806312,0
2023-03-24T17:09:55Z,2023-03-24T17:10:00Z,5.2286710923711305e-05,0.0034686859338532777,0.0034163992229295664,0
2023-03-24T17:09:55Z,2023-03-24T17:10:00Z,1.724428370829126e-05,0.003410251423812273,0.0034274957075205643,0
2023-03-24T17:09:55Z,2023-03-24T17:10:00Z,4.929458536390629e-05,0.003383850823017813,0.0034331454083817194,0
2023-03-24T17:09:55Z,2023-03-24T17:10:00Z,1.293898917708496e-05,0.003419304659102263,0.003432243648279348,0
2023-03-24T17:10:55Z,2023-03-24T17:11:00Z,8.445025212834578e-06,0.0034248681644837753,0.00343331318969661,0
2023-03-24T17:10:55Z,2023-03-24T17:11:00Z,1.8591329150421856e-05,0.0034533714922307256,0.0034347801630803037,0
2023-03-24T17:10:55Z,2023-03-24T17:11:00Z,2.4770138767901597e-05,0.0034626791797215616,0.00343790904095366,0
2023-03-24T17:10:55Z,2023-03-24T17:11:00Z,2.1035598415937006e-05,0.0034585966230047415,0.0034375610245888045,0
2023-03-24T17:10:55Z,2023-03-24T17:11:00Z,2.0921272758054558e-05,0.003452780083646867,0.0034318588108888126,0
2023-03-24T17:10:55Z,2023-03-24T17:11:00Z,2.9286678599737496e-05,0.0034597041593673306,0.003430417480767593,0
2023-03-24T17:10:55Z,2023-03-24T17:11:00Z,1.02639545589262e-05,0.0034262290490421807,0.003436493003601107,0
2023-03-24T17:10:55Z,2023-03-24T17:11:00Z,5.04286864651351e-05,0.003396900508043045,0.0034473291945081802,0
2023-03-24T17:10:55Z,2023-03-24T17:11:00Z,5.162498384947379e-05,0.0033966934092215517,0.0034483183930710255,0
2023-03-24T17:10:55Z,2023-03-24T17:11:00Z,1.268418405504573e-05,0.0034316388295244473,0.003444323013579493,0
2023-03-24T17:10:55Z,2023-03-24T17:11:00Z,3.853114043768846e-05,0.0033976950041404944,0.003436226144578183,0
2023-03-24T17:10:55Z,2023-03-24T17:11:00Z,7.364441750119972e-05,0.0033581473913345383,0.003431791808835738,0
2023-03-24T17:11:55Z,2023-03-24T17:12:00Z,0.00010000831102367639,0.0033230832665457405,0.003423091577569417,0
2023-03-24T17:11:55Z,2023-03-24T17:12:00Z,2.9275285514746875e-05,0.003380297336010052,0.0034095726215247987,0
2023-03-24T17:11:55Z,2023-03-24T17:12:00Z,6.439619372062546e-05,0.0033256591574010886,0.003390055351121714,0
2023-03-24T17:11:55Z,2023-03-24T17:12:00Z,3.0444976753101708e-05,0.0033530487010783082,0.00338349367783141,0
2023-03-24T17:11:55Z,2023-03-24T17:12:00Z,4.8638276870414335e-05,0.0034219546188958305,0.003373316342025416,0
2023-03-24T17:11:55Z,2023-03-24T17:12:00Z,9.119206186886282e-05,0.003458273445588101,0.0033670813837192383,0
2023-03-24T17:11:55Z,2023-03-24T17:12:00Z,6.108856370933002e-05,0.0034267864887673376,0.0033656979250580076,0
2023-03-24T17:11:55Z,2023-03-24T17:12:00Z,5.4683023452506245e-05,0.0034290350115744575,0.0033743519881219513,0
2023-03-24T17:11:55Z,2023-03-24T17:12:00Z,3.7745557592501304e-05,0.0034219031310619955,0.003384157573469494,0
2023-03-24T17:11:55Z,2023-03-24T17:12:00Z,2.2778636922368787e-05,0.003376514900122656,0.0033992935370450246,0
2023-03-24T17:11:55Z,2023-03-24T17:12:00Z,3.314523774541238e-05,0.003372091984307033,0.003405237222052445,0
2023-03-24T17:12:55Z,2023-03-24T17:13:00Z,1.1469259212850032e-06,0.003411355402234241,0.003412502328155526,0
2023-03-24T17:12:55Z,2023-03-24T17:13:00Z,5.8030345056635756e-05,0.003473253142244838,0.003415222797188202,0
2023-03-24T17:12:55Z,2023-03-24T17:13:00Z,1.6345681559826013e-05,0.0034300543049392285,0.0034137086233794025,0
2023-03-24T17:12:55Z,2023-03-24T17:13:00Z,2.218020633746806e-05,0.0033936683737071827,0.0034158485800446507,0
2023-03-24T17:12:55Z,2023-03-24T17:13:00Z,8.999591202362659e-06,0.0034073158197239868,0.0034163154109263494,0
2023-03-24T17:12:55Z,2023-03-24T17:13:00Z,8.028529168835211e-05,0.0033309777423998154,0.0034112630340881675,0
2023-03-24T17:12:55Z,2023-03-24T17:13:00Z,4.656291850311167e-05,0.0033626162139653404,0.003409179132468452,0
2023-03-24T17:12:55Z,2023-03-24T17:13:00Z,3.5366134321948746e-05,0.0033673076899003833,0.003402673824222332,0
2023-03-24T17:12:55Z,2023-03-24T17:13:00Z,7.12684634508738e-05,0.0033300516792940734,0.003401320142744947,0
2023-03-24T17:12:55Z,2023-03-24T17:13:00Z,2.7196831369413147e-05,0.003367830781042126,0.003395027612411539,0
2023-03-24T17:12:55Z,2023-03-24T17:13:00Z,1.9293626646848215e-05,0.003393863887208278,0.00337457026056143,0
2023-03-24T17:12:55Z,2023-03-24T17:13:00Z,3.0327061361364038e-05,0.003396008247080351,0.0033656811857189868,0
2023-03-24T17:12:55Z,2023-03-24T17:13:00Z,2.7683006562423482e-05,0.00333802610965672,0.0033657091162191434,0
2023-03-24T17:13:55Z,2023-03-24T17:14:00Z,1.839381019923432e-05,0.003382487558897858,0.003364093748698624,0
2023-03-24T17:13:55Z,2023-03-24T17:14:00Z,1.5293338596083454e-05,0.0033803939969028365,0.003365100658306753,0
2023-03-24T17:13:55Z,2023-03-24T17:14:00Z,3.783234329429383e-06,0.0033717226561979703,0.003367939421868541,0
2023-03-24T17:13:55Z,2023-03-24T17:14:00Z,3.3967003456206006e-05,0.0033358418908412575,0.0033698088942974635,0
2023-03-24T17:13:55Z,2023-03-24T17:14:00Z,2.6436980895709616e-05,0.0033493249101023107,0.0033757618909980203,0
2023-03-24T17:13:55Z,2023-03-24T17:14:00Z,5.045180954523637e-05,0.003320740239995517,0.0033711920495407533,0
2023-03-24T17:13:55Z,2023-03-24T17:14:00Z,9.150723979241965e-05,0.003273322098733195,0.003364829338525615,0
2023-03-24T17:13:55Z,2023-03-24T17:14:00Z,7.83198654561979e-05,0.0032757569006287264,0.0033540767660849243,0
2023-03-24T17:13:55Z,2023-03-24T17:14:00Z,7.852739421484447e-05,0.0032663059417381477,0.003344833335952992,0
2023-03-24T17:13:55Z,2023-03-24T17:14:00Z,0.00011570214918032225,0.003213883949877079,0.0033295860990574014,0
2023-03-24T17:13:55Z,2023-03-24T17:14:00Z,0.00010149675064663509,0.0032117910548158106,0.0033132878054624457,0
2023-03-24T17:13:55Z,2023-03-24T17:14:00Z,0.00016804425283733094,0.003122695166007845,0.003290739418845176,0
2023-03-24T17:14:55Z,2023-03-24T17:15:00Z,0.0002772738148163023,0.0029957440560252385,0.003273017870841541,0
2023-03-24T17:14:55Z,2023-03-24T17:15:00Z,0.00023351932044688318,0.003007122872666877,0.00324064219311376,0
2023-03-24T17:14:55Z,2023-03-24T17:15:00Z,0.00018148611905166546,0.0030127280477806264,0.003194214166832292,0
2023-03-24T17:14:55Z,2023-03-24T17:15:00Z,0.00016705929189558735,0.002989126414070087,0.0031561857059656745,0
2023-03-24T17:14:55Z,2023-03-24T17:15:00Z,0.00010542095477156233,0.003013189200787241,0.003118610155558803,0
2023-03-24T17:14:55Z,2023-03-24T17:15:00Z,6.939774234456094e-05,0.0030096153378330907,0.0030790130801776516,0
2023-03-24T17:14:55Z,2023-03-24T17:15:00Z,6.520562150819087e-05,0.0029851367802280556,0.0030503424017362464,0
2023-03-24T17:14:55Z,2023-03-24T17:15:00Z,5.615297977210184e-05,0.002965307176680899,0.003021460156453001,0
2023-03-24T17:14:55Z,2023-03-24T17:15:00Z,7.22444487534675e-05,0.0029295645097309917,0.0030018089584844592,0
2023-03-24T17:14:55Z,2023-03-24T17:15:00Z,4.524832039778243e-05,0.002952212512466057,0.0029974608328638395,0
2023-03-24T17:14:55Z,2023-03-24T17:15:00Z,4.736011108614829e-05,0.0029390209556439933,0.0029863810667301416,0
2023-03-24T17:15:55Z,2023-03-24T17:16:00Z,7.495786588221321e-05,0.003052693856138845,0.002977735990256632,0
2023-03-24T17:15:55Z,2023-03-24T17:16:00Z,7.177373018201491e-05,0.0030423517978063483,0.0029705780676243334,0
2023-03-24T17:15:55Z,2023-03-24T17:16:00Z,1.8952573400473835e-05,0.002995174163217893,0.002976221589817419,0
2023-03-24T17:15:55Z,2023-03-24T17:16:00Z,6.1992191909394055e-06,0.0029746990077655164,0.002980898226956456,0
2023-03-24T17:15:55Z,2023-03-24T17:16:00Z,2.067895664000039e-05,0.002961653182172146,0.0029823321388121465,0
2023-03-24T17:15:55Z,2023-03-24T17:16:00Z,4.689771572015866e-05,0.002936776113246934,0.0029836738289670925,0
2023-03-24T17:15:55Z,2023-03-24T17:16:00Z,5.66582060298128e-05,0.002931599719000301,0.002988257925030114,0
2023-03-24T17:15:55Z,2023-03-24T17:16:00Z,9.644870123033536e-05,0.0028896040239113326,0.002986052725141668,0
2023-03-24T17:15:55Z,2023-03-24T17:16:00Z,7.97440478011069e-05,0.0029052485006771764,0.0029849925484782833,0
2023-03-24T17:15:55Z,2023-03-24T17:16:00Z,7.963287216706302e-05,0.002882061128850147,0.00296169400101721,0
2023-03-24T17:15:55Z,2023-03-24T17:16:00Z,2.696959149080507e-05,0.0029151382242222374,0.0029421078157130425,0
2023-03-24T17:15:55Z,2023-03-24T17:16:00Z,6.604583247579905e-06,0.0029193442275557845,0.0029259488108033644,0
2023-03-24T17:15:55Z,2023-03-24T17:16:00Z,6.153306042291397e-06,0.0029112868213977475,0.002917440127440039,0
2023-03-24T17:16:55Z,2023-03-24T17:17:00Z,1.5846289170466134e-05,0.0028955497018958065,0.0029113959910662727,0
2023-03-24T17:16:55Z,2023-03-24T17:17:00Z,2.4820269134216266e-05,0.002932574932793463,0.0029077546636592467,0
2023-03-24T17:16:55Z,2023-03-24T17:17:00Z,6.869806659319999e-05,0.0029713027278089475,0.0029026046612157476,0
2023-03-24T17:16:55Z,2023-03-24T17:17:00Z,5.97394496090419e-05,0.0029684828120936655,0.0029087433624846236,0
2023-03-24T17:16:55Z,2023-03-24T17:17:00Z,9.090894287847344e-05,0.003009088623524778,0.0029181796806463044,0
2023-03-24T17:16:55Z,2023-03-24T17:17:00Z,9.196564620877166e-05,0.00302249128160415,0.0029305256353953785,0
2023-03-24T17:16:55Z,2023-03-24T17:17:00Z,7.876957022917141e-05,0.0030227166912391986,0.0029439471210100272,0
2023-03-24T17:16:55Z,2023-03-24T17:17:00Z,6.867365457954204e-05,0.0030273560690250497,0.0029586824144455077,0
2023-03-24T17:16:55Z,2023-03-24T17:17:00Z,5.752131749687476e-05,0.0030321222847768756,0.002974600967280001,0
2023-03-24T17:16:55Z,2023-03-24T17:17:00Z,4.255305824489965e-05,0.0030359835065433636,0.002993430448298464,0
2023-03-24T17:16:55Z,2023-03-24T17:17:00Z,3.429337423987945e-05,0.003041944872821688,0.0030076514985818087,0
2023-03-24T17:16:55Z,2023-03-24T17:17:00Z,7.982687840321244e-05,0.003096718488232796,0.0030168916098295834,0
2023-03-24T17:17:55Z,2023-03-24T17:18:00Z,8.68248127819612e-05,0.0031142110027155474,0.003027386189933586,0
2023-03-24T17:17:55Z,2023-03-24T17:18:00Z,0.00012763641427230264,0.0031675411563070344,0.003039904742034732,0
2023-03-24T17:17:55Z,2023-03-24T17:18:00Z,0.00018959760642882004,0.0032426051657651798,0.0030530075593363597,0
2023-03-24T17:17:55Z,2023-03-24T17:18:00Z,0.00021692691167795458,0.00329062368030972,0.0030736967686317653,0
2023-03-24T17:17:55Z,2023-03-24T17:18:00Z,0.00023783252287674526,0.003342279162471386,0.0031044466395946406,0
2023-03-24T17:17:55Z,2023-03-24T17:18:00Z,0.00020734535871200915,0.0033487207690970563,0.003141375410385047,0
2023-03-24T17:17:55Z,2023-03-24T17:18:00Z,0.0001717985907736413,0.00335693052343412,0.0031851319326604787,0
2023-03-24T17:17:55Z,2023-03-24T17:18:00Z,3.642299770482754e-05,0.003265380058404645,0.0032289570606998173,0
2023-03-24T17:17:55Z,2023-03-24T17:18:00Z,5.6176152844798245e-05,0.0032099540557409224,0.0032661302085857206,0
2023-03-24T17:17:55Z,2023-03-24T17:18:00Z,0.00014864375666372599,0.0031390820313061513,0.0032877257879698773,0
2023-03-24T17:17:55Z,2023-03-24T17:18:00Z,0.00041236027777368824,0.0028814244958296014,0.0032937847736032896,0
2023-03-24T17:17:55Z,2023-03-24T17:18:00Z,0.0006480069588737192,0.0026309887955211376,0.0032789957543948567,0
2023-03-24T17:18:55Z,2023-03-24T17:19:00Z,0.0007787393024887078,0.0024417994255518465,0.0032205387280405543,0
2023-03-24T17:18:55Z,2023-03-24T17:19:00Z,0.0007181037533285392,0.0024008220651476936,0.003118925818476233,0
2023-03-24T17:18:55Z,2023-03-24T17:19:00Z,0.0007137193798017519,0.002275646246739452,0.002989365626541204,0
2023-03-24T17:18:55Z,2023-03-24T17:19:00Z,0.0007189416748423993,0.0021338370290864576,0.002852778703928857,0
2023-03-24T17:18:55Z,2023-03-24T17:19:00Z,0.0006079178262852268,0.002103470333120031,0.002711388159405258,0
2023-03-24T17:18:55Z,2023-03-24T17:19:00Z,0.0004855390685654503,0.002072118087032027,0.0025576571555974772,0
2023-03-24T17:18:55Z,2023-03-24T17:19:00Z,0.0003636991561677917,0.0020460134711173827,0.0024097126272851744,0
2023-03-24T17:18:55Z,2023-03-24T17:19:00Z,0.000301329934195336,0.001992767491833042,0.002294097426028378,0
2023-03-24T17:18:55Z,2023-03-24T17:19:00Z,0.00026155092974993865,0.0019489785927921887,0.0022105295225421273,0
2023-03-24T17:18:55Z,2023-03-24T17:19:00Z,0.00027752235663080853,0.0018688597468086321,0.0021463821034394407,0
2023-03-24T17:18:55Z,2023-03-24T17:19:00Z,9.765660546064408e-05,0.001984176430499439,0.002081833035960083,0
2023-03-24T17:18:55Z,2023-03-24T17:19:00Z,3.565562995451292e-05,0.002059376308781622,0.0020237206788271092,0
2023-03-24T17:19:55Z,2023-03-24T17:20:00Z,0.0001461146018901802,0.002148455195204858,0.002002340593314678,0
2023-03-24T17:19:55Z,2023-03-24T17:20:00Z,0.00015406066050719074,0.00215010210748781,0.0019960414469806192,0
2023-03-24T17:19:55Z,2023-03-24T17:20:00Z,0.00023519312446231488,0.0022421398726104815,0.0020069467481481666,0
2023-03-24T17:19:55Z,2023-03-24T17:20:00Z,0.0003913028927813632,0.0024131194461253047,0.0020218165533439415,0
2023-03-24T17:19:55Z,2023-03-24T17:20:00Z,0.00039714160931684454,0.0024545827884861347,0.00205744117916929,0
2023-03-24T17:19:55Z,2023-03-24T17:20:00Z,0.00043553559250185826,0.0025592826078615935,0.0021237470153597352,0
2023-03-24T17:19:55Z,2023-03-24T17:20:00Z,0.0003885420743954585,0.002595963809994837,0.0022074217355993785,0
2023-03-24T17:19:55Z,2023-03-24T17:20:00Z,0.0005428044549051756,0.0028323842158420043,0.0022895797609368287,0
2023-03-24T17:19:55Z,2023-03-24T17:20:00Z,0.0006406773482811497,0.0030069124665341525,0.002366235118253003,0
2023-03-24T17:19:55Z,2023-03-24T17:20:00Z,0.0007211762556326058,0.003185115519690915,0.002463939264058309,0
2023-03-24T17:19:55Z,2023-03-24T17:20:00Z,0.0006528454953170395,0.0032391862392391123,0.0025863407439220727,0
2023-03-24T17:19:55Z,2023-03-24T17:20:00Z,0.0005333572494170638,0.0032544088000649126,0.002721051550647849,0
2023-03-24T17:20:55Z,2023-03-24T17:21:00Z,0.00044051508035550984,0.00327957617287676,0.00283906109252125,0
2023-03-24T17:20:55Z,2023-03-24T17:21:00Z,0.00033646138968318603,0.0032897833410014043,0.0029533219513182183,0
2023-03-24T17:20:55Z,2023-03-24T17:21:00Z,0.00025057193354032425,0.003306792965574995,0.003056221032034671,0
2023-03-24T17:20:55Z,2023-03-24T17:21:00Z,9.409310511319241e-05,0.0032494312130059437,0.0031553381078927513,0
2023-03-24T17:20:55Z,2023-03-24T17:21:00Z,4.19734089154725e-05,0.0032650841953415087,0.0032231107864260362,0
2023-03-24T17:20:55Z,2023-03-24T17:21:00Z,2.753840280915465e-05,0.003285294724445446,0.0032577563216362915,0
2023-03-24T17:20:55Z,2023-03-24T17:21:00Z,3.1887200251448644e-06,0.0032723691381829497,0.003269180418157805,0
2023-03-24T17:20:55Z,2023-03-24T17:21:00Z,4.877443095729645e-05,0.003226992913658556,0.0032757673446158525,0
2023-03-24T17:20:55Z,2023-03-24T17:21:00Z,0.0001350276605351984,0.003143305446668945,0.0032783331072041436,0
2023-03-24T17:20:55Z,2023-03-24T17:21:00Z,0.00012872646301336724,0.0031420947500167473,0.0032708212130301145,0
2023-03-24T17:20:55Z,2023-03-24T17:21:00Z,0.00015454281110219032,0.003095352988451859,0.0032498957995540493,0
2023-03-24T17:20:55Z,2023-03-24T17:21:00Z,0.00011838684749870213,0.0031079806355470262,0.0032263674830457284,0
2023-03-24T17:21:55Z,2023-03-24T17:22:00Z,0.00011759574525137305,0.003086760562858057,0.00320435630810943,0
2023-03-24T17:21:55Z,2023-03-24T17:22:00Z,0.0001494259203395766,0.003032487022084928,0.0031819129424245046,0
2023-03-24T17:21:55Z,2023-03-24T17:22:00Z,0.00016764285743648593,0.0029859080619041053,0.0031535509193405913,0
2023-03-24T17:21:55Z,2023-03-24T17:22:00Z,0.00016740226580198598,0.0029518797798103167,0.0031192820456123027,0
2023-03-24T17:21:55Z,2023-03-24T17:22:00Z,0.00014632541904936128,0.0029385159334551626,0.003084841352504524,0
2023-03-24T17:21:55Z,2023-03-24T17:22:00Z,0.00010159213718127606,0.002955902691486301,0.0030574948286675773,0
2023-03-24T17:21:55Z,2023-03-24T17:22:00Z,5.0658526938128414e-05,0.0029777536136492227,0.003028412140587351,0
2023-03-24T17:21:55Z,2023-03-24T17:22:00Z,5.139582957877425e-05,0.003059886499171045,0.003008490669592271,0
2023-03-24T17:21:55Z,2023-03-24T17:22:00Z,9.505700988875513e-05,0.003084943819209911,0.002989886809321156,0
2023-03-24T17:21:55Z,2023-03-24T17:22:00Z,4.259513795241542e-06,0.0029903071711611102,0.0029860476573658687,0
2023-03-24T17:21:55Z,2023-03-24T17:22:00Z,5.026250710691953e-05,0.0030438039926335,0.0029935414855265805,0
2023-03-24T17:21:55Z,2023-03-24T17:22:00Z,3.7852038449741766e-05,0.0030320219681558946,0.002994169929706153,0
2023-03-24T17:22:55Z,2023-03-24T17:23:00Z,7.95409210332422e-06,0.0030152560522127892,0.003007301960109465,0
2023-03-24T17:22:55Z,2023-03-24T17:23:00Z,6.938784870597937e-06,0.0030137211801961146,0.0030206599650667125,0
2023-03-24T17:22:55Z,2023-03-24T17:23:00Z,1.0721643597326469e-05,0.0030184173730017417,0.003029139016599068,0
2023-03-24T17:22:55Z,2023-03-24T17:23:00Z,1.4706900265436598e-06,0.0030357479304180244,0.0030342772403914807,0
2023-03-24T17:22:55Z,2023-03-24T17:23:00Z,0.00020825938255144508,0.002820093696958707,0.003028353079510152,0
2023-03-24T17:22:55Z,2023-03-24T17:23:00Z,0.00025340234748937474,0.0027679227479076507,0.0030213250953970254,0
2023-03-24T17:22:55Z,2023-03-24T17:23:00Z,0.00019444193982288624,0.0028025669449737957,0.002997008884796682,0
2023-03-24T17:22:55Z,2023-03-24T17:23:00Z,0.00014891367794757793,0.002808683600459697,0.002957597278407275,0
2023-03-24T17:22:55Z,2023-03-24T17:23:00Z,7.842333770424195e-05,0.0028463946516770187,0.0029248179893812606,0
2023-03-24T17:22:55Z,2023-03-24T17:23:00Z,0.0001283860465190875,0.003023693685649906,0.0028953076391308183,0
2023-03-24T17:22:55Z,2023-03-24T17:23:00Z,0.00012938701231998999,0.0030007908616623666,0.0028714038493423766,0
2023-03-24T17:23:55Z,2023-03-24T17:24:00Z,8.989419931708289e-05,0.0029620518076091972,0.0028721576082921143,0
2023-03-24T17:23:55Z,2023-03-24T17:24:00Z,7.984203857584662e-05,0.0029470057799028666,0.00286716374132702,0
2023-03-24T17:23:55Z,2023-03-24T17:24:00Z,4.3155769583749174e-05,0.002930599241003697,0.0028874434714199477,0
2023-03-24T17:23:55Z,2023-03-24T17:24:00Z,5.2341066488345665e-05,0.002860685695216633,0.0029130267617049786,0
2023-03-24T17:23:55Z,2023-03-24T17:24:00Z,2.8330427157355082e-05,0.0029029866625518946,0.0029313170897092497,0
2023-03-24T17:23:55Z,2023-03-24T17:24:00Z,5.499683508855633e-05,0.0029937427954773686,0.0029387459603888123,0
2023-03-24T17:23:55Z,2023-03-24T17:24:00Z,7.712086666597506e-05,0.0030239514000369124,0.0029468305333709374,0
2023-03-24T17:23:55Z,2023-03-24T17:24:00Z,4.7320835748695944e-05,0.0029898726705235566,0.0029425518347748606,0
2023-03-24T17:23:55Z,2023-03-24T17:24:00Z,7.537658364919651e-05,0.003021237066763278,0.0029458604831140815,0
2023-03-24T17:23:55Z,2023-03-24T17:24:00Z,8.694746898725309e-05,0.0030367823610891,0.002949834892101847,0
2023-03-24T17:23:55Z,2023-03-24T17:24:00Z,0.0001077552025384146,0.003068194564191749,0.0029604393616533345,0
2023-03-24T17:23:55Z,2023-03-24T17:24:00Z,0.0001808361924974613,0.0031564445713058533,0.002975608378808392,0
2023-03-24T17:23:55Z,2023-03-24T17:24:00Z,0.00015850419907308946,0.0031637567020207837,0.0030052525029476943,0
2023-03-24T17:24:55Z,2023-03-24T17:25:00Z,0.00015192082335976085,0.0031933815989865924,0.0030414607756268316,0
2023-03-24T17:24:55Z,2023-03-24T17:25:00Z,0.000184127131731349,0.003249875608292954,0.003065748476561605,0
2023-03-24T17:24:55Z,2023-03-24T17:25:00Z,0.00021461303958925136,0.003304565830286524,0.003089952790697273,0
2023-03-24T17:24:55Z,2023-03-24T17:25:00Z,0.00017703572795358443,0.0033041317954750574,0.003127096067521473,0
2023-03-24T17:24:55Z,2023-03-24T17:25:00Z,0.00016745018041771417,0.003335021785585365,0.003167571605167651,0
2023-03-24T17:24:55Z,2023-03-24T17:25:00Z,0.0001304304265691272,0.0033361948080776285,0.0032057643815085013,0
2023-03-24T17:24:55Z,2023-03-24T17:25:00Z,7.161400110740519e-05,0.003315496557100709,0.003243882555993304,0
2023-03-24T17:24:55Z,2023-03-24T17:25:00Z,5.457922097491319e-05,0.0033241403822213285,0.0032695611612464153,0
2023-03-24T17:24:55Z,2023-03-24T17:25:00Z,3.15516674754099e-05,0.0033227899508761006,0.0032912382834006907,0
2023-03-24T17:24:55Z,2023-03-24T17:25:00Z,5.343084072287601e-05,0.003363348950299957,0.003309918109577081,0
2023-03-24T17:24:55Z,2023-03-24T17:25:00Z,6.147125458208025e-05,0.003381805698813896,0.0033203344442318157,0
2023-03-24T17:24:55Z,2023-03-24T17:25:00Z,6.795237715037953e-05,0.0033966844099555427,0.003328732032805163,0
2023-03-24T17:25:55Z,2023-03-24T17:26:00Z,3.838665737667963e-05,0.0033782149620873916,0.003339828304710712,0
2023-03-24T17:25:55Z,2023-03-24T17:26:00Z,4.454238074158307e-05,0.0033931796317908922,0.003348637251049309,0
2023-03-24T17:25:55Z,2023-03-24T17:26:00Z,7.528616911865044e-06,0.0033621687471054253,0.0033546401301935602,0
2023-03-24T17:25:55Z,2023-03-24T17:26:00Z,3.25029021210105e-05,0.003333234810171148,0.0033657377122921586,0
2023-03-24T17:25:55Z,2023-03-24T17:26:00Z,1.5136274771881258e-05,0.0033560340610751483,0.0033711703358470296,0
2023-03-24T17:25:55Z,2023-03-24T17:26:00Z,3.179317674550236e-05,0.0033408692818579617,0.003372662458603464,0
2023-03-24T17:25:55Z,2023-03-24T17:26:00Z,3.025687414232297e-05,0.0033413606002861695,0.0033716174744284925,0
2023-03-24T17:25:55Z,2023-03-24T17:26:00Z,6.377131842184294e-05,0.003301998096441516,0.0033657694148633587,0
2023-03-24T17:25:55Z,2023-03-24T17:26:00Z,4.794336925705847e-05,0.0033099226442249606,0.003357866013482019,0
2023-03-24T17:25:55Z,2023-03-24T17:26:00Z,3.126257581939759e-05,0.0033157153139989253,0.003346977889818323,0
2023-03-24T17:25:55Z,2023-03-24T17:26:00Z,6.065766086635728e-05,0.0032744263735854044,0.0033350840344517616,0
2023-03-24T17:25:55Z,2023-03-24T17:26:00Z,8.34271343942033e-05,0.003245020695328058,0.0033284478297222614,0
2023-03-24T17:26:55Z,2023-03-24T17:27:00Z,0.00010558184339020879,0.0032144647811055173,0.003320046624495726,0
2023-03-24T17:26:55Z,2023-03-24T17:27:00Z,0.00012072427373037344,0.0031834632985157686,0.003304187572246142,0
2023-03-24T17:26:55Z,2023-03-24T17:27:00Z,5.299763347873295e-05,0.003233132152945631,0.003286129786424364,0
2023-03-24T17:26:55Z,2023-03-24T17:27:00Z,6.89948133709233e-05,0.0031945782156576697,0.003263573029028593,0
2023-03-24T17:26:55Z,2023-03-24T17:27:00Z,8.897613501382927e-05,0.00316475890208678,0.0032537350371006093,0
2023-03-24T17:26:55Z,2023-03-24T17:27:00Z,0.00011636174056494242,0.0031208955210260537,0.003237257261590996,0
2023-03-24T17:26:55Z,2023-03-24T17:27:00Z,0.00010875451817561697,0.0031069375417136446,0.0032156920598892615,0
2023-03-24T17:26:55Z,2023-03-24T17:27:00Z,5.103716926236875e-05,0.0031427219116898428,0.0031937590809522115,0
2023-03-24T17:26:55Z,2023-03-24T17:27:00Z,5.312579649496352e-05,0.0031209071196551886,0.003174032916150152,0
2023-03-24T17:26:55Z,2023-03-24T17:27:00Z,6.127470560429987e-05,0.003102509229200756,0.0031637839348050557,0
2023-03-24T17:26:55Z,2023-03-24T17:27:00Z,0.00010069595370009073,0.003054151384124882,0.0031548473378249725,0
2023-03-24T17:26:55Z,2023-03-24T17:27:00Z,0.00011485541371649257,0.0030213315064306413,0.003136186920147134,0
2023-03-24T17:27:55Z,2023-03-24T17:28:00Z,5.520979688372011e-05,0.003060916147330158,0.003116125944213878,0
2023-03-24T17:27:55Z,2023-03-24T17:28:00Z,4.892590085217932e-05,0.003046710415410822,0.003095636316263001,0
2023-03-24T17:27:55Z,2023-03-24T17:28:00Z,4.060114619329437e-05,0.003046466688113151,0.0030870678343064453,0
2023-03-24T17:27:55Z,2023-03-24T17:28:00Z,6.409979730149888e-05,0.003014364161818828,0.003078463959120327,0
2023-03-24T17:27:55Z,2023-03-24T17:28:00Z,9.93645460529817e-06,0.003054776758289787,0.003064713212895085,0
2023-03-24T17:27:55Z,2023-03-24T17:28:00Z,4.470708569681396e-05,0.00300478570465022,0.003049492790347034,0
2023-03-24T17:27:55Z,2023-03-24T17:28:00Z,4.1078466217185465e-05,0.0030837523321483665,0.003042673865931181,0
2023-03-24T17:27:55Z,2023-03-24T17:28:00Z,6.391150972036904e-05,0.003099533135726598,0.003035621626006229,0
2023-03-24T17:27:55Z,2023-03-24T17:28:00Z,8.399048852939439e-05,0.003128529375352442,0.0030445388868230476,0
2023-03-24T17:27:55Z,2023-03-24T17:28:00Z,9.579474633694988e-05,0.00314585034578806,0.00305005559945111,0
2023-03-24T17:27:55Z,2023-03-24T17:28:00Z,0.0001000558975094313,0.0031617999198093444,0.003061744022299913,0
2023-03-24T17:28:55Z,2023-03-24T17:29:00Z,0.00011363894367777709,0.00318958063135982,0.003075941687682043,0
2023-03-24T17:28:55Z,2023-03-24T17:29:00Z,0.00011729151678341538,0.0032142954556069604,0.003097003938823545,0
2023-03-24T17:28:55Z,2023-03-24T17:29:00Z,0.00011447885266995016,0.003230740487646357,0.003116261634976407,0
2023-03-24T17:28:55Z,2023-03-24T17:29:00Z,0.00011514013505275816,0.003261331734451557,0.003146191599398799,0
2023-03-24T17:28:55Z,2023-03-24T17:29:00Z,2.4575048099605666e-05,0.003191764955426689,0.003167189907327083,0
2023-03-24T17:28:55Z,2023-03-24T17:29:00Z,3.6818610574842515e-05,0.0031534853822843775,0.00319030399285922,0
2023-03-24T17:28:55Z,2023-03-24T17:29:00Z,9.648322637892479e-05,0.0031028544207766166,0.0031993376471555414,0
2023-03-24T17:28:55Z,2023-03-24T17:29:00Z,0.00012695047687627742,0.0030734778897787375,0.003200428366655015,0
2023-03-24T17:28:55Z,2023-03-24T17:29:00Z,0.00017368930763092582,0.0030183182734479855,0.0031920075810789113,0
2023-03-24T17:28:55Z,2023-03-24T17:29:00Z,0.0001781195958701614,0.0029973018792685954,0.003175421475138757,0
2023-03-24T17:28:55Z,2023-03-24T17:29:00Z,0.00015078567349900056,0.002996639061331331,0.0031474247348303314,0
2023-03-24T17:28:55Z,2023-03-24T17:29:00Z,0.0001627387051250295,0.0029513376570799075,0.003114076362204937,0
2023-03-24T17:28:55Z,2023-03-24T17:29:00Z,0.00011690023123056689,0.002959362891957195,0.0030762631231877617,0
2023-03-24T17:29:55Z,2023-03-24T17:30:00Z,0.0001296156201817428,0.0029123007460993356,0.0030419163662810784,0
2023-03-24T17:29:55Z,2023-03-24T17:30:00Z,0.000115335560594944,0.00289884902135368,0.003014184581948624,0
2023-03-24T17:29:55Z,2023-03-24T17:30:00Z,0.00016133804409921952,0.002825624584324079,0.0029869626284232983,0
2023-03-24T17:29:55Z,2023-03-24T17:30:00Z,0.00017153681311405907,0.0027904788341056594,0.0029620156472197185,0
2023-03-24T17:29:55Z,2023-03-24T17:30:00Z,0.0001302169189009942,0.0028042710584438805,0.0029344879773448747,0
2023-03-24T17:29:55Z,2023-03-24T17:30:00Z,7.560210854316548e-05,0.002829339719492718,0.0029049418280358836,0
2023-03-24T17:29:55Z,2023-03-24T17:30:00Z,3.29012592255231e-07,0.0028777896973585034,0.002877460684766248,0
2023-03-24T17:29:55Z,2023-03-24T17:30:00Z,7.963891248340474e-05,0.0029396713204514827,0.002860032407968078,0
2023-03-24T17:29:55Z,2023-03-24T17:30:00Z,0.00012373908410945626,0.002972118178563436,0.0028483790944539796,0
2023-03-24T17:29:55Z,2023-03-24T17:30:00Z,0.00019860975975771094,0.0030508989362619966,0.0028522891765042856,0
2023-03-24T17:29:55Z,2023-03-24T17:30:00Z,0.00023265666582382351,0.003095412864786646,0.0028627561989628225,0
2023-03-24T17:29:55Z,2023-03-24T17:30:00Z,0.00024144095345428806,0.003136379202693956,0.002894938249239668,0
2023-03-24T17:30:55Z,2023-03-24T17:31:00Z,0.00023363090803317586,0.0031721311616558427,0.002938500253622667,0
2023-03-24T17:30:55Z,2023-03-24T17:31:00Z,0.00020173811209464989,0.00318768238632447,0.00298594427422982,0
2023-03-24T17:30:55Z,2023-03-24T17:31:00Z,0.00019131119230709256,0.0032262256725602155,0.003034914480253123,0
2023-03-24T17:30:55Z,2023-03-24T17:31:00Z,0.00016609631279861613,0.0032452811771897347,0.0030791848643911186,0
2023-03-24T17:30:55Z,2023-03-24T17:31:00Z,0.0001715188870713472,0.003291640087477999,0.0031201212004066518,0
2023-03-24T17:30:55Z,2023-03-24T17:31:00Z,0.00018294890329809653,0.003342093389222791,0.0031591444859246946,0
2023-03-24T17:30:55Z,2023-03-24T17:31:00Z,0.00018976567680193106,0.003383301755757483,0.003193536078955552,0
2023-03-24T17:30:55Z,2023-03-24T17:31:00Z,0.00017088882963516277,0.003399664983510164,0.0032287761538750013,0
2023-03-24T17:30:55Z,2023-03-24T17:31:00Z,3.732488895914158e-05,0.0033013756932717894,0.003264050804312648,0
2023-03-24T17:30:55Z,2023-03-24T17:31:00Z,6.25535998275248e-05,0.0032340020361785976,0.0032965556360061224,0
2023-03-24T17:30:55Z,2023-03-24T17:31:00Z,9.738548928238085e-05,0.003215412047716216,0.0033127975369985968,0
2023-03-24T17:30:55Z,2023-03-24T17:31:00Z,0.00020421658503275023,0.0031096918610541866,0.003313908446086937,0
2023-03-24T17:31:55Z,2023-03-24T17:32:00Z,0.00028873443340731103,0.0030209069941834095,0.0033096414275907205,1
2023-03-24T17:31:55Z,2023-03-24T17:32:00Z,0.00034877531380064124,0.002934873510015249,0.00328364882381589,1
2023-03-24T17:31:55Z,2023-03-24T17:32:00Z,0.0004104119815948313,0.002827353071501147,0.0032377650530959782,1
2023-03-24T17:31:55Z,2023-03-24T17:32:00Z,0.0004578892146965105,0.0027158146604362916,0.003173703875132802,1
2023-03-24T17:31:55Z,2023-03-24T17:32:00Z,0.00043184191308179515,0.0026601031174782897,0.003091945030560085,1
2023-03-24T17:31:55Z,2023-03-24T17:32:00Z,0.0004276397256636694,0.0025806537287770587,0.003008293454440728,1
2023-03-24T17:31:55Z,2023-03-24T17:32:00Z,0.00032132043015333693,0.002604987464473062,0.002926307894626399,1
2023-03-24T17:31:55Z,2023-03-24T17:32:00Z,0.0001783884782822348,0.002657239656495712,0.002835628134777947,1
2023-03-24T17:31:55Z,2023-03-24T17:32:00Z,5.288658014018614e-05,0.002710640926554744,0.00276352750669493,1
2023-03-24T17:31:55Z,2023-03-24T17:32:00Z,2.037659024306136e-05,0.0026911984396393394,0.0027115750298824007,1
2023-03-24T17:31:55Z,2023-03-24T17:32:00Z,3.079869293976054e-05,0.002648743110733997,0.0026795418036737574,1
2023-03-24T17:32:55Z,2023-03-24T17:33:00Z,4.740241160793631e-06,0.002664831383140007,0.0026600911419792134,1
2023-03-24T17:32:55Z,2023-03-24T17:33:00Z,3.3683610474944965e-05,0.002616825881546799,0.0026505094920217438,1
2023-03-24T17:32:55Z,2023-03-24T17:33:00Z,6.69212550748516e-05,0.002584263703469994,0.0026511849585448455,1
2023-03-24T17:32:55Z,2023-03-24T17:33:00Z,5.2618938672332506e-05,0.0026037334702681907,0.002656352408940523,1
2023-03-24T17:32:55Z,2023-03-24T17:33:00Z,6.403753421791065e-05,0.0025893543374364597,0.0026533918716543704,1
2023-03-24T17:32:55Z,2023-03-24T17:33:00Z,7.176093308605387e-05,0.0025739871976786705,0.0026457481307647244,1
2023-03-24T17:32:55Z,2023-03-24T17:33:00Z,3.138529560281402e-05,0.002597036179573584,0.002628421475176398,1
2023-03-24T17:32:55Z,2023-03-24T17:33:00Z,3.178856292833463e-06,0.0026084981557463268,0.00261167701203916,1
2023-03-24T17:32:55Z,2023-03-24T17:33:00Z,1.255011087854729e-05,0.002616840418466219,0.002604290307587672,1
2023-03-24T17:32:55Z,2023-03-24T17:33:00Z,3.9912431402073806e-05,0.0026361551350763627,0.002596242703674289,1
2023-03-24T17:32:55Z,2023-03-24T17:33:00Z,4.216228701431216e-05,0.0026384070673913756,0.0025962447803770635,1
2023-03-24T17:32:55Z,2023-03-24T17:33:00Z,1.3073225112706852e-05,0.002616731067147823,0.0026036578420351162,1
2023-03-24T17:33:55Z,2023-03-24T17:34:00Z,4.751652298468165e-06,0.0026133628653511824,0.002608611213052714,1
2023-03-24T17:33:55Z,2023-03-24T17:34:00Z,2.1121819780829405e-05,0.002591400354659222,0.0026125221744400513,1
2023-03-24T17:33:55Z,2023-03-24T17:34:00Z,3.7483750007448555e-05,0.0025806635198143903,0.002618147269821839,1
2023-03-24T17:33:55Z,2023-03-24T17:34:00Z,2.4467987391265777e-05,0.0025928741645856643,0.00261734215197693,1
2023-03-24T17:33:55Z,2023-03-24T17:34:00Z,2.836012897434667e-05,0.0025850056464408783,0.002613365775415225,1
2023-03-24T17:33:55Z,2023-03-24T17:34:00Z,6.551390131792536e-05,0.0026754559261787853,0.00260994202486086,1
2023-03-24T17:33:55Z,2023-03-24T17:34:00Z,0.000173126800135235,0.0027757617551910255,0.0026026349550557905,1
2023-03-24T17:33:55Z,2023-03-24T17:34:00Z,0.0001741247210298733,0.002782052370198151,0.0026079276491682776,1
2023-03-24T17:33:55Z,2023-03-24T17:34:00Z,0.00015548146361698276,0.0027861277825057184,0.0026306463188887357,1
2023-03-24T17:33:55Z,2023-03-24T17:34:00Z,7.365511728686745e-05,0.002728399936868027,0.0026547448195811596,1
2023-03-24T17:33:55Z,2023-03-24T17:34:00Z,5.115406212877812e-05,0.0027337170856880084,0.0026825630235592303,1
2023-03-24T17:33:55Z,2023-03-24T17:34:00Z,4.8149920530238775e-05,0.002751818146525703,0.0027036682259954643,1
2023-03-24T17:33:55Z,2023-03-24T17:34:00Z,3.6096130267997996e-06,0.0027273982563225992,0.0027237886432957994,1
2023-03-24T17:34:55Z,2023-03-24T17:35:00Z,8.373717741385744e-06,0.002739245282709389,0.0027476190004507746,1
2023-03-24T17:34:55Z,2023-03-24T17:35:00Z,9.74174271967717e-06,0.002745297590608785,0.002755039333328462,1
2023-03-24T17:34:55Z,2023-03-24T17:35:00Z,5.329174640370405e-06,0.0027444935197621432,0.0027498226944025136,1
2023-03-24T17:34:55Z,2023-03-24T17:35:00Z,2.200439303694018e-05,0.002722567618567093,0.002744572011604033,1
2023-03-24T17:34:55Z,2023-03-24T17:35:00Z,9.808419288079469e-05,0.0026405400669027275,0.0027386242597835222,1
2023-03-24T17:34:55Z,2023-03-24T17:35:00Z,0.00021797461945382993,0.0025198164520009872,0.002737791071454817,1
2023-03-24T17:34:55Z,2023-03-24T17:35:00Z,0.0002646882123904823,0.002459791856380723,0.0027244800687712054,1
2023-03-24T17:34:55Z,2023-03-24T17:35:00Z,0.0002620345609950373,0.0024293024085583516,0.002691336969553389,1
2023-03-24T17:34:55Z,2023-03-24T17:35:00Z,0.00018156772000173108,0.002471539763845675,0.002653107483847406,1
2023-03-24T17:34:55Z,2023-03-24T17:35:00Z,0.00012259822762709406,0.0024862317027701643,0.0026088299303972584,1
2023-03-24T17:34:55Z,2023-03-24T17:35:00Z,0.00012249373502020398,0.002447227934410896,0.0025697216694311,1
2023-03-24T17:35:55Z,2023-03-24T17:36:00Z,9.346323683313883e-05,0.002439363887313393,0.0025328271241465317,1
2023-03-24T17:35:55Z,2023-03-24T17:36:00Z,3.644601065366836e-05,0.0024570468728991207,0.002493492883552789,1
2023-03-24T17:35:55Z,2023-03-24T17:36:00Z,3.439089470054111e-05,0.0024303625346252,0.0024647534293257413,1
2023-03-24T17:35:55Z,2023-03-24T17:36:00Z,1.5937736886777448e-05,0.002439848609710126,0.0024557863465969033,1
2023-03-24T17:35:55Z,2023-03-24T17:36:00Z,2.7641808289705257e-05,0.0024239403494849807,0.002451582157774686,1
2023-03-24T17:35:55Z,2023-03-24T17:36:00Z,1.4040338688751843e-05,0.002439048419250473,0.002453088757939225,1
2023-03-24T17:35:55Z,2023-03-24T17:36:00Z,2.5736509723947674e-05,0.0024720253513259307,0.002446288841601983,1
2023-03-24T17:35:55Z,2023-03-24T17:36:00Z,1.5054524166300664e-05,0.0024546028966940417,0.002439548372527741,1
2023-03-24T17:35:55Z,2023-03-24T17:36:00Z,5.47141652119899e-06,0.002448562277179659,0.00244309086065846,1
2023-03-24T17:35:55Z,2023-03-24T17:36:00Z,1.6379069120808862e-05,0.002461646931119362,0.002445267861998553,1
2023-03-24T17:35:55Z,2023-03-24T17:36:00Z,3.848594509203024e-05,0.0024825417219878037,0.0024440557768957735,1
2023-03-24T17:35:55Z,2023-03-24T17:36:00Z,9.071232219046588e-05,0.0025392372985854044,0.0024485249763949385,1
2023-03-24T17:35:55Z,2023-03-24T17:36:00Z,0.0001185869149269228,0.00257321090736153,0.002454623992434607,1
2023-03-24T17:36:55Z,2023-03-24T17:37:00Z,8.389873836512837e-05,0.0025549937235283676,0.0024710949851632392,1
2023-03-24T17:36:55Z,2023-03-24T17:37:00Z,6.578021022048e-05,0.0025560412651138703,0.0024902610548933903,1
2023-03-24T17:36:55Z,2023-03-24T17:37:00Z,2.561288175098684e-05,0.0025277265612447253,0.0025021136794937384,1
2023-03-24T17:36:55Z,2023-03-24T17:37:00Z,1.7726815240510108e-05,0.0025343316902227955,0.0025166048749822854,1
2023-03-24T17:36:55Z,2023-03-24T17:37:00Z,2.349562393091963e-05,0.0025514096823510716,0.002527914058420152,1
2023-03-24T17:36:55Z,2023-03-24T17:37:00Z,4.901578924550046e-05,0.002587313384680429,0.0025382975954349285,1
2023-03-24T17:36:55Z,2023-03-24T17:37:00Z,4.7154671704978304e-05,0.0025952905471918024,0.002548135875486824,1
2023-03-24T17:36:55Z,2023-03-24T17:37:00Z,5.91430903600634e-05,0.002614146978146176,0.0025550038877861126,1
2023-03-24T17:36:55Z,2023-03-24T17:37:00Z,7.953062996691931e-05,0.0026376887520144997,0.0025581581220475804,1
2023-03-24T17:36:55Z,2023-03-24T17:37:00Z,8.038358725937379e-05,0.002646992174252355,0.0025666085869929813,1
2023-03-24T17:36:55Z,2023-03-24T17:37:00Z,1.3178489562678999e-05,0.002565094024130392,0.002578272513693071,1
2023-03-24T17:37:55Z,2023-03-24T17:38:00Z,2.8303437983298423e-05,0.0025670070204251486,0.002595310458408447,1
2023-03-24T17:37:55Z,2023-03-24T17:38:00Z,1.4129218927542205e-05,0.0025855758586105617,0.002599705077538104,1
2023-03-24T17:37:55Z,2023-03-24T17:38:00Z,2.8364220342789927e-05,0.002573569048348753,0.002601933268691543,1
2023-03-24T17:37:55Z,2023-03-24T17:38:00Z,5.528697914393248e-06,0.0026072137485959553,0.002601685050681562,1
2023-03-24T17:37:55Z,2023-03-24T17:38:00Z,3.972487841185941e-06,0.002594609491577084,0.00259858197941827,1
2023-03-24T17:37:55Z,2023-03-24T17:38:00Z,1.8141498691700945e-05,0.002579450019362252,0.002597591518053953,1
2023-03-24T17:37:55Z,2023-03-24T17:38:00Z,2.32988512438026e-05,0.0025681384867476615,0.002591437337991464,1
2023-03-24T17:37:55Z,2023-03-24T17:38:00Z,1.5466623429221445e-05,0.0025663218352922276,0.002581788458721449,1
2023-03-24T17:37:55Z,2023-03-24T17:38:00Z,4.5980184632594956e-05,0.002536243197319893,0.002582223381952488,1
2023-03-24T17:37:55Z,2023-03-24T17:38:00Z,6.050472674823306e-05,0.0025216207716138375,0.0025821254983620706,1
2023-03-24T17:37:55Z,2023-03-24T17:38:00Z,3.228839023210889e-05,0.0025427895850884375,0.0025750779753205464,1
2023-03-24T17:37:55Z,2023-03-24T17:38:00Z,3.776842615126367e-05,0.0025298883667785807,0.0025676567929298444,1
2023-03-24T17:37:55Z,2023-03-24T17:38:00Z,5.499876879655431e-05,0.0025034545722036447,0.002558453341000199,1
2023-03-24T17:38:55Z,2023-03-24T17:39:00Z,5.787982042872522e-05,0.002491327645600259,0.002549207466028984,1
2023-03-24T17:38:55Z,2023-03-24T17:39:00Z,1.4250558219004814e-05,0.00252410041535875,0.002538350973577755,1
2023-03-24T17:38:55Z,2023-03-24T17:39:00Z,1.6225896902029562e-05,0.002511152099368953,0.0025273779962709827,1
2023-03-24T17:38:55Z,2023-03-24T17:39:00Z,3.095169998615713e-05,0.0024903946648657574,0.0025213463648519146,1
2023-03-24T17:38:55Z,2023-03-24T17:39:00Z,2.776848382974543e-05,0.002489993438457749,0.0025177619222874945,1
2023-03-24T17:38:55Z,2023-03-24T17:39:00Z,1.5471371430611936e-05,0.0024978296784642995,0.0025133010498949115,1
2023-03-24T17:38:55Z,2023-03-24T17:39:00Z,6.864619764445582e-06,0.0024988941234689393,0.002505758743233385,1
2023-03-24T17:38:55Z,2023-03-24T17:39:00Z,2.6908620507381555e-05,0.0025280875511244404,0.002501178930617059,1
2023-03-24T17:38:55Z,2023-03-24T17:39:00Z,9.788244375688246e-06,0.0025103156823163605,0.0025005274379406722,1
2023-03-24T17:38:55Z,2023-03-24T17:39:00Z,1.0449130973017202e-06,0.0025047339399182538,0.0025057788530155555,1
2023-03-24T17:38:55Z,2023-03-24T17:39:00Z,6.380463302963499e-05,0.0025676142384677063,0.0025038096054380713,1
2023-03-24T17:38:55Z,2023-03-24T17:39:00Z,5.5164313511754225e-05,0.002558057039028297,0.0025028927255165427,1
2023-03-24T17:39:55Z,2023-03-24T17:40:00Z,8.87139098400048e-05,0.0026026380030139693,0.0025139240931739645,1
2023-03-24T17:39:55Z,2023-03-24T17:40:00Z,3.563709978663277e-05,0.002559284564470675,0.002523647464684042,1
2023-03-24T17:39:55Z,2023-03-24T17:40:00Z,2.6878325023317433e-05,0.0025654984075001697,0.0025386200824768523,1
2023-03-24T17:39:55Z,2023-03-24T17:40:00Z,5.700723651293812e-06,0.002552948011985537,0.002547247288334243,1
2023-03-24T17:39:55Z,2023-03-24T17:40:00Z,1.256983653732599e-05,0.002540021859850593,0.002552591696387919,1
2023-03-24T17:39:55Z,2023-03-24T17:40:00Z,3.436688323687218e-05,0.0025243151459609287,0.002558682029197801,1
2023-03-24T17:39:55Z,2023-03-24T17:40:00Z,9.331576082394037e-06,0.002554391584534313,0.002563723160616707,1
2023-03-24T17:39:55Z,2023-03-24T17:40:00Z,2.8658508715332428e-05,0.0025288790672575493,0.0025575375759728817,1
2023-03-24T17:39:55Z,2023-03-24T17:40:00Z,5.17096580098758e-05,0.0025053042816067217,0.0025570139396165975,1
2023-03-24T17:39:55Z,2023-03-24T17:40:00Z,4.224245637126202e-05,0.0025042344924229897,0.0025464769487942517,1
2023-03-24T17:39:55Z,2023-03-24T17:40:00Z,6.990800030893998e-05,0.0024688574795047476,0.0025387654798136876,1
2023-03-24T17:39:55Z,2023-03-24T17:40:00Z,8.231274956610598e-05,0.0024477007423794133,0.0025300134919455193,1
2023-03-24T17:40:55Z,2023-03-24T17:41:00Z,9.799616624305485e-05,0.002420004392490923,0.0025180005587339778,1
2023-03-24T17:40:55Z,2023-03-24T17:41:00Z,7.372307572909697e-05,0.0024310887519375696,0.0025048118276666666,1
2023-03-24T17:40:55Z,2023-03-24T17:41:00Z,6.131536409876518e-05,0.0024285949273579,0.0024899102914566654,1
2023-03-24T17:40:55Z,2023-03-24T17:41:00Z,6.265693450316356e-05,0.0024096386665825387,0.0024722956010857023,1
2023-03-24T17:40:55Z,2023-03-24T17:41:00Z,2.369015475016216e-05,0.00243427914063559,0.0024579692953857523,1
2023-03-24T17:40:55Z,2023-03-24T17:41:00Z,1.3118028609681795e-06,0.002445614581814694,0.002444302778953726,1
2023-03-24T17:40:55Z,2023-03-24T17:41:00Z,1.6140591750723934e-05,0.0024504497490205356,0.0024343091572698117,1
2023-03-24T17:40:55Z,2023-03-24T17:41:00Z,4.0830715689235686e-05,0.002390158027624854,0.0024309887433140898,1
2023-03-24T17:40:55Z,2023-03-24T17:41:00Z,8.049779266992201e-05,0.0023508836658786138,0.0024313814585485358,1
2023-03-24T17:40:55Z,2023-03-24T17:41:00Z,7.635675237141482e-05,0.002350760939767683,0.0024271176921390977,1
2023-03-24T17:40:55Z,2023-03-24T17:41:00Z,6.785418199064955e-05,0.002347805640711454,0.0024156598227021036,1
2023-03-24T17:40:55Z,2023-03-24T17:41:00Z,5.705189058877961e-05,0.0023474887910290075,0.002404540681617787,1
2023-03-24T17:41:55Z,2023-03-24T17:42:00Z,3.478189590852467e-05,0.0023609254962991075,0.002395707392207632,1
2023-03-24T17:41:55Z,2023-03-24T17:42:00Z,4.104773519936081e-05,0.002342261035635902,0.002383308770835263,1
2023-03-24T17:41:55Z,2023-03-24T17:42:00Z,1.2412521035153664e-05,0.0023587978090121686,0.0023712103300473223,1
2023-03-24T17:41:55Z,2023-03-24T17:42:00Z,1.9330558979281827e-06,0.002357687855461731,0.002355754799563803,1
2023-03-24T17:41:55Z,2023-03-24T17:42:00Z,2.3368339344431634e-05,0.002327906428988988,0.0023512747683334194,1
2023-03-24T17:41:55Z,2023-03-24T17:42:00Z,3.9142295126828614e-05,0.002313104500289893,0.0023522467954167217,1
2023-03-24T17:41:55Z,2023-03-24T17:42:00Z,6.823105467141256e-05,0.0022807508106340675,0.00234898186530548,1
2023-03-24T17:41:55Z,2023-03-24T17:42:00Z,5.916701076225583e-05,0.0022848575487687153,0.002344024559530971,1
2023-03-24T17:41:55Z,2023-03-24T17:42:00Z,5.9547515688863645e-05,0.0022749430466428304,0.002334490562331694,1
2023-03-24T17:41:55Z,2023-03-24T17:42:00Z,9.84341460981389e-05,0.002225189566586356,0.002323623712684495,1
2023-03-24T17:41:55Z,2023-03-24T17:42:00Z,0.00010758106742240559,0.0022064257896916508,0.0023140068571140563,1
2023-03-24T17:41:55Z,2023-03-24T17:42:00Z,8.993396995108727e-05,0.002204985995387853,0.00229491996533894,1
2023-03-24T17:42:55Z,2023-03-24T17:43:00Z,7.919136292421991e-05,0.0021941197358761374,0.0022733110988003573,1
2023-03-24T17:42:55Z,2023-03-24T17:43:00Z,6.474233029426027e-05,0.0021910087065630775,0.0022557510368573378,1
2023-03-24T17:42:55Z,2023-03-24T17:43:00Z,6.966848623946595e-05,0.0021690847271301924,0.0022387532133696583,1
2023-03-24T17:42:55Z,2023-03-24T17:43:00Z,6.322437315623526e-05,0.0021627085396318533,0.0022259329127880885,1
2023-03-24T17:42:55Z,2023-03-24T17:43:00Z,4.824011946385955e-05,0.00216115381880444,0.0022093939382682995,1
2023-03-24T17:42:55Z,2023-03-24T17:43:00Z,2.25228566132097e-05,0.002170837580653522,0.0021933604372667316,1
2023-03-24T17:42:55Z,2023-03-24T17:43:00Z,1.742203423565295e-05,0.002201634507533539,0.002184212473297886,1
2023-03-24T17:42:55Z,2023-03-24T17:43:00Z,1.27609462296451e-05,0.0021663674972056514,0.0021791284434352965,1
2023-03-24T17:42:55Z,2023-03-24T17:43:00Z,1.878371053590927e-06,0.0021805280305096995,0.0021786496594561086,1
2023-03-24T17:42:55Z,2023-03-24T17:43:00Z,3.5401865501610494e-05,0.002210086919433364,0.0021746850539317536,1
2023-03-24T17:42:55Z,2023-03-24T17:43:00Z,4.226680264658158e-05,0.0022154546171421386,0.002173187814495557,1
2023-03-24T17:42:55Z,2023-03-24T17:43:00Z,1.6192299698632607e-05,0.0021952375702375,0.0021790452705388675,1
2023-03-24T17:43:55Z,2023-03-24T17:44:00Z,5.814423320558808e-05,0.0021284361912633195,0.0021865804244689075,1
2023-03-24T17:43:55Z,2023-03-24T17:44:00Z,1.2729185155688043e-06,0.0021927224503320566,0.002191449531816488,1
2023-03-24T17:43:55Z,2023-03-24T17:44:00Z,8.289107967210125e-06,0.0021936812984422404,0.0021853921904750303,1
2023-03-24T17:43:55Z,2023-03-24T17:44:00Z,2.1268653175576194e-05,0.0022053876926218232,0.002184119039446247,1
2023-03-24T17:43:55Z,2023-03-24T17:44:00Z,1.0970953846290918e-05,0.0021989919648977654,0.0021880210110514745,1
2023-03-24T17:43:55Z,2023-03-24T17:44:00Z,1.9605498630588872e-05,0.002171966892722617,0.002191572391353206,1
2023-03-24T17:43:55Z,2023-03-24T17:44:00Z,8.297324418736485e-05,0.002107014153660756,0.0021899873978481208,1
2023-03-24T17:43:55Z,2023-03-24T17:44:00Z,7.830374195396317e-05,0.0021054711238342252,0.0021837748657881884,1
2023-03-24T17:43:55Z,2023-03-24T17:44:00Z,0.00010921303245834237,0.002061958488104597,0.0021711715205629395,1
2023-03-24T17:43:55Z,2023-03-24T17:44:00Z,0.00014714371554213224,0.0020207470811023655,0.0021678907966444978,1
2023-03-24T17:43:55Z,2023-03-24T17:44:00Z,0.00017994091693148166,0.0019692693136805217,0.0021492102306120034,1
2023-03-24T17:44:55Z,2023-03-24T17:45:00Z,0.0001498234463461045,0.0019746818960744883,0.002124505342420593,1
2023-03-24T17:44:55Z,2023-03-24T17:45:00Z,0.00011549917403392727,0.001975274971395051,0.0020907741454289784,1
2023-03-24T17:44:55Z,2023-03-24T17:45:00Z,0.00013210830119907754,0.0019266215486837181,0.0020587298498827957,1
2023-03-24T17:44:55Z,2023-03-24T17:45:00Z,9.540971309676249e-05,0.0019352212908820953,0.002030631003978858,1
2023-03-24T17:44:55Z,2023-03-24T17:45:00Z,9.93646839813336e-05,0.0019054959478579476,0.0020048606318392812,1
2023-03-24T17:44:55Z,2023-03-24T17:45:00Z,6.194744299736787e-05,0.0019185917841344662,0.001980539227131834,1
2023-03-24T17:44:55Z,2023-03-24T17:45:00Z,6.650841994584465e-05,0.0018916790157221823,0.001958187435668027,1
2023-03-24T17:44:55Z,2023-03-24T17:45:00Z,8.906099142949771e-05,0.001854532830385972,0.0019435938218154698,1
2023-03-24T17:44:55Z,2023-03-24T17:45:00Z,0.0001335392248545265,0.0017989702686811806,0.001932509493535707,1
2023-03-24T17:44:55Z,2023-03-24T17:45:00Z,0.00011972243963264718,0.0017956229016618433,0.0019153453412944904,1
2023-03-24T17:44:55Z,2023-03-24T17:45:00Z,0.00013228952714532008,0.0017578694280471889,0.001890158955192509,1
2023-03-24T17:44:55Z,2023-03-24T17:45:00Z,0.0001693082282641441,0.0017021366344966682,0.0018714448627608123,1
2023-03-24T17:45:55Z,2023-03-24T17:46:00Z,0.00023724119273466136,0.0016088676896211644,0.0018461088823558257,1
2023-03-24T17:45:55Z,2023-03-24T17:46:00Z,0.0003216683525441347,0.0014953891993315083,0.001817057551875643,1
2023-03-24T17:45:55Z,2023-03-24T17:46:00Z,0.00036904314364096533,0.0014037681090184918,0.0017728112526594572,1
2023-03-24T17:45:55Z,2023-03-24T17:46:00Z,0.0003627633400803314,0.0013534350816661724,0.0017161984217465038,1
2023-03-24T17:45:55Z,2023-03-24T17:46:00Z,0.00038314398386129394,0.0012686594776898554,0.0016518034615511494,1
2023-03-24T17:45:55Z,2023-03-24T17:46:00Z,0.0003603653458405245,0.0012277902318513377,0.0015881555776918622,1
2023-03-24T17:45:55Z,2023-03-24T17:46:00Z,0.00025748539428771034,0.0012553896942652965,0.0015128750885530068,1
2023-03-24T17:45:55Z,2023-03-24T17:46:00Z,0.00014178701347151708,0.0012953624756249398,0.0014371494890964569,1
2023-03-24T17:45:55Z,2023-03-24T17:46:00Z,3.360352662291834e-05,0.0013397249710119141,0.0013733284976348325,1
2023-03-24T17:45:55Z,2023-03-24T17:46:00Z,5.7027120182567316e-05,0.001385569158675082,0.0013285420384925148,1
2023-03-24T17:45:55Z,2023-03-24T17:46:00Z,0.00015039913874155932,0.0014567034303312747,0.0013063042915897154,1
2023-03-24T17:45:55Z,2023-03-24T17:46:00Z,0.00022417695353237456,0.0015278813950730314,0.0013037044415406568,1
2023-03-24T17:46:55Z,2023-03-24T17:47:00Z,0.0003398284821261243,0.001658285544904653,0.0013184570627785288,0
2023-03-24T17:46:55Z,2023-03-24T17:47:00Z,0.0005261454721605537,0.0018816342374223935,0.0013554887652618398,0
2023-03-24T17:46:55Z,2023-03-24T17:47:00Z,0.0007736347461549599,0.002190622841852987,0.0014169880956980273,0
2023-03-24T17:46:55Z,2023-03-24T17:47:00Z,0.0010049710418260727,0.0025114226436893997,0.001506451601863327,0
2023-03-24T17:46:55Z,2023-03-24T17:47:00Z,0.00133435974069491,0.002968705680590815,0.001634345939895905,0
2023-03-24T17:46:55Z,2023-03-24T17:47:00Z,0.0011501499757756869,0.0029518812974826613,0.0018017313217069744,0
2023-03-24T17:46:55Z,2023-03-24T17:47:00Z,0.0008850782323567537,0.0029129719143374043,0.0020278936819806506,0
2023-03-24T17:46:55Z,2023-03-24T17:47:00Z,0.0006400810146367651,0.002881571534781899,0.002241490520145134,0
2023-03-24T17:46:55Z,2023-03-24T17:47:00Z,0.0003885467610367688,0.002827907355362528,0.0024393605943257594,0
2023-03-24T17:46:55Z,2023-03-24T17:47:00Z,0.00021420994008031864,0.0028283256758171132,0.0026141157357367946,0
2023-03-24T17:46:55Z,2023-03-24T17:47:00Z,9.902237913249172e-05,0.002848319988860734,0.0027492976097282422,0
2023-03-24T17:46:55Z,2023-03-24T17:47:00Z,1.18709981924087e-05,0.0028285270163878515,0.0028403980145802602,0
2023-03-24T17:47:55Z,2023-03-24T17:48:00Z,7.753569294652925e-05,0.0028109905138010644,0.0028885262067475936,0
2023-03-24T17:47:55Z,2023-03-24T17:48:00Z,5.536855166038803e-05,0.0028131321316296394,0.0028685006832900274,0
2023-03-24T17:47:55Z,2023-03-24T17:48:00Z,5.773339752554712e-05,0.0027906400309528237,0.002848373428478371,0
2023-03-24T17:47:55Z,2023-03-24T17:48:00Z,4.061035713116574e-05,0.0027935002452460964,0.002834110602377262,0
2023-03-24T17:47:55Z,2023-03-24T17:48:00Z,2.6833027859693263e-05,0.0027942873596848434,0.0028211203875445367,0
2023-03-24T17:47:55Z,2023-03-24T17:48:00Z,1.5745295693596947e-05,0.0028004597904057343,0.0028162050860993312,0
2023-03-24T17:47:55Z,2023-03-24T17:48:00Z,2.145165212385971e-05,0.0027898908173851476,0.0028113424695090073,0
2023-03-24T17:47:55Z,2023-03-24T17:48:00Z,2.774730392465048e-05,0.0027767579943765,0.0028045052983011504,0
2023-03-24T17:47:55Z,2023-03-24T17:48:00Z,6.1574409707622e-06,0.002805143282271527,0.0027989858413007647,0
2023-03-24T17:47:55Z,2023-03-24T17:48:00Z,4.522970334117169e-06,0.002789572511048852,0.002794095481382969,0
2023-03-24T17:47:55Z,2023-03-24T17:48:00Z,3.8729586340552e-06,0.0027968271758230076,0.0027929542171889524,0
2023-03-24T17:47:55Z,2023-03-24T17:48:00Z,1.267843246811071e-05,0.0028054801468136393,0.0027928017143455286,0
2023-03-24T17:47:55Z,2023-03-24T17:48:00Z,8.026486213980055e-06,0.00280130347635621,0.00279327699014223,0
2023-03-24T17:48:55Z,2023-03-24T17:49:00Z,1.0130830604822023e-05,0.0028050067903368807,0.0027948759597320586,0
2023-03-24T17:48:55Z,2023-03-24T17:49:00Z,2.9228269252657563e-05,0.0028242247555490692,0.0027949964862964117,0
2023-03-24T17:48:55Z,2023-03-24T17:49:00Z,4.483589982849775e-05,0.0028419918108323,0.0027971559110038023,0
2023-03-24T17:48:55Z,2023-03-24T17:49:00Z,5.97259953837876e-05,0.0028636628722693855,0.002803936876885598,0
2023-03-24T17:48:55Z,2023-03-24T17:49:00Z,6.791523366681158e-05,0.002877116186061091,0.0028092009523942793,0
2023-03-24T17:48:55Z,2023-03-24T17:49:00Z,3.107249525002853e-05,0.0028508577849615277,0.002819785289711499,0
2023-03-24T17:48:55Z,2023-03-24T17:49:00Z,6.0497152616725315e-06,0.0028373048635786124,0.00283125514831694,0
2023-03-24T17:48:55Z,2023-03-24T17:49:00Z,2.840720427291785e-05,0.00286614487232527,0.002837737668052352,0
2023-03-24T17:48:55Z,2023-03-24T17:49:00Z,4.693848745588409e-05,0.002889819210825722,0.002842880723369838,0
2023-03-24T17:48:55Z,2023-03-24T17:49:00Z,4.955785831424345e-05,0.0029011725933967085,0.002851614735082465,0
2023-03-24T17:48:55Z,2023-03-24T17:49:00Z,6.839490644833159e-05,0.00292938027799889,0.0028609853715505585,0
2023-03-24T17:48:55Z,2023-03-24T17:49:00Z,1.7535779580322985e-05,0.002886975548640082,0.002869439769059759,0
2023-03-24T17:49:55Z,2023-03-24T17:50:00Z,1.1871038148317942e-05,0.0028669569317299423,0.00287882796987826,0
2023-03-24T17:49:55Z,2023-03-24T17:50:00Z,1.04030253287625e-05,0.00289063947557545,0.0028802364502466876,0
2023-03-24T17:49:55Z,2023-03-24T17:50:00Z,1.688150531395892e-05,0.0028656548230425022,0.002882536328356461,0
2023-03-24T17:49:55Z,2023-03-24T17:50:00Z,3.453359787129089e-05,0.0028556219607704333,0.002890155558641724,0
2023-03-24T17:49:55Z,2023-03-24T17:50:00Z,1.0791155017142798e-06,0.002891164667103042,0.0028900855516013277,0
2023-03-24T17:49:55Z,2023-03-24T17:50:00Z,5.844123400448962e-05,0.002943641464169348,0.002885200230164858,0
2023-03-24T17:49:55Z,2023-03-24T17:50:00Z,0.00011110777387916089,0.002994878300287781,0.00288377052640862,0
2023-03-24T17:49:55Z,2023-03-24T17:50:00Z,0.00016429165605129576,0.0030500994947699816,0.002885807838718686,0
2023-03-24T17:49:55Z,2023-03-24T17:50:00Z,0.00017468019318398875,0.003075902710709489,0.0029012225175255,0
2023-03-24T17:49:55Z,2023-03-24T17:50:00Z,0.00019012086842266473,0.003117506609239599,0.002927385740816934,0
2023-03-24T17:49:55Z,2023-03-24T17:50:00Z,0.00016054126653112025,0.003114393183795774,0.002953851917264654,0
2023-03-24T17:49:55Z,2023-03-24T17:50:00Z,0.00021294360054807237,0.003202774344412312,0.0029898307438642395,0
2023-03-24T17:50:55Z,2023-03-24T17:51:00Z,0.00017602700180911063,0.0032028250632483986,0.003026798061439288,0
2023-03-24T17:50:55Z,2023-03-24T17:51:00Z,4.989562947101166e-05,0.0031212093590973385,0.003071313729626327,0
2023-03-24T17:50:55Z,2023-03-24T17:51:00Z,9.679301335191026e-06,0.003098660656731,0.003108339958066191,0
2023-03-24T17:50:55Z,2023-03-24T17:51:00Z,5.993019823657703e-05,0.003066457053945265,0.003126387252181842,0
2023-03-24T17:50:55Z,2023-03-24T17:51:00Z,5.893550223000279e-05,0.0030743890588034125,0.0031333245610334153,0
2023-03-24T17:50:55Z,2023-03-24T17:51:00Z,1.6694933469822964e-05,0.003148670114965493,0.00313197518149567,0
2023-03-24T17:50:55Z,2023-03-24T17:51:00Z,8.561808339648935e-06,0.003134377339773006,0.003125815531433357,0
2023-03-24T17:50:55Z,2023-03-24T17:51:00Z,2.0741960758945827e-06,0.00312863803981028,0.0031307122358861746,0
2023-03-24T17:50:55Z,2023-03-24T17:51:00Z,3.548878127085809e-05,0.003156430016494274,0.0031209412352234157,0
2023-03-24T17:50:55Z,2023-03-24T17:51:00Z,5.643378766313984e-05,0.0031667768766811106,0.0031103430890179707,0
2023-03-24T17:50:55Z,2023-03-24T17:51:00Z,9.09020814997448e-05,0.003206276693002992,0.003115374611503247,0
2023-03-24T17:50:55Z,2023-03-24T17:51:00Z,4.654975826742791e-05,0.0030785557418001206,0.0031251055000675486,0
2023-03-24T17:51:55Z,2023-03-24T17:52:00Z,5.8988700807516455e-05,0.003086091033411136,0.0031450797342186523,0
2023-03-24T17:51:55Z,2023-03-24T17:52:00Z,6.094272548468928e-05,0.0030847322491620644,0.0031456749746467537,0
2023-03-24T17:51:55Z,2023-03-24T17:52:00Z,9.125670016788033e-05,0.003045478405685394,0.0031367351058532744,0
2023-03-24T17:51:55Z,2023-03-24T17:52:00Z,0.00010194090424030158,0.0030277020458114104,0.003129642950051712,0
2023-03-24T17:51:55Z,2023-03-24T17:52:00Z,0.00010597697282251637,0.0030117860294970682,0.0031177630023195846,0
2023-03-24T17:51:55Z,2023-03-24T17:52:00Z,6.56333237923864e-05,0.0030337399684296465,0.003099373292222033,0
2023-03-24T17:51:55Z,2023-03-24T17:52:00Z,6.430465777166553e-05,0.0030129270848526465,0.003077231742624312,0
2023-03-24T17:51:55Z,2023-03-24T17:52:00Z,0.00014021139082997115,0.0031927950299438057,0.0030525836391138345,0
2023-03-24T17:51:55Z,2023-03-24T17:52:00Z,0.00011765140339379827,0.0031608595200865648,0.0030432081166927665,0
2023-03-24T17:51:55Z,2023-03-24T17:52:00Z,4.9226366189541234e-05,0.0031076779109584034,0.003058451544768862,0
2023-03-24T17:51:55Z,2023-03-24T17:52:00Z,0.00012743160481606822,0.003196758474002716,0.003069326869186648,0
2023-03-24T17:51:55Z,2023-03-24T17:52:00Z,8.011557676807293e-05,0.003158328089565151,0.003078212512797078,0
2023-03-24T17:52:55Z,2023-03-24T17:53:00Z,5.19017943643018e-05,0.0031542652254744233,0.0031023634311101215,0
2023-03-24T17:52:55Z,2023-03-24T17:53:00Z,2.7955961566044317e-05,0.003151253972685892,0.0031232980111198477,0
2023-03-24T17:52:55Z,2023-03-24T17:53:00Z,5.6382156402185694e-05,0.003196898061385573,0.0031405159049833872,0
2023-03-24T17:52:55Z,2023-03-24T17:53:00Z,1.1342558880233881e-05,0.0031716194478397996,0.0031602768889595657,0
2023-03-24T17:52:55Z,2023-03-24T17:53:00Z,1.600171434112301e-05,0.0031448613219672663,0.0031608630363083893,0
2023-03-24T17:52:55Z,2023-03-24T17:53:00Z,0.00014551774006702715,0.003016882428777539,0.003162400168844566,0
2023-03-24T17:52:55Z,2023-03-24T17:53:00Z,0.00014303896887190486,0.00302467311583107,0.0031677120847029747,0
2023-03-24T17:52:55Z,2023-03-24T17:53:00Z,0.0002743765867694887,0.0028676389200441754,0.003142015506813664,0
2023-03-24T17:52:55Z,2023-03-24T17:53:00Z,0.0002606785251854952,0.002862243413951871,0.0031229219391373663,0
2023-03-24T17:52:55Z,2023-03-24T17:53:00Z,0.00023389740323613876,0.002848077920839763,0.003081975324075902,0
2023-03-24T17:52:55Z,2023-03-24T17:53:00Z,0.000185995085273386,0.0028546930161262273,0.0030406881013996133,0
2023-03-24T17:52:55Z,2023-03-24T17:53:00Z,0.00010191270300984046,0.002888943949740371,0.0029908566527502116,0
2023-03-24T17:53:55Z,2023-03-24T17:54:00Z,6.220517136294734e-05,0.002883376276856754,0.0029455814482197014,0
2023-03-24T17:53:55Z,2023-03-24T17:54:00Z,3.9553661710300166e-05,0.0028694681619055593,0.0029090218236158595,0
2023-03-24T17:53:55Z,2023-03-24T17:54:00Z,1.5471549239520592e-05,0.002874477966959084,0.0028899495161986044,0
2023-03-24T17:53:55Z,2023-03-24T17:54:00Z,1.2949787307677332e-05,0.0028548275926158543,0.0028677773799235316,0
2023-03-24T17:53:55Z,2023-03-24T17:54:00Z,4.099132166095112e-05,0.002909745708286612,0.002868754386625661,0
2023-03-24T17:53:55Z,2023-03-24T17:54:00Z,6.538818225029774e-06,0.0028742338018026884,0.0028676949835776586,0
2023-03-24T17:53:55Z,2023-03-24T17:54:00Z,1.3513373527365875e-06,0.0028778560048513743,0.0028765046674986377,0
2023-03-24T17:53:55Z,2023-03-24T17:54:00Z,1.0737200110536894e-05,0.0028685590081990236,0.0028792962083095605,0
2023-03-24T17:53:55Z,2023-03-24T17:54:00Z,7.2398413581164535e-06,0.0028849520575406776,0.002877712216182561,0
2023-03-24T17:53:55Z,2023-03-24T17:54:00Z,3.016444069135326e-05,0.0028454310228258175,0.0028755954635171707,0
2023-03-24T17:53:55Z,2023-03-24T17:54:00Z,6.641483598973045e-05,0.0028113926126181713,0.0028778074486079017,0
2023-03-24T17:53:55Z,2023-03-24T17:54:00Z,7.5608856005241094e-06,0.0028660969995597686,0.0028736578851602927,0
2023-03-24T17:54:55Z,2023-03-24T17:55:00Z,2.9140330328581744e-05,0.0028383125576891843,0.002867452888017766,0
2023-03-24T17:54:55Z,2023-03-24T17:55:00Z,3.364265288566346e-06,0.002864581623488212,0.002861217358199646,0
2023-03-24T17:54:55Z,2023-03-24T17:55:00Z,2.5361612039125764e-05,0.0028307241398585906,0.0028560857518977164,0
2023-03-24T17:54:55Z,2023-03-24T17:55:00Z,1.88376174024606e-05,0.002835351794300519,0.0028541894117029795,0
2023-03-24T17:54:55Z,2023-03-24T17:55:00Z,6.164249297771138e-06,0.0028426201812137173,0.0028487844305114885,0
2023-03-24T17:54:55Z,2023-03-24T17:55:00Z,4.5330055046967094e-05,0.0028870287336670046,0.0028416986786200375,0
2023-03-24T17:54:55Z,2023-03-24T17:55:00Z,3.920660029281802e-06,0.0028452177898475907,0.002841297129818309,0
2023-03-24T17:54:55Z,2023-03-24T17:55:00Z,5.507118345879358e-05,0.002907173473426936,0.0028521022899681424,0
2023-03-24T17:54:55Z,2023-03-24T17:55:00Z,5.762300496430818e-05,0.0029067425506878537,0.0028491195457235456,0
2023-03-24T17:54:55Z,2023-03-24T17:55:00Z,5.30626651998275e-05,0.0029120194846001947,0.002858956819400367,0
2023-03-24T17:54:55Z,2023-03-24T17:55:00Z,6.281733623345878e-05,0.0029277971452337744,0.0028649798090003157,0
2023-03-24T17:54:55Z,2023-03-24T17:55:00Z,4.433746518410801e-05,0.002920930894861796,0.002876593429677688,0
2023-03-24T17:55:55Z,2023-03-24T17:56:00Z,5.562916025652655e-06,0.002895362824408091,0.0028897999083824385,0
2023-03-24T17:55:55Z,2023-03-24T17:56:00Z,5.169758587726236e-06,0.0028958173946015808,0.002900987153189307,0
2023-03-24T17:55:55Z,2023-03-24T17:56:00Z,4.447318370219815e-05,0.002857704553878693,0.002902177737580891,0
2023-03-24T17:55:55Z,2023-03-24T17:56:00Z,4.241646969828806e-05,0.0028669897828474586,0.0029094062525457467,0
2023-03-24T17:55:55Z,2023-03-24T17:56:00Z,4.787311371955063e-05,0.002854466150319304,0.0029023392640388545,0
2023-03-24T17:55:55Z,2023-03-24T17:56:00Z,3.99187341304447e-05,0.0028567415630740677,0.0028966602972045124,0
2023-03-24T17:55:55Z,2023-03-24T17:56:00Z,4.969009327024723e-05,0.002838748299036995,0.0028884383923072424,0
2023-03-24T17:55:55Z,2023-03-24T17:56:00Z,5.385907757822278e-05,0.0028244285172776334,0.002878287594855856,0
2023-03-24T17:55:55Z,2023-03-24T17:56:00Z,4.8475374310929555e-05,0.002818071849712812,0.0028665472240237415,0
2023-03-24T17:55:55Z,2023-03-24T17:56:00Z,0.00011379713666030949,0.0029702108882368426,0.002856413751576533,0
2023-03-24T17:55:55Z,2023-03-24T17:56:00Z,9.965068574474328e-05,0.0029449579309085952,0.002845307245163852,0
2023-03-24T17:55:55Z,2023-03-24T17:56:00Z,4.874918033151215e-05,0.0029101287589751,0.0028613795786435877,0
2023-03-24T17:56:55Z,2023-03-24T17:57:00Z,8.302401041946489e-05,0.0029555418959289295,0.0028725178855094646,0
2023-03-24T17:56:55Z,2023-03-24T17:57:00Z,0.00011326076969436208,0.0029937304564403686,0.0028804696867460065,0
2023-03-24T17:56:55Z,2023-03-24T17:57:00Z,0.00014496008731764267,0.00303954410732863,0.002894584020010987,0
2023-03-24T17:56:55Z,2023-03-24T17:57:00Z,0.0001498047003386082,0.0030665290285500765,0.0029167243282114683,0
2023-03-24T17:56:55Z,2023-03-24T17:57:00Z,0.00018587117848434514,0.003133326305274528,0.002947455126790183,0
2023-03-24T17:56:55Z,2023-03-24T17:57:00Z,0.00017096803849032038,0.0031539170479715404,0.00298294900948122,0
2023-03-24T17:56:55Z,2023-03-24T17:57:00Z,0.0001442888410503303,0.0031505400529655055,0.0030062512119151752,0
2023-03-24T17:56:55Z,2023-03-24T17:57:00Z,0.000135321148480836,0.003171423662833575,0.003036102514352739,0
2023-03-24T17:56:55Z,2023-03-24T17:57:00Z,0.00011751637942889522,0.003187963364351692,0.0030704469849227966,0
2023-03-24T17:56:55Z,2023-03-24T17:57:00Z,7.492696000778107e-05,0.0030263602773299655,0.0031012872373377466,0
2023-03-24T17:56:55Z,2023-03-24T17:57:00Z,0.00012630924864896406,0.0030027255469618286,0.0031290347956107927,0
2023-03-24T17:56:55Z,2023-03-24T17:57:00Z,8.357308009887196e-06,0.003118794083315382,0.0031271513913252694,0
2023-03-24T17:57:55Z,2023-03-24T17:58:00Z,1.6655649922878938e-05,0.0031346922581641126,0.0031180366082412337,0
2023-03-24T17:57:55Z,2023-03-24T17:58:00Z,2.890550781177231e-05,0.0031448660843445566,0.0031159605765327843,0
2023-03-24T17:57:55Z,2023-03-24T17:58:00Z,4.9702747590557594e-06,0.003118184452747922,0.0031132141779888663,0
2023-03-24T17:57:55Z,2023-03-24T17:58:00Z,4.989296045785491e-05,0.0031622965715008703,0.0031124036110430154,0
2023-03-24T17:57:55Z,2023-03-24T17:58:00Z,4.505829049428634e-06,0.0031093038386516367,0.003104798009602208,0
2023-03-24T17:57:55Z,2023-03-24T17:58:00Z,6.021585803265856e-06,0.0031071529107125,0.003101131324909234,0
2023-03-24T17:57:55Z,2023-03-24T17:58:00Z,1.510109554895547e-05,0.003097879309549089,0.0031129804050980445,0
2023-03-24T17:57:55Z,2023-03-24T17:58:00Z,4.488925364300915e-05,0.0030830093462765593,0.0031278985999195685,0
2023-03-24T17:57:55Z,2023-03-24T17:58:00Z,5.6354570361648315e-05,0.0030685562047341637,0.003124910775095812,0
2023-03-24T17:57:55Z,2023-03-24T17:58:00Z,4.23208481663607e-05,0.0030752066538026587,0.0031175275019690194,0
2023-03-24T17:57:55Z,2023-03-24T17:58:00Z,3.5659194932930426e-05,0.0030709668956631756,0.003106626090596106,0
2023-03-24T17:57:55Z,2023-03-24T17:58:00Z,0.00012439155965216896,0.0029760948453803277,0.0031004864050324966,0
2023-03-24T17:58:55Z,2023-03-24T17:59:00Z,0.00014861974045863192,0.002938819568025623,0.003087439308484255,0
2023-03-24T17:58:55Z,2023-03-24T17:59:00Z,9.865943073332148e-05,0.0029697500215693172,0.0030684094523026387,0
2023-03-24T17:58:55Z,2023-03-24T17:59:00Z,9.608438767410741e-05,0.002948277444244692,0.0030443618319187992,0
2023-03-24T17:58:55Z,2023-03-24T17:59:00Z,9.20172824419958e-05,0.0029340403654796927,0.0030260576479216885,0
2023-03-24T17:58:55Z,2023-03-24T17:59:00Z,9.351042048707115e-05,0.0029132998128586374,0.0030068102333457086,0
2023-03-24T17:58:55Z,2023-03-24T17:59:00Z,0.00010148633130700876,0.0028861073535737755,0.0029875936848807842,0
2023-03-24T17:58:55Z,2023-03-24T17:59:00Z,9.830491019637531e-05,0.00286615922597812,0.0029644641361744953,0
2023-03-24T17:58:55Z,2023-03-24T17:59:00Z,7.424259742913868e-05,0.002863813032732585,0.0029380556301617238,0
2023-03-24T17:58:55Z,2023-03-24T17:59:00Z,4.0082697849302094e-05,0.0028822678438263916,0.0029223505416756937,0
2023-03-24T17:58:55Z,2023-03-24T17:59:00Z,5.289629035290077e-05,0.002858739031995216,0.0029116353223481166,0
2023-03-24T17:58:55Z,2023-03-24T17:59:00Z,1.1935815913194023e-07,0.002899257226543974,0.002899137868384842,0