sTime,eTime,Change,Value,Mean_last_9,real_label
2023-03-24T17:58:55Z,2023-03-24T17:59:00Z,None,0.0031363918707486603,None,1
2023-03-24T17:58:55Z,2023-03-24T17:59:00Z,None,0.0031151339936846814,None,0
2023-03-24T17:58:55Z,2023-03-24T17:59:00Z,None,0.0031151284820891433,None,0
2023-03-24T17:58:55Z,2023-03-24T17:59:00Z,None,0.0031061544223064484,None,0
2023-03-24T17:58:55Z,2023-03-24T17:59:00Z,None,0.0031040725077403804,None,0
2023-03-24T17:58:55Z,2023-03-24T17:59:00Z,None,0.003090530964347582,None,0
2023-03-24T17:58:55Z,2023-03-24T17:59:00Z,None,0.0030908153899674913,None,0
2023-03-24T17:58:55Z,2023-03-24T17:59:00Z,None,0.003086929453245487,None,0
2023-03-24T17:58:55Z,2023-03-24T17:59:00Z,None,0.003067877904183497,None,0
2023-03-24T17:58:55Z,2023-03-24T17:59:00Z,2.9261711660711308e-05,0.003076382923855523,0.003105644635516234,0
2023-03-24T17:58:55Z,2023-03-24T17:59:00Z,2.693754200755894e-05,0.0030701428476880297,0.0030970803896955886,0
2023-03-24T17:58:55Z,2023-03-24T17:59:00Z,3.351615613345115e-05,0.003058720349833493,0.003092236505966944,0
2023-03-24T17:58:55Z,2023-03-24T17:59:00Z,2.1575632635095158e-05,0.0030650376690317094,0.0030866133016668046,0
2023-03-24T17:58:55Z,2023-03-24T17:59:00Z,2.501818101407604e-05,0.0030556658615936093,0.0030806840426076854,0
2023-03-24T17:58:55Z,2023-03-24T17:59:00Z,3.41165287401214e-05,0.0030416881590289804,0.0030758046877691018,0
2023-03-24T17:58:55Z,2023-03-24T17:59:00Z,5.393752333898456e-05,0.0030175090265858705,0.003071446549924855,0
2023-03-24T17:58:55Z,2023-03-24T17:59:00Z,4.126131061312887e-05,0.0030240443354444123,0.003065305646057541,0
2023-03-24T17:58:55Z,2023-03-24T17:59:00Z,3.0707230985663365e-05,0.0030259208617394256,0.003056628092725089,0
2023-03-24T17:58:55Z,2023-03-24T17:59:00Z,3.564509753408015e-05,0.0030155037990986233,0.0030511488966327035,0
2023-03-24T17:58:55Z,2023-03-24T17:59:00Z,1.3433471780918346e-05,0.003031407667087273,0.003044841138868191,0
2023-03-24T17:58:55Z,2023-03-24T17:59:00Z,1.208460894979715e-05,0.0030500958667443127,0.0030380112577945155,0
2023-03-24T17:58:55Z,2023-03-24T17:59:00Z,5.55960945249458e-06,0.0030401567819037323,0.0030345971724512377,0
2023-03-24T17:58:55Z,2023-03-24T17:59:00Z,2.393488710907563e-05,0.0030566643342743887,0.003032729447165313,0
2023-03-24T17:58:55Z,2023-03-24T17:59:00Z,1.2620088660987051e-05,0.0030181707235430915,0.0030307908122040785,0
2023-03-24T17:58:55Z,2023-03-24T17:59:00Z,2.5040655279572836e-05,0.0030076221788301817,0.0030326628341097546,0
2023-03-24T17:58:55Z,2023-03-24T17:59:00Z,8.969663061699027e-06,0.0030237758831677085,0.0030327455462294075,0
2023-03-24T17:58:55Z,2023-03-24T17:59:00Z,2.2935363616568248e-05,0.0030077574130360604,0.0030306927766526287,0
2023-03-24T17:58:55Z,2023-03-24T17:59:00Z,3.619175954080577e-05,0.002994232894790358,0.0030304246543311638,0
2023-03-24T17:58:55Z,2023-03-24T17:59:00Z,5.016696689695175e-05,0.0029792893891763916,0.0030294563560733434,0
2023-03-24T17:58:55Z,2023-03-24T17:59:00Z,5.76276279648665e-05,0.002967181881571363,0.0030248095095362294,0
2023-03-24T17:58:55Z,2023-03-24T17:59:00Z,5.794219257635293e-05,0.0029580165072638862,0.003015958699840239,0
2023-03-24T17:58:55Z,2023-03-24T17:59:00Z,4.0377706454384e-05,0.0029664591308443088,0.0030068368372986928,0
2023-03-24T17:58:55Z,2023-03-24T17:59:00Z,2.197924256268184e-05,0.002972526616359698,0.00299450585892238,0
2023-03-24T17:58:55Z,2023-03-24T17:59:00Z,8.425868877224782e-08,0.0029881261685238045,0.0029880419098350323,0
2023-03-24T17:58:55Z,2023-03-24T17:59:00Z,1.7923484122104368e-05,0.003001578448648326,0.0029836549645262216,0
2023-03-24T17:58:55Z,2023-03-24T17:59:00Z,2.9313817893937034e-05,0.0030085125680896704,0.0029791987501957334,0
2023-03-24T17:58:55Z,2023-03-24T17:59:00Z,2.323376088165423e-05,0.003001660140528921,0.002978426379647267,0
2023-03-24T17:58:55Z,2023-03-24T17:59:00Z,1.7507593075422045e-05,0.002997718931885103,0.002980211338809681,0
2023-03-24T17:58:55Z,2023-03-24T17:59:00Z,2.285099338601715e-05,0.0030058586761147646,0.0029830076827287474,0
2023-03-24T17:58:55Z,2023-03-24T17:59:00Z,1.5634138526477662e-05,0.0030024589525444426,0.002986824814017965,0
2023-03-24T17:58:55Z,2023-03-24T17:59:00Z,2.7286385083265252e-06,0.002995533723632651,0.0029928050851243245,0
2023-03-24T17:58:55Z,2023-03-24T17:59:00Z,2.8048240112953527e-05,0.0030253533029497947,0.0029973050628368412,0
2023-03-24T17:58:55Z,2023-03-24T17:59:00Z,1.954337554259996e-05,0.0030197243267885603,0.0030001809512459603,0
2023-03-24T17:58:55Z,2023-03-24T17:59:00Z,2.5657383523718102e-05,0.0030304917265729274,0.0030048343430492093,0
2023-03-24T17:58:55Z,2023-03-24T17:59:00Z,2.9823432837684533e-05,0.0030369260106544228,0.0030071025778167382,0
2023-03-24T17:58:55Z,2023-03-24T17:59:00Z,2.3851732217770004e-05,0.0030337017048449157,0.0030098499726271457,0
2023-03-24T17:58:55Z,2023-03-24T17:59:00Z,1.652558723240667e-05,0.0030307837936252397,0.003014258206392833,0
2023-03-24T17:58:55Z,2023-03-24T17:59:00Z,2.0245559477949978e-05,0.00303900161249076,0.00301875605301281,0
2023-03-24T17:58:55Z,2023-03-24T17:59:00Z,2.204061439099042e-05,0.0030439123070926098,0.0030218716927016193,0
2023-03-24T17:58:55Z,2023-03-24T17:59:00Z,7.264835659525834e-06,0.003019174689535383,0.003026439525194909,0
2023-03-24T17:58:55Z,2023-03-24T17:59:00Z,1.4894701205873852e-05,0.00301759214692153,0.003032486848127404,0
2023-03-24T17:58:55Z,2023-03-24T17:59:00Z,2.544909564836193e-05,0.0030062654258022404,0.0030317145214506023,0
2023-03-24T17:58:55Z,2023-03-24T17:59:00Z,4.235102856973028e-05,0.0029890969703974934,0.0030314479989672237,0
2023-03-24T17:58:55Z,2023-03-24T17:59:00Z,4.269525821480168e-05,0.002985724453156086,0.0030284197113708876,0
2023-03-24T17:58:55Z,2023-03-24T17:59:00Z,3.626195373284107e-05,0.0029861791276059304,0.0030224410813387715,0
2023-03-24T17:58:55Z,2023-03-24T17:59:00Z,2.317511896150412e-05,0.0029932688059161635,0.0030164439248776677,0
2023-03-24T17:58:55Z,2023-03-24T17:59:00Z,6.248720836348007e-05,0.002948381133261774,0.003010868341625254,0
2023-03-24T17:58:55Z,2023-03-24T17:59:00Z,5.0267828535606116e-05,0.002954883912267823,0.003005151740803429,0
2023-03-24T17:58:55Z,2023-03-24T17:59:00Z,5.1007462571868445e-05,0.0029422028815027064,0.002993210344074575,0
2023-03-24T17:58:55Z,2023-03-24T17:59:00Z,7.006166285490091e-06,0.00297816783063064,0.00298517399691613,0
2023-03-24T17:58:55Z,2023-03-24T17:59:00Z,9.514198630998765e-06,0.0029852645373697755,0.0029757503387387767,0
2023-03-24T17:58:55Z,2023-03-24T17:59:00Z,1.2437349209093191e-05,0.0029846754885514202,0.002972238139342327,0
2023-03-24T17:58:55Z,2023-03-24T17:59:00Z,1.3243362482198793e-05,0.002985002447696061,0.002971759085213862,0
2023-03-24T17:58:55Z,2023-03-24T17:59:00Z,1.9034885639921447e-05,0.0029906628502782005,0.002971627964638279,0
2023-03-24T17:58:55Z,2023-03-24T17:59:00Z,1.7457797696157195e-05,0.0029889386773457025,0.0029714808796495453,0
2023-03-24T17:58:55Z,2023-03-24T17:59:00Z,2.877023604305447e-05,0.0029999253712378548,0.0029711551351948003,0
2023-03-24T17:58:55Z,2023-03-24T17:59:00Z,1.7381658904748812e-05,0.00299360648711004,0.002976224828205291,0
2023-03-24T17:58:55Z,2023-03-24T17:59:00Z,6.738238478032951e-06,0.002988593249054578,0.002981855010576545,0
2023-03-24T17:58:55Z,2023-03-24T17:59:00Z,1.3418027240827933e-05,0.0030016984885182897,0.002988280461277462,0
2023-03-24T17:58:55Z,2023-03-24T17:59:00Z,2.655476181191111e-06,0.002992239114761645,0.002989583638580454,0
2023-03-24T17:58:55Z,2023-03-24T17:59:00Z,1.1084747842991707e-05,0.0029805531346310267,0.0029916378824740185,0
2023-03-24T17:58:55Z,2023-03-24T17:59:00Z,6.616488036475902e-06,0.0029859668477138206,0.0029925833357502965,0
2023-03-24T17:58:55Z,2023-03-24T17:59:00Z,3.2493919569858386e-06,0.002995276563574153,0.002992027171617167,0
2023-03-24T17:58:55Z,2023-03-24T17:59:00Z,2.778023600958149e-06,0.002994218194897578,0.00299144017129662,0
2023-03-24T17:58:55Z,2023-03-24T17:59:00Z,6.992216843993218e-06,0.0029852401902311825,0.0029922324070751757,0
2023-03-24T17:58:55Z,2023-03-24T17:59:00Z,2.0572846051833144e-05,0.0030120918560844743,0.002991519010032641,0
2023-03-24T17:58:55Z,2023-03-24T17:59:00Z,2.9684601357944217e-05,0.003020157824280728,0.002990473222922784,0
2023-03-24T17:58:55Z,2023-03-24T17:59:00Z,8.49813248563272e-06,0.0029849124163158886,0.0029934105488015213,0
2023-03-24T17:58:55Z,2023-03-24T17:59:00Z,1.0435449304723246e-06,0.0029967615107022983,0.002995717965771826,0
2023-03-24T17:58:55Z,2023-03-24T17:59:00Z,8.252583185098129e-06,0.0030030547116512048,0.0029948021284661066,0
2023-03-24T17:58:55Z,2023-03-24T17:59:00Z,6.503819867730715e-06,0.0030033319953427463,0.0029968281754750156,0
2023-03-24T17:58:55Z,2023-03-24T17:59:00Z,1.319704924216715e-07,0.002998832187974767,0.002998964158467189,0
2023-03-24T17:58:55Z,2023-03-24T17:59:00Z,1.316501013273394e-05,0.002986806077305529,0.002999971087438263,0
2023-03-24T17:58:55Z,2023-03-24T17:59:00Z,2.4476907317674823e-05,0.0029760709292552365,0.0030005478365729113,0
2023-03-24T17:58:55Z,2023-03-24T17:59:00Z,5.0145767590137856e-05,0.0029505978048670668,0.0030007435724572046,0
2023-03-24T17:58:55Z,2023-03-24T17:59:00Z,3.6855592852702394e-05,0.0029593853637508473,0.0029962409566035497,0
2023-03-24T17:58:55Z,2023-03-24T17:59:00Z,5.042121148655151e-06,0.002992588075325497,0.002987545954176842,0
2023-03-24T17:58:55Z,2023-03-24T17:59:00Z,1.8335750142183145e-05,0.003002690822748395,0.002984355072606212,0
2023-03-24T17:58:55Z,2023-03-24T17:59:00Z,3.595072887450663e-05,0.0030197841220586186,0.002983833393184112,0
2023-03-24T17:58:55Z,2023-03-24T17:59:00Z,3.020235765682517e-05,0.003013990264728086,0.002983787907071261,0
2023-03-24T17:58:55Z,2023-03-24T17:59:00Z,3.6081715653587046e-05,0.0030219261385643317,0.0029858444229107447,0
2023-03-24T17:58:55Z,2023-03-24T17:59:00Z,1.4925501770458784e-05,0.0030026646842753685,0.0029877391825049097,0
2023-03-24T17:58:55Z,2023-03-24T17:59:00Z,4.589291563594951e-05,0.003038022105798209,0.0029921291901622597,0
2023-03-24T17:58:55Z,2023-03-24T17:59:00Z,4.890951455965983e-05,0.0030443629240994364,0.0029954534095397766,0
2023-03-24T17:58:55Z,2023-03-24T17:59:00Z,1.9618208802071012e-05,0.00302599965595824,0.003006381447156169,0
2023-03-24T17:58:55Z,2023-03-24T17:59:00Z,3.8458393074742355e-05,0.0029785452491250006,0.003017003642199743,0
2023-03-24T17:58:55Z,2023-03-24T17:59:00Z,5.545113196909297e-05,0.0029657289578097425,0.0030211800897788355,0
2023-03-24T17:58:55Z,2023-03-24T17:59:00Z,5.9991592677407276e-05,0.0029581703003985042,0.0030181618930759115,0
2023-03-24T17:58:55Z,2023-03-24T17:59:00Z,6.145979378826627e-05,0.0029499452037565353,0.0030114049975448016,0
2023-03-24T17:58:55Z,2023-03-24T17:59:00Z,7.32409009978792e-05,0.002931186601005725,0.003004427502003604,0
2023-03-24T17:58:55Z,2023-03-24T17:59:00Z,3.025204150441203e-05,0.0029651778436482175,0.0029954298851526296,0
2023-03-24T17:58:55Z,2023-03-24T17:59:00Z,8.042267526451284e-06,0.0029945373922703753,0.002986495124743924,0
2023-03-24T17:58:55Z,2023-03-24T17:59:00Z,1.3420965144565495e-05,0.0029908105571197405,0.002977389591975175,0
2023-03-24T17:58:55Z,2023-03-24T17:59:00Z,4.488791638914075e-05,0.0030160493168856833,0.0029711614004965426,0
2023-03-24T17:58:55Z,2023-03-24T17:59:00Z,1.8968998379355166e-05,0.002985731761521085,0.00296676276314173,0
2023-03-24T17:58:55Z,2023-03-24T17:59:00Z,1.4728492266357328e-05,0.0029861792638781726,0.0029714507716118153,0
2023-03-24T17:58:55Z,2023-03-24T17:59:00Z,1.519284738633539e-05,0.0029891439694620684,0.002973951122075733,0
2023-03-24T17:58:55Z,2023-03-24T17:59:00Z,7.692711899707702e-06,0.002985144954410399,0.0029774522425106914,0
2023-03-24T17:58:55Z,2023-03-24T17:59:00Z,1.320628728568177e-05,0.002995558375509565,0.0029823520882238832,0
2023-03-24T17:58:55Z,2023-03-24T17:59:00Z,1.1227565275824351e-05,0.003000324447675292,0.002989096882399468,0
2023-03-24T17:58:55Z,2023-03-24T17:59:00Z,1.2226190185804769e-05,0.0030051206390679405,0.0029928944488821357,0
2023-03-24T17:58:55Z,2023-03-24T17:59:00Z,1.8955018338347954e-05,0.0029746628124694024,0.0029936178308077504,0
2023-03-24T17:58:55Z,2023-03-24T17:59:00Z,2.0420382637500838e-05,0.0029749862084137747,0.0029954065910512756,0
2023-03-24T17:58:55Z,2023-03-24T17:59:00Z,3.6333097249608044e-06,0.0029865999682742797,0.0029902332779992405,0
2023-03-24T17:58:55Z,2023-03-24T17:59:00Z,1.6056186170639204e-05,0.002972833897690187,0.0029888900838608264,0
2023-03-24T17:58:55Z,2023-03-24T17:59:00Z,1.5905308790779057e-05,0.0029730373631195613,0.0029889426719103404,0
2023-03-24T17:58:55Z,2023-03-24T17:59:00Z,7.294125702627698e-07,0.002986174500368592,0.0029869039129388547,0
2023-03-24T17:58:55Z,2023-03-24T17:59:00Z,1.1626005002643089e-05,0.0029970164690301436,0.0029853904640275005,0
2023-03-24T17:58:55Z,2023-03-24T17:59:00Z,1.6519220813314677e-05,0.0030007367004481933,0.0029842174796348786,0
2023-03-24T17:58:55Z,2023-03-24T17:59:00Z,2.742533359640113e-05,0.0030112293159006366,0.0029838039823042355,0
2023-03-24T17:58:55Z,2023-03-24T17:59:00Z,1.3454189316942748e-05,0.0029967101792937097,0.002983255989976767,0
2023-03-24T17:58:55Z,2023-03-24T17:59:00Z,3.099427108581472e-06,0.002990926230014253,0.0029878268029056715,0
2023-03-24T17:58:55Z,2023-03-24T17:59:00Z,1.2063441894554893e-05,0.0029784788573711083,0.002990542299265663,0
2023-03-24T17:58:55Z,2023-03-24T17:59:00Z,1.4800370971367483e-05,0.002976282711011792,0.0029910830819831597,0
2023-03-24T17:58:55Z,2023-03-24T17:59:00Z,2.729585334437139e-05,0.0029644928485989034,0.0029917887019432748,0
2023-03-24T17:58:55Z,2023-03-24T17:59:00Z,3.3238070102055775e-05,0.002958956300327748,0.0029921943704298037,0
2023-03-24T17:58:55Z,2023-03-24T17:59:00Z,3.202968073609579e-05,0.0029574544832224967,0.0029894841639585925,0
2023-03-24T17:58:55Z,2023-03-24T17:59:00Z,3.9174125458310734e-05,0.0029455525174124824,0.002984726642870793,0
2023-03-24T17:58:55Z,2023-03-24T17:59:00Z,5.794105206438464e-05,0.0029213753136531962,0.002979316365717581,0
2023-03-24T17:58:55Z,2023-03-24T17:59:00Z,6.473029034105961e-05,0.002906376475565502,0.0029711067659065615,0
2023-03-24T17:58:55Z,2023-03-24T17:59:00Z,4.322104471154347e-05,0.002918468862989954,0.0029616899077014973,0
2023-03-24T17:58:55Z,2023-03-24T17:59:00Z,1.0785765284493029e-05,0.0029403354231109105,0.0029511211883954036,0
2023-03-24T17:58:55Z,2023-03-24T17:59:00Z,7.017813261749831e-06,0.0029366021258360095,0.0029436199390977594,0
2023-03-24T17:58:55Z,2023-03-24T17:59:00Z,1.1957397440833656e-05,0.0029510839255509824,0.0029391265281101487,0
2023-03-24T17:58:55Z,2023-03-24T17:59:00Z,2.2882964297548606e-05,0.0029585231520623356,0.002935640187764787,0
2023-03-24T17:58:55Z,2023-03-24T17:59:00Z,5.746733269203349e-05,0.002992123473609725,0.0029346561409176915,0
2023-03-24T17:58:55Z,2023-03-24T17:59:00Z,2.6298005025641915e-05,0.0029610877295483135,0.0029347897245226716,0
2023-03-24T17:58:55Z,2023-03-24T17:59:00Z,1.5066909156080926e-05,0.0029556780032034074,0.0029406110940473264,0
2023-03-24T17:58:55Z,2023-03-24T17:59:00Z,1.7452226615537365e-06,0.0029473203686957703,0.0029455751460342166,0
2023-03-24T17:58:55Z,2023-03-24T17:59:00Z,3.518293613588488e-05,0.0029165549008530697,0.0029517378369889546,0
2023-03-24T17:58:55Z,2023-03-24T17:59:00Z,4.51104050615261e-05,0.0029102338701406556,0.0029553442752021817,0
2023-03-24T17:58:55Z,2023-03-24T17:59:00Z,4.5765925094432176e-05,0.0029066057848255193,0.0029523717099199515,0
2023-03-24T17:58:55Z,2023-03-24T17:59:00Z,5.661827359840872e-05,0.0028924574043596237,0.0029490756779580324,0
2023-03-24T17:58:55Z,2023-03-24T17:59:00Z,5.285529427142589e-05,0.0028906606160959236,0.0029435159103673495,0
2023-03-24T17:58:55Z,2023-03-24T17:59:00Z,7.705666155778364e-05,0.0028582010303467268,0.0029352576919045104,0
2023-03-24T17:58:55Z,2023-03-24T17:59:00Z,7.757234671558174e-05,0.0028450024879997037,0.0029225748347152854,0
2023-03-24T17:58:55Z,2023-03-24T17:59:00Z,3.779543138179766e-05,0.002871918565933289,0.002909713997315087,0
2023-03-24T17:58:55Z,2023-03-24T17:59:00Z,3.0176330761623633e-06,0.0028928619248384615,0.002895879557914624,0
2023-03-24T17:58:55Z,2023-03-24T17:59:00Z,1.028296058291564e-05,0.00289673729315223,0.002886454332569314,0
2023-03-24T17:58:55Z,2023-03-24T17:59:00Z,2.1395103871309565e-05,0.0029048878144387977,0.002883492710567488,0
2023-03-24T17:58:55Z,2023-03-24T17:59:00Z,2.6336104892550876e-05,0.0029081417433364856,0.0028818056384439347,0
2023-03-24T17:58:55Z,2023-03-24T17:59:00Z,4.300934371306072e-06,0.0028858918265169003,0.0028815908921455942,0
2023-03-24T17:58:55Z,2023-03-24T17:59:00Z,1.7458027676232977e-05,0.002866093406841469,0.002883551434517702,0
2023-03-24T17:58:55Z,2023-03-24T17:59:00Z,6.609364138997903e-06,0.0028763459716813263,0.0028829553358203242,0
2023-03-24T17:58:55Z,2023-03-24T17:59:00Z,4.374663882486009e-06,0.002879567218999681,0.0028839418828821672,0
2023-03-24T17:58:55Z,2023-03-24T17:59:00Z,1.975749303965166e-05,0.0028681023253027183,0.00288785981834237,0
2023-03-24T17:58:55Z,2023-03-24T17:59:00Z,1.3889457778873838e-05,0.002874926442196795,0.002888815899975669,0
2023-03-24T17:58:55Z,2023-03-24T17:59:00Z,1.0847846687922491e-05,0.002874873103345778,0.0028857209500337006,0
2023-03-24T17:58:55Z,2023-03-24T17:59:00Z,3.080178986531986e-05,0.002852192803798952,0.0028829945936642717,0
2023-03-24T17:58:55Z,2023-03-24T17:59:00Z,2.5599562353430163e-05,0.0028536431924242136,0.0028792427547776438,0
2023-03-24T17:58:55Z,2023-03-24T17:59:00Z,1.6389479014876276e-05,0.002855859658320576,0.0028722491373354524,0
2023-03-24T17:58:55Z,2023-03-24T17:59:00Z,1.8665036030716346e-05,0.00284955302204315,0.0028682180580738665,0
2023-03-24T17:58:55Z,2023-03-24T17:59:00Z,3.0531367751097244e-05,0.0028364074717576577,0.002866938839508755,0
2023-03-24T17:58:55Z,2023-03-24T17:59:00Z,3.797881339407663e-05,0.0028256109074099064,0.002863589720803983,0
2023-03-24T17:58:55Z,2023-03-24T17:59:00Z,3.8525530395867175e-05,0.002819669222002863,0.0028581947523987302,0
2023-03-24T17:58:55Z,2023-03-24T17:59:00Z,4.098553178214859e-05,0.00281189779337998,0.0028528833251621286,0
2023-03-24T17:58:55Z,2023-03-24T17:59:00Z,4.027001869349794e-05,0.002805706153944389,0.002845976172637887,0
2023-03-24T17:58:55Z,2023-03-24T17:59:00Z,3.1530953945044585e-05,0.002806573304947118,0.0028381042588921626,0
2023-03-24T17:58:55Z,2023-03-24T17:59:00Z,3.506410795187098e-05,0.002797229319708471,0.002832293427660342,0
2023-03-24T17:58:55Z,2023-03-24T17:59:00Z,3.758576789084046e-05,0.0027888239238348647,0.002826409691725705,0
2023-03-24T17:58:55Z,2023-03-24T17:59:00Z,2.3264118547564397e-05,0.0027958167808516277,0.002819080899399192,0
2023-03-24T17:58:55Z,2023-03-24T17:59:00Z,9.512783940904962e-06,0.0028019769781822516,0.0028114897621231566,0
2023-03-24T17:58:55Z,2023-03-24T17:59:00Z,2.8225148250332795e-06,0.0028092384405849356,0.0028064159257599024,0
2023-03-24T17:58:55Z,2023-03-24T17:59:00Z,4.703396048697742e-06,0.002808165080655143,0.0028034616846064455,0
2023-03-24T17:58:55Z,2023-03-24T17:59:00Z,2.150912865477375e-05,0.002823666965583978,0.0028021578369292043,0
2023-03-24T17:58:55Z,2023-03-24T17:59:00Z,2.8139113453170845e-05,0.002829830361291771,0.0028016912478386,0
2023-03-24T17:58:55Z,2023-03-24T17:59:00Z,2.868442642786368e-05,0.0028326207757214126,0.002803936349293549,0
2023-03-24T17:58:55Z,2023-03-24T17:59:00Z,4.025626718085927e-05,0.0028470997485174894,0.00280684348133663,0
2023-03-24T17:58:55Z,2023-03-24T17:59:00Z,4.3914488373977476e-05,0.0028551819017122253,0.002811267413338248,0
2023-03-24T17:58:55Z,2023-03-24T17:59:00Z,4.313045548359328e-05,0.0028616823469071696,0.0028185518914235763,0
2023-03-24T17:58:55Z,2023-03-24T17:59:00Z,3.9854407674027106e-05,0.002865826939205178,0.002825972531531151,0
2023-03-24T17:58:55Z,2023-03-24T17:59:00Z,3.784396671078832e-05,0.002871279669332554,0.0028334357026217655,0
2023-03-24T17:58:55Z,2023-03-24T17:59:00Z,2.4747555672253313e-05,0.002865256820621549,0.0028405092649492958,0
2023-03-24T17:58:55Z,2023-03-24T17:59:00Z,1.2048105430970558e-05,0.002860446693964943,0.0028483985885339722,0
2023-03-24T17:58:55Z,2023-03-24T17:59:00Z,6.0155653238674195e-06,0.002859612885737536,0.0028535973204136685,0
2023-03-24T17:58:55Z,2023-03-24T17:59:00Z,3.2877236997128252e-06,0.0028607120856975277,0.002857424361997815,0
2023-03-24T17:58:55Z,2023-03-24T17:59:00Z,3.0220544800082724e-06,0.0028638204302298387,0.0028607983757498305,0
2023-03-24T17:58:55Z,2023-03-24T17:59:00Z,8.03289604824715e-06,0.0028705328139455827,0.0028624999178973355,0
2023-03-24T17:58:55Z,2023-03-24T17:59:00Z,1.5153455061127623e-05,0.0028787331890231644,0.0028635797339620368,0
2023-03-24T17:58:55Z,2023-03-24T17:59:00Z,1.1984787759086735e-06,0.0028634875635659297,0.0028646860423418383,0
2023-03-24T17:58:55Z,2023-03-24T17:59:00Z,5.188083809304703e-08,0.00286635120440718,0.002866299323569087,0
2023-03-24T17:58:55Z,2023-03-24T17:59:00Z,1.4913122728969427e-05,0.002880238433077228,0.0028653253103482585,0
2023-03-24T17:58:55Z,2023-03-24T17:59:00Z,1.1665566005391106e-05,0.0028771276743268536,0.0028654621083214625,0
2023-03-24T17:58:55Z,2023-03-24T17:59:00Z,1.6186091931559652e-05,0.002884122167642058,0.0028679360757104984,0
2023-03-24T17:58:55Z,2023-03-24T17:59:00Z,2.679357018828916e-05,0.0028969189944724524,0.002870125424284163,0
2023-03-24T17:58:55Z,2023-03-24T17:59:00Z,1.8980627661263714e-05,0.002892032312188493,0.0028730516845272293,0
2023-03-24T17:58:55Z,2023-03-24T17:59:00Z,2.955148716714392e-05,0.0029067404922247,0.002877189005057556,0
2023-03-24T17:58:55Z,2023-03-24T17:59:00Z,3.8305814178422794e-05,0.002918182256516343,0.00287987644233792,0
2023-03-24T17:58:55Z,2023-03-24T17:59:00Z,5.05731715024888e-05,0.0029339505267406006,0.002883377355238112,0
2023-03-24T17:58:55Z,2023-03-24T17:59:00Z,4.8757360181616704e-05,0.00293897155203853,0.0028902141918569135,0
2023-03-24T17:58:55Z,2023-03-24T17:59:00Z,4.665485860818339e-05,0.002945318965756774,0.002898664107148591,0
2023-03-24T17:58:55Z,2023-03-24T17:59:00Z,3.419696489655871e-05,0.0029402027119153126,0.002906005747018754,0
2023-03-24T17:58:55Z,2023-03-24T17:59:00Z,2.48978195812803e-05,0.002939427478028774,0.002914529658447494,0
2023-03-24T17:58:55Z,2023-03-24T17:59:00Z,1.1605049385962369e-05,0.002933144775867613,0.002921539726481651,0
2023-03-24T17:58:55Z,2023-03-24T17:59:00Z,1.4239880909754955e-05,0.002941093167835946,0.0029268532869261912,0
2023-03-24T17:58:55Z,2023-03-24T17:59:00Z,3.64620773995062e-06,0.0029356385526260317,0.002931992344886081,0
2023-03-24T17:58:55Z,2023-03-24T17:59:00Z,2.698640165207369e-05,0.002909300027685413,0.0029362864293374868,0
2023-03-24T17:58:55Z,2023-03-24T17:59:00Z,2.872754001450933e-05,0.0029097409263366884,0.0029384684663511977,0
2023-03-24T17:58:55Z,2023-03-24T17:59:00Z,2.947139228074054e-05,0.002905915761688559,0.0029353871539692994,0
2023-03-24T17:58:55Z,2023-03-24T17:59:00Z,2.003093460678073e-05,0.0029117023911497883,0.002931733325756569,0
2023-03-24T17:58:55Z,2023-03-24T17:59:00Z,3.935625586661993e-05,0.0028874516693814223,0.0029268079252480423,0
2023-03-24T17:58:55Z,2023-03-24T17:59:00Z,5.069356033428167e-05,0.00287255182481807,0.0029232453851523515,0
2023-03-24T17:58:55Z,2023-03-24T17:59:00Z,5.09613687002179e-05,0.0028657870403712145,0.0029167484090714324,0
2023-03-24T17:58:55Z,2023-03-24T17:59:00Z,7.841081440383788e-05,0.002830763475786402,0.00290917429019024,0
2023-03-24T17:58:55Z,2023-03-24T17:59:00Z,9.500532516876605e-05,0.002804755699088382,0.002899761024257148,0
2023-03-24T17:58:55Z,2023-03-24T17:59:00Z,0.00010134523797359274,0.002785306401678602,0.0028866516396521946,0
2023-03-24T17:58:55Z,2023-03-24T17:59:00Z,0.00012277474258586257,0.0027508088559917033,0.002873583598577566,0
2023-03-24T17:58:55Z,2023-03-24T17:59:00Z,0.00014077567257336863,0.0027172536104219363,0.002858029282995305,0
2023-03-24T17:58:55Z,2023-03-24T17:59:00Z,0.0001417854985775349,0.0026968554212056634,0.0028386409197831983,0
2023-03-24T17:58:55Z,2023-03-24T17:59:00Z,0.00014824277643929332,0.0026660920457529233,0.0028143348221922166,0
2023-03-24T17:58:55Z,2023-03-24T17:59:00Z,0.0001417787211901722,0.002648731569980074,0.0027905102911702463,0
2023-03-24T17:58:55Z,2023-03-24T17:59:00Z,0.0001347584722272534,0.0026299443465598498,0.002764702818787103,0
2023-03-24T17:58:55Z,2023-03-24T17:59:00Z,0.00010319025362246978,0.0026343806313657413,0.002737570884988211,0
2023-03-24T17:58:55Z,2023-03-24T17:59:00Z,0.00010057971931981676,0.002611888774515075,0.002712468493834892,0
2023-03-24T17:58:55Z,2023-03-24T17:59:00Z,7.024715054348941e-05,0.002620924459826072,0.0026911716103695613,0
2023-03-24T17:58:55Z,2023-03-24T17:59:00Z,2.3320980976580634e-05,0.00264617342599754,0.0026694944069741208,0
2023-03-24T17:58:55Z,2023-03-24T17:59:00Z,2.58190939480445e-06,0.0026558407668482212,0.0026532588574534168,0
2023-03-24T17:58:55Z,2023-03-24T17:59:00Z,2.89440275871378e-06,0.0026472682371590814,0.0026443738344003676,0
2023-03-24T17:58:55Z,2023-03-24T17:59:00Z,8.3327922468018e-06,0.002630914210358885,0.002639247002605687,0
2023-03-24T17:58:55Z,2023-03-24T17:59:00Z,1.7245035470221312e-05,0.0026196489910612357,0.002636894026531457,0
2023-03-24T17:58:55Z,2023-03-24T17:59:00Z,2.2132370631083777e-05,0.0026125344859477245,0.0026346668565788082,0
2023-03-24T17:58:55Z,2023-03-24T17:59:00Z,1.171058479305237e-05,0.002621669352348429,0.0026333799371414815,0
2023-03-24T17:58:55Z,2023-03-24T17:59:00Z,1.5957662060348855e-06,0.0026290534027581945,0.0026306491689642294,0
2023-03-24T17:58:55Z,2023-03-24T17:59:00Z,1.254651204545161e-06,0.0026306170899888536,0.002631871741193399,0
2023-03-24T17:58:55Z,2023-03-24T17:59:00Z,1.5698201155859518e-05,0.0026171896579040544,0.002632887859059914,0
2023-03-24T17:58:55Z,2023-03-24T17:59:00Z,1.8926453886685887e-05,0.0026120168631721423,0.002630943317058828,0
2023-03-24T17:58:55Z,2023-03-24T17:59:00Z,1.5706197276588174e-05,0.002610405731164219,0.0026261119284408073,0
2023-03-24T17:58:55Z,2023-03-24T17:59:00Z,2.8246740061165128e-05,0.002593458766631275,0.00262170550669244,0
2023-03-24T17:58:55Z,2023-03-24T17:59:00Z,4.771462697214079e-06,0.0026143704840958927,0.0026191419467931068,0
2023-03-24T17:58:55Z,2023-03-24T17:59:00Z,3.276459883260483e-05,0.0025831035699067566,0.0026158681687393614,0
2023-03-24T17:58:55Z,2023-03-24T17:59:00Z,3.5546321669643194e-05,0.002580551346838239,0.0026160976685078823,0
2023-03-24T17:58:55Z,2023-03-24T17:59:00Z,3.863366642380822e-05,0.002572643279278865,0.0026112769457026733,0
2023-03-24T17:58:55Z,2023-03-24T17:59:00Z,1.7521326419063163e-05,0.002587692862293616,0.002605214188712679,0
2023-03-24T17:58:55Z,2023-03-24T17:59:00Z,1.2474932816011232e-06,0.0025967199690923293,0.0025979674623739304,0
2023-03-24T17:58:55Z,2023-03-24T17:59:00Z,4.810450726809232e-06,0.0025894699121958163,0.0025942803629226256,0
2023-03-24T17:58:55Z,2023-03-24T17:59:00Z,2.779149738120837e-06,0.00259514740090077,0.002592368251162649,0
2023-03-24T17:58:55Z,2023-03-24T17:59:00Z,1.1196790338502752e-05,0.002578554483453096,0.0025897512737915987,0
2023-03-24T17:58:55Z,2023-03-24T17:59:00Z,1.4100323981092785e-05,0.0025758620290941927,0.0025899623530752855,0
2023-03-24T17:58:55Z,2023-03-24T17:59:00Z,2.9925512144872175e-05,0.002555559840850064,0.002585485352994936,0
2023-03-24T17:58:55Z,2023-03-24T17:59:00Z,5.335841301743393e-05,0.0025312217473759317,0.0025845801603933656,0
2023-03-24T17:58:55Z,2023-03-24T17:59:00Z,5.20657255387736e-05,0.00252939049660607,0.0025814562221448435,0
2023-03-24T17:58:55Z,2023-03-24T17:59:00Z,5.4521867704919284e-05,0.002521756662952058,0.002576278530656977,0
2023-03-24T17:58:55Z,2023-03-24T17:59:00Z,4.7780497783251556e-05,0.0025212102371627823,0.002568990734946034,0
2023-03-24T17:58:55Z,2023-03-24T17:59:00Z,3.4019529227532173e-05,0.0025256007924509675,0.0025596203216784997,0
2023-03-24T17:58:55Z,2023-03-24T17:59:00Z,2.5274870771933335e-05,0.002525812991527437,0.0025510878622993704,0
2023-03-24T17:58:55Z,2023-03-24T17:59:00Z,9.91711180997265e-06,0.0025324774244331726,0.0025423945362431453,0
2023-03-24T17:58:55Z,2023-03-24T17:59:00Z,3.987012859751459e-06,0.002531814836892686,0.0025358018497524375,0
2023-03-24T17:58:55Z,2023-03-24T17:59:00Z,5.126046373479538e-06,0.002525252727796331,0.0025303787741698105,0
2023-03-24T17:58:55Z,2023-03-24T17:59:00Z,5.180215323549384e-06,0.0025222304333515884,0.002527410648675138,0
2023-03-24T17:58:55Z,2023-03-24T17:59:00Z,2.4960261360228685e-06,0.002524168495091665,0.002526664521227688,0
2023-03-24T17:58:55Z,2023-03-24T17:59:00Z,8.630993108830337e-06,0.0025171385202120474,0.0025257695133208777,0
2023-03-24T17:58:55Z,2023-03-24T17:59:00Z,1.8061332380685247e-05,0.0025080096599576435,0.0025260709923383287,0
2023-03-24T17:58:55Z,2023-03-24T17:59:00Z,1.7881237529316068e-05,0.0025076807901901707,0.0025255620277194867,0
2023-03-24T17:58:55Z,2023-03-24T17:59:00Z,3.0096325947506688e-05,0.0024932668102103147,0.0025233631361578214,0
2023-03-24T17:58:55Z,2023-03-24T17:59:00Z,3.560061243849987e-05,0.002485495998552163,0.002521096610990663,0
2023-03-24T17:58:55Z,2023-03-24T17:59:00Z,2.4851287568703005e-05,0.0024913439966441028,0.002516195284212806,0
2023-03-24T17:58:55Z,2023-03-24T17:59:00Z,1.1372765720552448e-05,0.002499032663699688,0.0025104054294202405,0
2023-03-24T17:58:55Z,2023-03-24T17:59:00Z,1.6068129233605313e-05,0.0024900987087926067,0.002506166838026212,0
2023-03-24T17:58:55Z,2023-03-24T17:59:00Z,1.965428886481404e-05,0.0024836128279549104,0.0025032671168197245,0
2023-03-24T17:58:55Z,2023-03-24T17:59:00Z,1.7912397525320957e-05,0.0024810959960070212,0.002499008393532342,0
2023-03-24T17:58:55Z,2023-03-24T17:59:00Z,1.7228577198690961e-07,0.002494989967772187,0.0024948176820002,0
2023-03-24T17:58:55Z,2023-03-24T17:59:00Z,4.5264234422902686e-06,0.0024959798974486624,0.002491453474006372,0
2023-03-24T17:58:55Z,2023-03-24T17:59:00Z,8.790498956950683e-06,0.002498657620161075,0.002489867121204124,0
2023-03-24T17:58:55Z,2023-03-24T17:59:00Z,7.1338624151292065e-06,0.0024973401195240467,0.0024902062571089175,0
2023-03-24T17:58:55Z,2023-03-24T17:59:00Z,3.2183956670773714e-06,0.0024886330641429545,0.002491851459810032,0
2023-03-24T17:58:55Z,2023-03-24T17:59:00Z,1.1133980712194156e-05,0.002503734955882219,0.002492600975170025,0
2023-03-24T17:58:55Z,2023-03-24T17:59:00Z,1.9702727817921296e-05,0.002511003753043354,0.002491301025225433,0
2023-03-24T17:58:55Z,2023-03-24T17:59:00Z,3.075143308160994e-05,0.0025237569891932445,0.0024930055561116346,0
2023-03-24T17:58:55Z,2023-03-24T17:59:00Z,1.3689162459166668e-05,0.002510118584206857,0.0024964294217476903,0
2023-03-24T17:58:55Z,2023-03-24T17:59:00Z,4.410259322266616e-06,0.0024973517865737012,0.002501762045895968,0
2023-03-24T17:58:55Z,2023-03-24T17:59:00Z,5.317625613402571e-06,0.002498335497336899,0.0025036531229503016,0
2023-03-24T17:58:55Z,2023-03-24T17:59:00Z,1.760541630429959e-05,0.0024862191927866317,0.0025038246090909313,0
2023-03-24T17:58:55Z,2023-03-24T17:59:00Z,8.215989869163852e-06,0.0025120003336070737,0.00250378434373791,0
2023-03-24T17:58:55Z,2023-03-24T17:59:00Z,1.5005365998480447e-05,0.002517399593894213,0.0025023942278957325,0
2023-03-24T17:58:55Z,2023-03-24T17:59:00Z,2.49056039726284e-05,0.002530220740551376,0.0025053151365787476,0
2023-03-24T17:58:55Z,2023-03-24T17:59:00Z,6.048141855791167e-05,0.0025675046348881585,0.002507023216330247,0
2023-03-24T17:58:55Z,2023-03-24T17:59:00Z,6.357193522316075e-05,0.0025729972749919104,0.0025094253397687496,0
2023-03-24T17:58:55Z,2023-03-24T17:59:00Z,6.523988738993359e-05,0.002580133682870547,0.0025148937954806135,0
2023-03-24T17:58:55Z,2023-03-24T17:59:00Z,6.477572539969169e-05,0.0025875293572284372,0.0025227536318287455,0
2023-03-24T17:58:55Z,2023-03-24T17:59:00Z,4.70077818688153e-05,0.0025801091507346666,0.0025331013688658513,0
2023-03-24T17:58:55Z,2023-03-24T17:59:00Z,2.865234304397224e-05,0.0025729029443962654,0.002544250601352293,0
2023-03-24T17:58:55Z,2023-03-24T17:59:00Z,2.9808333380462217e-05,0.0025857951794762603,0.002555986846095798,0
2023-03-24T17:58:55Z,2023-03-24T17:59:00Z,1.6335125403298557e-05,0.002579934797847745,0.0025635996724444467,0
2023-03-24T17:58:55Z,2023-03-24T17:59:00Z,1.335585164939819e-05,0.002585504972291601,0.002572149120642203,0
2023-03-24T17:58:55Z,2023-03-24T17:59:00Z,6.262819275378376e-07,0.002577737095876711,0.002578363377804249,0
2023-03-24T17:58:55Z,2023-03-24T17:59:00Z,7.7094874707034e-06,0.0025883229074503827,0.0025806134199796793,0
2023-03-24T17:58:55Z,2023-03-24T17:59:00Z,1.5982413607306713e-05,0.0025971883111975858,0.002581205897590279,0
2023-03-24T17:58:55Z,2023-03-24T17:59:00Z,2.6147852329024435e-05,0.0026083774029917834,0.002582229550662759,0
2023-03-24T17:58:55Z,2023-03-24T17:59:00Z,3.055553883042758e-05,0.00261399245873933,0.0025834369199089022,0
2023-03-24T17:58:55Z,2023-03-24T17:59:00Z,4.0614884269250286e-05,0.002627585335710292,0.0025869704514410417,0
2023-03-24T17:58:55Z,2023-03-24T17:59:00Z,4.390284960988479e-05,0.0026360094903438093,0.0025921066407339245,0
2023-03-24T17:58:55Z,2023-03-24T17:59:00Z,4.122519612310407e-05,0.002638555606386283,0.002597330410263179,0
2023-03-24T17:58:55Z,2023-03-24T17:59:00Z,3.878046957056904e-05,0.002643120216395756,0.002604339746825187,0
2023-03-24T17:58:55Z,2023-03-24T17:59:00Z,3.55934410896739e-05,0.002646564517176696,0.0026109710760870222,0
2023-03-24T17:58:55Z,2023-03-24T17:59:00Z,3.509488320321483e-05,0.0026542388493551172,0.0026191439661519024,0
2023-03-24T17:58:55Z,2023-03-24T17:59:00Z,4.1582966635866046e-05,0.0026680071340035583,0.0026264241673676922,0
2023-03-24T17:58:55Z,2023-03-24T17:59:00Z,2.9841243256708682e-05,0.002663396727894092,0.0026335554846373833,0
2023-03-24T17:58:55Z,2023-03-24T17:59:00Z,1.9419680364189153e-05,0.0026604288813780446,0.0026410092010138555,0
2023-03-24T17:58:55Z,2023-03-24T17:59:00Z,1.335469890510364e-05,0.002660539433563304,0.0026471847346582005,0
2023-03-24T17:58:55Z,2023-03-24T17:59:00Z,1.6189383528091017e-05,0.002667479561394761,0.00265129017786667,0
2023-03-24T17:58:55Z,2023-03-24T17:59:00Z,1.4232277638945127e-06,0.0026529331930052118,0.0026543564207691063,0
2023-03-24T17:58:55Z,2023-03-24T17:59:00Z,9.219633717025884e-06,0.0026487522814281402,0.002657971915145166,0
2023-03-24T17:58:55Z,2023-03-24T17:59:00Z,1.5142902341639015e-05,0.0026440556348797093,0.0026591985372213483,0
2023-03-24T17:58:55Z,2023-03-24T17:59:00Z,3.0424062164659087e-05,0.0026290479455881198,0.002659472007752779,0
2023-03-24T17:58:55Z,2023-03-24T17:59:00Z,1.639861284652216e-05,0.0026418004930968304,0.0026581991059433526,0
2023-03-24T17:58:55Z,2023-03-24T17:59:00Z,1.1368867070853366e-05,0.0026419603403205695,0.002653329207391423,0
2023-03-24T17:58:55Z,2023-03-24T17:59:00Z,5.0036380404220974e-06,0.0026456260400013433,0.0026506296780417654,0
2023-03-24T17:58:55Z,2023-03-24T17:59:00Z,8.569039953690034e-06,0.002639752070455891,0.002648321110409581,0
2023-03-24T17:58:55Z,2023-03-24T17:59:00Z,1.5826910085354768e-05,0.002630630026128981,0.002646456936214336,0
2023-03-24T17:58:55Z,2023-03-24T17:59:00Z,1.0162478990769983e-05,0.002632828520856207,0.002642990999846977,0
2023-03-24T17:58:55Z,2023-03-24T17:59:00Z,9.759318600107477e-06,0.0026304437853873408,0.0026402031039874482,0
2023-03-24T17:58:55Z,2023-03-24T17:59:00Z,1.7047809934528802e-05,0.0026211648239814274,0.002638212633915956,0
2023-03-24T17:58:55Z,2023-03-24T17:59:00Z,2.050020543881712e-05,0.0026160109472905934,0.0026365111527294105,0
2023-03-24T17:58:55Z,2023-03-24T17:59:00Z,2.2098293016777418e-05,0.0026134274695117964,0.002635525762528574,0
2023-03-24T17:58:55Z,2023-03-24T17:59:00Z,2.4405317932767265e-05,0.0026078967513700267,0.002632302069302794,0
2023-03-24T17:58:55Z,2023-03-24T17:59:00Z,2.2118730202149404e-05,0.0026066167302495483,0.0026287354604516977,0
2023-03-24T17:58:55Z,2023-03-24T17:59:00Z,1.9909853514993303e-05,0.0026041094458577893,0.0026240192993727826,0
2023-03-24T17:58:55Z,2023-03-24T17:59:00Z,3.9190411110119616e-05,0.0025806869707368707,0.0026198773818469903,0
2023-03-24T17:58:55Z,2023-03-24T17:59:00Z,3.26803818403369e-05,0.002583881927472754,0.002616562309313091,0
2023-03-24T17:58:55Z,2023-03-24T17:59:00Z,3.0349173443937425e-05,0.002579695442104237,0.0026100446155481742,0
2023-03-24T17:58:55Z,2023-03-24T17:59:00Z,2.3820744096374278e-05,0.002580403639212476,0.0026042243833088504,0
2023-03-24T17:58:55Z,2023-03-24T17:59:00Z,3.935924851991698e-05,0.0025596814620542853,0.0025990407105742023,0
2023-03-24T17:58:55Z,2023-03-24T17:59:00Z,3.0299011386111362e-05,0.002564290785678326,0.0025945897970644375,0
2023-03-24T17:58:55Z,2023-03-24T17:59:00Z,3.815806375015917e-05,0.002549713482382089,0.002587871546132248,0
2023-03-24T17:58:55Z,2023-03-24T17:59:00Z,4.0432067801024745e-05,0.002541988732619761,0.002582420800420786,0
2023-03-24T17:58:55Z,2023-03-24T17:59:00Z,6.0475143847027544e-05,0.0025148327505903263,0.002575307894437354,0
2023-03-24T17:58:55Z,2023-03-24T17:59:00Z,7.944105994925864e-05,0.0024881017453333414,0.0025675428052826,0
2023-03-24T17:58:55Z,2023-03-24T17:59:00Z,7.441836019728316e-05,0.002484892667566999,0.002559311027764282,0
2023-03-24T17:58:55Z,2023-03-24T17:59:00Z,6.996732342229436e-05,0.002477371181574561,0.002547338504996855,0
2023-03-24T17:58:55Z,2023-03-24T17:59:00Z,7.058493852566501e-05,0.002464903219654036,0.002535488158179701,0
2023-03-24T17:58:55Z,2023-03-24T17:59:00Z,6.636153992301995e-05,0.0024562475610519414,0.0025226091009749613,0
2023-03-24T17:58:55Z,2023-03-24T17:59:00Z,7.304230786378063e-05,0.0024377195128111495,0.00251076182067493,0
2023-03-24T17:58:55Z,2023-03-24T17:59:00Z,6.244200269294072e-05,0.002434814414903691,0.0024972564175966315,0
2023-03-24T17:58:55Z,2023-03-24T17:59:00Z,5.028359927119683e-05,0.002432973572129068,0.0024832571714002646,0
2023-03-24T17:58:55Z,2023-03-24T17:59:00Z,4.110237732689835e-05,0.0024287580043588575,0.002469860381685756,0
2023-03-24T17:58:55Z,2023-03-24T17:59:00Z,3.5060240029563886e-05,0.0024245677443485345,0.0024596279843780984,0
2023-03-24T17:58:55Z,2023-03-24T17:59:00Z,9.86011637895811e-06,0.00244234990037733,0.002452210016756288,0
2023-03-24T17:58:55Z,2023-03-24T17:59:00Z,2.15696880705293e-06,0.0024468263701610325,0.0024446694013539796,0
2023-03-24T17:58:55Z,2023-03-24T17:59:00Z,1.1439422948159375e-05,0.0024517311641524854,0.002440291741204326,0
2023-03-24T17:58:55Z,2023-03-24T17:59:00Z,2.8699013626715293e-05,0.002466731148644416,0.0024380321350177007,0
2023-03-24T17:58:55Z,2023-03-24T17:59:00Z,2.5790644503731995e-05,0.0024632582299090005,0.0024374675854052686,0
2023-03-24T17:58:55Z,2023-03-24T17:59:00Z,2.287875620285689e-05,0.002463972796087284,0.002441094039884427,0
2023-03-24T17:58:55Z,2023-03-24T17:59:00Z,1.995255683946099e-05,0.0024646020735995516,0.0024446495167600906,0
2023-03-24T17:58:55Z,2023-03-24T17:59:00Z,3.833321666233151e-05,0.002486857636417199,0.0024485244197548677,0
2023-03-24T17:58:55Z,2023-03-24T17:59:00Z,4.871602112026859e-05,0.002501720949530223,0.0024530049284099543,0
2023-03-24T17:58:55Z,2023-03-24T17:59:00Z,4.644343856305237e-05,0.00250723460348159,0.0024607911649185375,0
2023-03-24T17:58:55Z,2023-03-24T17:59:00Z,2.7343472032571002e-05,0.00249555601809522,0.002468212546062649,0
2023-03-24T17:58:55Z,2023-03-24T17:59:00Z,1.929724928418329e-05,0.002495060824511902,0.0024757635752277185,0
2023-03-24T17:58:55Z,2023-03-24T17:59:00Z,1.4941531445414238e-05,0.0024961832134159745,0.0024812416819705602,0
2023-03-24T17:58:55Z,2023-03-24T17:59:00Z,1.32981485874103e-05,0.0024980810400414065,0.002484782891453996,0
2023-03-24T17:58:55Z,2023-03-24T17:59:00Z,7.205054610195851e-06,0.0024961035690025638,0.002488898514392368,0
2023-03-24T17:58:55Z,2023-03-24T17:59:00Z,3.936137425864048e-06,0.0024970981823124972,0.002493162044886633,0
2023-03-24T17:58:55Z,2023-03-24T17:59:00Z,2.8568856481848634e-07,0.0024973854203768284,0.00249709973181201,0
2023-03-24T17:58:55Z,2023-03-24T17:59:00Z,9.227422299527051e-06,0.0025076072223484494,0.0024983798000489223,0
2023-03-24T17:58:55Z,2023-03-24T17:59:00Z,9.56667840276747e-06,0.0025074045373075153,0.002497837858904748,0
2023-03-24T17:58:55Z,2023-03-24T17:59:00Z,1.478870172728474e-05,0.00251267313799039,0.002497884436263105,0
2023-03-24T17:58:55Z,2023-03-24T17:59:00Z,2.2900359093834706e-05,0.0025222658602584765,0.002499365501164642,0
2023-03-24T17:58:55Z,2023-03-24T17:59:00Z,2.7914866803099327e-05,0.002529481907152553,0.0025015670403494535,0
2023-03-24T17:58:55Z,2023-03-24T17:59:00Z,1.4235216447000109e-05,0.002519062587651766,0.002504827371204766,0
2023-03-24T17:58:55Z,2023-03-24T17:59:00Z,2.30412977542554e-05,0.002531793777347915,0.0025087524795936594,0
2023-03-24T17:58:55Z,2023-03-24T17:59:00Z,1.3078442655273682e-05,0.002524700799580083,0.0025116223569248094,0
2023-03-24T17:58:55Z,2023-03-24T17:59:00Z,2.5769126732573793e-05,0.0025417284330368104,0.0025159593063042367,0
2023-03-24T17:58:55Z,2023-03-24T17:59:00Z,4.888260874514423e-05,0.002568256337449788,0.0025193737287046436,0
2023-03-24T17:58:55Z,2023-03-24T17:59:00Z,4.4886975094815713e-05,0.0025685258551355044,0.0025236388800406887,0
2023-03-24T17:58:55Z,2023-03-24T17:59:00Z,3.862806243413617e-05,0.002569873417492609,0.0025312453550584727,0
2023-03-24T17:58:55Z,2023-03-24T17:59:00Z,5.4294431356167235e-05,0.0025925213760577795,0.0025382269447016123,0
2023-03-24T17:58:55Z,2023-03-24T17:59:00Z,5.889729866409522e-05,0.002603075188019974,0.0025441778893558788,0
2023-03-24T17:58:55Z,2023-03-24T17:59:00Z,6.447843899814098e-05,0.002616536261967173,0.002552057822969032,0
2023-03-24T17:58:55Z,2023-03-24T17:59:00Z,7.26909679137867e-05,0.0026352503659288445,0.002562559398015058,0
2023-03-24T17:58:55Z,2023-03-24T17:59:00Z,6.653020308536447e-05,0.00263968241167783,0.0025731522085924653,0
2023-03-24T17:58:55Z,2023-03-24T17:59:00Z,6.104299318855557e-05,0.0026480138975746156,0.00258697090438606,0
2023-03-24T17:58:55Z,2023-03-24T17:59:00Z,5.2067394195305997e-05,0.0026512825459114936,0.0025992151517161876,0
2023-03-24T17:58:55Z,2023-03-24T17:59:00Z,2.76669260719899e-05,0.002636851772803781,0.002609184846731791,0
2023-03-24T17:58:55Z,2023-03-24T17:59:00Z,1.4497156215334539e-05,0.0026340265892941246,0.00261952943307879,0
2023-03-24T17:58:55Z,2023-03-24T17:59:00Z,3.147167910875961e-06,0.0026247545595818106,0.0026279017274926865,0
2023-03-24T17:58:55Z,2023-03-24T17:59:00Z,8.63171052600505e-06,0.0026244581686212247,0.0026330898791472298,0
2023-03-24T17:58:55Z,2023-03-24T17:59:00Z,2.9167463415216005e-05,0.002606632337177243,0.002635799800592459,0
2023-03-24T17:58:55Z,2023-03-24T17:59:00Z,2.285430029047358e-05,0.002613935738633742,0.0026367900389242154,0
2023-03-24T17:58:55Z,2023-03-24T17:59:00Z,1.1449523394023182e-05,0.0026217632619362423,0.0026332127853302655,0
2023-03-24T17:58:55Z,2023-03-24T17:59:00Z,1.656360279772952e-05,0.0026134308484020248,0.0026299944511997543,0
2023-03-24T17:58:55Z,2023-03-24T17:59:00Z,1.2756026700592744e-05,0.002613957095044365,0.0026267131217449576,0
2023-03-24T17:58:55Z,2023-03-24T17:59:00Z,2.194599333991097e-05,0.002600035666216363,0.002621981659556274,0
2023-03-24T17:58:55Z,2023-03-24T17:59:00Z,2.0129825413319098e-05,0.002598989999423028,0.0026191198248363473,0
2023-03-24T17:58:55Z,2023-03-24T17:59:00Z,2.273158752817434e-06,0.0026125978006988093,0.0026148709594516267,0
2023-03-24T17:58:55Z,2023-03-24T17:59:00Z,7.1228039964757635e-06,0.0026045275854353032,0.002611650389431779,0
2023-03-24T17:58:55Z,2023-03-24T17:59:00Z,3.3684199814516466e-06,0.0026067994234600256,0.0026101678434414773,0
2023-03-24T17:58:55Z,2023-03-24T17:59:00Z,8.680009422513176e-06,0.0026185847588962477,0.0026099047494737345,0
2023-03-24T17:58:55Z,2023-03-24T17:59:00Z,4.661213841508291e-06,0.0026043514962355114,0.0026090127100770197,0
2023-03-24T17:58:55Z,2023-03-24T17:59:00Z,5.589322876380868e-06,0.0026142047200734017,0.002608615397197021,0
2023-03-24T17:58:55Z,2023-03-24T17:59:00Z,1.0663092479074043e-05,0.0026181435706552807,0.0026074804781762067,0
2023-03-24T17:58:55Z,2023-03-24T17:59:00Z,1.2529394791334011e-05,0.0026200408260961703,0.0026075114313048363,0
2023-03-24T17:58:55Z,2023-03-24T17:59:00Z,8.582440207628196e-06,0.002618357359567329,0.002609774919359701,0
2023-03-24T17:58:55Z,2023-03-24T17:59:00Z,5.278287587744904e-06,0.0026071279851060986,0.0026124062726938435,0
2023-03-24T17:58:55Z,2023-03-24T17:59:00Z,4.042116666234507e-06,0.002609084100886174,0.0026131262175524087,0
2023-03-24T17:58:55Z,2023-03-24T17:59:00Z,2.3271505764293782e-05,0.0025901797617469643,0.002613451267511258,0
2023-03-24T17:58:55Z,2023-03-24T17:59:00Z,2.5026750170916746e-05,0.00258871010201861,0.0026137368521895266,0
2023-03-24T17:58:55Z,2023-03-24T17:59:00Z,2.005676636017634e-05,0.00259012946118569,0.0026101862275458663,0
2023-03-24T17:58:55Z,2023-03-24T17:59:00Z,2.6774534223769197e-05,0.0025814565190449843,0.0026082310532687535,0
2023-03-24T17:58:55Z,2023-03-24T17:59:00Z,3.6633453969267885e-05,0.0025685881919385216,0.0026052216459077895,0
2023-03-24T17:58:55Z,2023-03-24T17:59:00Z,3.969399507003932e-05,0.002560941769386463,0.0026006357644565025,0
2023-03-24T17:58:55Z,2023-03-24T17:59:00Z,3.702644218079058e-05,0.002557177743006006,0.0025942041851867966,0
2023-03-24T17:58:55Z,2023-03-24T17:59:00Z,3.1092687077960424e-05,0.0025559345493362277,0.002587027236414188,0
2023-03-24T17:58:55Z,2023-03-24T17:59:00Z,3.744693720253954e-05,0.0025433365189491373,0.002580783456151677,0
2023-03-24T17:58:55Z,2023-03-24T17:59:00Z,2.2072509088963844e-05,0.0025520672531189697,0.0025741397622079335,0
2023-03-24T17:58:55Z,2023-03-24T17:59:00Z,3.618319853327572e-05,0.0025321011583249293,0.002568284356858205,0
2023-03-24T17:58:55Z,2023-03-24T17:59:00Z,3.099184199247982e-05,0.00253271215875327,0.00256370400074575,0
2023-03-24T17:58:55Z,2023-03-24T17:59:00Z,3.5611956958955283e-05,0.0025208385059291996,0.002556450462888155,0
2023-03-24T17:58:55Z,2023-03-24T17:59:00Z,2.398354555721658e-05,0.0025263738722944742,0.002550357417851691,0
2023-03-24T17:58:55Z,2023-03-24T17:59:00Z,1.488780621872578e-05,0.0025295009008817998,0.0025443887071005256,0
2023-03-24T17:58:55Z,2023-03-24T17:59:00Z,1.9160016711135784e-06,0.002538151718292913,0.002540067719964027,0
2023-03-24T17:58:55Z,2023-03-24T17:59:00Z,8.817612753571347e-06,0.0025277905019449294,0.002536608114698501,0
2023-03-24T17:58:55Z,2023-03-24T17:59:00Z,1.2942326500160403e-05,0.0025214429343179265,0.002534385260818087,0
2023-03-24T17:58:55Z,2023-03-24T17:59:00Z,3.16873345045229e-06,0.0025292732752421085,0.0025324420086925608,0
2023-03-24T17:58:55Z,2023-03-24T17:59:00Z,4.685052278097148e-06,0.002523928916564333,0.00252861396884243,0
2023-03-24T17:58:55Z,2023-03-24T17:59:00Z,9.923244018446298e-06,0.002518337239438631,0.0025282604834570774,0
2023-03-24T17:58:55Z,2023-03-24T17:59:00Z,1.2392931311133639e-05,0.002514769646872327,0.0025271625781834606,0
2023-03-24T17:58:55Z,2023-03-24T17:59:00Z,2.9329626840447418e-05,0.0024975202930316923,0.0025268499198721397,0
2023-03-24T17:58:55Z,2023-03-24T17:59:00Z,2.1192737198315586e-05,0.0025042066544960556,0.002525399391694371,0
2023-03-24T17:58:55Z,2023-03-24T17:59:00Z,2.1939128515745688e-05,0.002499462687197362,0.0025214018157131077,0
2023-03-24T17:58:55Z,2023-03-24T17:59:00Z,3.2086251556135044e-05,0.0024850724311823655,0.0025171586827385005,0
2023-03-24T17:58:55Z,2023-03-24T17:59:00Z,1.7798314070693357e-05,0.002495819391824361,0.0025136177058950543,0
2023-03-24T17:58:55Z,2023-03-24T17:59:00Z,3.097454000949374e-05,0.002478096852993616,0.0025090713930031095,0
2023-03-24T17:58:55Z,2023-03-24T17:59:00Z,3.081748364233347e-05,0.0024740721739335576,0.002504889657575891,0
2023-03-24T17:58:55Z,2023-03-24T17:59:00Z,2.4576904316740093e-05,0.0024745837453128113,0.0024991606496295514,0
2023-03-24T17:58:55Z,2023-03-24T17:59:00Z,2.8203897211768504e-05,0.0024654236192296485,0.002493627516441417,0
2023-03-24T17:58:55Z,2023-03-24T17:59:00Z,1.7611958519761235e-05,0.0024709923202267167,0.002488604278746478,0
2023-03-24T17:58:55Z,2023-03-24T17:59:00Z,5.155632905565373e-06,0.0024794365616156566,0.002484592194521222,0
2023-03-24T17:58:55Z,2023-03-24T17:59:00Z,3.7749748667205603e-06,0.0024842153776042752,0.0024804404027375547,0
2023-03-24T17:58:55Z,2023-03-24T17:59:00Z,5.887050682714095e-06,0.0024838241877225557,0.0024779371370398416,0
2023-03-24T17:58:55Z,2023-03-24T17:59:00Z,6.336824840472415e-06,0.002484166830183053,0.0024778300053425804,0
2023-03-24T17:58:55Z,2023-03-24T17:59:00Z,3.380979825293217e-05,0.002510140403082787,0.0024763306048298547,0
2023-03-24T17:58:55Z,2023-03-24T17:59:00Z,2.4898360878387264e-05,0.0025019877128569213,0.002477089351978534,0
2023-03-24T17:58:55Z,2023-03-24T17:59:00Z,2.2604624232956845e-05,0.002504202504855145,0.0024815978806221883,0
2023-03-24T17:58:55Z,2023-03-24T17:59:00Z,1.406872224389696e-05,0.002499092098809099,0.002485023376565202,0
2023-03-24T17:58:55Z,2023-03-24T17:59:00Z,1.3818593547375389e-05,0.002503689330815764,0.0024898707372683886,0
2023-03-24T17:58:55Z,2023-03-24T17:59:00Z,5.945038895608778e-06,0.0024993282484867953,0.0024933832095911865,0
2023-03-24T17:58:55Z,2023-03-24T17:59:00Z,1.1918519106138802e-05,0.002508333324847339,0.0024964148057412,0
2023-03-24T17:58:55Z,2023-03-24T17:59:00Z,2.4099625906348968e-06,0.00250071387719215,0.002498303914601515,0
2023-03-24T17:58:55Z,2023-03-24T17:59:00Z,9.280657393957812e-06,0.0025106482141360703,0.0025013675567421125,0
2023-03-24T17:58:55Z,2023-03-24T17:59:00Z,6.591507926444196e-06,0.002496844429691806,0.00250343593761825,0
2023-03-24T17:58:55Z,2023-03-24T17:59:00Z,2.369740446457949e-06,0.0025058691544463684,0.0025034994139999105,0
2023-03-24T17:58:55Z,2023-03-24T17:59:00Z,1.2066694446871782e-05,0.002490789809157399,0.0025028565036042706,0
2023-03-24T17:58:55Z,2023-03-24T17:59:00Z,5.947158144502338e-06,0.0024971176766586715,0.002503064834803174,0
2023-03-24T17:58:55Z,2023-03-24T17:59:00Z,4.295185138937681e-06,0.0024977318634577736,0.0025020270485967113,0
2023-03-24T17:58:55Z,2023-03-24T17:59:00Z,1.426188401510136e-05,0.0024869437078119737,0.002501205591827075,0
2023-03-24T17:58:55Z,2023-03-24T17:59:00Z,3.215300221869619e-05,0.0024688530414797506,0.002501006043698447,0
2023-03-24T17:58:55Z,2023-03-24T17:59:00Z,2.1820576407400195e-05,0.0024765117651616266,0.0024983323415690268,0
2023-03-24T17:58:55Z,2023-03-24T17:59:00Z,2.4838808720828703e-05,0.002469510928384148,0.0024943497371049768,0
2023-03-24T17:58:55Z,2023-03-24T17:59:00Z,1.932932461018444e-05,0.0024707533563729867,0.002490082680983171,0
2023-03-24T17:58:55Z,2023-03-24T17:59:00Z,5.622339312784299e-06,0.0024810436540069294,0.0024866659933197137,0
2023-03-24T17:58:55Z,2023-03-24T17:59:00Z,9.847523914506724e-07,0.0024812917661690905,0.002482276518560541,0
2023-03-24T17:58:55Z,2023-03-24T17:59:00Z,7.751513449767364e-06,0.0024888097626165,0.0024810582491667328,0
2023-03-24T17:58:55Z,2023-03-24T17:59:00Z,1.4894995864983898e-05,0.0024939750062205187,0.002479080010355535,0
2023-03-24T17:58:55Z,2023-03-24T17:59:00Z,9.742224065806791e-06,0.0024877069718161823,0.0024779647477503755,0
2023-03-24T17:58:55Z,2023-03-24T17:59:00Z,1.7914354136758497e-05,0.0024967580141882022,0.0024788436600514437,0
2023-03-24T17:58:55Z,2023-03-24T17:59:00Z,1.746897672163161e-05,0.0024986693780651294,0.0024812004013434977,0
2023-03-24T17:58:55Z,2023-03-24T17:59:00Z,5.572079116739764e-07,0.002483173974560146,0.00248373118247182,0
2023-03-24T17:58:55Z,2023-03-24T17:59:00Z,2.336648904939769e-05,0.0025107424777313404,0.0024873759886819427,0
2023-03-24T17:58:55Z,2023-03-24T17:59:00Z,1.19748773886744e-05,0.002500903443344012,0.0024889285659553378,0
2023-03-24T17:58:55Z,2023-03-24T17:59:00Z,1.1886708710485278e-05,0.002504527627631374,0.0024926409189208886,0
2023-03-24T17:58:55Z,2023-03-24T17:59:00Z,1.589955232767599e-05,0.0025109919308954304,0.0024950923785677544,0
2023-03-24T17:58:55Z,2023-03-24T17:59:00Z,6.707799022574561e-06,0.0024903493126720386,0.002497057111694613,0
2023-03-24T17:58:55Z,2023-03-24T17:59:00Z,8.197401253341903e-06,0.0024909868260256356,0.0024991842272789775,0
2023-03-24T17:58:55Z,2023-03-24T17:59:00Z,1.5466422864779655e-05,0.0024840480970211797,0.0024995145198859594,0
2023-03-24T17:58:55Z,2023-03-24T17:59:00Z,1.7434366709714877e-05,0.0024813587546559236,0.0024987931213656385,0
2023-03-24T17:58:55Z,2023-03-24T17:59:00Z,1.4780531416670913e-05,0.002482184929818474,0.002496965461235145,0
2023-03-24T17:58:55Z,2023-03-24T17:59:00Z,1.7587859265505e-05,0.002479150699481612,0.002496738558747117,0
2023-03-24T17:58:55Z,2023-03-24T17:59:00Z,1.4823188998461159e-05,0.0024783456762595478,0.002493168865258009,0
2023-03-24T17:58:55Z,2023-03-24T17:59:00Z,1.8507915012005906e-05,0.0024719418572632028,0.0024904497722752087,0
2023-03-24T17:58:55Z,2023-03-24T17:59:00Z,3.801047538337741e-06,0.002490978075892068,0.00248717702835373,0
2023-03-24T17:58:55Z,2023-03-24T17:59:00Z,1.0740563625671277e-05,0.0024715552055240304,0.0024822957691497016,0
2023-03-24T17:58:55Z,2023-03-24T17:59:00Z,5.947544819744945e-06,0.0024764268197324606,0.0024823743645522056,0
2023-03-24T17:58:55Z,2023-03-24T17:59:00Z,8.16713733496361e-06,0.0024717782746545413,0.002479945411989505,0
2023-03-24T17:58:55Z,2023-03-24T17:59:00Z,1.1930553187188605e-05,0.0024670621991412264,0.002478992752328415,0
2023-03-24T17:58:55Z,2023-03-24T17:59:00Z,7.642642920797742e-06,0.0024701525494074447,0.0024777951923282424,0
2023-03-24T17:58:55Z,2023-03-24T17:59:00Z,2.859960946894561e-06,0.002473044890046692,0.0024759048509935865,0
2023-03-24T17:58:55Z,2023-03-24T17:59:00Z,1.0690720212772065e-05,0.002464089362021543,0.002474780082234315,0
2023-03-24T17:58:55Z,2023-03-24T17:59:00Z,1.5185018013533832e-05,0.0024589324659441748,0.0024741174839577086,0
2023-03-24T17:58:55Z,2023-03-24T17:59:00Z,2.045761140707751e-05,0.0024526783106454232,0.0024731359220525008,0
2023-03-24T17:58:55Z,2023-03-24T17:59:00Z,1.8611567936729304e-05,0.002450518652872285,0.0024691302208090142,0
2023-03-24T17:58:55Z,2023-03-24T17:59:00Z,1.7002515542333986e-05,0.0024497680934068545,0.0024667706089491885,0
2023-03-24T17:58:55Z,2023-03-24T17:59:00Z,1.0871327264171029e-05,0.0024744034153558374,0.0024635320880916664,0
2023-03-24T17:58:55Z,2023-03-24T17:59:00Z,2.6366420748975047e-05,0.0024871472361846806,0.0024607808154357056,0
2023-03-24T17:58:55Z,2023-03-24T17:59:00Z,3.8987527464639116e-05,0.002500685994927171,0.002461698467462532,0
2023-03-24T17:58:55Z,2023-03-24T17:59:00Z,3.818260913293929e-05,0.0025020054124426255,0.002463822803309686,0
2023-03-24T17:58:55Z,2023-03-24T17:59:00Z,3.5952778652133775e-05,0.00250323072007188,0.0024672779414197463,0
2023-03-24T17:58:55Z,2023-03-24T17:59:00Z,3.5368317365928274e-05,0.00250738576508831,0.0024720174477223817,0
2023-03-24T17:58:55Z,2023-03-24T17:59:00Z,3.228402109550386e-05,0.0025098387505838485,0.0024775547294883446,0
2023-03-24T17:58:55Z,2023-03-24T17:59:00Z,3.34302491829825e-05,0.002517823410476688,0.0024843931612937055,0
2023-03-24T17:58:55Z,2023-03-24T17:59:00Z,2.331954056270999e-05,0.002515127714070361,0.002491808173507651,0
2023-03-24T17:58:55Z,2023-03-24T17:59:00Z,1.5670812318274458e-05,0.0025159859004596544,0.00250031508814138,0
2023-03-24T17:58:55Z,2023-03-24T17:59:00Z,2.6441129333732837e-05,0.0025318467548144283,0.0025054056254806955,0
2023-03-24T17:58:55Z,2023-03-24T17:59:00Z,3.185304842050858e-05,0.002540863506935576,0.0025090104585150674,0
2023-03-24T17:58:55Z,2023-03-24T17:59:00Z,2.2734025556944964e-05,0.0025356395790579194,0.0025129055535009744,0
2023-03-24T17:58:55Z,2023-03-24T17:59:00Z,3.1063180370558344e-05,0.0025488259956831516,0.0025177628153125933,0
2023-03-24T17:58:55Z,2023-03-24T17:59:00Z,3.457071604507766e-05,0.002556384638730926,0.0025218139226858482,0
2023-03-24T17:58:55Z,2023-03-24T17:59:00Z,3.680151921088646e-05,0.00256379547072109,0.0025269939515102035,0
2023-03-24T17:58:55Z,2023-03-24T17:59:00Z,4.543056981820993e-05,0.002578242757346798,0.002532812187528588,0
2023-03-24T17:58:55Z,2023-03-24T17:59:00Z,3.625788035060843e-05,0.002574816575409747,0.0025385586950591385,0
2023-03-24T17:58:55Z,2023-03-24T17:59:00Z,3.6284163553596156e-05,0.002582732239022289,0.0025464480754686927,0
2023-03-24T17:58:55Z,2023-03-24T17:59:00Z,2.188122818983342e-05,0.0025756831380272876,0.002553801909837454,0
2023-03-24T17:58:55Z,2023-03-24T17:59:00Z,2.0127300554918185e-05,0.002580289895918355,0.002560162595363437,0
2023-03-24T17:58:55Z,2023-03-24T17:59:00Z,2.504372162829378e-05,0.0025895587708781947,0.002564515049249901,0
2023-03-24T17:58:55Z,2023-03-24T17:59:00Z,2.4589415167827408e-05,0.0025946857540252825,0.002570096338857455,0
2023-03-24T17:58:55Z,2023-03-24T17:59:00Z,3.7039501645984296e-05,0.00261222743740282,0.0025751879357568358,0
2023-03-24T17:58:55Z,2023-03-24T17:59:00Z,3.883058187725483e-05,0.0026188061570458854,0.0025799755751686306,0
2023-03-24T17:58:55Z,2023-03-24T17:59:00Z,4.855108626349242e-05,0.002634580657267339,0.0025860295710038467,0
2023-03-24T17:58:55Z,2023-03-24T17:59:00Z,5.82819364856272e-05,0.0026493819324518598,0.0025910999959662326,0
2023-03-24T17:58:55Z,2023-03-24T17:59:00Z,5.599638398524681e-05,0.0026545668901836786,0.002598570506198432,0
2023-03-24T17:58:55Z,2023-03-24T17:59:00Z,5.7383767238047226e-05,0.002664285485115175,0.002606901717877128,0
2023-03-24T17:58:55Z,2023-03-24T17:59:00Z,5.148527380069304e-05,0.00266824746069737,0.002616762186896677,0
2023-03-24T17:58:55Z,2023-03-24T17:59:00Z,4.621878297234256e-05,0.002673480418518622,0.0026272616355462793,0
2023-03-24T17:58:55Z,2023-03-24T17:59:00Z,5.8252105032852164e-05,0.0026953498268065287,0.0026370977217736766,0
2023-03-24T17:58:55Z,2023-03-24T17:59:00Z,6.03588497313139e-05,0.002707305904566658,0.002646947054835344,0
2023-03-24T17:58:55Z,2023-03-24T17:59:00Z,6.257719841100016e-05,0.0027199145519218077,0.0026573373535108075,0
2023-03-24T17:58:55Z,2023-03-24T17:59:00Z,4.9005229552551415e-05,0.0027174050515034556,0.002668399821950904,0
2023-03-24T17:58:55Z,2023-03-24T17:59:00Z,4.197944673109584e-05,0.0027210460055138086,0.0026790665587827127,0
2023-03-24T17:58:55Z,2023-03-24T17:59:00Z,2.417043266941029e-05,0.0027117398813335724,0.002687569448664162,0
2023-03-24T17:58:55Z,2023-03-24T17:59:00Z,1.834986315849647e-05,0.0027142292012389247,0.0026958793380804282,0
2023-03-24T17:58:55Z,2023-03-24T17:59:00Z,1.3195719267377996e-05,0.002715006856875106,0.002701811137607728,0
2023-03-24T17:58:55Z,2023-03-24T17:59:00Z,5.068303956663224e-06,0.0027126271591320856,0.0027075588551754223,0
2023-03-24T17:58:55Z,2023-03-24T17:59:00Z,1.573631165061127e-06,0.0027111760288049216,0.0027127496599699827,0
2023-03-24T17:58:55Z,2023-03-24T17:59:00Z,3.740781540867953e-06,0.002718650108051545,0.002714909326510677,0
2023-03-24T17:58:55Z,2023-03-24T17:59:00Z,5.566109269585385e-06,0.002709826982770875,0.0027153930920404603,0
2023-03-24T17:58:55Z,2023-03-24T17:59:00Z,6.376241766314211e-06,0.0027088587947903635,0.0027152350365566777,0
2023-03-24T17:58:55Z,2023-03-24T17:59:00Z,2.5977239486840026e-07,0.0027140280055702364,0.002714287777965105,0
2023-03-24T17:58:55Z,2023-03-24T17:59:00Z,2.566575047240581e-06,0.002715330951671915,0.0027127643766246745,0
2023-03-24T17:58:55Z,2023-03-24T17:59:00Z,1.1340167915914988e-05,0.0027017102242383423,0.0027130503921542573,0
2023-03-24T17:58:55Z,2023-03-24T17:59:00Z,5.29274523693472e-06,0.0027078953657214463,0.002713188110958381,0
2023-03-24T17:58:55Z,2023-03-24T17:59:00Z,1.8430520646050413e-05,0.0026930955112327353,0.0027115260318787858,0
2023-03-24T17:58:55Z,2023-03-24T17:59:00Z,2.7492138773781583e-05,0.002683442418928674,0.0027109345577024557,0
2023-03-24T17:58:55Z,2023-03-24T17:59:00Z,1.1191293495073536e-05,0.002697483199510859,0.0027086744930059324,0
2023-03-24T17:58:55Z,2023-03-24T17:59:00Z,1.166943947225824e-05,0.002692604092393315,0.0027042735318655734,0
2023-03-24T17:58:55Z,2023-03-24T17:59:00Z,2.087181371861549e-06,0.00270064337758621,0.0027027305589580716,0
2023-03-24T17:58:55Z,2023-03-24T17:59:00Z,3.5396244124187917e-06,0.002704238345570859,0.0027006987211584403,0
2023-03-24T17:58:55Z,2023-03-24T17:59:00Z,3.8225466871396815e-06,0.002702848189347577,0.0026990256426604373,0
2023-03-24T17:58:55Z,2023-03-24T17:59:00Z,1.2854256920552618e-05,0.0027104933238183576,0.002697639066897805,0
2023-03-24T17:58:55Z,2023-03-24T17:59:00Z,1.1718855121149643e-05,0.0027095001676576093,0.0026977813125364596,0
2023-03-24T17:58:55Z,2023-03-24T17:59:00Z,7.272602876272349e-07,0.0026988333175862007,0.0026981060572985735,0
2023-03-24T17:58:55Z,2023-03-24T17:59:00Z,1.0890305169914023e-06,0.002701245669868674,0.0027001566393516827,0
2023-03-24T17:58:55Z,2023-03-24T17:59:00Z,8.391285547839234e-06,0.002693689216136034,0.002702080501683873,0
2023-03-24T17:58:55Z,2023-03-24T17:59:00Z,1.7473301155647783e-05,0.002685077509322953,0.0027025508104786006,0
2023-03-24T17:58:55Z,2023-03-24T17:59:00Z,1.7394483073297513e-05,0.0026852919678731425,0.00270268645094644,0
2023-03-24T17:58:55Z,2023-03-24T17:59:00Z,1.7800896800301662e-05,0.0026829398206132315,0.002700740717413533,0
2023-03-24T17:58:55Z,2023-03-24T17:59:00Z,2.427958766287007e-05,0.002674092832538448,0.0026983724202013183,0
2023-03-24T17:58:55Z,2023-03-24T17:59:00Z,2.7251940156540564e-05,0.002668631933952985,0.0026958838741095257,0
2023-03-24T17:58:55Z,2023-03-24T17:59:00Z,3.388898058202371e-05,0.002657444832117513,0.0026913338126995368,0
2023-03-24T17:58:55Z,2023-03-24T17:59:00Z,3.046698441021376e-05,0.002655758299076245,0.0026862252834864587,0
2023-03-24T17:58:55Z,2023-03-24T17:59:00Z,4.226917911955485e-05,0.0026387825436833177,0.0026810517228028725,0
2023-03-24T17:58:55Z,2023-03-24T17:59:00Z,3.836083819245715e-05,0.002637004963261362,0.002675365801453819,0
2023-03-24T17:58:55Z,2023-03-24T17:59:00Z,3.4956952926253147e-05,0.002633545514470976,0.002668502467397229,0
2023-03-24T17:58:55Z,2023-03-24T17:59:00Z,4.460271241945061e-05,0.00261789068672008,0.0026624933991395306,0
2023-03-24T17:58:55Z,2023-03-24T17:59:00Z,5.595595872091939e-05,0.00260006913374334,0.0026560250924642596,0
2023-03-24T17:58:55Z,2023-03-24T17:59:00Z,7.923633220300067e-05,0.002568657618524615,0.0026478939507276157,0
2023-03-24T17:58:55Z,2023-03-24T17:59:00Z,9.953950177588999e-05,0.0025391014866023376,0.0026386409883782276,1
2023-03-24T17:58:55Z,2023-03-24T17:59:00Z,0.00010627719839302,0.002519867000556661,0.002626144198949681,1
2023-03-24T17:58:55Z,2023-03-24T17:59:00Z,0.00011990186066926064,0.0024914494200910233,0.002611351280760284,1
2023-03-24T17:58:55Z,2023-03-24T17:59:00Z,0.00012842975285731013,0.002465935115588026,0.002594364868445336,1
2023-03-24T17:58:55Z,2023-03-24T17:59:00Z,0.0001283101255378223,0.0024476381024584773,0.0025759482279962996,1
2023-03-24T17:58:55Z,2023-03-24T17:59:00Z,0.0001194847356015701,0.0024350797614355623,0.0025545644970371324,1
2023-03-24T17:58:55Z,2023-03-24T17:59:00Z,0.00012423569745792203,0.002407090373077648,0.00253132607053557,1
2023-03-24T17:58:55Z,2023-03-24T17:59:00Z,0.00012879793410282107,0.002379676770772184,0.0025084747048750053,1
2023-03-24T17:58:55Z,2023-03-24T17:59:00Z,0.00012848391638945822,0.002355868443402336,0.002484352359791794,1
2023-03-24T17:58:55Z,2023-03-24T17:59:00Z,0.00011172600314068165,0.0023490037506820583,0.00246072975382274,1
2023-03-24T17:58:55Z,2023-03-24T17:59:00Z,8.194608508488343e-05,0.0023558795383378565,0.00243782562342274,1
2023-03-24T17:58:55Z,2023-03-24T17:59:00Z,5.2092565846104024e-05,0.0023643751513423104,0.0024164677171884144,1
2023-03-24T17:58:55Z,2023-03-24T17:59:00Z,4.972560074380716e-05,0.0023497958812254615,0.0023995214819692687,1
2023-03-24T17:58:55Z,2023-03-24T17:59:00Z,5.813898328931944e-05,0.002328687503149235,0.0023868264864385542,1
2023-03-24T17:58:55Z,2023-03-24T17:59:00Z,7.232830626419454e-05,0.0023022679025202324,0.002374596208784427,1
2023-03-24T17:58:55Z,2023-03-24T17:59:00Z,8.036395694518495e-05,0.002280933219553451,0.002361297176498636,1
2023-03-24T17:58:55Z,2023-03-24T17:59:00Z,9.236536654645775e-05,0.0022558290011325016,0.0023481943676789594,1
2023-03-24T17:58:55Z,2023-03-24T17:59:00Z,0.00010448296431540783,0.0022313684594612096,0.0023358514237766174,1
2023-03-24T17:58:55Z,2023-03-24T17:59:00Z,0.00011374801415127119,0.0022095984793416173,0.0023233464934928885,1
2023-03-24T17:58:55Z,2023-03-24T17:59:00Z,0.00012115346702481393,0.002187488615065468,0.002308642082090282,1
2023-03-24T17:58:55Z,2023-03-24T17:59:00Z,0.00012342255188994757,0.002166934397825805,0.0022903569497157526,1
2023-03-24T17:58:55Z,2023-03-24T17:59:00Z,0.00013098643694387175,0.0021372596957372754,0.002268246132681147,1
2023-03-24T17:58:55Z,2023-03-24T17:59:00Z,0.00013242596487105136,0.0021129624823851387,0.00224538844725619,1
2023-03-24T17:58:55Z,2023-03-24T17:59:00Z,0.00013282419186004448,0.0020886357794696504,0.002221459971329695,1
2023-03-24T17:58:55Z,2023-03-24T17:59:00Z,0.00013611022573675226,0.002061686568076056,0.002197796793812808,1
2023-03-24T17:58:55Z,2023-03-24T17:59:00Z,0.00013417544663296612,0.002039584167169367,0.002173759613802333,1
2023-03-24T17:58:55Z,2023-03-24T17:59:00Z,0.00013500302138839612,0.0020144887882818812,0.0021494918096702773,1
2023-03-24T17:58:55Z,2023-03-24T17:59:00Z,0.00012984433005521932,0.001995674443078578,0.0021255187731337973,1
2023-03-24T17:58:55Z,2023-03-24T17:59:00Z,0.0001114903358479225,0.0019896397259034078,0.0021011300617513303,1
2023-03-24T17:58:55Z,2023-03-24T17:59:00Z,0.00010315836132694569,0.001973994928926023,0.0020771532902529688,1
2023-03-24T17:58:55Z,2023-03-24T17:59:00Z,9.580579909043143e-05,0.0019591856571722376,0.002054991456262669,1
2023-03-24T17:58:55Z,2023-03-24T17:59:00Z,8.736469974179851e-05,0.0019472186606694644,0.002034583360411263,1
2023-03-24T17:58:55Z,2023-03-24T17:59:00Z,7.937155402741266e-05,0.0019359897032322374,0.00201536125725965,1
2023-03-24T17:58:55Z,2023-03-24T17:59:00Z,6.177366701211589e-05,0.0019359104503975108,0.0019976841174096267,1
2023-03-24T17:58:55Z,2023-03-24T17:59:00Z,4.730225197680524e-05,0.0019346697573273445,0.0019819720093041497,1
2023-03-24T17:58:55Z,2023-03-24T17:59:00Z,3.635409649716415e-05,0.0019326586982105036,0.0019690127947076677,1
2023-03-24T17:58:55Z,2023-03-24T17:59:00Z,3.331910567874914e-05,0.0019257163101596012,0.0019590354158383503,1
2023-03-24T17:58:55Z,2023-03-24T17:59:00Z,2.9152790208723496e-05,0.0019220056575211177,0.0019511584477298412,1
2023-03-24T17:58:55Z,2023-03-24T17:59:00Z,2.83461836977591e-05,0.0019148218370641063,0.0019431680207618654,1
2023-03-24T17:58:55Z,2023-03-24T17:59:00Z,2.953767497388673e-05,0.0019071316868623654,0.0019366693618362522,1
2023-03-24T17:58:55Z,2023-03-24T17:59:00Z,3.065594178767355e-05,0.001900467942535062,0.0019311238843227356,1
2023-03-24T17:58:55Z,2023-03-24T17:59:00Z,3.355560845931028e-05,0.001892557404137538,0.0019261130125968482,1
2023-03-24T17:58:55Z,2023-03-24T17:59:00Z,3.271617526744868e-05,0.0018889566172422528,0.0019216727925097014,1
2023-03-24T17:58:55Z,2023-03-24T17:59:00Z,2.8280770703858907e-05,0.001887972891023346,0.0019162536617272049,1
2023-03-24T17:58:55Z,2023-03-24T17:59:00Z,1.094182178187908e-05,0.0018995976974346893,0.0019105395192165683,1
2023-03-24T17:58:55Z,2023-03-24T17:59:00Z,1.2404111313550322e-05,0.0018925496820046234,0.0019049537933181738,1
2023-03-24T17:58:55Z,2023-03-24T17:59:00Z,3.021543333494984e-05,0.0018714735333926098,0.0019016889667275597,1
2023-03-24T17:58:55Z,2023-03-24T17:59:00Z,4.4368627211995157e-05,0.0018536383425760028,0.001898006969787998,1
2023-03-24T17:58:55Z,2023-03-24T17:59:00Z,4.652569804508436e-05,0.0018460627337839766,0.001892588431829061,1
2023-03-24T17:58:55Z,2023-03-24T17:59:00Z,4.1142965330749886e-05,0.0018447587984625155,0.0018859017637932653,1
2023-03-24T17:58:55Z,2023-03-24T17:59:00Z,3.4160885593103284e-05,0.0018449402271062767,0.00187910111269938,1
2023-03-24T17:58:55Z,2023-03-24T17:59:00Z,2.9303088354366196e-05,0.0018438231986356358,0.001873126286990002,1
2023-03-24T17:58:55Z,2023-03-24T17:59:00Z,2.2088815109956497e-05,0.0018455354231130486,0.0018676242382230051,1
2023-03-24T17:58:55Z,2023-03-24T17:59:00Z,1.6063211273465924e-05,0.0018460423154010753,0.0018621055266745412,1
2023-03-24T17:58:55Z,2023-03-24T17:59:00Z,7.425665882298659e-06,0.0018479220765020375,0.0018553477423843361,1
2023-03-24T17:58:55Z,2023-03-24T17:59:00Z,3.750955142061427e-06,0.0018457833664168313,0.0018495343215588927,1
2023-03-24T17:58:55Z,2023-03-24T17:59:00Z,6.746344222267626e-07,0.001847265023869798,0.0018465903894475711,1
2023-03-24T17:58:55Z,2023-03-24T17:59:00Z,1.749758357072473e-05,0.0018631061009983993,0.0018456085174276746,1
2023-03-24T17:58:55Z,2023-03-24T17:59:00Z,3.408744575526834e-05,0.0018798462494436707,0.0018457588036884024,1
2023-03-24T17:58:55Z,2023-03-24T17:59:00Z,4.3442812789943946e-05,0.0018914950292953316,0.0018480522165053876,1
2023-03-24T17:58:55Z,2023-03-24T17:59:00Z,5.929581072055732e-05,0.0019117112800181196,0.0018524154692975622,1
2023-03-24T17:58:55Z,2023-03-24T17:59:00Z,7.139059290083255e-05,0.0019297650410308564,0.0018583744481300239,0
2023-03-24T17:58:55Z,2023-03-24T17:59:00Z,8.690529156140736e-05,0.0019535517218045653,0.001866646430243158,0
2023-03-24T17:58:55Z,2023-03-24T17:59:00Z,9.51834090977665e-05,0.001972295180044647,0.0018771117709468804,0
2023-03-24T17:58:55Z,2023-03-24T17:59:00Z,9.462786927548657e-05,0.001984943345885183,0.0018903154766096966,0
2023-03-24T17:58:55Z,2023-03-24T17:59:00Z,9.357558674967905e-05,0.0019997050400628524,0.0019061294533131734,0
2023-03-24T17:58:55Z,2023-03-24T17:59:00Z,9.443031024656949e-05,0.0020177695538116662,0.0019233392435650967,0
2023-03-24T17:58:55Z,2023-03-24T17:59:00Z,9.532565302420204e-05,0.0020357397639723554,0.0019404141109481533,0
2023-03-24T17:58:55Z,2023-03-24T17:59:00Z,9.54825237104804e-05,0.002053137047704633,0.0019576545239941524,0
2023-03-24T17:58:55Z,2023-03-24T17:59:00Z,9.638307022708697e-05,0.0020720681860558676,0.0019756851158287806,0
2023-03-24T17:58:55Z,2023-03-24T17:59:00Z,0.00010173372391700242,0.0020950970607065975,0.001993363336789595,0
2023-03-24T17:58:55Z,2023-03-24T17:59:00Z,0.00011173092746461291,0.002122882157382334,0.0020111512299177212,0
2023-03-24T17:58:55Z,2023-03-24T17:59:00Z,0.00011350399823914026,0.0021423483955196154,0.002028844397280475,0
2023-03-24T17:58:55Z,2023-03-24T17:59:00Z,0.0001211036418643438,0.0021687714113120303,0.0020476677694476865,0
2023-03-24T17:58:55Z,2023-03-24T17:59:00Z,0.00013131943139770312,0.002198662832049693,0.00206734340065199,0
2023-03-24T17:58:55Z,2023-03-24T17:59:00Z,0.0001383723979368266,0.002226849094994964,0.0020884766970581375,0
2023-03-24T17:58:55Z,2023-03-24T17:59:00Z,0.00014049602705750158,0.002251584383895392,0.0021110883568378905,0
2023-03-24T17:58:55Z,2023-03-24T17:59:00Z,0.00014364675333825624,0.002278623776553973,0.002134977023215717,0
2023-03-24T17:58:55Z,2023-03-24T17:59:00Z,0.00015230622293970148,0.0023120891631792633,0.002159782940239562,0
2023-03-24T17:58:55Z,2023-03-24T17:59:00Z,0.00014583106263115582,0.002331433451682981,0.002185602389051825,0
2023-03-24T17:58:55Z,2023-03-24T17:59:00Z,0.00011156325400449784,0.002324289655865406,0.002212726401860908,0
2023-03-24T17:58:55Z,2023-03-24T17:59:00Z,0.00011135565778202768,0.0023501509714305164,0.0022387953136484887,0
2023-03-24T17:58:55Z,2023-03-24T17:59:00Z,0.00013499946040508148,0.0023965374315967946,0.002261537971191713,0
2023-03-24T17:58:55Z,2023-03-24T17:59:00Z,0.00014190470386941326,0.002426115120075937,0.0022842104162065237,0
2023-03-24T17:58:55Z,2023-03-24T17:59:00Z,0.00015144199432232412,0.002460386735472236,0.0023089447411499117,0
2023-03-24T17:58:55Z,2023-03-24T17:59:00Z,0.00015237747200291633,0.002486230466287949,0.0023338529942850328,0
2023-03-24T17:58:55Z,2023-03-24T17:59:00Z,0.00014565415708857202,0.0025056074453207104,0.0023599532882321384,0
2023-03-24T17:58:55Z,2023-03-24T17:59:00Z,0.00013153051083631762,0.002517434635285203,0.0023859041244488855,0
2023-03-24T17:58:55Z,2023-03-24T17:59:00Z,0.00011862666304956375,0.00252872057276613,0.0024100939097165663,0
2023-03-24T17:58:55Z,2023-03-24T17:59:00Z,9.386517026465637e-05,0.0025272092279315004,0.002433344057666844,0
2023-03-24T17:58:55Z,2023-03-24T17:59:00Z,5.5098658796236266e-05,0.0025139965810756708,0.0024588979222794345,0
2023-03-24T17:58:55Z,2023-03-24T17:59:00Z,1.4382556674511458e-05,0.002495412761016569,0.0024810302043420576,0
2023-03-24T17:58:55Z,2023-03-24T17:59:00Z,7.627462629231866e-06,0.002488085135397685,0.002495712598026917,0
2023-03-24T17:58:55Z,2023-03-24T17:59:00Z,3.9087192675676345e-05,0.0024652876104688196,0.002504374803144496,0
2023-03-24T17:58:55Z,2023-03-24T17:59:00Z,6.628001295860613e-05,0.002441557090176571,0.0025078371031351772,0
2023-03-24T17:58:55Z,2023-03-24T17:59:00Z,4.963145896943631e-05,0.0024555877871883496,0.002505219246157786,0
2023-03-24T17:58:55Z,2023-03-24T17:59:00Z,4.890805535171091e-05,0.0024483048964130576,0.0024972129517647685,0
2023-03-24T17:58:55Z,2023-03-24T17:59:00Z,6.745696902426494e-05,0.0024220251267283973,0.002489482095752662,0
2023-03-24T17:58:55Z,2023-03-24T17:59:00Z,5.413988281449461e-05,0.0024252902533940333,0.002479430136208528,0
2023-03-24T17:58:55Z,2023-03-24T17:59:00Z,3.4440249170766216e-05,0.002431841874387374,0.00246628212355814,0
2023-03-24T17:58:55Z,2023-03-24T17:59:00Z,1.4713908598729206e-05,0.0024404799239992063,0.0024551938325979355,0
2023-03-24T17:58:55Z,2023-03-24T17:59:00Z,2.4272444295705357e-05,0.0024229750274735807,0.002447247471769286,0
2023-03-24T17:58:55Z,2023-03-24T17:59:00Z,1.3327518354229375e-05,0.0024279693019902465,0.002441296820344476,0
2023-03-24T17:58:55Z,2023-03-24T17:59:00Z,2.7276911973360234e-06,0.0024332800562727355,0.0024360077474700715,0
2023-03-24T17:58:55Z,2023-03-24T17:59:00Z,1.5333479322823373e-05,0.002449642753269604,0.0024343092739467806,0
2023-03-24T17:58:55Z,2023-03-24T17:59:00Z,3.08862423731935e-05,0.002462407049955522,0.0024315208075823286,0
2023-03-24T17:58:55Z,2023-03-24T17:59:00Z,3.5849902679528905e-05,0.002467537942368926,0.002431688039689397,0
2023-03-24T17:58:55Z,2023-03-24T17:59:00Z,3.1014672385484745e-05,0.0024677504524782726,0.002436735780092788,0
2023-03-24T17:58:55Z,2023-03-24T17:59:00Z,4.454084788547237e-05,0.002486557589100122,0.0024420167412146495,0
2023-03-24T17:58:55Z,2023-03-24T17:59:00Z,5.2663627793438e-05,0.0024991689412694495,0.0024465053134760115,0
2023-03-24T17:58:55Z,2023-03-24T17:59:00Z,5.033975759324979e-05,0.002502604779206876,0.002452265021613626,0
2023-03-24T17:58:55Z,2023-03-24T17:59:00Z,4.481161309895622e-05,0.002506600873937066,0.0024617892608381096,0
2023-03-24T17:58:55Z,2023-03-24T17:59:00Z,2.6732515293871606e-05,0.00249785121078406,0.0024711186954901885,0
2023-03-24T17:58:55Z,2023-03-24T17:59:00Z,3.243527402936163e-05,0.0025127190717275914,0.0024802837976982297,0
2023-03-24T17:58:55Z,2023-03-24T17:59:00Z,2.544165625287774e-05,0.0025117515111404143,0.0024863098548875365,0
2023-03-24T17:58:55Z,2023-03-24T17:59:00Z,1.713273246291107e-05,0.0025097315900719564,0.0024925988576090454,0
2023-03-24T17:58:55Z,2023-03-24T17:59:00Z,2.8785886247696246e-05,0.0025269114399531774,0.002498125553705481,0
2023-03-24T17:58:55Z,2023-03-24T17:59:00Z,1.9962206083058275e-05,0.00252333540198775,0.002503373195904692,0
2023-03-24T17:58:55Z,2023-03-24T17:59:00Z,1.5485864503504785e-05,0.0025239032917648285,0.0025084174272613237,0
2023-03-24T17:58:55Z,2023-03-24T17:59:00Z,2.3045478183381096e-05,0.0025344837130344923,0.002511438234851111,0
2023-03-24T17:58:55Z,2023-03-24T17:59:00Z,6.6629206759540385e-06,0.0025207634695968094,0.0025141005489208554,0
2023-03-24T17:58:55Z,2023-03-24T17:59:00Z,1.0273761172312993e-05,0.0025073121426357208,0.0025175859038080338,0
2023-03-24T17:58:55Z,2023-03-24T17:59:00Z,1.214752148261198e-05,0.0025083024146770154,0.0025204499361596274,0
2023-03-24T17:58:55Z,2023-03-24T17:59:00Z,1.4389001409396973e-05,0.0025053850686137464,0.0025197740700231433,0
2023-03-24T17:58:55Z,2023-03-24T17:59:00Z,1.9429078791795198e-05,0.0024999138541734237,0.002519342932965219,0
2023-03-24T17:58:55Z,2023-03-24T17:59:00Z,2.238128316755638e-05,0.0024964183346153864,0.002518799617782943,0
2023-03-24T17:58:55Z,2023-03-24T17:59:00Z,8.813101384529988e-06,0.0025066118181759434,0.0025154249195604734,0
2023-03-24T17:58:55Z,2023-03-24T17:59:00Z,2.4019357556295026e-05,0.0025360796436952227,0.0025120602861389276,0
2023-03-24T17:58:55Z,2023-03-24T17:59:00Z,2.6661576075138853e-05,0.0025365604280154557,0.002509898851940317,0
2023-03-24T17:58:55Z,2023-03-24T17:59:00Z,5.905035432533746e-05,0.0025691486975982464,0.002510098343272909,0
2023-03-24T17:58:55Z,2023-03-24T17:59:00Z,6.592896848490667e-05,0.0025780019315601458,0.002512072963075239,0
2023-03-24T17:58:55Z,2023-03-24T17:59:00Z,4.0627518979134084e-05,0.002560430051424689,0.002519802532445555,0
2023-03-24T17:58:55Z,2023-03-24T17:59:00Z,4.0783073438915504e-05,0.0025692980454948616,0.002528514972055946,0
2023-03-24T17:58:55Z,2023-03-24T17:59:00Z,6.495729118751077e-05,0.002600352886094825,0.002535395594907314,0
2023-03-24T17:58:55Z,2023-03-24T17:59:00Z,4.7952582712209625e-05,0.0025920212015347038,0.002544068618822494,0
2023-03-24T17:58:55Z,2023-03-24T17:59:00Z,3.3287778207052084e-05,0.002590348215964476,0.002557060437757424,0
2023-03-24T17:58:55Z,2023-03-24T17:59:00Z,3.56844243619989e-05,0.0026034210350392674,0.0025677366106772685,0
2023-03-24T17:58:55Z,2023-03-24T17:59:00Z,2.0648447821294217e-05,0.0025951686300322197,0.0025745201822109254,0
2023-03-24T17:58:55Z,2023-03-24T17:59:00Z,1.6341702749150117e-05,0.0025992194608380516,0.0025828777580889015,0
2023-03-24T17:58:55Z,2023-03-24T17:59:00Z,1.8505820629487364e-05,0.0026046360702726363,0.002586130249643149,0
2023-03-24T17:58:55Z,2023-03-24T17:59:00Z,4.101436338246195e-07,0.002588372297169062,0.002588782440802887,0
2023-03-24T17:58:55Z,2023-03-24T17:59:00Z,1.6274842825676587e-05,0.002578033350333204,0.0025943081931588804,0
2023-03-24T17:58:55Z,2023-03-24T17:59:00Z,3.50505654473335e-05,0.0025616419091708214,0.002596692474618155,0
2023-03-24T17:58:55Z,2023-03-24T17:59:00Z,2.92422968864209e-05,0.0025646602357615317,0.0025939025326479526,0
2023-03-24T17:58:55Z,2023-03-24T17:59:00Z,3.461585685029774e-05,0.0025554892642521694,0.002590105121102467,0
2023-03-24T17:58:55Z,2023-03-24T17:59:00Z,3.7906583071042714e-05,0.0025489875405060565,0.0025868941235770992,1
2023-03-24T17:58:55Z,2023-03-24T17:59:00Z,5.0600009860306185e-05,0.0025303026423684058,0.002580902652228712,1
2023-03-24T17:58:55Z,2023-03-24T17:59:00Z,4.9786663539534096e-05,0.0025253433524984074,0.0025751300160379415,1
2023-03-24T17:58:55Z,2023-03-24T17:59:00Z,3.608767083820505e-05,0.002530427742891031,0.002566515413729236,1
2023-03-24T17:58:55Z,2023-03-24T17:59:00Z,4.1208018219342744e-05,0.0025153958057881143,0.002556603824007457,1
2023-03-24T17:58:55Z,2023-03-24T17:59:00Z,4.200893751654059e-05,0.0025073518172061627,0.0025493607547227033,1
2023-03-24T17:58:55Z,2023-03-24T17:59:00Z,3.6313952878514865e-05,0.0025052171087760525,0.0025415310616545674,1
2023-03-24T17:58:55Z,2023-03-24T17:59:00Z,3.029619657524043e-05,0.0025044486035837444,0.002534744800158985,1
2023-03-24T17:58:55Z,2023-03-24T17:59:00Z,2.777397113772062e-05,0.002499540438148079,0.0025273144092858,1
2023-03-24T17:58:55Z,2023-03-24T17:59:00Z,2.3650701652995747e-05,0.002497283625049251,0.0025209343267022467,1
2023-03-24T17:58:55Z,2023-03-24T17:59:00Z,2.692964641708975e-05,0.00248782379249041,0.0025147534389074995,1
2023-03-24T17:58:55Z,2023-03-24T17:59:00Z,2.400831554398705e-05,0.002486617746198618,0.002510626061742605,1
2023-03-24T17:58:55Z,2023-03-24T17:59:00Z,2.701193747759508e-06,0.002508637310489365,0.0025059361167416054,1
2023-03-24T17:58:55Z,2023-03-24T17:59:00Z,2.417191128798379e-05,0.0025246317784430377,0.002500459867155054,1
2023-03-24T17:58:55Z,2023-03-24T17:59:00Z,2.521943700786733e-05,0.002524834492250577,0.00249961505524271,1
2023-03-24T17:58:55Z,2023-03-24T17:59:00Z,2.1995894767754594e-05,0.002523770945165074,0.0025017750503973195,1
2023-03-24T17:58:55Z,2023-03-24T17:59:00Z,1.5968889634371264e-05,0.0025201961129660065,0.0025042272233316352,1
2023-03-24T17:58:55Z,2023-03-24T17:59:00Z,1.4261413936767029e-05,0.0025209039299660687,0.0025066425160293017,1
2023-03-24T17:58:55Z,2023-03-24T17:59:00Z,7.119893793273643e-06,0.002516344369174816,0.0025092244753815423,1
2023-03-24T17:58:55Z,2023-03-24T17:59:00Z,5.437427228599783e-06,0.0025176144407247445,0.0025121770134961447,1
2023-03-24T17:58:55Z,2023-03-24T17:59:00Z,1.3671193673321994e-05,0.0025020708919083734,0.0025157420855816954,1
2023-03-24T17:58:55Z,2023-03-24T17:59:00Z,1.0941329613770728e-05,0.0025086753427836905,0.002519616672397461,1
2023-03-24T17:58:55Z,2023-03-24T17:59:00Z,1.3523637204922168e-05,0.0025052722328699154,0.0025187958700748376,1
2023-03-24T17:58:55Z,2023-03-24T17:59:00Z,2.8954989163373912e-05,0.0024878463264540454,0.0025168013156174193,1
2023-03-24T17:58:55Z,2023-03-24T17:59:00Z,5.05793983688399e-05,0.0024637766348259964,0.0025143560331948363,1
2023-03-24T17:58:55Z,2023-03-24T17:59:00Z,6.573760921705979e-05,0.002444127846638898,0.0025098654558559576,1
2023-03-24T17:58:55Z,2023-03-24T17:59:00Z,7.806191641744576e-05,0.0024247511046710103,0.002502813021088456,1
2023-03-24T17:58:55Z,2023-03-24T17:59:00Z,6.88544178372337e-05,0.0024243615928353263,0.00249321601067256,1
2023-03-24T17:58:55Z,2023-03-24T17:59:00Z,8.226226810469474e-05,0.0023995045845048896,0.0024817668526095843,1
2023-03-24T17:58:55Z,2023-03-24T17:59:00Z,7.708274418693995e-05,0.002393027502436467,0.0024701102466234068,1
2023-03-24T17:58:55Z,2023-03-24T17:59:00Z,6.627558438664994e-05,0.0023910138738113215,0.0024572894581979714,1
2023-03-24T17:58:55Z,2023-03-24T17:59:00Z,5.066080474332938e-05,0.002392172673411239,0.002442833478154568,1
2023-03-24T17:58:55Z,2023-03-24T17:59:00Z,3.455941907806216e-05,0.002393991764194182,0.0024285511832722443,1
2023-03-24T17:58:55Z,2023-03-24T17:59:00Z,3.6721909257147415e-05,0.002379870067384746,0.0024165919766418933,1
2023-03-24T17:58:55Z,2023-03-24T17:59:00Z,5.559350025485105e-05,0.0023522753675580656,0.0024078688678129167,1
2023-03-24T17:58:55Z,2023-03-24T17:59:00Z,5.4967300449204094e-05,0.0023448693449569435,0.0023998366454061476,1
2023-03-24T17:58:55Z,2023-03-24T17:59:00Z,5.147639098934632e-05,0.0023393007872776835,0.00239077717826703,1
2023-03-24T17:58:55Z,2023-03-24T17:59:00Z,4.162126199008624e-05,0.0023392193852921454,0.0023808406472822317,1
2023-03-24T17:58:55Z,2023-03-24T17:59:00Z,4.065898233641474e-05,0.002332656190292416,0.002373315172628831,1
2023-03-24T17:58:55Z,2023-03-24T17:59:00Z,3.411036820920787e-05,0.002332478789776583,0.002366589157985791,1
2023-03-24T17:58:55Z,2023-03-24T17:59:00Z,3.481471730579916e-05,0.0023244797302401287,0.002359294447545928,1
2023-03-24T17:58:55Z,2023-03-24T17:59:00Z,1.9919011648423298e-05,0.0023319137004431723,0.0023518327120915956,1
2023-03-24T17:58:55Z,2023-03-24T17:59:00Z,1.0316175999731513e-05,0.002332827531847607,0.0023431437078473387,1
2023-03-24T17:58:55Z,2023-03-24T17:59:00Z,1.700514109307348e-05,0.002320144020886569,0.0023371491619796425,1
2023-03-24T17:58:55Z,2023-03-24T17:59:00Z,1.3935300712769431e-06,0.002333324652444558,0.002334718182515835,1
2023-03-24T17:58:55Z,2023-03-24T17:59:00Z,6.958380195798506e-06,0.0023246691368112395,0.002331627517007038,1
2023-03-24T17:58:55Z,2023-03-24T17:59:00Z,1.3874433423561455e-06,0.0023294930568105413,0.0023308805001528974,1
2023-03-24T17:58:55Z,2023-03-24T17:59:00Z,5.662087376484982e-06,0.0023233996317162994,0.0023290617190927843,1
2023-03-24T17:58:55Z,2023-03-24T17:59:00Z,1.4301208696881375e-05,0.0023143651187106686,0.00232866632740755,1
2023-03-24T17:58:55Z,2023-03-24T17:59:00Z,3.168004811577186e-05,0.002295851384534243,0.0023275314326500146,1
2023-03-24T17:58:55Z,2023-03-24T17:59:00Z,4.475691023067899e-05,0.0022815101959781526,0.0023262671062088316,1
2023-03-24T17:58:55Z,2023-03-24T17:59:00Z,4.912318739073215e-05,0.0022726361293294835,0.0023217593167202157,1
2023-03-24T17:58:55Z,2023-03-24T17:59:00Z,4.6513994370655024e-05,0.002268830655365879,0.002315344649736534,1
2023-03-24T17:58:55Z,2023-03-24T17:59:00Z,3.2592797880695665e-05,0.0022768133654112025,0.002309406163291898,1
2023-03-24T17:58:55Z,2023-03-24T17:59:00Z,3.2767572007061894e-05,0.0022685768416500014,0.0023013444136570633,1
2023-03-24T17:58:55Z,2023-03-24T17:59:00Z,2.3057095534568476e-05,0.0022723053466974902,0.0022953624422320587,1
2023-03-24T17:58:55Z,2023-03-24T17:59:00Z,8.216255431588333e-06,0.002279531659905403,0.0022877479153369912,1
2023-03-24T17:58:55Z,2023-03-24T17:59:00Z,1.1153173400336482e-05,0.0022702079563093037,0.00228136112970964,1
2023-03-24T17:58:55Z,2023-03-24T17:59:00Z,1.4738726573405858e-06,0.0022755330747016413,0.002277006947358982,1
2023-03-24T17:58:55Z,2023-03-24T17:59:00Z,1.3683029088466456e-05,0.002287484547919331,0.0022738015188308643,1
2023-03-24T17:58:55Z,2023-03-24T17:59:00Z,2.235563823047319e-05,0.0022954100169017737,0.0022730543786713005,1
2023-03-24T17:58:55Z,2023-03-24T17:59:00Z,2.3360492763949484e-05,0.002298270923758981,0.0022749104309950315,1
2023-03-24T17:58:55Z,2023-03-24T17:59:00Z,1.3570308451063811e-05,0.002291803159638082,0.0022782328511870183,1
2023-03-24T17:58:55Z,2023-03-24T17:59:00Z,2.9967865714936037e-06,0.002277918259408997,0.002280915045980491,1
2023-03-24T17:58:55Z,2023-03-24T17:59:00Z,3.7743379702514027e-06,0.002287592673699252,0.0022838183357290005,1
2023-03-24T17:58:55Z,2023-03-24T17:59:00Z,8.476530189141171e-06,0.0022929964800070804,0.002284519949817939,1
2023-03-24T17:58:55Z,2023-03-24T17:59:00Z,2.031483426014318e-05,0.0023058424108023134,0.00228552757654217,1
2023-03-24T17:58:55Z,2023-03-24T17:59:00Z,1.6869968788231146e-05,0.0023052461107926237,0.0022883761420043926,1
2023-03-24T17:58:55Z,2023-03-24T17:59:00Z,5.357069852072148e-07,0.0022916291020317688,0.002292164809016976,1
2023-03-24T17:58:55Z,2023-03-24T17:59:00Z,4.104688510450042e-06,0.002298489692886588,0.002294385004376138,1
2023-03-24T17:58:55Z,2023-03-24T17:59:00Z,2.2915572719761895e-05,0.002316827962737149,0.0022939123900173873,1
2023-03-24T17:58:55Z,2023-03-24T17:59:00Z,2.414586600505038e-05,0.0023180856021633887,0.0022939397361583383,1
2023-03-24T17:58:55Z,2023-03-24T17:59:00Z,2.4647106801210274e-05,0.0023217149433469317,0.0022970678365457214,1
2023-03-24T17:58:55Z,2023-03-24T17:59:00Z,3.7044391992205154e-05,0.0023391331463822255,0.0023020887543900204,1
2023-03-24T17:58:55Z,2023-03-24T17:59:00Z,3.621455391440969e-05,0.00234256859201039,0.0023063540380959804,1
2023-03-24T17:58:55Z,2023-03-24T17:59:00Z,3.6494361003907086e-05,0.0023486154823967806,0.0023121211213928735,1
2023-03-24T17:58:55Z,2023-03-24T17:59:00Z,5.831450559579945e-05,0.0023750263996396826,0.002316711894043883,1
2023-03-24T17:58:55Z,2023-03-24T17:59:00Z,5.936825334219896e-05,0.002381501318836602,0.002322133065494403,1
2023-03-24T17:58:55Z,2023-03-24T17:59:00Z,5.8553794588824676e-05,0.0023911115222842168,0.002332557727695392,1
2023-03-24T17:58:55Z,2023-03-24T17:59:00Z,5.526741696195662e-05,0.0023982015979011,0.0023429341809391435,1
2023-03-24T17:58:55Z,2023-03-24T17:59:00Z,4.8748016815387124e-05,0.0024009676426979144,0.0023522196258825272,1
2023-03-24T17:58:55Z,2023-03-24T17:59:00Z,5.794687476161353e-05,0.002420181000111355,0.0023622341253497414,1
2023-03-24T17:58:55Z,2023-03-24T17:59:00Z,5.138279602428337e-05,0.0024235235087928975,0.002372140712768614,1
2023-03-24T17:58:55Z,2023-03-24T17:59:00Z,6.574405413487189e-05,0.002448015748619627,0.002382271694484755,0
2023-03-24T17:58:55Z,2023-03-24T17:59:00Z,6.102181852499873e-05,0.0024534128776075676,0.002392391059082569,0
2023-03-24T17:58:55Z,2023-03-24T17:59:00Z,6.554839230941013e-05,0.0024703644846698347,0.0024048160923604246,0
2023-03-24T17:58:55Z,2023-03-24T17:59:00Z,8.826749680470409e-05,0.002502881898911114,0.00241461440210641,0
2023-03-24T17:58:55Z,2023-03-24T17:59:00Z,8.164259002627549e-05,0.0025073648878618394,0.002425722297835564,0
2023-03-24T17:58:55Z,2023-03-24T17:59:00Z,8.14666211749744e-05,0.002521160216088901,0.0024396935949139264,0
2023-03-24T17:58:55Z,2023-03-24T17:59:00Z,7.418905779707366e-05,0.0025275280639560924,0.0024533390061590187,0
2023-03-24T17:58:55Z,2023-03-24T17:59:00Z,6.587374230069502e-05,0.002534236820133587,0.002468363077832892,0
2023-03-24T17:58:55Z,2023-03-24T17:59:00Z,8.293639067729524e-05,0.0025647178514907796,0.0024817814608134843,0
2023-03-24T17:58:55Z,2023-03-24T17:59:00Z,8.268428316138016e-05,0.0025783049078924505,0.0024956206247310703,0
2023-03-24T17:58:55Z,2023-03-24T17:59:00Z,8.790716586972065e-05,0.002598115553459685,0.0025102083875899643,0
2023-03-24T17:58:55Z,2023-03-24T17:59:00Z,8.200676554329968e-05,0.0026078266569188745,0.002525819891375575,0
2023-03-24T17:58:55Z,2023-03-24T17:59:00Z,5.360796044123978e-05,0.0025953967354155455,0.0025417887749743058,0
2023-03-24T17:58:55Z,2023-03-24T17:59:00Z,5.5573377654212323e-05,0.0026104802473794885,0.002554906869725276,0
2023-03-24T17:58:55Z,2023-03-24T17:59:00Z,5.3652884382024164e-05,0.0026195637350515137,0.0025659108506694895,0
2023-03-24T17:58:55Z,2023-03-24T17:59:00Z,5.318012512339331e-05,0.0026302559797042064,0.002577075854580813,0
2023-03-24T17:58:55Z,2023-03-24T17:59:00Z,7.185596972189611e-05,0.0026604362831896366,0.0025885803134677405,0
2023-03-24T17:58:55Z,2023-03-24T17:59:00Z,5.8127928234254916e-05,0.002658710636648323,0.002600582708414068,0
2023-03-24T17:58:55Z,2023-03-24T17:59:00Z,5.104236658519997e-05,0.0026635898789616253,0.0026125475123764254,0
2023-03-24T17:58:55Z,2023-03-24T17:59:00Z,3.289169541334817e-05,0.0026554899238842573,0.002622598228470909,0
2023-03-24T17:58:55Z,2023-03-24T17:59:00Z,1.6450895441779204e-05,0.002647233414600431,0.0026307825191586517,0
2023-03-24T17:58:55Z,2023-03-24T17:59:00Z,2.2172981302330183e-05,0.002658913408831655,0.0026367404275293247,0
2023-03-24T17:58:55Z,2023-03-24T17:59:00Z,3.118352580028022e-05,0.0026744035382277155,0.0026432200124274353,0
2023-03-24T17:58:55Z,2023-03-24T17:59:00Z,2.3462411475499642e-05,0.0026727365690844555,0.002649274157608956,0
2023-03-24T17:58:55Z,2023-03-24T17:59:00Z,8.854493971769718e-06,0.002664983626977751,0.0026561291330059814,0
2023-03-24T17:58:55Z,2023-03-24T17:59:00Z,5.222538263035311e-06,0.002666661744941548,0.0026614392066785127,0
2023-03-24T17:58:55Z,2023-03-24T17:59:00Z,1.5417872461166889e-06,0.00266046583740591,0.002662007624652027,0
2023-03-24T17:58:55Z,2023-03-24T17:59:00Z,2.1131673952120428e-06,0.002660888345793468,0.00266300151318868,0
2023-03-24T17:58:55Z,2023-03-24T17:59:00Z,1.4897929877870711e-05,0.002647713078116345,0.0026626110079942156,0
2023-03-24T17:58:55Z,2023-03-24T17:59:00Z,3.5924520051002374e-05,0.0026273612906818644,0.0026632858107328667,0
2023-03-24T17:58:55Z,2023-03-24T17:59:00Z,3.963269334221519e-05,0.0026237130753301407,0.002663345768672356,0
2023-03-24T17:58:55Z,2023-03-24T17:59:00Z,3.7558047467413716e-05,0.0026218437064362186,0.0026594017539036323,0
2023-03-24T17:58:55Z,2023-03-24T17:59:00Z,3.2410620097236224e-05,0.002620654825944199,0.002653065446041435,0
2023-03-24T17:58:55Z,2023-03-24T17:59:00Z,3.980558480667397e-05,0.002606898253403732,0.002646703838210406,0
2023-03-24T17:58:55Z,2023-03-24T17:59:00Z,3.446461680551389e-05,0.0026066981212756976,0.0026411627380812115,0
2023-03-24T17:58:55Z,2023-03-24T17:59:00Z,3.833822443687724e-05,0.0025953540772021074,0.0026336923016389846,0
2023-03-24T17:58:55Z,2023-03-24T17:59:00Z,4.015855541628999e-05,0.002586812781706418,0.002626971337122708,1
2023-03-24T17:58:55Z,2023-03-24T17:59:00Z,4.54035680091335e-05,0.002573375985539655,0.0026187795535487883,1
2023-03-24T17:58:55Z,2023-03-24T17:59:00Z,3.7027579713934215e-05,0.0025741394367836128,0.002611167016497547,1
2023-03-24T17:58:55Z,2023-03-24T17:59:00Z,4.8210002857926055e-05,0.0025562088504968447,0.002604418853354771,1
2023-03-24T17:58:55Z,2023-03-24T17:59:00Z,5.045617418920033e-05,0.0025477659743472544,0.0025982221485364547,1
2023-03-24T17:58:55Z,2023-03-24T17:59:00Z,4.787453069940873e-05,0.0025421432608446247,0.0025900177915440335,1
2023-03-24T17:58:55Z,2023-03-24T17:59:00Z,5.667165586446029e-05,0.002524235029229955,0.0025809066850944152,1
2023-03-24T17:58:55Z,2023-03-24T17:59:00Z,4.1168700738441946e-05,0.0025316436102860848,0.0025728123110245267,1
2023-03-24T17:58:55Z,2023-03-24T17:59:00Z,5.309922880748427e-05,0.002509405195711325,0.002562504424518809,1
2023-03-24T17:58:55Z,2023-03-24T17:59:00Z,4.6345920611381985e-05,0.0025081946955429245,0.0025545406161543065,1
2023-03-24T17:58:55Z,2023-03-24T17:59:00Z,2.950940957757416e-05,0.0025153552583273456,0.0025448646679049197,1
2023-03-24T17:58:55Z,2023-03-24T17:59:00Z,3.751064905526758e-05,0.0024992063576000606,0.002536717006655328,1
2023-03-24T17:58:55Z,2023-03-24T17:59:00Z,3.514257047170779e-05,0.002494226413876587,0.002529368984348295,1
2023-03-24T17:58:55Z,2023-03-24T17:59:00Z,2.921064244699751e-05,0.0024930330302891995,0.002522243672736197,1
2023-03-24T17:58:55Z,2023-03-24T17:59:00Z,2.701670940561795e-05,0.0024885345182717455,0.0025155512276773635,1
2023-03-24T17:58:55Z,2023-03-24T17:59:00Z,2.162874471328853e-05,0.0024877837041446466,0.002509412448857935,1
2023-03-24T17:58:55Z,2023-03-24T17:59:00Z,2.5880690591673517e-05,0.0024790691943964854,0.002504949884988159,1
2023-03-24T17:58:55Z,2023-03-24T17:59:00Z,1.7596277315852938e-05,0.0024818711194046265,0.0024994673967204794,1
2023-03-24T17:58:55Z,2023-03-24T17:59:00Z,2.4567606674511487e-05,0.0024711077898816125,0.002495675396556124,1
2023-03-24T17:58:55Z,2023-03-24T17:59:00Z,2.6999152710413532e-05,0.0024653857968284236,0.002492384949538837,1
2023-03-24T17:58:55Z,2023-03-24T17:59:00Z,2.693229756837263e-05,0.0024599217184147477,0.0024868540159831204,1
2023-03-24T17:58:55Z,2023-03-24T17:59:00Z,2.6722885975853303e-05,0.0024559035599108128,0.002482626445886666,1
2023-03-24T17:58:55Z,2023-03-24T17:59:00Z,2.68725024227031e-05,0.002451465856531233,0.002478338358953936,1
2023-03-24T17:58:55Z,2023-03-24T17:59:00Z,2.9176800357330872e-05,0.002444520374799307,0.002473697175156638,1
2023-03-24T17:58:55Z,2023-03-24T17:59:00Z,2.1486878275202813e-05,0.0024475767141638708,0.0024690635924390736,0
2023-03-24T17:58:55Z,2023-03-24T17:59:00Z,1.9886107103214527e-05,0.0024437695691676914,0.002463655676270906,0
2023-03-24T17:58:55Z,2023-03-24T17:59:00Z,1.9402713145547784e-05,0.0024403164030962817,0.0024597191162418295,0
2023-03-24T17:58:55Z,2023-03-24T17:59:00Z,2.5970709115703382e-05,0.002428985713346509,0.0024549564224622122,0
2023-03-24T17:58:55Z,2023-03-24T17:59:00Z,3.568400478483986e-05,0.0024154234943292064,0.002451107499114046,0
2023-03-24T17:58:55Z,2023-03-24T17:59:00Z,4.1719183043647905e-05,0.002404838305635159,0.002446557488678807,0
2023-03-24T17:58:55Z,2023-03-24T17:59:00Z,3.847221740129305e-05,0.002402522993266821,0.002440995210668114,0
2023-03-24T17:58:55Z,2023-03-24T17:59:00Z,3.0690798076880074e-05,0.002403921255806777,0.002434612053883657,0
2023-03-24T17:58:55Z,2023-03-24T17:59:00Z,3.0037244950693962e-05,0.002398456951024912,0.0024284941959756058,0
2023-03-24T17:58:55Z,2023-03-24T17:59:00Z,1.3917952053664213e-05,0.0024095013540478753,0.0024234193061015395,0
2023-03-24T17:58:55Z,2023-03-24T17:59:00Z,2.3381956098932066e-05,0.0023938973796102376,0.0024172793357091697,0
2023-03-24T17:58:55Z,2023-03-24T17:59:00Z,2.1696683509535297e-05,0.002391299125309657,0.0024129958088191924,0
2023-03-24T17:58:55Z,2023-03-24T17:59:00Z,2.8897982592899357e-05,0.0023782954482905374,0.0024071934308834367,0
2023-03-24T17:58:55Z,2023-03-24T17:59:00Z,1.8487966143081094e-05,0.0023839946412357494,0.0024024826073788304,0
2023-03-24T17:58:55Z,2023-03-24T17:59:00Z,1.2194621896585104e-05,0.002385646979727412,0.002397841601623997,0
2023-03-24T17:58:55Z,2023-03-24T17:59:00Z,4.953785582258782e-06,0.002390282357991812,0.002395236143574071,0
2023-03-24T17:58:55Z,2023-03-24T17:59:00Z,1.0047581640664025e-05,0.0024031742235223084,0.0023931266418816444,0
2023-03-24T17:58:55Z,2023-03-24T17:59:00Z,1.8975233926754338e-05,0.0024103970135815286,0.0023914217796547742,0
2023-03-24T17:58:55Z,2023-03-24T17:59:00Z,2.5028987268421385e-05,0.00241704042598537,0.0023920114387169485,0
2023-03-24T17:58:55Z,2023-03-24T17:59:00Z,2.029738926864538e-05,0.0024124207854273006,0.0023921233961586553,0
2023-03-24T17:58:55Z,2023-03-24T17:59:00Z,2.168297661845958e-05,0.0024166992535740064,0.002395016276955547,0
2023-03-24T17:58:55Z,2023-03-24T17:59:00Z,1.2695268981507708e-05,0.00241035175345176,0.0023976564844702523,0
2023-03-24T17:58:55Z,2023-03-24T17:59:00Z,2.120376683101494e-05,0.002381253193299671,0.0024024569601306858,0
2023-03-24T17:58:55Z,2023-03-24T17:59:00Z,1.4771296836971898e-05,0.0023909803023207154,0.0024057515991576872,0
2023-03-24T17:58:55Z,2023-03-24T17:59:00Z,7.241166945644653e-06,0.002397961208908575,0.0024052023758542197,0
2023-03-24T17:58:55Z,2023-03-24T17:59:00Z,6.0642139669167365e-06,0.0023992254049284155,0.0024052896188953322,0
2023-03-24T17:58:55Z,2023-03-24T17:59:00Z,7.174433336565398e-06,0.0024118124254051813,0.002404637992068616,0
2023-03-24T17:58:55Z,2023-03-24T17:59:00Z,1.3099624924243353e-05,0.00241634116591122,0.0024032415409869765,0
2023-03-24T17:58:55Z,2023-03-24T17:59:00Z,1.914703647801566e-05,0.0024217350773924687,0.002402588040914453,0
2023-03-24T17:58:55Z,2023-03-24T17:59:00Z,1.3426952312828398e-05,0.0024165050407877714,0.002403078088474943,0
2023-03-24T17:58:55Z,2023-03-24T17:59:00Z,2.394587554298104e-05,0.0024276534419952317,0.0024037075664522507,0
2023-03-24T17:58:55Z,2023-03-24T17:59:00Z,2.4374261807268323e-05,0.0024288509891765204,0.002404476727369252,0
2023-03-24T17:58:55Z,2023-03-24T17:59:00Z,1.9034433070264783e-05,0.002429311191526462,0.0024102767584561974,0
2023-03-24T17:58:55Z,2023-03-24T17:59:00Z,3.632888405610303e-07,0.002415373883153734,0.002415010594313173,0
2023-03-24T17:58:55Z,2023-03-24T17:59:00Z,8.142970597910682e-06,0.002410786371542498,0.0024189293421404087,0
2023-03-24T17:58:55Z,2023-03-24T17:59:00Z,1.2358288498963074e-06,0.002419712073068677,0.0024209479019185734,0
2023-03-24T17:58:55Z,2023-03-24T17:59:00Z,5.655320852492388e-06,0.002426474966038231,0.0024208196451857384,0
2023-03-24T17:58:55Z,2023-03-24T17:59:00Z,1.886731820278714e-05,0.0024401083267832076,0.0024212410085804204,0
2023-03-24T17:58:55Z,2023-03-24T17:59:00Z,2.1379763207867754e-05,0.0024432132578690083,0.0024218334946611406,0
2023-03-24T17:58:55Z,2023-03-24T17:59:00Z,2.7008924380775724e-05,0.002451792829791346,0.00242478390541057,0
2023-03-24T17:58:55Z,2023-03-24T17:59:00Z,4.2388072043273665e-05,0.002469116954438066,0.002426728882394792,0
2023-03-24T17:58:55Z,2023-03-24T17:59:00Z,5.5571646253766566e-05,0.002485168258725412,0.0024295966124716455,0
2023-03-24T17:58:55Z,2023-03-24T17:59:00Z,4.473459898965545e-05,0.002479306931825251,0.0024345723328355958,0
2023-03-24T17:58:55Z,2023-03-24T17:59:00Z,3.9461476112960005e-05,0.0024827581058950157,0.0024432966297820557,0
2023-03-24T17:58:55Z,2023-03-24T17:59:00Z,4.882697651425495e-05,0.002500688676331655,0.0024518616998174,0
2023-03-24T17:58:55Z,2023-03-24T17:59:00Z,3.366851066604693e-05,0.002493410964586739,0.0024597424539206923,0
2023-03-24T17:58:55Z,2023-03-24T17:59:00Z,4.43109519796688e-05,0.0025133301196870387,0.00246901916770737,0
2023-03-24T17:58:55Z,2023-03-24T17:59:00Z,4.8636986473477896e-05,0.002524318983906289,0.0024756819974328112,0
2023-03-24T17:58:55Z,2023-03-24T17:59:00Z,4.153707347483897e-05,0.0025259836786349047,0.0024844466051600657,0
2023-03-24T17:58:55Z,2023-03-24T17:59:00Z,4.7252853942815996e-05,0.0025407652283672495,0.0024935123744244335,0
2023-03-24T17:58:55Z,2023-03-24T17:59:00Z,4.458861185508041e-05,0.002545209326804118,0.0025006207149490377,0
2023-03-24T17:58:55Z,2023-03-24T17:59:00Z,3.9367672955604224e-05,0.0025469380091098725,0.0025075703361542682,0
2023-03-24T17:58:55Z,2023-03-24T17:59:00Z,2.463594844813368e-05,0.0025404440839747596,0.002515808135526626,0
2023-03-24T17:58:55Z,2023-03-24T17:59:00Z,8.839504882589798e-06,0.0025326701283110735,0.0025238306234284837,0
2023-03-24T17:58:55Z,2023-03-24T17:59:00Z,1.818309447056349e-05,0.002546983143854435,0.0025288000493838714,0
2023-03-24T17:58:55Z,2023-03-24T17:59:00Z,9.284282467183352e-07,0.002532779016602695,0.0025337074448494134,0
2023-03-24T17:58:55Z,2023-03-24T17:59:00Z,1.0930251248663508e-06,0.0025368210477454715,0.002537914072870338,0
2023-03-24T17:58:55Z,2023-03-24T17:59:00Z,3.929358422524471e-06,0.002535042218534864,0.0025389715769573887,0
2023-03-24T17:58:55Z,2023-03-24T17:59:00Z,5.274090417507673e-06,0.002545600338513717,0.0025403262480962092,0
2023-03-24T17:58:55Z,2023-03-24T17:59:00Z,5.0466295244367895e-06,0.0025345642423427244,0.0025396108718671612,0
2023-03-24T17:58:55Z,2023-03-24T17:59:00Z,1.660434093084728e-05,0.0025230554074000136,0.002539659748330861,0
2023-03-24T17:58:55Z,2023-03-24T17:59:00Z,3.9879542483430615e-05,0.0024982334850015366,0.0025381130274849673,0
2023-03-24T17:58:55Z,2023-03-24T17:59:00Z,4.3823123880100314e-05,0.002492116319033024,0.0025359394429131242,0
2023-03-24T17:58:55Z,2023-03-24T17:59:00Z,3.681929311326153e-05,0.0024948155693861706,0.002531634862499432,0
2023-03-24T17:58:55Z,2023-03-24T17:59:00Z,4.263779323016503e-05,0.002482138716166591,0.002524776509396756,0
2023-03-24T17:58:55Z,2023-03-24T17:59:00Z,4.128854745785683e-05,0.0024787425310368334,0.00252003107849469,0
2023-03-24T17:58:55Z,2023-03-24T17:59:00Z,4.445674012200536e-05,0.002468739046925325,0.0025131957870473303,0
2023-03-24T17:58:55Z,2023-03-24T17:59:00Z,3.403306988679442e-05,0.0024721252562232817,0.002506158326110076,0
2023-03-24T17:58:55Z,2023-03-24T17:59:00Z,2.5737656087886345e-05,0.002470813008573641,0.0024965506646615274,0
2023-03-24T17:58:55Z,2023-03-24T17:59:00Z,7.047426796817982e-06,0.0024816983645997793,0.0024887457913965972,0
2023-03-24T17:58:55Z,2023-03-24T17:59:00Z,1.8392284128255533e-06,0.002480376263130475,0.0024822154915433007,0
2023-03-24T17:58:55Z,2023-03-24T17:59:00Z,1.3077592577993846e-05,0.002467071008915087,0.0024801486014930808,0
2023-03-24T17:58:55Z,2023-03-24T17:59:00Z,1.671220750827521e-05,0.002461968886996987,0.002478681094505262,0
2023-03-24T17:58:55Z,2023-03-24T17:59:00Z,1.7053763346266352e-05,0.0024581592611001104,0.0024752130244463768,0
2023-03-24T17:58:55Z,2023-03-24T17:59:00Z,2.8083820949466754e-05,0.0024446079748507094,0.002472691795800176,0
2023-03-24T17:58:55Z,2023-03-24T17:59:00Z,3.5638795830913485e-05,0.0024344800912271727,0.002470118887058086,0
2023-03-24T17:58:55Z,2023-03-24T17:59:00Z,3.3430781562891754e-05,0.0024336717214858672,0.002467102503048759,0
2023-03-24T17:58:55Z,2023-03-24T17:59:00Z,3.9826274268599336e-05,0.002422570583155646,0.0024623968574242453,0
2023-03-24T17:58:55Z,2023-03-24T17:59:00Z,3.2901203634203794e-05,0.0024248529929040696,0.0024577541965382734,0
2023-03-24T17:58:55Z,2023-03-24T17:59:00Z,2.579765187390613e-05,0.002424565571983851,0.002450363223857757,0
2023-03-24T17:58:55Z,2023-03-24T17:59:00Z,3.073233530381239e-05,0.0024126904797756436,0.002443422815079456,0
2023-03-24T17:58:55Z,2023-03-24T17:59:00Z,2.3578694777769398e-05,0.0024145309406852825,0.002438109635463052,0
2023-03-24T17:58:55Z,2023-03-24T17:59:00Z,3.93441212131365e-05,0.002392605713347247,0.0024319498345603836,0
2023-03-24T17:58:55Z,2023-03-24T17:59:00Z,3.397155872969602e-05,0.0023925247357788346,0.0024264962945085306,0
2023-03-24T17:58:55Z,2023-03-24T17:59:00Z,1.9738640337292352e-05,0.002400257371483305,0.0024199960118205972,0
2023-03-24T17:58:55Z,2023-03-24T17:59:00Z,3.271612806373487e-05,0.0023820354643258206,0.0024147515923895555,0
2023-03-24T17:58:55Z,2023-03-24T17:59:00Z,2.0786912239379157e-05,0.002389787886399856,0.002410574798639235,0
2023-03-24T17:58:55Z,2023-03-24T17:59:00Z,1.8402044411307793e-05,0.002387105864374199,0.002405507908785507,0
2023-03-24T17:58:55Z,2023-03-24T17:59:00Z,2.3931343059729535e-05,0.0023771934274127503,0.00240112477047248,0
2023-03-24T17:58:55Z,2023-03-24T17:59:00Z,3.2576195974111377e-06,0.0023996999266186845,0.0023964423070212734,0
2023-03-24T17:58:55Z,2023-03-24T17:59:00Z,2.2775919337023227e-06,0.0023897275835422093,0.0023920051754759116,0
2023-03-24T17:58:55Z,2023-03-24T17:59:00Z,1.4104728141989438e-05,0.0024042560268595766,0.002390151298717587,0
2023-03-24T17:58:55Z,2023-03-24T17:59:00Z,2.1242592331189615e-06,0.0023919157917250762,0.0023897915324919573,0
2023-03-24T17:58:55Z,2023-03-24T17:59:00Z,3.6294129470448334e-06,0.002394887356824095,0.0023912579438770502,0
2023-03-24T17:58:55Z,2023-03-24T17:59:00Z,4.332554824778255e-07,0.0023897819909247937,0.0023902152464072715,0
2023-03-24T17:58:55Z,2023-03-24T17:59:00Z,5.6171318933736884e-06,0.0023862046010761826,0.0023918217329695563,0
2023-03-24T17:58:55Z,2023-03-24T17:59:00Z,1.2374337324253925e-05,0.002379446658710919,0.002391820996035173,0
2023-03-24T17:58:55Z,2023-03-24T17:59:00Z,1.3502423901714817e-05,0.0023782059142212065,0.0023917083381229214,0
2023-03-24T17:58:55Z,2023-03-24T17:59:00Z,2.0168725602181733e-05,0.0023718212664330107,0.0023919899920351925,0
2023-03-24T17:58:55Z,2023-03-24T17:59:00Z,2.9242971184670515e-05,0.002360060269300837,0.0023893032404855075,0
2023-03-24T17:58:55Z,2023-03-24T17:59:00Z,1.8692051069444087e-05,0.0023683728997774133,0.0023870649508468574,0
2023-03-24T17:58:55Z,2023-03-24T17:59:00Z,2.818015213557762e-05,0.0023533603290164374,0.002381540481152015,0
2023-03-24T17:58:55Z,2023-03-24T17:59:00Z,2.8089156230057775e-05,0.0023505084634285,0.0023785976196585576,0
2023-03-24T17:58:55Z,2023-03-24T17:59:00Z,2.7266171027775024e-05,0.0023461405701548253,0.0023734067411826003,0
2023-03-24T17:58:55Z,2023-03-24T17:59:00Z,1.5197382307147959e-05,0.0023533001679384154,0.0023684975502455633,0
2023-03-24T17:58:55Z,2023-03-24T17:59:00Z,1.784174943802964e-05,0.002345647796942364,0.0023634895463803935,0
2023-03-24T17:58:55Z,2023-03-24T17:59:00Z,1.4677795810095172e-05,0.002345543439223736,0.002360221235033831,0
2023-03-24T17:58:55Z,2023-03-24T17:59:00Z,1.284458775569668e-05,0.002343306882618279,0.002356151470373976,0
2023-03-24T17:58:55Z,2023-03-24T17:59:00Z,1.96248164711808e-05,0.002333241925501635,0.002352866741972816,0
2023-03-24T17:58:55Z,2023-03-24T17:59:00Z,2.60592220080731e-05,0.002324713346629423,0.002350772568637496,0
2023-03-24T17:58:55Z,2023-03-24T17:59:00Z,1.4057932122124757e-05,0.0023323232647308994,0.002346381196853024,0
2023-03-24T17:58:55Z,2023-03-24T17:59:00Z,1.7012104977219035e-06,0.002344501534552369,0.002342800324054647,0
2023-03-24T17:58:55Z,2023-03-24T17:59:00Z,3.6237695612024307e-06,0.0023369034046562447,0.002340527174217447,0
2023-03-24T17:58:55Z,2023-03-24T17:59:00Z,3.2581001245123205e-06,0.0023435803948916524,0.00234032229476714,0
2023-03-24T17:58:55Z,2023-03-24T17:59:00Z,4.420721093885329e-06,0.0023338519782629837,0.002338272699356869,0
2023-03-24T17:58:55Z,2023-03-24T17:59:00Z,1.5840750730747137e-06,0.002336430199027455,0.00233801427410053,0
2023-03-24T17:58:55Z,2023-03-24T17:59:00Z,1.2936969750409165e-05,0.0023494898112308453,0.002336552841480436,0
2023-03-24T17:58:55Z,2023-03-24T17:59:00Z,1.6761823533785122e-05,0.002352455079565368,0.002335693256031583,0
2023-03-24T17:58:55Z,2023-03-24T17:59:00Z,2.4037637708138222e-05,0.0023617618794558723,0.002337724241747734,0
2023-03-24T17:58:55Z,2023-03-24T17:59:00Z,1.5112433047452349e-05,0.0023563043914121796,0.0023411919583647273,0
2023-03-24T17:58:55Z,2023-03-24T17:59:00Z,8.744750619886325e-06,0.002353616535825235,0.0023448717852053488,0
2023-03-24T17:58:55Z,2023-03-24T17:59:00Z,7.088870235309741e-06,0.002353436012548135,0.002346347142312825,0
2023-03-24T17:58:55Z,2023-03-24T17:59:00Z,1.4957677220690455e-05,0.002333478606488259,0.0023484362837089493,0
2023-03-24T17:58:55Z,2023-03-24T17:59:00Z,1.591461252494278e-05,0.0023337536233910662,0.002349668235916009,0
2023-03-24T17:58:55Z,2023-03-24T17:59:00Z,1.4064033238130394e-05,0.0023355575312060386,0.002349621564444169,0
2023-03-24T17:58:55Z,2023-03-24T17:59:00Z,4.5792723847372895e-05,0.002303494268642247,0.00234928699248962,0
2023-03-24T17:58:55Z,2023-03-24T17:59:00Z,4.294589959623601e-05,0.0023045995578902835,0.0023475454574865195,0
2023-03-24T17:58:55Z,2023-03-24T17:59:00Z,4.890447635825081e-05,0.002292520879762878,0.002341425356121129,0
2023-03-24T17:58:55Z,2023-03-24T17:59:00Z,5.000652249070002e-05,0.0022842735434347302,0.0023342800659254303,0
2023-03-24T17:58:55Z,2023-03-24T17:59:00Z,4.841726023131982e-05,0.002277889866737948,0.0023263071269692677,0
2023-03-24T17:58:55Z,2023-03-24T17:59:00Z,3.974798080748831e-05,0.002277891272112966,0.0023176392529204544,0
2023-03-24T17:58:55Z,2023-03-24T17:59:00Z,4.4819411582866075e-05,0.002263376573111315,0.002308195984694181,0
2023-03-24T17:58:55Z,2023-03-24T17:59:00Z,3.744782767960619e-05,0.0022637997402176636,0.0023012475678972698,0
2023-03-24T17:58:55Z,2023-03-24T17:59:00Z,3.2886355951997244e-05,0.0022595640806603035,0.0022924504366123007,0
2023-03-24T17:58:55Z,2023-03-24T17:59:00Z,2.414941369043022e-05,0.0022593312990483233,0.0022834807127387535,0
2023-03-24T17:58:55Z,2023-03-24T17:59:00Z,1.0274777892463772e-05,0.002267714661348547,0.002277989439241011,0
2023-03-24T17:58:55Z,2023-03-24T17:59:00Z,1.7319412207027207e-05,0.002255011494678739,0.002272330906885766,0
2023-03-24T17:58:55Z,2023-03-24T17:59:00Z,1.4753602651047283e-05,0.002254476526932927,0.0022692301295839743,0
2023-03-24T17:58:55Z,2023-03-24T17:59:00Z,5.758910452809303e-06,0.0022598134630366666,0.002265572373489476,0
2023-03-24T17:58:55Z,2023-03-24T17:59:00Z,3.1978354688528762e-06,0.002259447870544995,0.002262645706013848,0
2023-03-24T17:58:55Z,2023-03-24T17:59:00Z,1.4680887464354163e-05,0.0022457050924149565,0.0022603859798793107,0
2023-03-24T17:58:55Z,2023-03-24T17:59:00Z,3.254859857247227e-05,0.0022273462934860487,0.002259894892058521,0
2023-03-24T17:58:55Z,2023-03-24T17:59:00Z,1.8960987940964003e-05,0.002238672073142218,0.002257633061083182,0
2023-03-24T17:58:55Z,2023-03-24T17:59:00Z,1.699917441972277e-05,0.0022366066632666776,0.0022536058376864004,0
2023-03-24T17:58:55Z,2023-03-24T17:59:00Z,6.681183246850988e-06,0.002244342251201286,0.002251023434448137,0
2023-03-24T17:58:55Z,2023-03-24T17:59:00Z,1.2670937697898278e-05,0.0022344639969900056,0.002247134934687904,0
2023-03-24T17:58:55Z,2023-03-24T17:59:00Z,1.6128754356633385e-05,0.0022296725248965883,0.0022458012792532216,0
2023-03-24T17:58:55Z,2023-03-24T17:59:00Z,1.3808014858363808e-05,0.002229491698151993,0.0022432997130103567,0
2023-03-24T17:58:55Z,2023-03-24T17:59:00Z,5.383220031138572e-07,0.0022400704177459605,0.0022395320957428466,0
2023-03-24T17:58:55Z,2023-03-24T17:59:00Z,1.15367797090234e-05,0.002247324353902745,0.0022357875741937216,0
2023-03-24T17:58:55Z,2023-03-24T17:59:00Z,2.513914154655397e-05,0.002260222381406651,0.002235083239860097,0
2023-03-24T17:58:55Z,2023-03-24T17:59:00Z,2.2528357835608758e-05,0.002260108855247793,0.0022375804974121842,0
2023-03-24T17:58:55Z,2023-03-24T17:59:00Z,1.697426170799805e-05,0.0022572485476532365,0.0022402742859452384,0
2023-03-24T17:58:55Z,2023-03-24T17:59:00Z,9.691686709851783e-06,0.0022529037466527298,0.002243212059942878,0
2023-03-24T17:58:55Z,2023-03-24T17:59:00Z,7.883006223014053e-06,0.0022527083532223858,0.0022448253469993717,0
2023-03-24T17:58:55Z,2023-03-24T17:59:00Z,7.2881884527011866e-06,0.0022544185041599133,0.002247130315707212,0
2023-03-24T17:58:55Z,2023-03-24T17:59:00Z,1.8198997129367876e-05,0.0022682087913773047,0.002250009794247937,0
2023-03-24T17:58:55Z,2023-03-24T17:59:00Z,1.118780742609968e-05,0.0022643134524250267,0.002253125644998927,0
2023-03-24T17:58:55Z,2023-03-24T17:59:00Z,3.630099894528496e-05,0.0022929439406481297,0.0022566429417028447,0
2023-03-24T17:58:55Z,2023-03-24T17:59:00Z,4.450479216068937e-05,0.0023032713711788194,0.00225876657901813,0
2023-03-24T17:58:55Z,2023-03-24T17:59:00Z,4.093485839171563e-05,0.0023037916323150305,0.002262856773923315,0
2023-03-24T17:58:55Z,2023-03-24T17:59:00Z,4.167036797917724e-05,0.0023099224563938705,0.0022682520884146932,0
2023-03-24T17:58:55Z,2023-03-24T17:59:00Z,4.1507678182062246e-05,0.0023155776521794798,0.0022740699739974175,0
2023-03-24T17:58:55Z,2023-03-24T17:59:00Z,2.9602513713407417e-05,0.0023107998264284674,0.00228119731271506,0
2023-03-24T17:58:55Z,2023-03-24T17:59:00Z,3.147435448535175e-05,0.0023205303295700487,0.002289055975084697,0
2023-03-24T17:58:55Z,2023-03-24T17:59:00Z,4.492595040383584e-05,0.002341029590772102,0.002296103640368266,0
2023-03-24T17:58:55Z,2023-03-24T17:59:00Z,3.824384725915333e-05,0.002340887679901512,0.0023026438326423588,0
2023-03-24T17:58:55Z,2023-03-24T17:59:00Z,2.923149151929901e-05,0.0023414648414550425,0.0023122333499357435,0
2023-03-24T17:58:55Z,2023-03-24T17:59:00Z,2.7060001144888195e-05,0.0023452863184873045,0.0023182263173424163,0
2023-03-24T17:58:55Z,2023-03-24T17:59:00Z,3.362853938381708e-05,0.0023566290405107613,0.002323000501126944,0
2023-03-24T17:58:55Z,2023-03-24T17:59:00Z,3.808650637976505e-05,0.0023662738432782436,0.0023281873368984785,0
2023-03-24T17:58:55Z,2023-03-24T17:59:00Z,2.6355326319658836e-05,0.0023603809862327487,0.00233402565991309,0
2023-03-24T17:58:55Z,2023-03-24T17:59:00Z,1.6113663619251022e-05,0.002356476347419686,0.002340362683800435,0
2023-03-24T17:58:55Z,2023-03-24T17:59:00Z,1.1711114127411701e-05,0.002358271442903382,0.00234656032877597,0
2023-03-24T17:58:55Z,2023-03-24T17:59:00Z,7.70208657874076e-06,0.002358755667585916,0.002351053581007175,0
2023-03-24T17:58:55Z,2023-03-24T17:59:00Z,2.0273600665665983e-05,0.002373482413189251,0.002353208812523585,0
2023-03-24T17:58:55Z,2023-03-24T17:59:00Z,2.4140706498714318e-05,0.00237958301748285,0.0023554423109841357,0
2023-03-24T17:58:55Z,2023-03-24T17:59:00Z,2.8962559382845598e-05,0.0023884070668337572,0.0023594445074509116,0
2023-03-24T17:58:55Z,2023-03-24T17:59:00Z,3.260534226864594e-05,0.0023963369370940007,0.0023637315948253548,0
2023-03-24T17:58:55Z,2023-03-24T17:59:00Z,2.155118247592052e-05,0.0023892550305916497,0.002367703848115729,0
2023-03-24T17:58:55Z,2023-03-24T17:59:00Z,2.448773494064709e-05,0.002395949469783346,0.002371461734842699,0
2023-03-24T17:58:55Z,2023-03-24T17:59:00Z,2.5265605107700068e-05,0.002400336595495262,0.002375070990387562,0
2023-03-24T17:58:55Z,2023-03-24T17:59:00Z,2.8313503057021683e-05,0.002408318633740041,0.0023800051306830192,0
2023-03-24T17:58:55Z,2023-03-24T17:59:00Z,1.851329190435567e-05,0.0024037765666613596,0.002385263274757004,0
2023-03-24T17:58:55Z,2023-03-24T17:59:00Z,1.3777455570937285e-05,0.002405236101097207,0.0023914586455262695,0
2023-03-24T17:58:55Z,2023-03-24T17:59:00Z,1.410476536835726e-05,0.0024093501800786406,0.0023952454147102833,0
2023-03-24T17:58:55Z,2023-03-24T17:59:00Z,5.259995552302568e-06,0.0024037120457143808,0.002398452050162078,0
2023-03-24T17:58:55Z,2023-03-24T17:59:00Z,1.573750928291146e-05,0.0024168074486006,0.0024010699393176883,0
2023-03-24T17:58:55Z,2023-03-24T17:59:00Z,1.820052302000004e-06,0.002400171775593236,0.002401991827895236,0
2023-03-24T17:58:55Z,2023-03-24T17:59:00Z,1.5395835867839432e-05,0.002390040044278515,0.0024054358801463543,0
2023-03-24T17:58:55Z,2023-03-24T17:59:00Z,4.153146324709089e-06,0.002401810522047882,0.002405963668372591,0
2023-03-24T17:58:55Z,2023-03-24T17:59:00Z,1.0446174928453993e-05,0.0023942304245420432,0.0024046765994704972,0
2023-03-24T17:58:55Z,2023-03-24T17:59:00Z,1.879624218285988e-05,0.0023850668433261176,0.0024038630855089775,0
2023-03-24T17:58:55Z,2023-03-24T17:59:00Z,1.518827989325719e-05,0.002387481537850806,0.002402669817744063,0
2023-03-24T17:58:55Z,2023-03-24T17:59:00Z,1.7288513934748343e-05,0.0023828601465879285,0.002400148660522677,0
2023-03-24T17:58:55Z,2023-03-24T17:59:00Z,2.5980060041903407e-05,0.002371435020202294,0.0023974150802441975,0
2023-03-24T17:58:55Z,2023-03-24T17:59:00Z,1.9112935199015833e-05,0.002375695657654375,0.002394808592853391,0
2023-03-24T17:58:55Z,2023-03-24T17:59:00Z,1.070157275231444e-05,0.002378435466551288,0.0023891370393036024,0
2023-03-24T17:58:55Z,2023-03-24T17:59:00Z,1.427805062804077e-05,0.0023717994739332043,0.002386077524561245,0
2023-03-24T17:58:55Z,2023-03-24T17:59:00Z,8.695257612743607e-06,0.002375931694732598,0.0023846269523453414,0
2023-03-24T17:58:55Z,2023-03-24T17:59:00Z,1.0115912257232205e-05,0.002370759659073775,0.002380875571331007,0
2023-03-24T17:58:55Z,2023-03-24T17:59:00Z,8.552907897007352e-06,0.002370035322207819,0.0023785882301048263,0
2023-03-24T17:58:55Z,2023-03-24T17:59:00Z,1.1263451298241904e-05,0.0023655363807750414,0.0023767998320732833,0
2023-03-24T17:58:55Z,2023-03-24T17:59:00Z,6.318503995806843e-06,0.002368300551122103,0.00237461905511791,0
2023-03-24T17:58:55Z,2023-03-24T17:59:00Z,1.0986111819769745e-05,0.0023614674725715296,0.0023724535843912993,0
2023-03-24T17:58:55Z,2023-03-24T17:59:00Z,2.267476408124129e-06,0.0023743292521643993,0.002372061775756275,0
2023-03-24T17:58:55Z,2023-03-24T17:59:00Z,8.050020648270317e-07,0.002371088254685747,0.0023702832526209198,0
2023-03-24T17:58:55Z,2023-03-24T17:59:00Z,4.762123767102638e-06,0.002374532099589661,0.0023697699758225585,0
2023-03-24T17:58:55Z,2023-03-24T17:59:00Z,2.031751072314623e-05,0.00234936356269348,0.0023696810734166263,0
2023-03-24T17:58:55Z,2023-03-24T17:59:00Z,2.79008488482382e-05,0.0023416052751755213,0.0023695061240237595,0
2023-03-24T17:58:55Z,2023-03-24T17:59:00Z,1.95164378280991e-05,0.0023473151741481234,0.0023668316119762225,0
2023-03-24T17:58:55Z,2023-03-24T17:59:00Z,2.5853297314531662e-05,0.0023374245587826537,0.0023632778560971853,0
2023-03-24T17:58:55Z,2023-03-24T17:59:00Z,4.160836870840479e-05,0.002319391836560416,0.002361000205268821,0
2023-03-24T17:58:55Z,2023-03-24T17:59:00Z,4.5356373378786525e-05,0.002311784332847603,0.0023571407062263896,0
2023-03-24T17:58:55Z,2023-03-24T17:59:00Z,5.279499101839332e-05,0.002299086260706607,0.0023518812517250003,0
2023-03-24T17:58:55Z,2023-03-24T17:59:00Z,3.64732163727231e-05,0.002307589920437678,0.002344063136810401,0
2023-03-24T17:58:55Z,2023-03-24T17:59:00Z,3.822920840618497e-05,0.0022968336791568235,0.0023350628875630085,0
2023-03-24T17:58:55Z,2023-03-24T17:59:00Z,2.3180739745774434e-05,0.002303514375423236,0.0023266951151690103,0
2023-03-24T17:58:55Z,2023-03-24T17:59:00Z,2.461680123179953e-05,0.002295512078495129,0.0023201288797269283,0
2023-03-24T17:58:55Z,2023-03-24T17:59:00Z,2.9910408971915107e-05,0.0022854571082859773,0.0023153675172578924,0
2023-03-24T17:58:55Z,2023-03-24T17:59:00Z,2.6641808281575342e-05,0.002282250322019693,0.0023088921303012684,0
2023-03-24T17:58:55Z,2023-03-24T17:59:00Z,6.930589638884203e-06,0.0022954656093502994,0.0023023961989891836,0
2023-03-24T17:58:55Z,2023-03-24T17:59:00Z,7.631006587138518e-06,0.0023053845162587317,0.002297753509671593,0
2023-03-24T17:58:55Z,2023-03-24T17:59:00Z,4.155522288106471e-06,0.002299869191522537,0.0022957136692344305,0
2023-03-24T17:58:55Z,2023-03-24T17:59:00Z,5.30553657977122e-05,0.0022434455853807336,0.002296500951178446,0
2023-03-24T17:58:55Z,2023-03-24T17:59:00Z,7.009962550230285e-05,0.0022254362345617506,0.0022955358600640534,0
2023-03-24T17:58:55Z,2023-03-24T17:59:00Z,9.15379567357601e-05,0.0021973243916062818,0.002288862348342042,0
2023-03-24T17:58:55Z,2023-03-24T17:59:00Z,8.240074791866087e-05,0.002196701832815696,0.0022791025807343567,0
2023-03-24T17:58:55Z,2023-03-24T17:59:00Z,8.124733972187693e-05,0.0021855817801513734,0.0022668291198732504,0
2023-03-24T17:58:55Z,2023-03-24T17:59:00Z,7.763115995161954e-05,0.002178103550487846,0.0022557347104394656,0
2023-03-24T17:58:55Z,2023-03-24T17:59:00Z,7.770812871824321e-05,0.002165943013987682,0.0022436511427059254,0
2023-03-24T17:58:55Z,2023-03-24T17:59:00Z,6.317443338671111e-05,0.0021658064519614077,0.002228980885348119,0
2023-03-24T17:58:55Z,2023-03-24T17:59:00Z,5.212086234134038e-05,0.002159429835222897,0.0022115506975642373,0
2023-03-24T17:58:55Z,2023-03-24T17:59:00Z,5.1056848221566614e-05,0.0021437360068975297,0.0021947928551190963,0
2023-03-24T17:58:55Z,2023-03-24T17:59:00Z,4.668832111271717e-05,0.0021376025652366498,0.002184290886349367,0
2023-03-24T17:58:55Z,2023-03-24T17:59:00Z,4.6474699494069346e-05,0.00212760365839727,0.0021740783578913393,0
2023-03-24T17:58:55Z,2023-03-24T17:59:00Z,4.849361272455657e-05,0.0021181195168705784,0.002166613129595135,0
2023-03-24T17:58:55Z,2023-03-24T17:59:00Z,3.9870543005425356e-05,0.0021181053147874065,0.002157975857792832,0
2023-03-24T17:58:55Z,2023-03-24T17:59:00Z,2.8678208567693795e-05,0.002120864866315039,0.0021495430748827327,0
2023-03-24T17:58:55Z,2023-03-24T17:59:00Z,6.761039304420489e-06,0.002135282256115757,0.0021420432954201776,0
2023-03-24T17:58:55Z,2023-03-24T17:59:00Z,4.753392766050288e-06,0.002131655134195047,0.0021364085269610974,0
2023-03-24T17:58:55Z,2023-03-24T17:59:00Z,3.3213700796801485e-06,0.0021359143725600714,0.0021325930024803912,0
2023-03-24T17:58:55Z,2023-03-24T17:59:00Z,8.628162222470807e-06,0.0021377493270743806,0.0021291211648519098,0
2023-03-24T17:58:55Z,2023-03-24T17:59:00Z,1.8519383698609605e-05,0.002146662844258337,0.0021281434605597274,0
2023-03-24T17:58:55Z,2023-03-24T17:59:00Z,3.322862508536471e-05,0.0021613904308748085,0.002128161805789444,0
2023-03-24T17:58:55Z,2023-03-24T17:59:00Z,3.136375813194564e-05,0.002161907962154023,0.0021305442040220773,0
2023-03-24T17:58:55Z,2023-03-24T17:59:00Z,1.2057116885836727e-05,0.0021480101851584425,0.0021359530682726058,0
2023-03-24T17:58:55Z,2023-03-24T17:59:00Z,1.1771649986173222e-05,0.002153200049179606,0.002141428399193433,0
2023-03-24T17:58:55Z,2023-03-24T17:59:00Z,2.4846811381764103e-05,0.002169668375430623,0.0021448215640488587,0
2023-03-24T17:58:55Z,2023-03-24T17:59:00Z,3.0007198076366804e-05,0.0021770684862582063,0.0021470612881818395,0
2023-03-24T17:58:55Z,2023-03-24T17:59:00Z,3.6635995510195685e-05,0.002188448938846482,0.002151812943336286,0
2023-03-24T17:58:55Z,2023-03-24T17:59:00Z,3.952761945222923e-05,0.0021964848270007824,0.002156957207548553,0
2023-03-24T17:58:55Z,2023-03-24T17:59:00Z,4.485664727944859e-05,0.002208151306299515,0.0021632946590200665,0
2023-03-24T17:58:55Z,2023-03-24T17:59:00Z,4.32969079074497e-05,0.0022128193147703213,0.0021695224068628716,0
2023-03-24T17:58:55Z,2023-03-24T17:59:00Z,4.791339944891157e-05,0.0022232809157398717,0.00217536751629096,0
2023-03-24T17:58:55Z,2023-03-24T17:59:00Z,6.61724659308323e-05,0.0022479039012988293,0.002181731435367997,0
2023-03-24T17:58:55Z,2023-03-24T17:59:00Z,6.198585204669716e-05,0.002253126128737373,0.002191140276690676,0
2023-03-24T17:58:55Z,2023-03-24T17:59:00Z,3.362026498922137e-05,0.0022365985231948,0.002202978258205579,0
2023-03-24T17:58:55Z,2023-03-24T17:59:00Z,2.901594371556432e-05,0.002242426421084487,0.002213410477368923,0
2023-03-24T17:58:55Z,2023-03-24T17:59:00Z,3.3136991031954e-05,0.0022539887230179512,0.0022208517319859972,0
2023-03-24T17:58:55Z,2023-03-24T17:59:00Z,8.619510447928011e-05,0.0023137940217450277,0.0022275989172657476,0
2023-03-24T17:58:55Z,2023-03-24T17:59:00Z,0.00010257285199428371,0.0023373597562621777,0.002234786904267894,0
2023-03-24T17:58:55Z,2023-03-24T17:59:00Z,0.00010275195151633826,0.002350744195214921,0.002247992243698583,0
2023-03-24T17:58:55Z,2023-03-24T17:59:00Z,0.00010633658474457422,0.002369896383629639,0.002263559798885065,0
2023-03-24T17:58:55Z,2023-03-24T17:59:00Z,9.701266635169263e-05,0.0023765053751711386,0.002279492708819446,0
2023-03-24T17:58:55Z,2023-03-24T17:59:00Z,8.41692797904775e-05,0.0023789110489012746,0.002294741769110797,0
2023-03-24T17:58:55Z,2023-03-24T17:59:00Z,8.453857455621803e-05,0.0023947027494712362,0.002310164174915018,0
2023-03-24T17:58:55Z,2023-03-24T17:59:00Z,6.209138761741582e-05,0.0023900446282457428,0.002327953240628327,0
2023-03-24T17:58:55Z,2023-03-24T17:59:00Z,4.70028009679469e-05,0.002393990582644618,0.002346987781676671,0
2023-03-24T17:58:55Z,2023-03-24T17:59:00Z,3.330315223005857e-05,0.0023972979220602034,0.002363994769830145,0
2023-03-24T17:58:55Z,2023-03-24T17:59:00Z,2.17728147626421e-05,0.002395792154705236,0.002374019339942594,0
2023-03-24T17:58:55Z,2023-03-24T17:59:00Z,7.900703027555796e-06,0.0023894123136949026,0.0023815116106673468,0
2023-03-24T17:58:55Z,2023-03-24T17:59:00Z,9.282501664279776e-06,0.0023778601039393566,0.0023871426056036363,0
2023-03-24T17:58:55Z,2023-03-24T17:59:00Z,2.250751830334399e-05,0.00236707457855845,0.002389582096861794,0
2023-03-24T17:58:55Z,2023-03-24T17:59:00Z,2.303443584233478e-05,0.002366717002115486,0.002389751437957821,0
2023-03-24T17:58:55Z,2023-03-24T17:59:00Z,2.532824875929509e-05,0.002362943630405673,0.0023882718791649682,0
2023-03-24T17:58:55Z,2023-03-24T17:59:00Z,3.036265970914184e-05,0.002354411001036358,0.0023847736607454997,0
2023-03-24T17:58:55Z,2023-03-24T17:59:00Z,3.8308372826017806e-05,0.002343077663189473,0.0023813860360154906,0
2023-03-24T17:58:55Z,2023-03-24T17:59:00Z,3.583302045118185e-05,0.0023406055678632763,0.002376438588314458,0
2023-03-24T17:58:55Z,2023-03-24T17:59:00Z,3.4990535926591234e-05,0.0023346705200290255,0.0023696610559556168,0
2023-03-24T17:58:55Z,2023-03-24T17:59:00Z,3.503479906815472e-05,0.002327727933532217,0.002362762732600372,0
2023-03-24T17:58:55Z,2023-03-24T17:59:00Z,1.7472170072565553e-05,0.0023384478383195713,0.002355920008392137,0
2023-03-24T17:58:55Z,2023-03-24T17:59:00Z,4.566281604168922e-06,0.002354219768695414,0.002349653487091245,0
2023-03-24T17:58:55Z,2023-03-24T17:59:00Z,7.5883865899304195e-06,0.0023536635311513154,0.002346075144561385,0
2023-03-24T17:58:55Z,2023-03-24T17:59:00Z,1.7211692168291482e-05,0.002361724682552167,0.0023445129903838756,0
2023-03-24T17:58:55Z,2023-03-24T17:59:00Z,3.693478676053104e-05,0.0023802877647376122,0.002343352977977081,0
2023-03-24T17:58:55Z,2023-03-24T17:59:00Z,2.131065263616524e-05,0.002365577840802723,0.0023442671881665576,0
2023-03-24T17:58:55Z,2023-03-24T17:59:00Z,1.4750855645856691e-05,0.002363669306505932,0.002348918450860075,0
2023-03-24T17:58:55Z,2023-03-24T17:59:00Z,1.213416678433896e-05,0.0023641741517618445,0.0023520399849775056,0
2023-03-24T17:58:55Z,2023-03-24T17:59:00Z,1.4844715224744415e-05,0.0023705095485118638,0.0023556648332871194,0
2023-03-24T17:58:55Z,2023-03-24T17:59:00Z,1.662699456606064e-05,0.002376847605131883,0.0023602206105658224,0
2023-03-24T17:58:55Z,2023-03-24T17:59:00Z,6.081479695457196e-06,0.0023703098040353163,0.002364228324339859,0
2023-03-24T17:58:55Z,2023-03-24T17:59:00Z,3.016935892818755e-06,0.0023700737397872366,0.002367056803894418,0
2023-03-24T17:58:55Z,2023-03-24T17:59:00Z,7.871516789386898e-06,0.0023770091047943046,0.0023691375880049177,0
2023-03-24T17:58:55Z,2023-03-24T17:59:00Z,8.21460678183776e-07,0.0023693597594811175,0.0023701812201593012,0
2023-03-24T17:58:55Z,2023-03-24T17:59:00Z,1.3903925321452279e-05,0.002355867462344936,0.0023697713876663883,0
2023-03-24T17:58:55Z,2023-03-24T17:59:00Z,1.2762857906164441e-05,0.0023574812695950228,0.002370244127501187,0
2023-03-24T17:58:55Z,2023-03-24T17:59:00Z,5.804927384707101e-07,0.0023686884042425924,0.002369268896981063,0
2023-03-24T17:58:55Z,2023-03-24T17:59:00Z,2.220404628583937e-06,0.0023706526913387944,0.0023684322867102104,0
2023-03-24T17:58:55Z,2023-03-24T17:59:00Z,3.3655316187086552e-06,0.00237157017529526,0.0023682046436765514,0
2023-03-24T17:58:55Z,2023-03-24T17:59:00Z,1.2338067315289386e-05,0.002379768346767705,0.0023674302794524154,0
2023-03-24T17:58:55Z,2023-03-24T17:59:00Z,1.3090158115197908e-05,0.002380677983975106,0.0023675878258599082,0
2023-03-24T17:58:55Z,2023-03-24T17:59:00Z,6.73974484778541e-07,0.002369473626217245,0.0023687996517324666,0
2023-03-24T17:58:55Z,2023-03-24T17:59:00Z,1.1803123389310388e-05,0.0023810613850193773,0.002369258261630067,0
2023-03-24T17:58:55Z,2023-03-24T17:59:00Z,9.791055664490692e-06,0.0023790635506365735,0.002369272494972083,0
2023-03-24T17:58:55Z,2023-03-24T17:59:00Z,1.4607763193225879e-05,0.002387029498499614,0.0023724217353063883,0
2023-03-24T17:58:55Z,2023-03-24T17:59:00Z,8.803304874908241e-06,0.0023663162155616734,0.0023751195204365816,0
2023-03-24T17:58:55Z,2023-03-24T17:59:00Z,3.0550584026196176e-06,0.002380467215621329,0.0023774121572187096,0
2023-03-24T17:58:55Z,2023-03-24T17:59:00Z,7.799846945905943e-06,0.002384669944692475,0.002376870097746569,0
2023-03-24T17:58:55Z,2023-03-24T17:59:00Z,7.739459415338767e-06,0.0023857216872026667,0.002377982227787328,0
2023-03-24T17:58:55Z,2023-03-24T17:59:00Z,1.5083973988542533e-05,0.0023936789015164667,0.002378594927527924,0
2023-03-24T17:58:55Z,2023-03-24T17:59:00Z,1.839175711549311e-05,0.002397617147546862,0.002379225390431369,0
2023-03-24T17:58:55Z,2023-03-24T17:59:00Z,1.007065074442497e-05,0.002392321700588197,0.002382251049843772,0
2023-03-24T17:58:55Z,2023-03-24T17:59:00Z,2.7187471896318594e-06,0.0023870392673493394,0.0023843205201597075,0
2023-03-24T17:58:55Z,2023-03-24T17:59:00Z,1.5000112204748353e-06,0.002387477800124135,0.0023859777889036603,0
2023-03-24T17:58:55Z,2023-03-24T17:59:00Z,5.56390217851992e-06,0.0023915429121883964,0.0023859790100098765,0
2023-03-24T17:58:55Z,2023-03-24T17:59:00Z,1.1700147257375903e-05,0.00240032435533756,0.002388624208080184,0
2023-03-24T17:58:55Z,2023-03-24T17:59:00Z,1.9391396788582572e-05,0.00240940006693965,0.0023900086701510673,0
2023-03-24T17:58:55Z,2023-03-24T17:59:00Z,2.4646289887427994e-06,0.00238950084249296,0.002391965471481703,0
2023-03-24T17:58:55Z,2023-03-24T17:59:00Z,8.521164130016485e-06,0.0024034464330788424,0.002394925268948826,0
2023-03-24T17:58:55Z,2023-03-24T17:59:00Z,5.829801341177606e-06,0.002400232812912065,0.0023944030115708873,0
2023-03-24T17:58:55Z,2023-03-24T17:59:00Z,1.1881116673171169e-05,0.002383250555589214,0.002395131672262385,0
2023-03-24T17:58:55Z,2023-03-24T17:59:00Z,2.1874344974804217e-05,0.0023742462163280644,0.0023961205613028686,0
2023-03-24T17:58:55Z,2023-03-24T17:59:00Z,6.046264249428331e-06,0.0023896007080834243,0.0023956469723328527,0
2023-03-24T17:58:55Z,2023-03-24T17:59:00Z,1.3692682912188649e-06,0.002395362292649563,0.002393993024358344,0
2023-03-24T17:58:55Z,2023-03-24T17:59:00Z,2.8953064348598463e-06,0.002396645555280082,0.0023937502488452223,1
2023-03-24T17:58:55Z,2023-03-24T17:59:00Z,1.04855973281524e-06,0.002394178550742038,0.002393129991009223,1
2023-03-24T17:58:55Z,2023-03-24T17:59:00Z,1.8894716581124935e-05,0.002372640960470652,0.002391535677051777,1
2023-03-24T17:58:55Z,2023-03-24T17:59:00Z,3.685303334008752e-05,0.002355267357242824,0.0023921203905829117,1
2023-03-24T17:58:55Z,2023-03-24T17:59:00Z,6.560382922908082e-05,0.002322665877277807,0.002388269706506888,1
2023-03-24T17:58:55Z,2023-03-24T17:59:00Z,8.199032594671156e-05,0.0023006586986015214,0.002382649024548233,1
2023-03-24T17:58:55Z,2023-03-24T17:59:00Z,9.932756225919034e-05,0.0022757483775001164,0.0023750759397593068,1
2023-03-24T17:58:55Z,2023-03-24T17:59:00Z,0.00012057968202549901,0.00224529781801799,0.002365877500043489,1
2023-03-24T17:58:55Z,2023-03-24T17:59:00Z,0.0001291192861701913,0.002222526672550384,0.0023516459587205754,1
2023-03-24T17:58:55Z,2023-03-24T17:59:00Z,0.00014756295743779957,0.0021853249419538294,0.002332887899391629,1
2023-03-24T17:58:55Z,2023-03-24T17:59:00Z,0.00015811216039366208,0.0021530108786567545,0.0023111230390504165,1
2023-03-24T17:58:55Z,2023-03-24T17:59:00Z,0.00016347415886705996,0.0021215421790848304,0.0022850163379518904,1
2023-03-24T17:58:55Z,2023-03-24T17:59:00Z,0.0001672557751170459,0.0020903068026081077,0.0022575625777251536,1
2023-03-24T17:58:55Z,2023-03-24T17:59:00Z,0.00016774875416860745,0.0020605981762867966,0.002228346930455404,1
2023-03-24T17:58:55Z,2023-03-24T17:59:00Z,0.0001683744981721717,0.00203092754794952,0.0021993020461216917,1
2023-03-24T17:58:55Z,2023-03-24T17:59:00Z,0.00016240447515437515,0.0020068900056779758,0.002169294480832351,1
2023-03-24T17:58:55Z,2023-03-24T17:59:00Z,0.00015829365443176648,0.00198039822270676,0.0021386918771385266,1
2023-03-24T17:58:55Z,2023-03-24T17:59:00Z,0.00015529813686986863,0.001953592763726156,0.002108890900596025,1
2023-03-24T17:58:55Z,2023-03-24T17:59:00Z,0.00014113081185350125,0.0019374940325120704,0.0020786248443655717,1
2023-03-24T17:58:55Z,2023-03-24T17:59:00Z,0.00012961322665564585,0.0019200450954314665,0.0020496583220871124,1
2023-03-24T17:58:55Z,2023-03-24T17:59:00Z,0.00012485185192831656,0.0018978668643907107,0.0020227187163190273,1
2023-03-24T17:58:55Z,2023-03-24T17:59:00Z,0.00011186733772332877,0.001885664243139028,0.001997531580862357,1
2023-03-24T17:58:55Z,2023-03-24T17:59:00Z,9.828630913092393e-05,0.001875190279454258,0.001973476588585182,1
2023-03-24T17:58:55Z,2023-03-24T17:59:00Z,0.00010265025759571009,0.0018489595893460009,0.001951609846941711,1
2023-03-24T17:58:55Z,2023-03-24T17:59:00Z,0.00010322470018625388,0.0018289179881935493,0.0019321426883798032,1
2023-03-24T17:58:55Z,2023-03-24T17:59:00Z,0.00010425429324832669,0.0018081470930899795,0.0019124013863383062,1
2023-03-24T17:58:55Z,2023-03-24T17:59:00Z,0.00010940483024060262,0.0017840615267835523,0.001893466357024155,1
2023-03-24T17:58:55Z,2023-03-24T17:59:00Z,0.00010764719067745169,0.0017676384575171812,0.001875285648194633,1
2023-03-24T17:58:55Z,2023-03-24T17:59:00Z,0.00010333719516854582,0.0017527693898100225,0.0018561065849785684,1
2023-03-24T17:58:55Z,2023-03-24T17:59:00Z,0.0001019303910332189,0.0017351253642060634,0.0018370557552392823,1
2023-03-24T17:58:55Z,2023-03-24T17:59:00Z,0.00010529839266502569,0.0017136201782516707,0.0018189185709166964,1
2023-03-24T17:58:55Z,2023-03-24T17:59:00Z,0.00010838704996068201,0.0016917141610893938,0.0018001012110500758,1
2023-03-24T17:58:55Z,2023-03-24T17:59:00Z,0.00010143334264753898,0.0016784716057522135,0.0017799049483997525,1
2023-03-24T17:58:55Z,2023-03-24T17:59:00Z,9.621984518624156e-05,0.001664029424681435,0.0017602492698676766,1
2023-03-24T17:58:55Z,2023-03-24T17:59:00Z,5.753594503811726e-05,0.0016839075270243923,0.0017414434720625096,1
2023-03-24T17:58:55Z,2023-03-24T17:59:00Z,2.9321559314335636e-05,0.0016941072041971059,0.0017234287635114415,1
2023-03-24T17:58:55Z,2023-03-24T17:59:00Z,1.5239409799680526e-05,0.001695670103741866,0.0017109095135415466,1
2023-03-24T17:58:55Z,2023-03-24T17:59:00Z,1.9754680944564056e-06,0.0016997426387820808,0.0017017181068765372,1
2023-03-24T17:58:55Z,2023-03-24T17:59:00Z,7.1751359219073e-06,0.001701755832039925,0.0016945806961180176,1
2023-03-24T17:58:55Z,2023-03-24T17:59:00Z,8.36089589358914e-06,0.001698518751333609,0.00169015785544002,1
2023-03-24T17:58:55Z,2023-03-24T17:59:00Z,8.169393435781928e-06,0.0016968442055993334,0.0016886748121635515,1
2023-03-24T17:58:55Z,2023-03-24T17:59:00Z,7.282519819479076e-06,0.0016968079057635575,0.0016895253859440784,1
2023-03-24T17:58:55Z,2023-03-24T17:59:00Z,4.415562391906717e-06,0.0016962375233168753,0.0016918219609249685,1
2023-03-24T17:58:55Z,2023-03-24T17:59:00Z,1.7126709480688729e-06,0.0016976319420083028,0.0016959192710602339,1
2023-03-24T17:58:55Z,2023-03-24T17:59:00Z,1.3692387525261925e-06,0.0016988297593493202,0.001697460520596794,1
2023-03-24T17:58:55Z,2023-03-24T17:59:00Z,1.025438565619135e-06,0.0016989265513888128,0.0016979011128231936,1
2023-03-24T17:58:55Z,2023-03-24T17:59:00Z,1.6399691812204152e-06,0.0016999360389553459,0.0016982960697741255,1
2023-03-24T17:58:55Z,2023-03-24T17:59:00Z,5.870803538435276e-06,0.0017040648623884024,0.001698194058849967,1
2023-03-24T17:58:55Z,2023-03-24T17:59:00Z,6.349135029887123e-06,0.0017043157197442816,0.0016979665847143945,1
2023-03-24T17:58:55Z,2023-03-24T17:59:00Z,4.0567023289173575e-07,0.0016990655188291355,0.0016986598485962438,1
2023-03-24T17:58:55Z,2023-03-24T17:59:00Z,8.024872487774008e-07,0.001698791300615585,0.0016995937878643624,1
2023-03-24T17:58:55Z,2023-03-24T17:59:00Z,3.861401376517061e-06,0.0016960145881210426,0.0016998759894975596,1
2023-03-24T17:58:55Z,2023-03-24T17:59:00Z,8.353603431897772e-07,0.0016993598513167084,0.0017001952116598982,1
2023-03-24T17:58:55Z,2023-03-24T17:59:00Z,1.1289241678329523e-07,0.0016998801500072076,0.0016999930424239909,1
2023-03-24T17:58:55Z,2023-03-24T17:59:00Z,1.8312501041371516e-06,0.0017018905540240514,0.0017000593039199143,1
2023-03-24T17:58:55Z,2023-03-24T17:59:00Z,6.1005869320892876e-06,0.0016940779168151245,0.0017001785037472138,1
2023-03-24T17:58:55Z,2023-03-24T17:59:00Z,2.8937271057314327e-06,0.0016975290910250704,0.0017004228181308019,1
2023-03-24T17:58:55Z,2023-03-24T17:59:00Z,4.581928361885226e-06,0.001694592521572257,0.0016991744499341422,1
2023-03-24T17:58:55Z,2023-03-24T17:59:00Z,1.6580730141091665e-06,0.0016966680483301315,0.0016983261213442406,1
2023-03-24T17:58:55Z,2023-03-24T17:59:00Z,6.673193238314031e-06,0.0016910938034488169,0.001697766996687131,1
2023-03-24T17:58:55Z,2023-03-24T17:59:00Z,6.815506087753161e-06,0.001690686084063696,0.001697501590151449,1
2023-03-24T17:58:55Z,2023-03-24T17:59:00Z,1.0961767227828881e-05,0.001685924724839592,0.001696886492067421,1
2023-03-24T17:58:55Z,2023-03-24T17:59:00Z,1.3664299095358544e-05,0.001682137972065436,0.0016958022711607945,1
2023-03-24T17:58:55Z,2023-03-24T17:59:00Z,1.3902934462238807e-05,0.0016801549085526037,0.0016940578430148425,1
2023-03-24T17:58:55Z,2023-03-24T17:59:00Z,1.050140348094115e-05,0.0016810873667890745,0.0016915887702700157,1
2023-03-24T17:58:55Z,2023-03-24T17:59:00Z,1.583216409376735e-05,0.0016740162301434331,0.0016898483942372005,1
2023-03-24T17:58:55Z,2023-03-24T17:59:00Z,2.2103949380528065e-05,0.0016656892293271728,0.001687793178707701,1
2023-03-24T17:58:55Z,2023-03-24T17:59:00Z,1.809938096051524e-05,0.0016671217613185828,0.001685221142279098,1
2023-03-24T17:58:55Z,2023-03-24T17:59:00Z,1.954146767455694e-05,0.0016618073222291713,0.0016813487899037282,1
2023-03-24T17:58:55Z,2023-03-24T17:59:00Z,1.7664088427100846e-05,0.001660688196210348,0.001678352284637449,1
2023-03-24T17:58:55Z,2023-03-24T17:59:00Z,2.099171782021813e-05,0.0016537507215879153,0.0016747424394081335,1
2023-03-24T17:58:55Z,2023-03-24T17:59:00Z,1.191281773604033e-05,0.0016596750555934374,0.0016715878733294777,1
2023-03-24T17:58:55Z,2023-03-24T17:59:00Z,6.89315393650981e-06,0.001661146313083278,0.0016680394670197877,1
2023-03-24T17:58:55Z,2023-03-24T17:59:00Z,6.354193422263531e-06,0.0016591252919776285,0.001665479485399892,1
2023-03-24T17:58:55Z,2023-03-24T17:59:00Z,8.874528507733532e-06,0.0016541123251789338,0.0016629868536866673,1
2023-03-24T17:58:55Z,2023-03-24T17:59:00Z,9.807606585594169e-06,0.0016513178798303477,0.0016611254864159419,1
2023-03-24T17:58:55Z,2023-03-24T17:59:00Z,2.155753823649743e-05,0.0016381208351609145,0.0016596783733974119,1
2023-03-24T17:58:55Z,2023-03-24T17:59:00Z,3.23093197032707e-05,0.0016253935685081118,0.0016577028882113825,1
2023-03-24T17:58:55Z,2023-03-24T17:59:00Z,3.9589416867250385e-05,0.0016151526604606,0.0016547420773278503,1
2023-03-24T17:58:55Z,2023-03-24T17:59:00Z,4.9280251573570856e-05,0.0016010499972915,0.001650330248865071,1
2023-03-24T17:58:55Z,2023-03-24T17:59:00Z,4.7891486120058046e-05,0.0015976140051040984,0.0016455054912241564,1
2023-03-24T17:58:55Z,2023-03-24T17:59:00Z,7.427285383760913e-05,0.001563904505098805,0.0016381773589364142,1
2023-03-24T17:58:55Z,2023-03-24T17:59:00Z,6.276197795194657e-05,0.0015674738424870703,0.001630235820439017,1
2023-03-24T17:58:55Z,2023-03-24T17:59:00Z,4.1672682016935525e-05,0.0015766605400622284,0.0016183332220791639,1
2023-03-24T17:58:55Z,2023-03-24T17:59:00Z,1.831077162281567e-05,0.0015891926401198652,0.001607503411742681,0
2023-03-24T17:58:55Z,2023-03-24T17:59:00Z,1.0571295839205581e-05,0.0016087425401108716,0.001598171244271666,0
2023-03-24T17:58:55Z,2023-03-24T17:59:00Z,3.419081179151869e-05,0.0016262460316830536,0.0015920552198915349,0
2023-03-24T17:58:55Z,2023-03-24T17:59:00Z,5.945458363588768e-05,0.0016494284249777675,0.0015899738413418798,0
2023-03-24T17:58:55Z,2023-03-24T17:59:00Z,6.999657630542928e-05,0.0016613570890501158,0.0015913605127446865,0
2023-03-24T17:58:55Z,2023-03-24T17:59:00Z,8.34396349843568e-05,0.0016808474511898269,0.00159740781620547,0
2023-03-24T17:58:55Z,2023-03-24T17:59:00Z,0.00010224277350955307,0.0017076184752082752,0.0016053757016987222,0
2023-03-24T17:58:55Z,2023-03-24T17:59:00Z,0.0001085246534240651,0.001728518223384165,0.0016199935699600999,0
2023-03-24T17:58:55Z,2023-03-24T17:59:00Z,0.00010628377303726873,0.0017437954220875193,0.0016375116490502505,0
2023-03-24T17:58:55Z,2023-03-24T17:59:00Z,0.00010593837905296965,0.0017624322385184623,0.0016564938594654927,0
2023-03-24T17:58:55Z,2023-03-24T17:59:00Z,9.812145830821717e-05,0.0017739406655196666,0.0016758192072114494,0
2023-03-24T17:58:55Z,2023-03-24T17:59:00Z,0.00010207518146862775,0.001797105600981026,0.0016950304195123983,0
2023-03-24T17:58:55Z,2023-03-24T17:59:00Z,0.00010514814973357537,0.0018186403984755501,0.0017134922487419748,0
2023-03-24T17:58:55Z,2023-03-24T17:59:00Z,0.00011323498428332393,0.0018451868800257061,0.0017319518957423822,0
2023-03-24T17:58:55Z,2023-03-24T17:59:00Z,0.00012081083541106764,0.0018724231448316291,0.0017516123094205615,0
2023-03-24T17:58:55Z,2023-03-24T17:59:00Z,0.0001138906088302956,0.001886045346855342,0.0017721547380250464,0
2023-03-24T17:58:55Z,2023-03-24T17:59:00Z,0.0001133907177022866,0.001906146039430252,0.0017927553217279655,0
2023-03-24T17:58:55Z,2023-03-24T17:59:00Z,0.0001245774950959658,0.0019370237072578286,0.0018124462121618628,0
2023-03-24T17:58:55Z,2023-03-24T17:59:00Z,0.00013713508410862028,0.0019698751234383245,0.0018327400393297042,0
2023-03-24T17:58:55Z,2023-03-24T17:59:00Z,0.00014678102127863913,0.002001344994200764,0.001854563972922125,0
2023-03-24T17:58:55Z,2023-03-24T17:59:00Z,0.00015083173613676584,0.002029887516298723,0.0018790557801619573,0
2023-03-24T17:58:55Z,2023-03-24T17:59:00Z,0.0001607346930058485,0.0020653203973202733,0.0019045857043144248,0
2023-03-24T17:58:55Z,2023-03-24T17:59:00Z,0.0001668112498887345,0.002097802843931056,0.0019309915940423214,0
2023-03-24T17:58:55Z,2023-03-24T17:59:00Z,0.00016799779935323467,0.0021265060830573767,0.001958508283704142,0
2023-03-24T17:58:55Z,2023-03-24T17:59:00Z,0.00017300085712374695,0.0021596816032153176,0.0019866807460915707,0
2023-03-24T17:58:55Z,2023-03-24T17:59:00Z,0.00016062046519306093,0.002177358803309886,0.002016738338116825,0
2023-03-24T17:58:55Z,2023-03-24T17:59:00Z,0.00015509779629256388,0.002203528079882522,0.0020484302835899583,0
2023-03-24T17:58:55Z,2023-03-24T17:59:00Z,0.00014525124975733536,0.0022237234203538007,0.0020784721705964654,0
2023-03-24T17:58:55Z,2023-03-24T17:59:00Z,0.00014732332035178415,0.002255002110503774,0.00210767879015199,0
2023-03-24T17:58:55Z,2023-03-24T17:59:00Z,0.0001380364102192581,0.0022735125036403778,0.0021354760934211197,0
2023-03-24T17:58:55Z,2023-03-24T17:59:00Z,0.00010456578547510384,0.002268181203171855,0.002163615417696751,0
2023-03-24T17:58:55Z,2023-03-24T17:59:00Z,7.832349093228131e-05,0.002267962921919045,0.002189639430986764,0
2023-03-24T17:58:55Z,2023-03-24T17:59:00Z,3.518307813315993e-05,0.002246119804025024,0.002210936725891864,0
2023-03-24T17:58:55Z,2023-03-24T17:59:00Z,6.451911964909605e-06,0.0022221669187846627,0.0022286188307495724,0
2023-03-24T17:58:55Z,2023-03-24T17:59:00Z,8.88445517812763e-06,0.002230539150672658,0.0022394236058507857,0
2023-03-24T17:58:55Z,2023-03-24T17:59:00Z,2.4395167945009868e-05,0.002220629452340123,0.0022450246202851327,0
2023-03-24T17:58:55Z,2023-03-24T17:59:00Z,1.82019654860208e-05,0.0022301990386478787,0.0022484010041338995,0
2023-03-24T17:58:55Z,2023-03-24T17:59:00Z,2.2682220073303328e-05,0.0022253320380588863,0.0022480142581321897,0
2023-03-24T17:58:55Z,2023-03-24T17:59:00Z,3.413137281102572e-05,0.0022107825013391773,0.002244913874150203,0
2023-03-24T17:58:55Z,2023-03-24T17:59:00Z,2.4736474265820655e-05,0.002214154841686696,0.0022388913159525166,0
2023-03-24T17:58:55Z,2023-03-24T17:59:00Z,4.35240604450618e-06,0.002227364072178926,0.002231716478223432,0
2023-03-24T17:58:55Z,2023-03-24T17:59:00Z,2.1140665592382646e-06,0.00222287640163515,0.0022249904681943882,0
2023-03-24T17:58:55Z,2023-03-24T17:59:00Z,6.3369237950101215e-06,0.0022289829255086363,0.002222646001713626,0
2023-03-24T17:58:55Z,2023-03-24T17:59:00Z,1.3237425509917376e-06,0.002224058429620929,0.002222734687069937,0
2023-03-24T17:58:55Z,2023-03-24T17:59:00Z,8.163332536919709e-06,0.0022307034914613544,0.0022225401589244347,0
2023-03-24T17:58:55Z,2023-03-24T17:59:00Z,1.5456023994389438e-05,0.0022384248050789247,0.0022229687810845352,0
2023-03-24T17:58:55Z,2023-03-24T17:59:00Z,6.1878070272869574e-06,0.0022292196447135063,0.0022230318376862193,0
2023-03-24T17:58:55Z,2023-03-24T17:59:00Z,3.3625227270268378e-06,0.0022280309562907508,0.002224668433563724,0
2023-03-24T17:58:55Z,2023-03-24T17:59:00Z,1.0223194938572839e-05,0.002237196271424088,0.002226973076485515,0
2023-03-24T17:58:55Z,2023-03-24T17:59:00Z,2.6733064471336394e-06,0.002231380897258156,0.0022287075908110224,0
2023-03-24T17:58:55Z,2023-03-24T17:59:00Z,9.845150974936191e-07,0.0022289521006191738,0.0022299366157166674,0
2023-03-24T17:58:55Z,2023-03-24T17:59:00Z,8.920649771110116e-06,0.0022220790278984328,0.002230999677669543,0
2023-03-24T17:58:55Z,2023-03-24T17:59:00Z,1.9991423064485373e-05,0.002211004401493875,0.0022309958245583603,0
2023-03-24T17:58:55Z,2023-03-24T17:59:00Z,2.102925980618708e-05,0.0022097191395368614,0.0022307483993430485,0
2023-03-24T17:58:55Z,2023-03-24T17:59:00Z,1.3042647503024724e-05,0.0022152433655940884,0.002228286013097113,0
2023-03-24T17:58:55Z,2023-03-24T17:59:00Z,1.5303960775787419e-06,0.002226228200981934,0.0022246978049043553,0
2023-03-24T17:58:55Z,2023-03-24T17:59:00Z,7.603243855577348e-06,0.002215347526158851,0.0022229507700144285,0
2023-03-24T17:58:55Z,2023-03-24T17:59:00Z,3.8207825921480684e-06,0.0022189046430086783,0.0022227254256008263,0
2023-03-24T17:58:55Z,2023-03-24T17:59:00Z,1.4225988003966922e-05,0.002205768344438705,0.002219994332442672,0
2023-03-24T17:58:55Z,2023-03-24T17:59:00Z,8.364512282093336e-06,0.0022100702883793935,0.002218434800661487,0
2023-03-24T17:58:55Z,2023-03-24T17:59:00Z,1.4931723510116547e-05,0.0022006051076288117,0.0022155368311389282,0
2023-03-24T17:58:55Z,2023-03-24T17:59:00Z,1.1061681815664835e-05,0.0022029740568833838,0.0022140357386990486,0
2023-03-24T17:58:55Z,2023-03-24T17:59:00Z,4.773645905617636e-07,0.0022122584623753536,0.0022127358269659154,0
2023-03-24T17:58:55Z,2023-03-24T17:59:00Z,5.2501936644811995e-06,0.0022066424979697496,0.002211892691634231,0
2023-03-24T17:58:55Z,2023-03-24T17:59:00Z,1.3665107060077761e-05,0.0021978544716718114,0.002211519578731889,0
2023-03-24T17:58:55Z,2023-03-24T17:59:00Z,1.9463576916489353e-06,0.002211017723547015,0.002209071365855366,0
2023-03-24T17:58:55Z,2023-03-24T17:59:00Z,1.8753113218313022e-06,0.0022050094227226546,0.002206884734044486,0
2023-03-24T17:58:55Z,2023-03-24T17:59:00Z,3.545420696876838e-06,0.0022094442898086546,0.0022058988691117777,0
2023-03-24T17:58:55Z,2023-03-24T17:59:00Z,1.4540806502225632e-05,0.0022203448103994975,0.002205804003897272,0
2023-03-24T17:58:55Z,2023-03-24T17:59:00Z,1.1465291100208608e-05,0.002217191045176138,0.0022057257540759293,0
2023-03-24T17:58:55Z,2023-03-24T17:59:00Z,1.4440433141711412e-05,0.002222633650063976,0.0022081932169222647,0
2023-03-24T17:58:55Z,2023-03-24T17:59:00Z,1.480366141864628e-05,0.0022247740018775056,0.0022099703404588594,0
2023-03-24T17:58:55Z,2023-03-24T17:59:00Z,1.0421561038934102e-05,0.002221688799958871,0.002211267238919937,0
2023-03-24T17:58:55Z,2023-03-24T17:59:00Z,1.4310118217342183e-06,0.002214964688730141,0.0022135336769084067,0
2023-03-24T17:58:55Z,2023-03-24T17:59:00Z,7.59403984300442e-06,0.002208918928101285,0.0022165129679442893,0
2023-03-24T17:58:55Z,2023-03-24T17:59:00Z,1.3573830223412818e-06,0.0022183637216145213,0.00221700633859218,0
2023-03-24T17:58:55Z,2023-03-24T17:59:00Z,4.139363805763085e-06,0.002221634390570272,0.002217495026764509,0
2023-03-24T17:58:55Z,2023-03-24T17:59:00Z,2.348694124772524e-06,0.0022162612616154695,0.002218609955740242,0
2023-03-24T17:58:55Z,2023-03-24T17:59:00Z,7.695644867258822e-06,0.00221107550839433,0.0022187711532615888,0
2023-03-24T17:58:55Z,2023-03-24T17:59:00Z,6.603291980008304e-06,0.0022252582222965136,0.0022186549303165053,0
2023-03-24T17:58:55Z,2023-03-24T17:59:00Z,4.455589196732199e-06,0.0022127545734110673,0.0022172101626077995,0
2023-03-24T17:58:55Z,2023-03-24T17:59:00Z,5.129388012939471e-06,0.002212141302147236,0.0022172706901601755,0
2023-03-24T17:58:55Z,2023-03-24T17:59:00Z,1.8207461099030604e-06,0.002214333165731797,0.0022161539118417,0
2023-03-24T17:58:55Z,2023-03-24T17:59:00Z,8.312265567919554e-06,0.002224113254086756,0.0022158009885188366,0
2023-03-24T17:58:55Z,2023-03-24T17:59:00Z,7.693840939136925e-06,0.002224171609161788,0.002216477768222651,0
2023-03-24T17:58:55Z,2023-03-24T17:59:00Z,1.352503665050242e-06,0.0022158439561166298,0.00221719645978168,0
2023-03-24T17:58:55Z,2023-03-24T17:59:00Z,1.727745928461295e-05,0.0022002361528210067,0.0022175136121056196,0
2023-03-24T17:58:55Z,2023-03-24T17:59:00Z,2.2792857922677556e-05,0.0021946685909955874,0.002217461448918265,0
2023-03-24T17:58:55Z,2023-03-24T17:59:00Z,9.838797368372579e-06,0.0022062677321032266,0.002216106529471599,0
2023-03-24T17:58:55Z,2023-03-24T17:59:00Z,5.944699588054502e-06,0.002206338125970929,0.0022122828255589835,0
2023-03-24T17:58:55Z,2023-03-24T17:59:00Z,2.276945721507457e-06,0.0022091950246739957,0.002211471970395503,0
2023-03-24T17:58:55Z,2023-03-24T17:59:00Z,5.174337704041097e-06,0.0022055722356694243,0.0022107465733734654,0
2023-03-24T17:58:55Z,2023-03-24T17:59:00Z,3.753429100492988e-06,0.0022063508766407467,0.0022101043057412397,0
2023-03-24T17:58:55Z,2023-03-24T17:59:00Z,1.3620527647455888e-05,0.002194166150791618,0.002207786678439074,0
2023-03-24T17:58:55Z,2023-03-24T17:59:00Z,1.5125040844264984e-06,0.0022070715909583696,0.002205559086873943,0
2023-03-24T17:58:55Z,2023-03-24T17:59:00Z,2.450254563824642e-06,0.0022003991066444923,0.002202849361208317,0
2023-03-24T17:58:55Z,2023-03-24T17:59:00Z,9.644573577498924e-06,0.0021940592173979884,0.0022037037909754874,0
2023-03-24T17:58:55Z,2023-03-24T17:59:00Z,1.944991768000918e-05,0.0021849701877515912,0.0022044201054316004,0
2023-03-24T17:58:55Z,2023-03-24T17:59:00Z,2.4815808370574986e-05,0.0021780782327228704,0.0022028940410934454,0
2023-03-24T17:58:55Z,2023-03-24T17:59:00Z,1.1354574177648447e-05,0.00218886847463838,0.0022002230488160283,0
2023-03-24T17:58:55Z,2023-03-24T17:59:00Z,1.1591322544777377e-05,0.0021847421272773605,0.002196333449822138,0
2023-03-24T17:58:55Z,2023-03-24T17:59:00Z,1.3515591746927902e-06,0.002192893920518564,0.002194245479693257,0
2023-03-24T17:58:55Z,2023-03-24T17:59:00Z,6.734735088549486e-06,0.002198279121111383,0.0021915443860228336,0
2023-03-24T17:58:55Z,2023-03-24T17:59:00Z,3.1720453173987757e-06,0.0021945574025561006,0.002191385357238702,0
2023-03-24T17:58:55Z,2023-03-24T17:59:00Z,1.147500075641657e-05,0.0022017612992642453,0.0021902862985078288,0
2023-03-24T17:58:55Z,2023-03-24T17:59:00Z,1.7031846521101297e-05,0.0022065879320178807,0.0021895560854967794,0
2023-03-24T17:58:55Z,2023-03-24T17:59:00Z,2.333784622437574e-05,0.002213856691954438,0.002190518845730062,0
2023-03-24T17:58:55Z,2023-03-24T17:59:00Z,1.4229035304148645e-05,0.0022074500990674965,0.002193221063763348,0
2023-03-24T17:58:55Z,2023-03-24T17:59:00Z,4.860578687905515e-07,0.0021981794290360846,0.002197693371167294,0
2023-03-24T17:58:55Z,2023-03-24T17:59:00Z,6.816114558483993e-06,0.002206832188779417,0.002200016074220933,0
2023-03-24T17:58:55Z,2023-03-24T17:59:00Z,1.7862884624738045e-05,0.002219558621565512,0.002201695736940774,0
2023-03-24T17:58:55Z,2023-03-24T17:59:00Z,1.75826184847642e-05,0.002221020638958145,0.0022034380204733806,0
2023-03-24T17:58:55Z,2023-03-24T17:59:00Z,7.418458906779685e-06,0.002213516416936927,0.002206097958030147,0
2023-03-24T17:58:55Z,2023-03-24T17:59:00Z,9.864591123711665e-06,0.002219270453704114,0.0022094058625804023,0
2023-03-24T17:58:55Z,2023-03-24T17:59:00Z,1.892660727206754e-05,0.002229801859561555,0.0022108752522894876,0
2023-03-24T17:58:55Z,2023-03-24T17:59:00Z,9.98250383438216e-06,0.002222443071334649,0.0022124605675002667,0
2023-03-24T17:58:55Z,2023-03-24T17:59:00Z,1.3513002465460715e-05,0.0022279667159166173,0.0022144537134511566,0
2023-03-24T17:58:55Z,2023-03-24T17:59:00Z,3.823144904340284e-06,0.0022201509798888907,0.0022163278349845504,0
2023-03-24T17:58:55Z,2023-03-24T17:59:00Z,1.5035672050054977e-05,0.002235086917894672,0.002220051245844617,0
2023-03-24T17:58:55Z,2023-03-24T17:59:00Z,5.252720916796606e-06,0.002226968815650098,0.0022217160947333014,0
2023-03-24T17:58:55Z,2023-03-24T17:59:00Z,4.79361808988386e-06,0.0022188635136845625,0.0022236571317744464,0
2023-03-24T17:58:55Z,2023-03-24T17:59:00Z,1.0956188295670622e-05,0.002235356842156611,0.0022244006538609403,0
2023-03-24T17:58:55Z,2023-03-24T17:59:00Z,1.0811332704700489e-05,0.0022358803736590954,0.002225069040954395,0
2023-03-24T17:58:55Z,2023-03-24T17:59:00Z,1.718522015825173e-05,0.002244265059669209,0.002227079839510957,0
2023-03-24T17:58:55Z,2023-03-24T17:59:00Z,2.0817546655974625e-05,0.0022486572004291245,0.00222783965377315,0
2023-03-24T17:58:55Z,2023-03-24T17:59:00Z,2.782874068151149e-05,0.002258396142996481,0.0022305674023149697,0
2023-03-24T17:58:55Z,2023-03-24T17:59:00Z,3.205696545981532e-05,0.0022652106783388483,0.002233153712879033,0
2023-03-24T17:58:55Z,2023-03-24T17:59:00Z,2.728779134199234e-05,0.002265222149609474,0.0022379343582674817,0
2023-03-24T17:58:55Z,2023-03-24T17:59:00Z,2.276209084984106e-05,0.0022644619191728448,0.0022416998283230037,0
2023-03-24T17:58:55Z,2023-03-24T17:59:00Z,2.5624288971856993e-05,0.0022721057840397827,0.0022464814950679257,0
2023-03-24T17:58:55Z,2023-03-24T17:59:00Z,3.3943794943949897e-06,0.002255575675248356,0.002252181295753961,0
2023-03-24T17:58:55Z,2023-03-24T17:59:00Z,6.189272996256004e-06,0.0022629641864856135,0.0022567749134893575,0
2023-03-24T17:58:55Z,2023-03-24T17:59:00Z,1.8403292748194345e-05,0.0022776401189362095,0.002259236826188015,0
2023-03-24T17:58:55Z,2023-03-24T17:59:00Z,1.777604056950365e-05,0.002279350257609569,0.0022615742170400653,0
2023-03-24T17:58:55Z,2023-03-24T17:59:00Z,9.509111995903863e-06,0.002274706193849355,0.002265197081853451,0
2023-03-24T17:58:55Z,2023-03-24T17:59:00Z,1.86694100893902e-05,0.002286485756269477,0.002267816346180087,0
2023-03-24T17:58:55Z,2023-03-24T17:59:00Z,2.4746383038303735e-05,0.002293749668657204,0.0022690032856189004,0
2023-03-24T17:58:55Z,2023-03-24T17:59:00Z,2.040686187907174e-05,0.0022920680983304726,0.002271661236451401,0
2023-03-24T17:58:55Z,2023-03-24T17:59:00Z,2.2759026620295178e-05,0.0022980812317572414,0.0022753222051369463,0
2023-03-24T17:58:55Z,2023-03-24T17:59:00Z,1.2449346873477304e-05,0.0022902668412967597,0.0022778174944232824,0
2023-03-24T17:58:55Z,2023-03-24T17:59:00Z,2.4313697596426136e-05,0.002307444386583319,0.0022831306889868927,0
2023-03-24T17:58:55Z,2023-03-24T17:59:00Z,2.7528752086047274e-05,0.0023140722729243332,0.002286543520838286,0
2023-03-24T17:58:55Z,2023-03-24T17:59:00Z,1.34426628706193e-05,0.002303711717164794,0.002290269054294175,0
2023-03-24T17:58:55Z,2023-03-24T17:59:00Z,2.88479741104475e-05,0.002323457280318968,0.0022946093062085203,0
2023-03-24T17:58:55Z,2023-03-24T17:59:00Z,2.7019807126245268e-05,0.0023252548037491954,0.00229823499662295,0
2023-03-24T17:58:55Z,2023-03-24T17:59:00Z,1.4678662227987464e-05,0.002317535099357124,0.0023028564371291365,0
2023-03-24T17:58:55Z,2023-03-24T17:59:00Z,1.1108291874060636e-05,0.002317902870889696,0.0023067945790156354,0
2023-03-24T17:58:55Z,2023-03-24T17:59:00Z,1.67056251148736e-05,0.00232668357925884,0.0023099779541439665,0
2023-03-24T17:58:55Z,2023-03-24T17:59:00Z,1.0339899270453944e-05,0.0023227955583059777,0.002312455659035524,0
2023-03-24T17:58:55Z,2023-03-24T17:59:00Z,8.567552333831139e-06,0.0023255753036146147,0.0023170077512807835,0
2023-03-24T17:58:55Z,2023-03-24T17:59:00Z,1.3871203205516585e-05,0.0023327978509516327,0.002318926647746116,0
2023-03-24T17:58:55Z,2023-03-24T17:59:00Z,7.569448048442336e-06,0.0023279339746308434,0.002320364526582401,0
2023-03-24T17:58:55Z,2023-03-24T17:59:00Z,6.513882087912353e-06,0.0023305141753936684,0.002324000293305756,0
2023-03-24T17:58:55Z,2023-03-24T17:59:00Z,6.572123513036432e-06,0.002331132003607777,0.0023245598800947405,0
2023-03-24T17:58:55Z,2023-03-24T17:59:00Z,7.066231752546424e-06,0.002318151069797753,0.0023252173015502996,0
2023-03-24T17:58:55Z,2023-03-24T17:59:00Z,1.06511147171277e-05,0.0023162657998645037,0.0023269169145816314,0
2023-03-24T17:58:55Z,2023-03-24T17:59:00Z,1.6510261703155636e-05,0.0023104376777419826,0.0023269479394451382,0
2023-03-24T17:58:55Z,2023-03-24T17:59:00Z,2.3934633466500804e-05,0.0023017110835543454,0.0023256457170208462,0
2023-03-24T17:58:55Z,2023-03-24T17:59:00Z,1.4471894375128053e-05,0.002309629087575219,0.002324100981950347,0
2023-03-24T17:58:55Z,2023-03-24T17:59:00Z,1.3030248382219119e-05,0.0023080877060605944,0.0023211179544428136,0
2023-03-24T17:58:55Z,2023-03-24T17:59:00Z,2.431762474225038e-07,0.002318465035268184,0.0023182218590207613,0
2023-03-24T17:58:55Z,2023-03-24T17:59:00Z,1.3376744273362832e-05,0.0023291178197228433,0.0023157410754494805,0
2023-03-24T17:58:55Z,2023-03-24T17:59:00Z,2.5931035613713672e-05,0.0023401659685475086,0.002314234932933795,0
2023-03-24T17:58:55Z,2023-03-24T17:59:00Z,2.33573059463775e-05,0.002337340465894556,0.0023139831599481783,0
2023-03-24T17:58:55Z,2023-03-24T17:59:00Z,3.702187561799774e-05,0.0023537568979098956,0.002316735022291898,0
2023-03-24T17:58:55Z,2023-03-24T17:59:00Z,3.458596085013704e-05,0.002353955316395791,0.002319369355545654,0
2023-03-24T17:58:55Z,2023-03-24T17:59:00Z,3.907970822477616e-05,0.0023638639662914196,0.0023247842580666435,0
2023-03-24T17:58:55Z,2023-03-24T17:59:00Z,3.1599491416978934e-05,0.002362914278588803,0.002331314787171824,0
2023-03-24T17:58:55Z,2023-03-24T17:59:00Z,2.6538028039880743e-05,0.0023646321750512298,0.002338094147011349,0
2023-03-24T17:58:55Z,2023-03-24T17:59:00Z,2.3402394265055557e-05,0.0023683498628424304,0.002344947468577375,0
2023-03-24T17:58:55Z,2023-03-24T17:59:00Z,2.8079979016608098e-05,0.0023787983400668637,0.0023507183610502556,0
2023-03-24T17:58:55Z,2023-03-24T17:59:00Z,1.0203406680766615e-05,0.002365825773120971,0.0023556223664402045,0
2023-03-24T17:58:55Z,2023-03-24T17:59:00Z,6.988521574144424e-06,0.002367439934454268,0.0023604514128801237,0
2023-03-24T17:58:55Z,2023-03-24T17:59:00Z,1.5940546264858746e-05,0.0023799526225482845,0.0023640120762834257,0
2023-03-24T17:58:55Z,2023-03-24T17:59:00Z,1.2509150533875687e-05,0.0023782316063853475,0.002365722455851472,0
2023-03-24T17:58:55Z,2023-03-24T17:59:00Z,8.907741970973649e-06,0.002377879861091508,0.002368972119120534,0
2023-03-24T17:58:55Z,2023-03-24T17:59:00Z,3.0083007755751096e-06,0.0023677597733566995,0.0023707680741322746,0
2023-03-24T17:58:55Z,2023-03-24T17:59:00Z,1.1594222682060045e-05,0.0023610445492630527,0.0023726387719451127,0
2023-03-24T17:58:55Z,2023-03-24T17:59:00Z,2.334969193676373e-06,0.0023706947525396205,0.002373029721733297,0
2023-03-24T17:58:55Z,2023-03-24T17:59:00Z,3.3787423168825034e-06,0.002368737815218992,0.0023721165575358743,0
2023-03-24T17:58:55Z,2023-03-24T17:59:00Z,1.0337448091231674e-05,0.002381441057186201,0.002371103609094969,0
2023-03-24T17:58:55Z,2023-03-24T17:59:00Z,9.769031228125738e-06,0.002361698583129096,0.0023714676143572217,0
2023-03-24T17:58:55Z,2023-03-24T17:59:00Z,2.7317479177052864e-05,0.0023459002755216603,0.002373217754698713,0
2023-03-24T17:58:55Z,2023-03-24T17:59:00Z,2.7845038899205338e-05,0.0023430909608721092,0.0023709359997713146,0
2023-03-24T17:58:55Z,2023-03-24T17:59:00Z,2.822193277847527e-05,0.0023386726506348784,0.0023668945834133537,0
2023-03-24T17:58:55Z,2023-03-24T17:59:00Z,3.452969813807355e-05,0.002328016272747855,0.0023625459708859287,0
2023-03-24T17:58:55Z,2023-03-24T17:59:00Z,2.9833821459860146e-05,0.002329076259085841,0.0023589100805457013,0
2023-03-24T17:58:55Z,2023-03-24T17:59:00Z,2.5546021892908482e-05,0.002329235524088393,0.0023547815459813016,0
2023-03-24T17:58:55Z,2023-03-24T17:59:00Z,1.3450973078227724e-05,0.0023361282612213512,0.002349579234299579,0
2023-03-24T17:58:55Z,2023-03-24T17:59:00Z,1.1135841487459365e-06,0.0023435278637595086,0.0023446414479082545,0
2023-03-24T17:58:55Z,2023-03-24T17:59:00Z,3.860173368535735e-06,0.002342837521781184,0.0023389773484126485,0
2023-03-24T17:58:55Z,2023-03-24T17:59:00Z,3.0722696772070117e-06,0.0023397782781686568,0.0023367060084914498,0
2023-03-24T17:58:55Z,2023-03-24T17:59:00Z,1.1656770324327409e-05,0.0023479799345982174,0.00233632316427389,0
2023-03-24T17:58:55Z,2023-03-24T17:59:00Z,1.9714092509900017e-05,0.002355623171445858,0.002335909078935958,0
2023-03-24T17:58:55Z,2023-03-24T17:59:00Z,1.3284256630947087e-05,0.002350356746062323,0.002337072489431376,0
2023-03-24T17:58:55Z,2023-03-24T17:59:00Z,4.951583714668181e-06,0.0023454749354832943,0.002340523351768626,0
2023-03-24T17:58:55Z,2023-03-24T17:59:00Z,5.2652569670673735e-06,0.0023379181556736194,0.002343183412640687,0
2023-03-24T17:58:55Z,2023-03-24T17:59:00Z,1.468780529451574e-05,0.0023305255337705334,0.002345213339065049,0
2023-03-24T17:58:55Z,2023-03-24T17:59:00Z,3.073377249438944e-05,0.0023147033033771936,0.002345437075871583,0
2023-03-24T17:58:55Z,2023-03-24T17:59:00Z,2.5798124493016644e-05,0.002318013660129944,0.0023438117846229607,0
2023-03-24T17:58:55Z,2023-03-24T17:59:00Z,2.8255150746115277e-05,0.002312039856576347,0.002340295007322462,0
2023-03-24T17:58:55Z,2023-03-24T17:59:00Z,4.309495214091302e-05,0.00229447947792671,0.002337574430067623,0
2023-03-24T17:58:55Z,2023-03-24T17:59:00Z,4.023498118376585e-05,0.0022928469391311234,0.0023330819203148893,0
2023-03-24T17:58:55Z,2023-03-24T17:59:00Z,2.8066969500195604e-05,0.0022973719891247997,0.0023254389586249953,0
2023-03-24T17:58:55Z,2023-03-24T17:59:00Z,3.154182928453769e-05,0.0022867084034740577,0.0023182502327585954,0
2023-03-24T17:58:55Z,2023-03-24T17:59:00Z,1.520650911703697e-05,0.002297030855346747,0.0023122373644637838,0
2023-03-24T17:58:55Z,2023-03-24T17:59:00Z,1.5300337076169703e-05,0.0022905358083626687,0.0023058361454388384,0
2023-03-24T17:58:55Z,2023-03-24T17:59:00Z,1.5977860932020905e-05,0.0022856714497038444,0.0023016493106358654,0
2023-03-24T17:58:55Z,2023-03-24T17:59:00Z,1.1528898744085896e-05,0.0022870994750149635,0.0022986283737590494,0
2023-03-24T17:58:55Z,2023-03-24T17:59:00Z,2.874287352534321e-05,0.002265842723930444,0.002294585597455787,0
2023-03-24T17:58:55Z,2023-03-24T17:59:00Z,3.9855793651001354e-05,0.002251612256109613,0.0022914680497606145,0
2023-03-24T17:58:55Z,2023-03-24T17:59:00Z,5.4118184529941375e-05,0.00223377027098114,0.002287888455511081,0
2023-03-24T17:58:55Z,2023-03-24T17:59:00Z,3.0630065606031265e-05,0.002252104054527361,0.002282734120133392,0
2023-03-24T17:58:55Z,2023-03-24T17:59:00Z,1.0710876906243512e-06,0.0022737128176748105,0.002274783905365435,0
2023-03-24T17:58:55Z,2023-03-24T17:59:00Z,4.298283906537404e-06,0.0022747566456536353,0.002270458361747098,0
2023-03-24T17:58:55Z,2023-03-24T17:59:00Z,5.125348338715866e-06,0.0022726689553768217,0.002267543607038106,0
2023-03-24T17:58:55Z,2023-03-24T17:59:00Z,4.5592434017955805e-06,0.002261011968297681,0.0022655712116994766,0
2023-03-24T17:58:55Z,2023-03-24T17:59:00Z,6.376009865135396e-07,0.0022633082989220853,0.002263945899908599,0
2023-03-24T17:58:55Z,2023-03-24T17:59:00Z,4.837103649371795e-06,0.00226552206521831,0.0022606849615689384,0
2023-03-24T17:58:55Z,2023-03-24T17:59:00Z,5.980964642558588e-06,0.0022663491230854524,0.002260368158442894,0
2023-03-24T17:58:55Z,2023-03-24T17:59:00Z,6.724721135964798e-06,0.002255382163445516,0.002262106884581481,0
2023-03-24T17:58:55Z,2023-03-24T17:59:00Z,2.0727477198235252e-05,0.0022454517638962846,0.00226617924109452,0
2023-03-24T17:58:55Z,2023-03-24T17:59:00Z,3.847974277368903e-05,0.0022281092619356,0.0022665890047092892,0
2023-03-24T17:58:55Z,2023-03-24T17:59:00Z,3.333082153209911e-05,0.0022297255514548745,0.0022630563729869736,0
2023-03-24T17:58:55Z,2023-03-24T17:59:00Z,2.1963499192582947e-05,0.002235261950829636,0.002257225450022219,0
2023-03-24T17:58:55Z,2023-03-24T17:59:00Z,1.3383641073072723e-05,0.0022384738834589028,0.0022518575245319755,0
2023-03-24T17:58:55Z,2023-03-24T17:59:00Z,2.112097138814214e-05,0.0022275178009603276,0.0022486387723484698,0
2023-03-24T17:58:55Z,2023-03-24T17:59:00Z,2.288813327955882e-05,0.0022226463371360135,0.0022455344704155724,0
2023-03-24T17:58:55Z,2023-03-24T17:59:00Z,3.142403955917663e-05,0.0022093598978241476,0.0022407839373833243,0
2023-03-24T17:58:55Z,2023-03-24T17:59:00Z,4.6511681999748724e-05,0.002188809407139896,0.0022353210891396446,0
2023-03-24T17:58:55Z,2023-03-24T17:59:00Z,4.006361510024061e-05,0.0021895046908367325,0.002229568305936973,0
2023-03-24T17:58:55Z,2023-03-24T17:59:00Z,2.0714676387310112e-05,0.002201773334955115,0.002222488011342425,0
2023-03-24T17:58:55Z,2023-03-24T17:59:00Z,1.5626878662316438e-05,0.00220203556129275,0.0022176624399550663,0
2023-03-24T17:58:55Z,2023-03-24T17:59:00Z,2.1102658560051817e-05,0.002193065754332545,0.0022141684128925967,0
2023-03-24T17:58:55Z,2023-03-24T17:59:00Z,1.586059973828066e-05,0.002194154514462205,0.0022100151142004855,0
2023-03-24T17:58:55Z,2023-03-24T17:59:00Z,2.220327647928016e-05,0.002182135821580411,0.002204339098059691,0
2023-03-24T17:58:55Z,2023-03-24T17:59:00Z,1.4105086464460959e-05,0.0021860636007829644,0.0022001686872474254,0
2023-03-24T17:58:55Z,2023-03-24T17:59:00Z,6.286216789368453e-06,0.002188818656013607,0.0021951048728029755,0
2023-03-24T17:58:55Z,2023-03-24T17:59:00Z,1.3686517122731522e-05,0.0022058793527955584,0.002192192835672827,0
2023-03-24T17:58:55Z,2023-03-24T17:59:00Z,1.5362519575214117e-05,0.002176831472206827,0.0021921939917820413,0
2023-03-24T17:58:55Z,2023-03-24T17:59:00Z,2.88094543228817e-05,0.0021654313702040126,0.0021942408245268943,0
2023-03-24T17:58:55Z,2023-03-24T17:59:00Z,3.0470913162557178e-05,0.0021606521785208013,0.0021911230916833585,0
2023-03-24T17:58:55Z,2023-03-24T17:59:00Z,2.7763688895870563e-05,0.0021587838789013957,0.0021865475677972663,0
2023-03-24T17:58:55Z,2023-03-24T17:59:00Z,2.7572356893320465e-05,0.002154923513927478,0.0021824958708207983,0
2023-03-24T17:58:55Z,2023-03-24T17:59:00Z,4.297165275290397e-05,0.0021351028886227932,0.002178074541375697,0
2023-03-24T17:58:55Z,2023-03-24T17:59:00Z,3.301298213211805e-05,0.0021416600207869625,0.0021746730029190806,0
2023-03-24T17:58:55Z,2023-03-24T17:59:00Z,2.1145310964151322e-05,0.002147157602934908,0.0021683029138990593,0
2023-03-24T17:58:55Z,2023-03-24T17:59:00Z,1.3264053364723909e-05,0.0021491440311310044,0.0021624080844957283,0
2023-03-24T17:58:55Z,2023-03-24T17:59:00Z,1.8569215121223316e-05,0.002136498650641924,0.0021550678657631475,0
2023-03-24T17:58:55Z,2023-03-24T17:59:00Z,2.8325895776033262e-05,0.0021232810398526362,0.0021516069356286695,0
2023-03-24T17:58:55Z,2023-03-24T17:59:00Z,2.6346083964895375e-05,0.002121644261718513,0.0021479903456834083,0
2023-03-24T17:58:55Z,2023-03-24T17:59:00Z,2.032002793886942e-05,0.0021229989254110183,0.0021433189533498877,0
2023-03-24T17:58:55Z,2023-03-24T17:59:00Z,3.19887597500664e-05,0.0021066877414519613,0.0021386765012020277,0
2023-03-24T17:58:55Z,2023-03-24T17:59:00Z,1.8102292603367626e-05,0.0021165836350341026,0.00213468592763747,0
2023-03-24T17:58:55Z,2023-03-24T17:59:00Z,1.2957265749792037e-05,0.002118176768491324,0.002131134034241116,0
2023-03-24T17:58:55Z,2023-03-24T17:59:00Z,1.0413370521880887e-05,0.0021175861155001276,0.0021279994860220084,0
2023-03-24T17:58:55Z,2023-03-24T17:59:00Z,2.365454500093513e-05,0.002148031426717496,0.0021243768817165607,0
2023-03-24T17:58:55Z,2023-03-24T17:59:00Z,5.109003878433138e-05,0.0021715221810470323,0.002120432142262701,0
2023-03-24T17:58:55Z,2023-03-24T17:59:00Z,6.729539939196371e-05,0.002189169138664111,0.0021218737392721472,0
2023-03-24T17:58:55Z,2023-03-24T17:59:00Z,7.957768061300774e-05,0.0022074815625344546,0.002127903881921447,0
2023-03-24T17:58:55Z,2023-03-24T17:59:00Z,7.207993095560434e-05,0.002208424422495251,0.0021363444915396467,0
2023-03-24T17:58:55Z,2023-03-24T17:59:00Z,5.463492731628845e-05,0.0022015397484963645,0.002146904821180076,0
2023-03-24T17:58:55Z,2023-03-24T17:59:00Z,6.50143407555535e-05,0.0022246362470660407,0.002159621906310487,0
2023-03-24T17:58:55Z,2023-03-24T17:59:00Z,5.569860867758909e-05,0.0022259400291708593,0.0021702414204932702,0
2023-03-24T17:58:55Z,2023-03-24T17:59:00Z,4.5778632857331435e-05,0.0022293274881724414,0.00218354885531511,0
2023-03-24T17:58:55Z,2023-03-24T17:59:00Z,6.486744435367205e-05,0.002261960538877623,0.002197093094523951,0
2023-03-24T17:58:55Z,2023-03-24T17:59:00Z,5.841166439599392e-05,0.0022656667666018132,0.0022072551022058193,0
2023-03-24T17:58:55Z,2023-03-24T17:59:00Z,3.749671398807063e-05,0.002256056610922714,0.0022185598969346435,0
2023-03-24T17:58:55Z,2023-03-24T17:59:00Z,1.2478748518193403e-05,0.0022406008489450494,0.002228122100426856,0
2023-03-24T17:58:55Z,2023-03-24T17:59:00Z,3.5783651944850704e-06,0.0022306156162809035,0.0022341939814753886,0
2023-03-24T17:58:55Z,2023-03-24T17:59:00Z,5.283829653965344e-06,0.0022434998644355786,0.0022382160347816133,0
2023-03-24T17:58:55Z,2023-03-24T17:59:00Z,9.23769725381246e-06,0.002251088215508493,0.0022418505182546806,0
2023-03-24T17:58:55Z,2023-03-24T17:59:00Z,9.929227933112156e-06,0.0022342792424927607,0.002244208470425873,0
2023-03-24T17:58:55Z,2023-03-24T17:59:00Z,1.0064817315235623e-05,0.0022372871764028417,0.0022473519937180773,0
2023-03-24T17:58:55Z,2023-03-24T17:59:00Z,2.282789846082137e-05,0.0022251430645472956,0.002247970963008117,0
2023-03-24T17:58:55Z,2023-03-24T17:59:00Z,5.117646415805661e-06,0.002250004439114575,0.0022448867926987692,0
2023-03-24T17:58:55Z,2023-03-24T17:59:00Z,2.4805259139241455e-05,0.0022646265890811958,0.0022398213299419543,0
2023-03-24T17:58:55Z,2023-03-24T17:59:00Z,1.87338065140083e-05,0.0022577986149799455,0.0022390648084659372,0
2023-03-24T17:58:55Z,2023-03-24T17:59:00Z,1.924492859839682e-06,0.002240143533123116,0.0022420680259829556,0
2023-03-24T17:58:55Z,2023-03-24T17:59:00Z,2.7451572639537736e-05,0.0022180143281807976,0.0022454659008203353,0
2023-03-24T17:58:55Z,2023-03-24T17:59:00Z,2.1537772542285644e-05,0.002223508586863992,0.002245046359406278,0
2023-03-24T17:58:55Z,2023-03-24T17:59:00Z,2.6648889055408496e-05,0.0022142632344349074,0.002240912123490316,0
2023-03-24T17:58:55Z,2023-03-24T17:59:00Z,2.2581115729943674e-05,0.0022169846758067764,0.00223956579153672,0
2023-03-24T17:58:55Z,2023-03-24T17:59:00Z,2.1538554079751897e-05,0.0022151492447109763,0.0022366877987907282,0
2023-03-24T17:58:55Z,2023-03-24T17:59:00Z,3.358866323306458e-05,0.0022020793369650986,0.0022356680001981632,0
2023-03-24T17:58:55Z,2023-03-24T17:59:00Z,3.762673434506416e-05,0.0021936843665526493,0.0022313111008977135,0
2023-03-24T17:58:55Z,2023-03-24T17:59:00Z,3.171011172082303e-05,0.002191782582662378,0.002223492694383201,0
2023-03-24T17:58:55Z,2023-03-24T17:59:00Z,3.6801606155996425e-05,0.002178676807173793,0.0022154784133297896,0
2023-03-24T17:58:55Z,2023-03-24T17:59:00Z,1.6720347591181548e-05,0.0021927129469310152,0.002209433294522197,0
2023-03-24T17:58:55Z,2023-03-24T17:59:00Z,1.067485012582305e-05,0.0021938412542704985,0.0022045161043963216,0
2023-03-24T17:58:55Z,2023-03-24T17:59:00Z,1.4328775559657812e-05,0.002186337873845041,0.002200666649404699,0
2023-03-24T17:58:55Z,2023-03-24T17:59:00Z,1.4066646981899123e-05,0.002184047254902249,0.0021981139018841483,0
2023-03-24T17:58:55Z,2023-03-24T17:59:00Z,2.3339904890541663e-05,0.0021709431467483893,0.002194283051638931,0
2023-03-24T17:58:55Z,2023-03-24T17:59:00Z,3.2563130969116404e-05,0.0021578321719437237,0.00219039530291284,0
2023-03-24T17:58:55Z,2023-03-24T17:59:00Z,8.169855999603983e-05,0.002104804719139712,0.0021865032791357516,0
2023-03-24T17:58:55Z,2023-03-24T17:59:00Z,0.00011441861414140551,0.0020676031406682304,0.002182021754809636,0
2023-03-24T17:58:55Z,2023-03-24T17:59:00Z,0.00010775840282299144,0.0020633911190463114,0.002171149521869303,0
2023-03-24T17:58:55Z,2023-03-24T17:59:00Z,9.953716107643324e-05,0.002057728152479674,0.002157265313556107,0
2023-03-24T17:58:55Z,2023-03-24T17:59:00Z,8.084180451506688e-05,0.0020602582805554523,0.002141100085070519,0
2023-03-24T17:58:55Z,2023-03-24T17:59:00Z,5.229127682819653e-05,0.00207179467051847,0.0021240859473466663,0
2023-03-24T17:58:55Z,2023-03-24T17:59:00Z,3.462596079007547e-05,0.0020737000373953923,0.0021083259981854677,0
2023-03-24T17:58:55Z,2023-03-24T17:59:00Z,1.0978777893175251e-05,0.00208331564724432,0.002094294425137495,0
2023-03-24T17:58:55Z,2023-03-24T17:59:00Z,1.619955331392999e-05,0.0020983385897823006,0.0020821390364683706,0
2023-03-24T17:58:55Z,2023-03-24T17:59:00Z,4.019683984699202e-05,0.0021130213107279374,0.0020728244708809454,0
2023-03-24T17:58:55Z,2023-03-24T17:59:00Z,4.3167997869017656e-05,0.0021151842025802867,0.002072016204711269,0
2023-03-24T17:58:55Z,2023-03-24T17:59:00Z,5.550037875202193e-05,0.002133193854720754,0.002077693475968732,0
2023-03-24T17:58:55Z,2023-03-24T17:59:00Z,5.391870675659771e-05,0.002138086318167077,0.002084167611410479,0
2023-03-24T17:58:55Z,2023-03-24T17:59:00Z,4.8314141117139064e-05,0.0021419149653077534,0.0020936008241906143,0
2023-03-24T17:58:55Z,2023-03-24T17:59:00Z,3.880388689818121e-05,0.0021421332157902486,0.0021033293288920674,0
2023-03-24T17:58:55Z,2023-03-24T17:59:00Z,3.642466939319383e-05,0.0021485190351339216,0.0021120943657407278,0
2023-03-24T17:58:55Z,2023-03-24T17:59:00Z,3.2606878449038465e-05,0.002153255391489123,0.0021206485130400845,0
2023-03-24T17:58:55Z,2023-03-24T17:59:00Z,2.054645186825351e-05,0.0021493453883945387,0.0021287989365262852,0
2023-03-24T17:58:55Z,2023-03-24T17:59:00Z,2.35279401079448e-05,0.0021591914768475827,0.002135663536739638,0
2023-03-24T17:58:55Z,2023-03-24T17:59:00Z,8.920057039357113e-06,0.00214912410348732,0.002140204046447963,0
2023-03-24T17:58:55Z,2023-03-24T17:59:00Z,3.37075846535413e-05,0.0021794125403849164,0.002145704955731375,0
2023-03-24T17:58:55Z,2023-03-24T17:59:00Z,4.926374842767261e-05,0.002196959985254868,0.0021476962368271956,0
2023-03-24T17:58:55Z,2023-03-24T17:59:00Z,4.350508906102559e-05,0.002196367103665451,0.0021528620146044255,0
2023-03-24T17:58:55Z,2023-03-24T17:59:00Z,5.231041432999725e-05,0.002212053056427812,0.0021597426420978147,0
2023-03-24T17:58:55Z,2023-03-24T17:59:00Z,5.332660914117047e-05,0.0022198484872233857,0.0021665218780822153,0
2023-03-24T17:58:55Z,2023-03-24T17:59:00Z,6.0064702600055257e-05,0.002234528333344007,0.0021744636307439516,0
2023-03-24T17:58:55Z,2023-03-24T17:59:00Z,5.1031215096793234e-05,0.0022338189828075275,0.0021827877677107342,0
2023-03-24T17:58:55Z,2023-03-24T17:59:00Z,3.089267447086092e-05,0.0022243283103002788,0.002193435635829418,0
2023-03-24T17:58:55Z,2023-03-24T17:59:00Z,1.7240131819447682e-05,0.0022200042058938586,0.002202764074074411,0
2023-03-24T17:58:55Z,2023-03-24T17:59:00Z,9.550109167526244e-06,0.002221714709093557,0.0022121645999260307,0
2023-03-24T17:58:55Z,2023-03-24T17:59:00Z,2.8075318241186677e-05,0.002245313876355835,0.0022172385581146485,0
2023-03-24T17:58:55Z,2023-03-24T17:59:00Z,1.8288203437770087e-06,0.0022185040782507076,0.0022203328985944846,0
2023-03-24T17:58:55Z,2023-03-24T17:59:00Z,1.5154521507341513e-05,0.0022112967236734412,0.0022264512451807827,0
2023-03-24T17:58:55Z,2023-03-24T17:59:00Z,1.518960606477918e-05,0.0022120680168438655,0.0022272576229086447,0
2023-03-24T17:58:55Z,2023-03-24T17:59:00Z,1.7531971904178115e-05,0.0022086566805607235,0.0022261886524649016,0
2023-03-24T17:58:55Z,2023-03-24T17:59:00Z,2.146087774833414e-05,0.0022019202351540495,0.0022233811129023836,0
2023-03-24T17:58:55Z,2023-03-24T17:59:00Z,3.7402247891281035e-05,0.0022576380730128147,0.0022202358251215337,0
2023-03-24T17:58:55Z,2023-03-24T17:59:00Z,5.1339008132162117e-05,0.002268773823860417,0.002217434815728255,0
2023-03-24T17:58:55Z,2023-03-24T17:59:00Z,3.918275566155765e-05,0.002261321804779682,0.002222139049118124,0
2023-03-24T17:58:55Z,2023-03-24T17:59:00Z,3.47009209014904e-05,0.002262722359365472,0.0022280214384639814,0
2023-03-24T17:58:55Z,2023-03-24T17:59:00Z,2.049193599200144e-05,0.002250514365508964,0.0022300224295169627,0
2023-03-24T17:58:55Z,2023-03-24T17:59:00Z,1.8595158217785384e-05,0.0022541448728740933,0.002235549714656308,0
2023-03-24T17:58:55Z,2023-03-24T17:59:00Z,1.694813871302688e-05,0.0022574000585987753,0.0022404519198857484,0
2023-03-24T17:58:55Z,2023-03-24T17:59:00Z,1.1329994994872111e-05,0.002257041521884399,0.002245711526889527,0
2023-03-24T17:58:55Z,2023-03-24T17:59:00Z,5.040290627338594e-06,0.002246764158516945,0.0022518044491442834,0
2023-03-24T17:58:55Z,2023-03-24T17:59:00Z,2.0955678695378562e-05,0.0022377389312901986,0.002258694609985577,0
2023-03-24T17:58:55Z,2023-03-24T17:59:00Z,1.7161414411299026e-05,0.0022401739562622944,0.0022573353706735935,0
2023-03-24T17:58:55Z,2023-03-24T17:59:00Z,1.3902528943665875e-05,0.0022395534801586503,0.002253456009102316,0
2023-03-24T17:58:55Z,2023-03-24T17:59:00Z,1.299356644265037e-05,0.0022378189615949924,0.0022508125280376427,0
2023-03-24T17:58:55Z,2023-03-24T17:59:00Z,1.1718321954097034e-06,0.0022490882503321996,0.00224791641813679,0
2023-03-24T17:58:55Z,2023-03-24T17:59:00Z,9.461310269842909e-06,0.0022557908029173864,0.0022463294926475435,0
2023-03-24T17:58:55Z,2023-03-24T17:59:00Z,5.020284966926903e-06,0.0022507176997967338,0.002245697414829807,0
2023-03-24T17:58:55Z,2023-03-24T17:59:00Z,7.109596538572814e-06,0.002252605854408206,0.0022454962578696332,0
2023-03-24T17:58:55Z,2023-03-24T17:59:00Z,4.082900736163478e-06,0.0022487886808448387,0.002244705780108675,0
2023-03-24T17:58:55Z,2023-03-24T17:59:00Z,1.2799024143974116e-06,0.00224671589450948,0.002245435992095083,0
2023-03-24T17:58:55Z,2023-03-24T17:59:00Z,9.152069554094373e-06,0.002255969280343507,0.0022468172107894127,0
2023-03-24T17:58:55Z,2023-03-24T17:59:00Z,8.633161484530687e-06,0.002256268114554842,0.002247634953070311,0
2023-03-24T17:58:55Z,2023-03-24T17:59:00Z,3.3998902838421573e-06,0.00225308681837726,0.002249686928093418,0
2023-03-24T17:58:55Z,2023-03-24T17:59:00Z,8.732080165546087e-06,0.0022607251523789453,0.002251993072213399,0
2023-03-24T17:58:55Z,2023-03-24T17:59:00Z,1.9764078592089673e-06,0.0022544693010782407,0.0022524928932190318,0
2023-03-24T17:58:55Z,2023-03-24T17:59:00Z,2.833237871522655e-06,0.0022559429247732497,0.002253109686901727,0
2023-03-24T17:58:55Z,2023-03-24T17:59:00Z,1.7041534656220964e-06,0.002255282790527537,0.002253578637061915,0
2023-03-24T17:58:55Z,2023-03-24T17:59:00Z,1.4251201029854502e-05,0.0022682469718874,0.0022539957708575453,0
2023-03-24T17:58:55Z,2023-03-24T17:59:00Z,1.5748700820860002e-05,0.0022705562353887427,0.0022548075345678827,0
2023-03-24T17:58:55Z,2023-03-24T17:59:00Z,2.6564211480094475e-06,0.002260155340388132,0.0022574989192401225,0
2023-03-24T17:58:55Z,2023-03-24T17:59:00Z,7.636129957277246e-06,0.0022516861586635,0.0022593222886207773,0
2023-03-24T17:58:55Z,2023-03-24T17:59:00Z,2.781580272541353e-05,0.002231992389124525,0.0022598081918499386,0
2023-03-24T17:58:55Z,2023-03-24T17:59:00Z,2.1039248950287942e-05,0.0022385938604354305,0.0022596331093857184,0
2023-03-24T17:58:55Z,2023-03-24T17:59:00Z,1.514424537871423e-05,0.0022408972686002015,0.0022560415139789157,0
2023-03-24T17:58:55Z,2023-03-24T17:59:00Z,6.958292978750686e-06,0.002247098790919814,0.0022540570838985646,0
2023-03-24T17:58:55Z,2023-03-24T17:59:00Z,6.812802507842868e-06,0.0022589891793847764,0.0022521763768769336,0
2023-03-24T17:58:55Z,2023-03-24T17:59:00Z,2.0043015908319337e-05,0.0022711963928342873,0.002251153376925968,0
2023-03-24T17:58:55Z,2023-03-24T17:59:00Z,1.0283810237527932e-05,0.0022602799631006682,0.0022499961528631403,0
2023-03-24T17:58:55Z,2023-03-24T17:59:00Z,1.853591767173599e-05,0.002268612090215569,0.002250076172543833,0
2023-03-24T17:58:55Z,2023-03-24T17:59:00Z,2.3429234559921124e-05,0.0022735209849428215,0.0022500917503829004,0
2023-03-24T17:58:55Z,2023-03-24T17:59:00Z,1.4817945356348627e-05,0.0022670254371832577,0.002252207491826909,0
2023-03-24T17:58:55Z,2023-03-24T17:59:00Z,1.034257853576876e-05,0.002267741144839965,0.002257398566304196,0
2023-03-24T17:58:55Z,2023-03-24T17:59:00Z,1.5786894496873545e-06,0.0022625312028473617,0.0022609525133976743,0
2023-03-24T17:58:55Z,2023-03-24T17:59:00Z,9.500732880078633e-06,0.002273808730807724,0.002264307997927645,1
2023-03-24T17:58:55Z,2023-03-24T17:59:00Z,3.5572178042077816e-06,0.0022626798316143803,0.002266237049418588,1
2023-03-24T17:58:55Z,2023-03-24T17:59:00Z,5.053799533122957e-06,0.0022630356938133337,0.0022680894933464566,1
2023-03-24T17:58:55Z,2023-03-24T17:59:00Z,1.5550535411895834e-06,0.002268579976735158,0.0022670249231939686,1
2023-03-24T17:58:55Z,2023-03-24T17:59:00Z,8.676247158823785e-06,0.002258693142374228,0.0022673693895330516,1
2023-03-24T17:58:55Z,2023-03-24T17:59:00Z,1.4390885596437305e-05,0.0022529744897515627,0.002267365375348,1
2023-03-24T17:58:55Z,2023-03-24T17:59:00Z,1.2670748115700247e-05,0.0022528411469112256,0.002265511895026926,1
2023-03-24T17:58:55Z,2023-03-24T17:59:00Z,1.5616853758646226e-05,0.002248138672839318,0.002263755526597964,1
2023-03-24T17:58:55Z,2023-03-24T17:59:00Z,7.932536596400117e-06,0.0022539604902604717,0.002261893026856872,1
2023-03-24T17:58:55Z,2023-03-24T17:59:00Z,2.2653262978103786e-06,0.0022623592869036764,0.002260093960605866,1
2023-03-24T17:58:55Z,2023-03-24T17:59:00Z,1.5054705175781505e-05,0.002242558225361678,0.0022576129305374596,1
2023-03-24T17:58:55Z,2023-03-24T17:59:00Z,1.6519561724056588e-06,0.0022592248186210275,0.002257572862448622,1
2023-03-24T17:58:55Z,2023-03-24T17:59:00Z,1.7869872245533398e-05,0.002272883051137698,0.0022550131788921647,0
2023-03-24T17:58:55Z,2023-03-24T17:59:00Z,1.3934962099171333e-05,0.0022677787462270695,0.002253843784127898,0
2023-03-24T17:58:55Z,2023-03-24T17:59:00Z,1.9728126202701174e-05,0.0022753456489260334,0.002255617522723332,0
2023-03-24T17:58:55Z,2023-03-24T17:59:00Z,1.766924997270063e-05,0.0022751373047554713,0.0022574680547827707,0
2023-03-24T17:58:55Z,2023-03-24T17:59:00Z,1.9664471848217582e-05,0.0022799455893828388,0.002260281117534621,0
2023-03-24T17:58:55Z,2023-03-24T17:59:00Z,4.046464679334678e-06,0.0022677024112034757,0.002263655946524141,0
2023-03-24T17:58:55Z,2023-03-24T17:59:00Z,6.643785095928993e-06,0.0022735478690103657,0.0022669040839144367,0
2023-03-24T17:58:55Z,2023-03-24T17:59:00Z,1.9140487470817574e-05,0.0022867124619227294,0.002267571974451912,0
2023-03-24T17:58:55Z,2023-03-24T17:59:00Z,2.140717798057839e-06,0.0022735863977060553,0.0022714456799079975,0
2023-03-24T17:58:55Z,2023-03-24T17:59:00Z,3.4965559649897254e-06,0.0022713850793557207,0.0022748816353207104,0
2023-03-24T17:58:55Z,2023-03-24T17:59:00Z,3.157627188747278e-06,0.0022781271808305025,0.0022749695536417552,0
2023-03-24T17:58:55Z,2023-03-24T17:59:00Z,2.510144428921352e-06,0.0022779304897117577,0.0022754203452828364,0
2023-03-24T17:58:55Z,2023-03-24T17:59:00Z,7.840833711240947e-06,0.002283608870482136,0.002275768036770895,0
2023-03-24T17:58:55Z,2023-03-24T17:59:00Z,8.539267638632726e-06,0.0022846564525290636,0.002276117184890431,0
2023-03-24T17:58:55Z,2023-03-24T17:59:00Z,9.105666202794457e-06,0.0022856807612306376,0.002276575095027843,0
2023-03-24T17:58:55Z,2023-03-24T17:59:00Z,2.600074652202994e-06,0.002281294424845744,0.002278694350193541,0
2023-03-24T17:58:55Z,2023-03-24T17:59:00Z,2.7535835115297634e-06,0.002277457378209546,0.0022802109617210756,0
2023-03-24T17:58:55Z,2023-03-24T17:59:00Z,8.354285092580533e-06,0.0022711794219938716,0.002279533707086452,0
2023-03-24T17:58:55Z,2023-03-24T17:59:00Z,8.904873389731314e-06,0.0022711127062596576,0.002280017579649389,0
2023-03-24T17:58:55Z,2023-03-24T17:59:00Z,1.7853253233332707e-05,0.0022621386192458247,0.0022799918724791574,0
2023-03-24T17:58:55Z,2023-03-24T17:59:00Z,1.2091162361705775e-05,0.002267023900796096,0.002279115063157802,0
2023-03-24T17:58:55Z,2023-03-24T17:59:00Z,3.532852728396676e-06,0.002273608226621163,0.00227714107934956,0
2023-03-24T17:58:55Z,2023-03-24T17:59:00Z,1.4786417158327986e-05,0.0022602815409804773,0.0022750679581388052,0
2023-03-24T17:58:55Z,2023-03-24T17:59:00Z,7.98681010321647e-06,0.0022657001197971013,0.002273686929900318,0
2023-03-24T17:58:55Z,2023-03-24T17:59:00Z,2.496919015567648e-05,0.0022455428372133712,0.0022705120273690477,0
2023-03-24T17:58:55Z,2023-03-24T17:59:00Z,2.0333799298358386e-05,0.0022482289399396085,0.002268562739237967,0
2023-03-24T17:58:55Z,2023-03-24T17:59:00Z,2.2045404497121612e-05,0.0022425280171163237,0.0022645734216134453,0
2023-03-24T17:58:55Z,2023-03-24T17:59:00Z,2.8740105368842313e-05,0.0022329645059878203,0.0022617046113566626,0
2023-03-24T17:58:55Z,2023-03-24T17:59:00Z,2.206698552901674e-05,0.002236064539684729,0.002258131525213746,0
2023-03-24T17:58:55Z,2023-03-24T17:59:00Z,9.888923402737951e-06,0.002244595837653757,0.002254484761056495,0
2023-03-24T17:58:55Z,2023-03-24T17:59:00Z,7.888074440192024e-06,0.0022427267664773824,0.0022506148409175745,0
2023-03-24T17:58:55Z,2023-03-24T17:59:00Z,1.4806004647918355e-05,0.0022321822876487304,0.002246988292296649,0
2023-03-24T17:58:55Z,2023-03-24T17:59:00Z,5.68517098776828e-06,0.0022391087744959935,0.0022447939454837617,0
2023-03-24T17:58:55Z,2023-03-24T17:59:00Z,6.117832239170302e-06,0.0022467220487043856,0.0022406042164652153,0
2023-03-24T17:58:55Z,2023-03-24T17:59:00Z,8.201856726156379e-06,0.0022480018153516997,0.0022397999586255433,0
2023-03-24T17:58:55Z,2023-03-24T17:59:00Z,8.635033094064708e-06,0.002248246630315205,0.0022396115972211405,0
2023-03-24T17:58:55Z,2023-03-24T17:59:00Z,1.449002429105119e-05,0.002254785846291613,0.002240295822000562,0
2023-03-24T17:58:55Z,2023-03-24T17:59:00Z,1.5377497109554487e-05,0.00225758358465104,0.0022422060875414854,0
2023-03-24T17:58:55Z,2023-03-24T17:59:00Z,2.1397729924304415e-06,0.0022466860238597765,0.002244546250867346,0
2023-03-24T17:58:55Z,2023-03-24T17:59:00Z,2.6479966972422532e-05,0.002272649686214429,0.0022461697192420063,0
2023-03-24T17:58:55Z,2023-03-24T17:59:00Z,1.8534648314965686e-05,0.002265199274729771,0.0022466646264148052,0
2023-03-24T17:58:55Z,2023-03-24T17:59:00Z,2.4080072182035197e-05,0.002275803123417553,0.0022517230512355177,0
2023-03-24T17:58:55Z,2023-03-24T17:59:00Z,2.87868571503193e-05,0.0022837712209150592,0.00225498436376474,0
2023-03-24T17:58:55Z,2023-03-24T17:59:00Z,2.7576545673262728e-05,0.002286196043777149,0.002258619498103886,0
2023-03-24T17:58:55Z,2023-03-24T17:59:00Z,1.6284995858115246e-05,0.0022793756696574212,0.002263090673799306,0
2023-03-24T17:58:55Z,2023-03-24T17:59:00Z,3.5658114664071684e-06,0.002271400161948456,0.002267834350482049,0
2023-03-24T17:58:55Z,2023-03-24T17:59:00Z,7.866887989737767e-06,0.0022630411904130373,0.002270908078402775,0
2023-03-24T17:58:55Z,2023-03-24T17:59:00Z,3.965690382239529e-06,0.002276600840947192,0.0022726351505649523,0
2023-03-24T17:58:55Z,2023-03-24T17:59:00Z,4.677575791364914e-06,0.0022793571221754742,0.0022746795463841093,0
2023-03-24T17:58:55Z,2023-03-24T17:59:00Z,8.71679056140386e-06,0.0022664566501643013,0.002275173440725705,0
2023-03-24T17:58:55Z,2023-03-24T17:59:00Z,1.420444042216475e-05,0.0022627387312342527,0.0022769431716564174,0
2023-03-24T17:58:55Z,2023-03-24T17:59:00Z,9.257779019780903e-06,0.0022665170834799803,0.0022757748624997612,0
2023-03-24T17:58:55Z,2023-03-24T17:59:00Z,3.2313900533495823e-05,0.0022408319007561645,0.0022731458012896603,0
2023-03-24T17:58:55Z,2023-03-24T17:59:00Z,3.362738902143968e-05,0.0022370585422310744,0.002270685931252514,0
2023-03-24T17:58:55Z,2023-03-24T17:59:00Z,4.05023929660811e-05,0.0022253655671737762,0.0022658679601398573,0
2023-03-24T17:58:55Z,2023-03-24T17:59:00Z,3.576315053542903e-05,0.0022258121071397556,0.0022615752576751846,0
2023-03-24T17:58:55Z,2023-03-24T17:59:00Z,2.0552168330809865e-05,0.002236313636439467,0.0022568658047702767,0
2023-03-24T17:58:55Z,2023-03-24T17:59:00Z,1.356102138100031e-05,0.002236956191663347,0.0022505172130443474,0
2023-03-24T17:58:55Z,2023-03-24T17:59:00Z,1.1742174857738014e-06,0.0022463109948131204,0.0022451367773273466,0
2023-03-24T17:58:55Z,2023-03-24T17:59:00Z,5.699565427450155e-06,0.0022471487854421775,0.0022414492200147273,0
2023-03-24T17:58:55Z,2023-03-24T17:59:00Z,7.071981398926522e-06,0.0022464677343610124,0.002239395752962086,0
2023-03-24T17:58:55Z,2023-03-24T17:59:00Z,8.566221215577756e-06,0.0022455409369229384,0.0022369747157073606,0
2023-03-24T17:58:55Z,2023-03-24T17:59:00Z,1.2350616240690369e-05,0.0022500298111486567,0.0022376791949079663,0
2023-03-24T17:58:55Z,2023-03-24T17:59:00Z,1.7495508572727518e-05,0.0022562350028171767,0.002238739494244449,0
2023-03-24T17:58:55Z,2023-03-24T17:59:00Z,1.9114459267887372e-05,0.0022609369840091965,0.002241822524741309,0
2023-03-24T17:58:55Z,2023-03-24T17:59:00Z,1.948521539106617e-05,0.002265110602092053,0.002245625386700987,0
2023-03-24T17:58:55Z,2023-03-24T17:59:00Z,9.053635580091347e-06,0.0022577569407272943,0.002248703305147203,0
2023-03-24T17:58:55Z,2023-03-24T17:59:00Z,7.409778215504079e-06,0.0022448128282352873,0.0022522226064507914,0
2023-03-24T17:58:55Z,2023-03-24T17:59:00Z,2.1808502512641204e-05,0.0022318448471774217,0.002253653349690063,0
2023-03-24T17:58:55Z,2023-03-24T17:59:00Z,4.177795214277413e-05,0.0022115834028964276,0.0022533613550392018,0
2023-03-24T17:58:55Z,2023-03-24T17:59:00Z,4.118554849074415e-05,0.002210347945650509,0.002251533494141253,0
2023-03-24T17:58:55Z,2023-03-24T17:59:00Z,4.91449790301331e-05,0.002198143823357806,0.002247288802387939,1
2023-03-24T17:58:55Z,2023-03-24T17:59:00Z,7.409524547116178e-05,0.002168233323729509,0.0022423285692006706,1
2023-03-24T17:58:55Z,2023-03-24T17:59:00Z,9.67016364888597e-05,0.00213836553527939,0.0022350671717682497,1
2023-03-24T17:58:55Z,2023-03-24T17:59:00Z,0.00011484670334618733,0.002108632510887101,0.0022234792142332882,1
2023-03-24T17:58:55Z,2023-03-24T17:59:00Z,0.00014418114963071164,0.002063454931250994,0.0022076360808817056,1
2023-03-24T17:58:55Z,2023-03-24T17:59:00Z,0.00016190417327849836,0.002027091353873183,0.0021889955271516813,1
2023-03-24T17:58:55Z,2023-03-24T17:59:00Z,0.00016932962866637305,0.001996996161362272,0.002166325790028645,1
2023-03-24T17:58:55Z,2023-03-24T17:59:00Z,0.00020008936656811882,0.001940642236797496,0.0021407316033656147,1
2023-03-24T17:58:55Z,2023-03-24T17:59:00Z,0.00021237335641494885,0.0019015348417588964,0.0021139081981738452,1
2023-03-24T17:58:55Z,2023-03-24T17:59:00Z,0.00021282415830413772,0.0018673708262630809,0.0020801949845672186,1
2023-03-24T17:58:55Z,2023-03-24T17:59:00Z,0.0002157944873160309,0.0018273243745513244,0.0020431188618673553,1
2023-03-24T17:58:55Z,2023-03-24T17:59:00Z,0.00020883099638526349,0.0017966800532987883,0.0020055110496840518,1
2023-03-24T17:58:55Z,2023-03-24T17:59:00Z,0.0002089749476744797,0.0017576559569185636,0.0019666309045930433,1
2023-03-24T17:58:55Z,2023-03-24T17:59:00Z,0.0002075716574661407,0.0017200651899283636,0.0019276368473945043,1
2023-03-24T17:58:55Z,2023-03-24T17:59:00Z,0.00020072284414446003,0.0016886891314584905,0.0018894119756029506,1
2023-03-24T17:58:55Z,2023-03-24T17:59:00Z,0.00019773626218789748,0.0016532974429219506,0.001851033705109848,1
2023-03-24T17:58:55Z,2023-03-24T17:59:00Z,0.00018165393683579984,0.0016308413895360755,0.0018124953263718754,1
2023-03-24T17:58:55Z,2023-03-24T17:59:00Z,0.00017565841854776327,0.0016009188085896692,0.0017765772271374324,1
2023-03-24T17:58:55Z,2023-03-24T17:59:00Z,0.00016308010527433083,0.0015796604403352488,0.0017427405456095797,1
2023-03-24T17:58:55Z,2023-03-24T17:59:00Z,0.0001623244387363163,0.0015471096046640869,0.0017094340434004032,1
2023-03-24T17:58:55Z,2023-03-24T17:59:00Z,0.00016002374075362426,0.0015184523108697696,0.0016784760516233939,1
2023-03-24T17:58:55Z,2023-03-24T17:59:00Z,0.00015402793054059938,0.0014932518150034568,0.0016472797455440562,1
2023-03-24T17:58:55Z,2023-03-24T17:59:00Z,0.00014678085831465546,0.0014705984314733014,0.0016173792897879568,1
2023-03-24T17:58:55Z,2023-03-24T17:59:00Z,0.00013850060069673558,0.001450527017225608,0.0015890276179223435,1
2023-03-24T17:58:55Z,2023-03-24T17:59:00Z,0.00012468201598666586,0.0014370842644375289,0.0015617662804241947,1
2023-03-24T17:58:55Z,2023-03-24T17:59:00Z,0.00012059770717206858,0.0014158222700400834,0.001536419977212152,1
2023-03-24T17:58:55Z,2023-03-24T17:59:00Z,0.00011206913296309584,0.001400131203611738,0.0015122003365748338,1
2023-03-24T17:58:55Z,2023-03-24T17:59:00Z,0.00010172887194806034,0.0013873343973080752,0.0014890632692561355,1
2023-03-24T17:58:55Z,2023-03-24T17:59:00Z,8.240242483799993e-05,0.0013842196898276966,0.0014666221146656965,1
2023-03-24T17:58:55Z,2023-03-24T17:59:00Z,6.985085350317264e-05,0.0013767993602430224,0.001446650213746195,1
2023-03-24T17:58:55Z,2023-03-24T17:59:00Z,5.9015203242076967e-05,0.001370855932873859,0.0014298711361159359,1
2023-03-24T17:58:55Z,2023-03-24T17:59:00Z,5.210376052548955e-05,0.0013632108187453921,0.0014153145792708817,1
2023-03-24T17:58:55Z,2023-03-24T17:59:00Z,5.1431540321354935e-05,0.0013514152266245964,0.0014028467669459513,1
2023-03-24T17:58:55Z,2023-03-24T17:59:00Z,4.661359258411875e-05,0.0013453186495518056,0.0013919322421359244,1
2023-03-24T17:58:55Z,2023-03-24T17:59:00Z,4.530230161652721e-05,0.0013359213107927805,0.0013812236124093077,1
2023-03-24T17:58:55Z,2023-03-24T17:59:00Z,4.28473266238696e-05,0.0013295633332244038,0.0013724106598482734,1
2023-03-24T17:58:55Z,2023-03-24T17:59:00Z,4.407203202184983e-05,0.0013203123912240535,0.0013643844232459033,1
2023-03-24T17:58:55Z,2023-03-24T17:59:00Z,4.1274064392157186e-05,0.0013158889758432873,0.0013571630402354445,1
2023-03-24T17:58:55Z,2023-03-24T17:59:00Z,6.75937288630035e-05,0.0012815808990469856,0.001349174627909989,1
2023-03-24T17:58:55Z,2023-03-24T17:59:00Z,7.733257376134491e-05,0.0012642282560986775,0.0013415608298600224,1
2023-03-24T17:58:55Z,2023-03-24T17:59:00Z,6.017243796297908e-05,0.0012702290126686841,0.0013304014506316632,1
2023-03-24T17:58:55Z,2023-03-24T17:59:00Z,3.3912092846176585e-05,0.0012841165374546473,0.0013180286303008239,1
2023-03-24T17:58:55Z,2023-03-24T17:59:00Z,1.5916976849807358e-05,0.0012919633767065274,0.0013078803535563348,1
2023-03-24T17:58:55Z,2023-03-24T17:59:00Z,1.635375259093465e-05,0.0013165838421351247,0.00130023008954419,1
2023-03-24T17:58:55Z,2023-03-24T17:59:00Z,2.9880605339375555e-05,0.001324615953122784,0.0012947353477834084,1
2023-03-24T17:58:55Z,2023-03-24T17:59:00Z,4.1974404831885206e-05,0.0013350873162291338,0.0012931129113972486,1
2023-03-24T17:58:55Z,2023-03-24T17:59:00Z,5.6717297283919235e-05,0.0013503681539185088,0.0012936508566345896,1
2023-03-24T17:58:55Z,2023-03-24T17:59:00Z,6.819048947232604e-05,0.0013642411386551468,0.0012960506491828208,1
2023-03-24T17:58:55Z,2023-03-24T17:59:00Z,5.89993412749173e-05,0.0013636483973166783,0.001304649056041761,1
2023-03-24T17:58:55Z,2023-03-24T17:59:00Z,5.731180494642982e-05,0.0013744624713077495,0.0013171506663613196,0
2023-03-24T17:58:55Z,2023-03-24T17:59:00Z,5.984737719708219e-05,0.001388675466639401,0.0013288280894423188,0
2023-03-24T17:58:55Z,2023-03-24T17:59:00Z,7.491404500741309e-05,0.00141503537618137,0.0013401213311739569,0
2023-03-24T17:58:55Z,2023-03-24T17:59:00Z,7.760408185043832e-05,0.0014298144242660042,0.001352210342415566,0
2023-03-24T17:58:55Z,2023-03-24T17:59:00Z,9.054381171446323e-05,0.0014550605958858097,0.0013645167841713464,0
2023-03-24T17:58:55Z,2023-03-24T17:59:00Z,0.00010226170619348214,0.0014799282992577312,0.001377666593064249,0
2023-03-24T17:58:55Z,2023-03-24T17:59:00Z,0.0001152080387137825,0.0015078712917351161,0.0013926632530213336,0
2023-03-24T17:58:55Z,2023-03-24T17:59:00Z,0.00012776232332276658,0.0015366205945115028,0.0014088582711887362,0
2023-03-24T17:58:55Z,2023-03-24T17:59:00Z,0.0001401498915712567,0.001566961931894989,0.0014268120403237324,0
2023-03-24T17:58:55Z,2023-03-24T17:59:00Z,0.00015582578069645004,0.0016042593456695356,0.0014484335649730855,0
2023-03-24T17:58:55Z,2023-03-24T17:59:00Z,0.0001710487047722237,0.0016435447023187143,0.0014724959975464906,0
2023-03-24T17:58:55Z,2023-03-24T17:59:00Z,0.00017525486277330908,0.0016746988451985664,0.0014994439824252573,0
2023-03-24T17:58:55Z,2023-03-24T17:59:00Z,0.00018669464816902914,0.0017147022963614543,0.0015280076481924251,0
2023-03-24T17:58:55Z,2023-03-24T17:59:00Z,0.00019663526592211692,0.0017552534667311125,0.0015586182008089956,0
2023-03-24T17:58:55Z,2023-03-24T17:59:00Z,0.00020175417818623048,0.0017928275915546816,0.0015910734133684512,0
2023-03-24T17:58:55Z,2023-03-24T17:59:00Z,0.00020191865188693174,0.0018274077111895557,0.001625489059302624,0
2023-03-24T17:58:55Z,2023-03-24T17:59:00Z,0.00020332553083736568,0.0018644341276174352,0.0016611085967800695,0
2023-03-24T17:58:55Z,2023-03-24T17:59:00Z,0.00021084349201929342,0.0019083004783841196,0.0016974569863648262,0
2023-03-24T17:58:55Z,2023-03-24T17:59:00Z,0.0002127217500306664,0.0019473627608607982,0.0017346410108301318,0
2023-03-24T17:58:55Z,2023-03-24T17:59:00Z,0.00021922135977101714,0.001991867512190472,0.0017726461524194548,0
2023-03-24T17:58:55Z,2023-03-24T17:59:00Z,0.00022156836000920528,0.0020321917697464207,0.0018106234097372154,0
2023-03-24T17:58:55Z,2023-03-24T17:59:00Z,0.00020877155332398555,0.002059041046435189,0.0018502694931112037,0
2023-03-24T17:58:55Z,2023-03-24T17:59:00Z,0.0001764593512464769,0.0020664150285308013,0.0018899556772843243,0
2023-03-24T17:58:55Z,2023-03-24T17:59:00Z,0.00015766634889503362,0.0020855954736423675,0.0019279291247473339,0
2023-03-24T17:58:55Z,2023-03-24T17:59:00Z,0.00013248401074985932,0.002094611565119208,0.0019621275543693487,0
2023-03-24T17:58:55Z,2023-03-24T17:59:00Z,7.469997675571853e-05,0.002069101001431669,0.0019944010246759503,0
2023-03-24T17:58:55Z,2023-03-24T17:59:00Z,2.0400960272231802e-05,0.002043574164635904,0.0020231732043636723,0
2023-03-24T17:58:55Z,2023-03-24T17:59:00Z,1.4845559609755546e-06,0.002044757825705591,0.0020432732697446155,0
2023-03-24T17:58:55Z,2023-03-24T17:59:00Z,1.2942298486180812e-05,0.002042357396730323,0.0020552996952165037,0
2023-03-24T17:58:55Z,2023-03-24T17:59:00Z,2.785777190277743e-05,0.0020340532125031163,0.0020619109844058937,0
2023-03-24T17:58:55Z,2023-03-24T17:59:00Z,4.4957741383354e-05,0.0020182239463955275,0.0020631816877788815,0
2023-03-24T17:58:55Z,2023-03-24T17:59:00Z,3.5713146492519655e-05,0.0020243450620448526,0.0020600582085373723,0
2023-03-24T17:58:55Z,2023-03-24T17:59:00Z,3.1768564306625894e-05,0.002022265758963837,0.002054034323270463,0
2023-03-24T17:58:55Z,2023-03-24T17:59:00Z,1.0954885699762315e-05,0.0020354231361210118,0.002046378021820774,0
2023-03-24T17:58:55Z,2023-03-24T17:59:00Z,2.650394190842169e-06,0.0020346844018605103,0.0020373347960513525,0
2023-03-24T17:58:55Z,2023-03-24T17:59:00Z,1.7735075459429997e-05,0.00205086013834695,0.00203312506288752,0
2023-03-24T17:58:55Z,2023-03-24T17:59:00Z,3.783169433178206e-05,0.0020698455368723784,0.0020320138425405964,0
2023-03-24T17:58:55Z,2023-03-24T17:59:00Z,3.280867064611162e-05,0.0020655853022668778,0.002032776631620766,0
2023-03-24T17:58:55Z,2023-03-24T17:59:00Z,3.522467780363043e-05,0.0020714373269421537,0.0020362126491385232,0
2023-03-24T17:58:55Z,2023-03-24T17:59:00Z,3.19714427595816e-05,0.002072125603118575,0.002040154160358993,0
2023-03-24T17:58:55Z,2023-03-24T17:59:00Z,1.5904889527838285e-05,0.0020627107224551596,0.0020468058329273214,0
2023-03-24T17:58:55Z,2023-03-24T17:59:00Z,8.844455394315612e-06,0.002061622855955852,0.0020527784005615365,0
2023-03-24T17:58:55Z,2023-03-24T17:59:00Z,7.586012639572079e-06,0.0020654200336375243,0.002057834020997952,0
2023-03-24T17:58:55Z,2023-03-24T17:59:00Z,1.135410064677508e-05,0.002072463086624082,0.002061108985977307,0
2023-03-24T17:58:55Z,2023-03-24T17:59:00Z,1.1638848124871128e-05,0.002076589788074305,0.0020649509399494337,0
2023-03-24T17:58:55Z,2023-03-24T17:59:00Z,4.428893695675087e-06,0.0020720802021797504,0.0020676513084840753,0
2023-03-24T17:58:55Z,2023-03-24T17:59:00Z,8.004127357766518e-06,0.0020764984672420822,0.0020684943398843157,0
2023-03-24T17:58:55Z,2023-03-24T17:59:00Z,1.1876950802361397e-05,0.0020811831531757866,0.0020693062023734252,0
2023-03-24T17:58:55Z,2023-03-24T17:59:00Z,1.1577141314726008e-05,0.002081515986225642,0.002069938844910916,0
2023-03-24T17:58:55Z,2023-03-24T17:59:00Z,6.491779163730026e-06,0.0020775628178317978,0.0020710710386680677,0
2023-03-24T17:58:55Z,2023-03-24T17:59:00Z,1.3573015907003376e-06,0.0020747789982300782,0.002073421696639378,0
2023-03-24T17:58:55Z,2023-03-24T17:59:00Z,1.4235900106710983e-05,0.002089650091980582,0.002075414191873871,0
2023-03-24T17:58:55Z,2023-03-24T17:59:00Z,2.738493304713617e-05,0.0021039689954950765,0.0020765840624479403,0
2023-03-24T17:58:55Z,2023-03-24T17:59:00Z,3.163017544534916e-05,0.002110362613562852,0.002078732438117503,0
2023-03-24T17:58:55Z,2023-03-24T17:59:00Z,3.729217917794198e-05,0.0021194470182230416,0.0020821548390450996,0
2023-03-24T17:58:55Z,2023-03-24T17:59:00Z,4.838534391932636e-05,0.0021353254843873137,0.0020869401404679873,0
2023-03-24T17:58:55Z,2023-03-24T17:59:00Z,5.464880630172029e-05,0.0021469575156423276,0.0020923087093406073,0
2023-03-24T17:58:55Z,2023-03-24T17:59:00Z,6.738273488182895e-05,0.002166459235623877,0.002099076500742048,0
2023-03-24T17:58:55Z,2023-03-24T17:59:00Z,6.310049336332845e-05,0.0021703571852824625,0.002107256691919134,0
2023-03-24T17:58:55Z,2023-03-24T17:59:00Z,6.018554507076406e-05,0.0021785542892139077,0.0021183687441431436,0
2023-03-24T17:58:55Z,2023-03-24T17:59:00Z,5.2783873178582214e-05,0.002183099890703274,0.002130316017524692,0
2023-03-24T17:58:55Z,2023-03-24T17:59:00Z,4.5109830714812685e-05,0.0021865388728936697,0.002141429042178857,0
2023-03-24T17:58:55Z,2023-03-24T17:59:00Z,3.848379165468166e-05,0.0021898041957345636,0.002151320404079882,0
2023-03-24T17:58:55Z,2023-03-24T17:59:00Z,2.9975345935136666e-05,0.002190817782431371,0.002160842436496234,0
2023-03-24T17:58:55Z,2023-03-24T17:59:00Z,1.4219526668497219e-05,0.0021838566103536718,0.0021696370836851745,0
2023-03-24T17:58:55Z,2023-03-24T17:59:00Z,2.4603910907380552e-06,0.002174113229849944,0.002176573620940682,0
2023-03-24T17:58:55Z,2023-03-24T17:59:00Z,7.699100542317861e-06,0.0021888851083219176,0.0021811860077795998,0
2023-03-24T17:58:55Z,2023-03-24T17:59:00Z,2.8150589070822293e-05,0.0022102933461286803,0.002182142757057858,0
2023-03-24T17:58:55Z,2023-03-24T17:59:00Z,4.2308315408533075e-05,0.002226767062846323,0.00218445874743779,0
2023-03-24T17:58:55Z,2023-03-24T17:59:00Z,3.519676797946467e-05,0.0022236228975316013,0.0021884261295521366,0
2023-03-24T17:58:55Z,2023-03-24T17:59:00Z,4.673147461166458e-05,0.002240616000681682,0.0021938845260700175,0
2023-03-24T17:58:55Z,2023-03-24T17:59:00Z,4.490305438461248e-05,0.0022434230835343713,0.002198520029149759,0
2023-03-24T17:58:55Z,2023-03-24T17:59:00Z,5.249526798611253e-05,0.0022573667727542614,0.002204871504768149,0
2023-03-24T17:58:55Z,2023-03-24T17:59:00Z,4.840293906526556e-05,0.0022598501064712896,0.002211447167406024,0
2023-03-24T17:58:55Z,2023-03-24T17:59:00Z,4.6953737449473634e-05,0.002267589675155571,0.0022206359377060975,0
2023-03-24T17:58:55Z,2023-03-24T17:59:00Z,4.2230308627307176e-05,0.0022735833559110728,0.0022313530472837656,0
2023-03-24T17:58:55Z,2023-03-24T17:59:00Z,2.731062732634496e-05,0.0022685017454643175,0.0022411911181379725,0
2023-03-24T17:58:55Z,2023-03-24T17:59:00Z,1.0494586075708578e-05,0.00225959695543648,0.0022491023693607714,0
2023-03-24T17:58:55Z,2023-03-24T17:59:00Z,4.122418938006401e-05,0.0022955433940680847,0.0022543192046880207,0
2023-03-24T17:58:55Z,2023-03-24T17:59:00Z,5.677923379612858e-05,0.0023155951957222593,0.0022588159619261307,0
2023-03-24T17:58:55Z,2023-03-24T17:59:00Z,4.658137495614943e-05,0.0023122632610555805,0.002265681886099431,0
2023-03-24T17:58:55Z,2023-03-24T17:59:00Z,3.154606350741409e-05,0.002306249463630331,0.002274703400122917,0
2023-03-24T17:58:55Z,2023-03-24T17:59:00Z,1.0285769348692027e-05,0.002291851230509274,0.002281565461160582,0
2023-03-24T17:58:55Z,2023-03-24T17:59:00Z,2.319097435834333e-06,0.0022896844782412966,0.0022873653808054622,0
2023-03-24T17:58:55Z,2023-03-24T17:59:00Z,8.890407770318926e-06,0.002281507667454356,0.002290398075224675,0
2023-03-24T17:58:55Z,2023-03-24T17:59:00Z,1.2148782263632363e-05,0.0022802619332523205,0.002292410715515953,0
2023-03-24T17:58:55Z,2023-03-24T17:59:00Z,7.719402673554438e-06,0.0022863170530911534,0.002294036455764708,0
2023-03-24T17:58:55Z,2023-03-24T17:59:00Z,2.1677950262153148e-05,0.002274941627729535,0.002296619577991688,0
2023-03-24T17:58:55Z,2023-03-24T17:59:00Z,9.557084938246422e-06,0.0022859092004313248,0.002295466285369571,0
2023-03-24T17:58:55Z,2023-03-24T17:59:00Z,1.254520707978917e-06,0.00229163911007846,0.002290384589370481,0
2023-03-24T17:58:55Z,2023-03-24T17:59:00Z,3.0840011036106785e-06,0.0022901743328960595,0.002287090331792449,0
2023-03-24T17:58:55Z,2023-03-24T17:59:00Z,1.5355069626031385e-05,0.0023006191072244965,0.002285264037598465,0
2023-03-24T17:58:55Z,2023-03-24T17:59:00Z,1.3554832717848058e-05,0.0022986092581146612,0.002285054425396813,0
2023-03-24T17:58:55Z,2023-03-24T17:59:00Z,3.9516531738482095e-06,0.0022824696008458653,0.0022864212540197135,0
2023-03-24T17:58:55Z,2023-03-24T17:59:00Z,5.940703036097939e-06,0.0022826182498161536,0.0022885589528522515,0
2023-03-24T17:58:55Z,2023-03-24T17:59:00Z,3.24498209641191e-06,0.0022855899292050326,0.0022888349113014445,0
2023-03-24T17:58:55Z,2023-03-24T17:59:00Z,3.030230751074718e-06,0.002285342330140995,0.0022883725608920697,0
2023-03-24T17:58:55Z,2023-03-24T17:59:00Z,8.813658552956401e-06,0.0022808899400235502,0.0022897035985765066,0
2023-03-24T17:58:55Z,2023-03-24T17:59:00Z,1.606735295642519e-05,0.0022735653868337902,0.0022896327397902154,0
2023-03-24T17:58:55Z,2023-03-24T17:59:00Z,1.4329159114840218e-05,0.0022739599344185116,0.002288289093533352,0
2023-03-24T17:58:55Z,2023-03-24T17:59:00Z,1.555253826333045e-05,0.0022706604370122375,0.002286212975275568,0
2023-03-24T17:58:55Z,2023-03-24T17:59:00Z,2.7516965284508574e-06,0.002280128882146369,0.00228288057867482,0
2023-03-24T17:58:55Z,2023-03-24T17:59:00Z,1.3809638619794243e-05,0.002293196614656811,0.002279386976037017,0
2023-03-24T17:58:55Z,2023-03-24T17:59:00Z,1.7642353827491183e-05,0.002296736740027071,0.00227909438619958,0
2023-03-24T17:58:55Z,2023-03-24T17:59:00Z,1.6760814887802847e-05,0.0022971774966924646,0.0022804166818046617,0
2023-03-24T17:58:55Z,2023-03-24T17:59:00Z,2.643925660883277e-05,0.0023082492897662497,0.002281810033157417,0
2023-03-24T17:58:55Z,2023-03-24T17:59:00Z,3.476273489451008e-05,0.0023180521638708606,0.0022832894289763505,0
2023-03-24T17:58:55Z,2023-03-24T17:59:00Z,3.7892981173143474e-05,0.0023246023288673316,0.002286709347694188,0
2023-03-24T17:58:55Z,2023-03-24T17:59:00Z,3.756422715096115e-05,0.002329834421974783,0.002292270194823822,0
2023-03-24T17:58:55Z,2023-03-24T17:59:00Z,3.544769600675535e-05,0.00233404819013668,0.0022986004941299245,0
2023-03-24T17:58:55Z,2023-03-24T17:59:00Z,3.5594016785047214e-05,0.00234159125903529,0.0023059972422502426,0
2023-03-24T17:58:55Z,2023-03-24T17:59:00Z,4.303714557624995e-05,0.0023557743013252813,0.0023127371557490313,0
2023-03-24T17:58:55Z,2023-03-24T17:59:00Z,4.272279546582193e-05,0.0023615092817621634,0.0023187864862963415,0
2023-03-24T17:58:55Z,2023-03-24T17:59:00Z,4.757275050073454e-05,0.002373738931959352,0.0023261661814586174,0
2023-03-24T17:58:55Z,2023-03-24T17:59:00Z,3.345119079974004e-05,0.00236765884539207,0.00233420765459233,0
2023-03-24T17:58:55Z,2023-03-24T17:59:00Z,2.4316830010557167e-05,0.002366710689877025,0.002342393859866468,0
2023-03-24T17:58:55Z,2023-03-24T17:59:00Z,2.3593490153363348e-05,0.0023721881852099822,0.002348594695056619,0
2023-03-24T17:58:55Z,2023-03-24T17:59:00Z,1.2902473165315488e-05,0.002366760713348146,0.0023538582401828306,0
2023-03-24T17:58:55Z,2023-03-24T17:59:00Z,1.0566607145000555e-05,0.002369719067732231,0.0023591524605872305,0
2023-03-24T17:58:55Z,2023-03-24T17:59:00Z,1.38074460090498e-05,0.0023770489719977133,0.0023632415259886635,0
2023-03-24T17:58:55Z,2023-03-24T17:59:00Z,3.846500020709574e-05,0.002405222502282877,0.0023667575020757813,0
2023-03-24T17:58:55Z,2023-03-24T17:59:00Z,5.6597030144951883e-05,0.002426013866054787,0.0023694168359098353,0
2023-03-24T17:58:55Z,2023-03-24T17:59:00Z,5.9168932934541753e-05,0.0024340499214094663,0.0023748809884749245,0
2023-03-24T17:58:55Z,2023-03-24T17:59:00Z,4.5509124923876366e-05,0.0024269244801607306,0.0023814153552368543,0
2023-03-24T17:58:55Z,2023-03-24T17:59:00Z,4.442308676736893e-05,0.0024341373265063973,0.0023897142397390284,0
2023-03-24T17:58:55Z,2023-03-24T17:59:00Z,4.615008284657683e-05,0.002443391046371069,0.002397240963524492,0
2023-03-24T17:58:55Z,2023-03-24T17:59:00Z,4.4491797305207335e-05,0.0024494764034917508,0.0024049846061865434,0
2023-03-24T17:58:55Z,2023-03-24T17:59:00Z,3.758511927834428e-05,0.002452148517092753,0.002414563397814409,0
2023-03-24T17:58:55Z,2023-03-24T17:59:00Z,4.1279387622215544e-05,0.0024658124524065644,0.002424533064784349,0
2023-03-24T17:58:55Z,2023-03-24T17:59:00Z,5.7235548062449255e-05,0.0024911560559836778,0.0024339205079212285,0
2023-03-24T17:58:55Z,2023-03-24T17:59:00Z,4.837613725394707e-05,0.0024898703889406366,0.0024414942516866895,0
2023-03-24T17:58:55Z,2023-03-24T17:59:00Z,2.8701227591152855e-05,0.002478338253018954,0.002449637025427801,0
2023-03-24T17:58:55Z,2023-03-24T17:59:00Z,3.49127049932064e-05,0.002491527288862404,0.0024566145838691975,0
2023-03-24T17:58:55Z,2023-03-24T17:59:00Z,3.846276518251193e-05,0.0025015040706589872,0.0024630413054764753,0
2023-03-24T17:58:55Z,2023-03-24T17:59:00Z,6.089191789729505e-05,0.002531106968668271,0.002470215050770976,0
2023-03-24T17:58:55Z,2023-03-24T17:59:00Z,6.264454054093205e-05,0.002540123719347898,0.002477479178806966,0
2023-03-24T17:58:55Z,2023-03-24T17:59:00Z,4.919645360941787e-05,0.002536879453063449,0.002487682999454031,0
2023-03-24T17:58:55Z,2023-03-24T17:59:00Z,4.466456649973192e-05,0.0025433444662356563,0.0024986798997359244,0
2023-03-24T17:58:55Z,2023-03-24T17:59:00Z,2.5829848023926037e-05,0.0025333931228419607,0.0025075632748180346,0
2023-03-24T17:58:55Z,2023-03-24T17:59:00Z,2.734169908666373e-05,0.002541428525186196,0.002514086826099532,0
2023-03-24T17:58:55Z,2023-03-24T17:59:00Z,2.5142080478037995e-05,0.0025446692483152354,0.0025195271678371974,0
2023-03-24T17:58:55Z,2023-03-24T17:59:00Z,1.817941775769053e-05,0.0025455928696157936,0.002527413451858103,0
2023-03-24T17:58:55Z,2023-03-24T17:59:00Z,1.785350760976018e-05,0.002551909704399467,0.0025340561967897067,0
2023-03-24T17:58:55Z,2023-03-24T17:59:00Z,1.6207013131314032e-05,0.0025557743097906218,0.0025395672966593077,0
2023-03-24T17:58:55Z,2023-03-24T17:59:00Z,4.095754401526024e-06,0.0025462633930272327,0.0025421676386257067,0
2023-03-24T17:58:55Z,2023-03-24T17:59:00Z,3.0669530486937026e-06,0.0025471909154797415,0.0025441239624310477,0
2023-03-24T17:58:55Z,2023-03-24T17:59:00Z,8.809561379872956e-06,0.0025541065163063935,0.0025452969549265205,0
2023-03-24T17:58:55Z,2023-03-24T17:59:00Z,6.173687425270729e-06,0.002551951448507302,0.002545777761082031,0
2023-03-24T17:58:55Z,2023-03-24T17:59:00Z,1.1526781496913174e-05,0.002559893716761998,0.002548366935265085,0
2023-03-24T17:58:55Z,2023-03-24T17:59:00Z,5.302099598554662e-06,0.002544380201081669,0.0025496823006802235,0
2023-03-24T17:58:55Z,2023-03-24T17:59:00Z,9.263954407647337e-06,0.0025423214048284214,0.0025515853592360687,0
2023-03-24T17:58:55Z,2023-03-24T17:59:00Z,1.534494034319744e-05,0.0025360888353261053,0.0025514337756693027,0
2023-03-24T17:58:55Z,2023-03-24T17:59:00Z,1.413641352326564e-05,0.0025360988246996567,0.0025502352382229224,0
2023-03-24T17:58:55Z,2023-03-24T17:59:00Z,7.008074416548198e-06,0.002554782628331406,0.0025477745539148576,0
2023-03-24T17:58:55Z,2023-03-24T17:59:00Z,7.5373282801523625e-06,0.0025540413111540634,0.002546503982873911,0
2023-03-24T17:58:55Z,2023-03-24T17:59:00Z,8.258791676061215e-06,0.00255571173865643,0.0025474529469803687,0
2023-03-24T17:58:55Z,2023-03-24T17:59:00Z,1.573034895128696e-05,0.002563175145287615,0.002547444796336328,0
2023-03-24T17:58:55Z,2023-03-24T17:59:00Z,6.542409262998497e-07,0.0025485690735312684,0.0025479148326049686,0
2023-03-24T17:58:55Z,2023-03-24T17:59:00Z,1.2281213069042715e-05,0.002536043798101628,0.002548325011170671,0
2023-03-24T17:58:55Z,2023-03-24T17:59:00Z,7.238260730073071e-06,0.0025416103594967975,0.0025488486202268706,0
2023-03-24T17:58:55Z,2023-03-24T17:59:00Z,1.0082636771388022e-05,0.0025379812826146334,0.0025480639193860215,0
2023-03-24T17:58:55Z,2023-03-24T17:59:00Z,1.7650117164183868e-05,0.0025311039927431744,0.0025487541099073583,0
2023-03-24T17:58:55Z,2023-03-24T17:59:00Z,2.6024528079805938e-05,0.002522964889066924,0.00254898941714673,0
2023-03-24T17:58:55Z,2023-03-24T17:59:00Z,1.919610316607678e-05,0.002526833484532124,0.002546029587698201,0
2023-03-24T17:58:55Z,2023-03-24T17:59:00Z,2.033885088307272e-05,0.0025218061840542364,0.002542145034937309,0
2023-03-24T17:58:55Z,2023-03-24T17:59:00Z,2.4553308157465332e-05,0.0025139819450143053,0.0025385352531717706,0
2023-03-24T17:58:55Z,2023-03-24T17:59:00Z,4.065866259255445e-06,0.002529298266758343,0.0025333641330175984,0
2023-03-24T17:58:55Z,2023-03-24T17:59:00Z,2.8253570226821276e-05,0.0025572943121797993,0.002529040741952978,0
2023-03-24T17:58:55Z,2023-03-24T17:59:00Z,2.711965307483459e-05,0.002555317203609902,0.0025281975505350674,0
2023-03-24T17:58:55Z,2023-03-24T17:59:00Z,2.5645724471329637e-05,0.002555803769091772,0.0025301580446204426,0
2023-03-24T17:58:55Z,2023-03-24T17:59:00Z,1.4319173848211918e-05,0.002546644208593063,0.0025323250347448513,0
2023-03-24T17:58:55Z,2023-03-24T17:59:00Z,2.820062319110932e-05,0.0025636131299795356,0.0025354125067884262,0
2023-03-24T17:58:55Z,2023-03-24T17:59:00Z,2.3924154597701214e-05,0.0025622965763268946,0.0025383724217291933,0
2023-03-24T17:58:55Z,2023-03-24T17:59:00Z,4.860320393568641e-06,0.0025478301978036884,0.0025429698774101198,0
2023-03-24T17:58:55Z,2023-03-24T17:59:00Z,1.3520729940957876e-05,0.00256155190638516,0.002548031176444202,0
2023-03-24T17:58:55Z,2023-03-24T17:59:00Z,1.3298412258312686e-05,0.0025389637957845624,0.002552262208042875,0
2023-03-24T17:58:55Z,2023-03-24T17:59:00Z,2.6966306626125328e-05,0.0025293276063701018,0.002556293912996227,0
2023-03-24T17:58:55Z,2023-03-24T17:59:00Z,2.2034949935849802e-05,0.0025319676485109723,0.002554002598446822,0
2023-03-24T17:58:55Z,2023-03-24T17:59:00Z,2.257829951860576e-05,0.002528175599273242,0.0025507538987918476,0
2023-03-24T17:58:55Z,2023-03-24T17:59:00Z,3.030145080081155e-05,0.002517472932918436,0.0025477743837192474,0
2023-03-24T17:58:55Z,2023-03-24T17:59:00Z,1.941644347118422e-05,0.0025260493640830856,0.0025454658075542698,0
2023-03-24T17:58:55Z,2023-03-24T17:59:00Z,8.538511545080375e-06,0.002531159771376552,0.0025396982829216323,0
2023-03-24T17:58:55Z,2023-03-24T17:59:00Z,1.097365205955875e-05,0.0025241937293315974,0.002535167381391156,0
2023-03-24T17:58:55Z,2023-03-24T17:59:00Z,1.3971784216429417e-05,0.0025191117938713346,0.002533083578087764,0
2023-03-24T17:58:55Z,2023-03-24T17:59:00Z,1.724227617185426e-05,0.002545656082127923,0.0025284138059560686,0
2023-03-24T17:58:55Z,2023-03-24T17:59:00Z,1.317896117659879e-05,0.002539111266893514,0.002525932305716915,0
2023-03-24T17:58:55Z,2023-03-24T17:59:00Z,2.2933374924888165e-05,0.0025509067401115306,0.0025279733651866424,0
2023-03-24T17:58:55Z,2023-03-24T17:59:00Z,2.9971030875942592e-05,0.0025588373483604035,0.002528866317484461,0
2023-03-24T17:58:55Z,2023-03-24T17:59:00Z,3.309120804060586e-05,0.002564798918129852,0.0025317077100892463,0
2023-03-24T17:58:55Z,2023-03-24T17:59:00Z,4.389601762021418e-05,0.002580774279639707,0.0025368782620194927,0
2023-03-24T17:58:55Z,2023-03-24T17:59:00Z,4.543139870775981e-05,0.002587153354983098,0.0025417219562753383,0
2023-03-24T17:58:55Z,2023-03-24T17:59:00Z,4.5437014479261274e-05,0.0025933607842874937,0.0025479237698082325,0
2023-03-24T17:58:55Z,2023-03-24T17:59:00Z,4.404719904503411e-05,0.0025998409220597046,0.0025557937230146705,0
2023-03-24T17:58:55Z,2023-03-24T17:59:00Z,3.3943422370039805e-05,0.00259901826918673,0.00256507484681669,0
2023-03-24T17:58:55Z,2023-03-24T17:59:00Z,3.218531193076779e-05,0.002604033263738931,0.002571847951808163,0
2023-03-24T17:58:55Z,2023-03-24T17:59:00Z,8.804489958003266e-06,0.0025881408170528183,0.002579336327094815,0
2023-03-24T17:58:55Z,2023-03-24T17:59:00Z,9.162583466692121e-06,0.0025951397260149324,0.0025859771425482403,0
2023-03-24T17:58:55Z,2023-03-24T17:59:00Z,1.5698634047963626e-05,0.0026053387101827555,0.002589640076134792,0
2023-03-24T17:58:55Z,2023-03-24T17:59:00Z,1.4186079584705379e-05,0.002607618756705132,0.0025934326771204267,0
2023-03-24T17:58:55Z,2023-03-24T17:59:00Z,8.12336539497997e-06,0.002604626596333288,0.002596503230938308,0
2023-03-24T17:58:55Z,2023-03-24T17:59:00Z,7.999653133716669e-06,0.002607061059287279,0.0025990614061535623,0
2023-03-24T17:58:55Z,2023-03-24T17:59:00Z,1.9046471139555748e-05,0.0026195161037988425,0.0026004696326592867,0
2023-03-24T17:58:55Z,2023-03-24T17:59:00Z,2.2248267467228373e-05,0.0026236204172799616,0.002601372149812733,0
2023-03-24T17:58:55Z,2023-03-24T17:59:00Z,4.592678759407932e-06,0.0025993417003798394,0.0026039343791392474,0
2023-03-24T17:58:55Z,2023-03-24T17:59:00Z,6.593877457564991e-06,0.0026129766507894414,0.0026063827733318764,0
2023-03-24T17:58:55Z,2023-03-24T17:59:00Z,5.774203298798859e-06,0.002613557087046553,0.002607782883747754,0
2023-03-24T17:58:55Z,2023-03-24T17:59:00Z,1.56464916429783e-05,0.002625658990987546,0.0026100124993445675,0
2023-03-24T17:58:55Z,2023-03-24T17:59:00Z,1.2402681796145482e-05,0.0026234424782486877,0.0026110397964525423,0
2023-03-24T17:58:55Z,2023-03-24T17:59:00Z,1.944006858611673e-05,0.0026327348943239607,0.002613294825737844,0
2023-03-24T17:58:55Z,2023-03-24T17:59:00Z,2.4130061678070015e-05,0.002639776872655339,0.002615646810977269,0
2023-03-24T17:58:55Z,2023-03-24T17:59:00Z,2.869683051412268e-05,0.002647552870870977,0.0026188560403568543,0
2023-03-24T17:58:55Z,2023-03-24T17:59:00Z,1.5471493361962803e-05,0.0026368601298258788,0.002621388636463916,0
2023-03-24T17:58:55Z,2023-03-24T17:59:00Z,1.7381018230616142e-05,0.002641761211393409,0.002624380193162793,0
2023-03-24T17:58:55Z,2023-03-24T17:59:00Z,2.131886531969761e-05,0.002650388862163246,0.002629069996843548,0
2023-03-24T17:58:55Z,2023-03-24T17:59:00Z,6.588744834127181e-06,0.002639256811753171,0.002632668066919044,0
2023-03-24T17:58:55Z,2023-03-24T17:59:00Z,1.2630298592626772e-06,0.002638535068667893,0.0026372720388086303,0
2023-03-24T17:58:55Z,2023-03-24T17:59:00Z,4.184256012619483e-06,0.002634787510391714,0.0026389717664043336,0
2023-03-24T17:58:55Z,2023-03-24T17:59:00Z,5.447855835217369e-06,0.002646306196041952,0.0026408583402067346,0
2023-03-24T17:58:55Z,2023-03-24T17:59:00Z,2.1967704736580197e-05,0.0026630826219517837,0.0026411149172152035,0
2023-03-24T17:58:55Z,2023-03-24T17:59:00Z,2.2514635768307745e-05,0.0026644457184068376,0.00264193108263853,0
2023-03-24T17:58:55Z,2023-03-24T17:59:00Z,2.2433356795554995e-05,0.002666305658319186,0.002643872301523631,0
2023-03-24T17:58:55Z,2023-03-24T17:59:00Z,4.154709666908448e-05,0.0026888675967653352,0.0026473205000962508,0
2023-03-24T17:58:55Z,2023-03-24T17:59:00Z,3.5318382668375614e-05,0.0026857069386303483,0.0026503885559619727,0
2023-03-24T17:58:55Z,2023-03-24T17:59:00Z,3.996205586392302e-05,0.002695160453651157,0.002655198397787234,0
2023-03-24T17:58:55Z,2023-03-24T17:59:00Z,4.403391785943881e-05,0.00270503858150632,0.002661004663646881,0
2023-03-24T17:58:55Z,2023-03-24T17:59:00Z,2.859352471770455e-05,0.002696676361487494,0.0026680828367697893,0
2023-03-24T17:58:55Z,2023-03-24T17:59:00Z,1.8600258884146452e-05,0.0026954644795432617,0.0026768642206591153,0
2023-03-24T17:58:55Z,2023-03-24T17:59:00Z,1.398324614837465e-05,0.0026971437374881824,0.002683160491339808,0
2023-03-24T17:58:55Z,2023-03-24T17:59:00Z,1.2248313784506484e-05,0.0026994565373232486,0.002687208223538742,0
2023-03-24T17:58:55Z,2023-03-24T17:59:00Z,1.5598789013756154e-05,0.0027068942649376665,0.0026912954759239103,0
2023-03-24T17:58:55Z,2023-03-24T17:59:00Z,1.794542080507406e-05,0.0027133847566044927,0.0026954393357994186,0
2023-03-24T17:58:55Z,2023-03-24T17:59:00Z,8.262617797460958e-06,0.0027059552871184205,0.0026976926693209596,0
2023-03-24T17:58:55Z,2023-03-24T17:59:00Z,2.210136775295012e-05,0.0026790510288147774,0.0027011523965677275,0
2023-03-24T17:58:55Z,2023-03-24T17:59:00Z,4.157858492438932e-05,0.0026609231658267464,0.0027025017507511357,0
2023-03-24T17:58:55Z,2023-03-24T17:59:00Z,2.8850008707280526e-05,0.0026704032979574127,0.002699253306664693,0
2023-03-24T17:58:55Z,2023-03-24T17:59:00Z,1.6893223446755486e-05,0.0026778909337603443,0.0026947841572070997,0
2023-03-24T17:58:55Z,2023-03-24T17:59:00Z,2.1373065102887803e-05,0.0026702784444059802,0.002691651509508868,0
2023-03-24T17:58:55Z,2023-03-24T17:59:00Z,1.8352326527677418e-05,0.002670892582515211,0.0026892449090428886,0
2023-03-24T17:58:55Z,2023-03-24T17:59:00Z,1.1186779800361271e-05,0.0026744108676278688,0.00268559764742823,0
2023-03-24T17:58:55Z,2023-03-24T17:59:00Z,1.6868107223550095e-06,0.0026794106264030684,0.0026810974371254234,0
2023-03-24T17:58:55Z,2023-03-24T17:59:00Z,8.990127348638532e-06,0.0026672355736547066,0.002676225701003345,0
2023-03-24T17:58:55Z,2023-03-24T17:59:00Z,7.08507922839597e-06,0.0026658225391855304,0.0026729076184139264,0
2023-03-24T17:58:55Z,2023-03-24T17:59:00Z,3.7652294673168676e-06,0.0026676654570516,0.002671430686518917,0
2023-03-24T17:58:55Z,2023-03-24T17:59:00Z,4.0684168728624855e-06,0.002667974691315903,0.0026720431081887655,0
2023-03-24T17:58:55Z,2023-03-24T17:59:00Z,9.280358346519524e-06,0.002680981236422058,0.0026717008780755384,0
2023-03-24T17:58:55Z,2023-03-24T17:59:00Z,4.62694909601942e-06,0.002675088296866003,0.0026704613477699837,0
2023-03-24T17:58:55Z,2023-03-24T17:59:00Z,5.012126197227566e-06,0.0026768113229692207,0.002671799196771993,0
2023-03-24T17:58:55Z,2023-03-24T17:59:00Z,2.5478553073838683e-05,0.0026978022141396813,0.0026723236610658426,0
2023-03-24T17:58:55Z,2023-03-24T17:59:00Z,1.9755981122798662e-05,0.0026923796991063097,0.002672623717983511,0
2023-03-24T17:58:55Z,2023-03-24T17:59:00Z,7.78745571233027e-06,0.0026827101221629183,0.002674922666450588,0
2023-03-24T17:58:55Z,2023-03-24T17:59:00Z,2.8045382454656466e-05,0.0027061110645866947,0.0026780656821320382,0
2023-03-24T17:58:55Z,2023-03-24T17:59:00Z,3.0334638605423233e-05,0.0027105112686096346,0.0026801766300042114,0
2023-03-24T17:58:55Z,2023-03-24T17:59:00Z,3.110008467150033e-05,0.002716082415617599,0.0026849823309460985,0
2023-03-24T17:58:55Z,2023-03-24T17:59:00Z,1.2084226996760677e-05,0.0027023836301045758,0.002690299403107815,0
2023-03-24T17:58:55Z,2023-03-24T17:59:00Z,9.01457802242496e-07,0.002693785592705015,0.0026946870505072575,0
2023-03-24T17:58:55Z,2023-03-24T17:59:00Z,8.045972990752999e-06,0.002690052994171326,0.002698098967162079,0
2023-03-24T17:58:55Z,2023-03-24T17:59:00Z,2.9889560686531015e-05,0.0026703311901925225,0.0027002207508790535,0
2023-03-24T17:58:55Z,2023-03-24T17:59:00Z,3.5478577572958456e-05,0.002663773520810051,0.0026992520983830093,0
2023-03-24T17:58:55Z,2023-03-24T17:59:00Z,3.6969960090662765e-05,0.002659526074678123,0.0026964960347687856,0
2023-03-24T17:58:55Z,2023-03-24T17:59:00Z,2.303695466902584e-05,0.0026710920049306513,0.002694128959599677,0
2023-03-24T17:58:55Z,2023-03-24T17:59:00Z,9.294990964005701e-06,0.0026790108448971,0.002688305835861106,0
2023-03-24T17:58:55Z,2023-03-24T17:59:00Z,1.0854180227571394e-05,0.0026725242476736614,0.002683378427901233,0
2023-03-24T17:58:55Z,2023-03-24T17:59:00Z,8.516249067514088e-06,0.0026702282324936565,0.0026787444815611705,0
2023-03-24T17:58:55Z,2023-03-24T17:59:00Z,2.882323264989488e-07,0.0026753002910838053,0.0026750120587573064,0
2023-03-24T17:58:55Z,2023-03-24T17:59:00Z,2.4734069160111012e-06,0.0026695939818148755,0.0026720673887308866,0
2023-03-24T17:58:55Z,2023-03-24T17:59:00Z,9.245630616780756e-06,0.002679468931461727,0.0026702233008449464,0
2023-03-24T17:58:55Z,2023-03-24T17:59:00Z,1.936642550986762e-05,0.002689497575307608,0.0026701311497977403,0
2023-03-24T17:58:55Z,2023-03-24T17:59:00Z,1.491266714634832e-05,0.002687005743275548,0.0026720930761291997,0
2023-03-24T17:58:55Z,2023-03-24T17:59:00Z,1.5962549976928156e-05,0.002691802063684814,0.002675839513707886,0
2023-03-24T17:58:55Z,2023-03-24T17:59:00Z,1.8812747300031313e-05,0.002696641478301029,0.0026778287310009977,0
2023-03-24T17:58:55Z,2023-03-24T17:59:00Z,2.1491271704053138e-05,0.0027009189050535153,0.002679427633349462,0
2023-03-24T17:58:55Z,2023-03-24T17:59:00Z,1.926993203635926e-05,0.002701712219214242,0.0026824422871778828,0
2023-03-24T17:58:55Z,2023-03-24T17:59:00Z,2.788792466104943e-05,0.002714166545908915,0.0026862786212478655,0
2023-03-24T17:58:55Z,2023-03-24T17:59:00Z,2.4915308903906714e-05,0.0027144954211680765,0.0026895801122641698,0
2023-03-24T17:58:55Z,2023-03-24T17:59:00Z,1.981338198775483e-05,0.0027149650647636794,0.0026951516827759246,0
2023-03-24T17:58:55Z,2023-03-24T17:59:00Z,2.769194583233112e-05,0.0027272219398215493,0.002699529993989218,0
2023-03-24T17:58:55Z,2023-03-24T17:59:00Z,3.537720797364098e-05,0.0027380906381448684,0.0027027134301712274,0
2023-03-24T17:58:55Z,2023-03-24T17:59:00Z,3.06221526742206e-05,0.002738362607413698,0.0027077404547394776,0
2023-03-24T17:58:55Z,2023-03-24T17:59:00Z,1.795243697298417e-05,0.002731478963519968,0.002713526526546984,0
2023-03-24T17:58:55Z,2023-03-24T17:59:00Z,6.332893912252766e-07,0.0027193749570772934,0.002718741667686068,0
2023-03-24T17:58:55Z,2023-03-24T17:59:00Z,1.562081983853998e-05,0.0027069408551558347,0.0027225616749943747,0
2023-03-24T17:58:55Z,2023-03-24T17:59:00Z,2.597644406821453e-05,0.0026987930731590414,0.002724769517227256,0
2023-03-24T17:58:55Z,2023-03-24T17:59:00Z,3.295590221604047e-05,0.0026909104036670806,0.002723866305883121,0
2023-03-24T17:58:55Z,2023-03-24T17:59:00Z,4.020445713721682e-05,0.0026816990552447745,0.0027219035123819913,0
2023-03-24T17:58:55Z,2023-03-24T17:59:00Z,2.7894968395547007e-05,0.0026910017113493698,0.0027188966797449168,0
2023-03-24T17:58:55Z,2023-03-24T17:59:00Z,2.316230408062371e-05,0.0026900440150921965,0.0027132063191728202,0
2023-03-24T17:58:55Z,2023-03-24T17:59:00Z,3.061305536204446e-05,0.002676707147961338,0.0027073202033233825,0
2023-03-24T17:58:55Z,2023-03-24T17:59:00Z,3.056797238467019e-05,0.0026707124068985244,0.0027012803792831946,0
2023-03-24T17:58:55Z,2023-03-24T17:59:00Z,2.9299761662963594e-05,0.0026651341406754023,0.002694433902338366,0
2023-03-24T17:58:55Z,2023-03-24T17:59:00Z,2.3683815508511452e-05,0.0026646672680575084,0.00268835108356602,0
2023-03-24T17:58:55Z,2023-03-24T17:59:00Z,5.5473664275391965e-06,0.0026775778778284267,0.002683125244255966,0
2023-03-24T17:58:55Z,2023-03-24T17:59:00Z,3.2644261150020087e-06,0.002675595092503272,0.002678859518618274,0
2023-03-24T17:58:55Z,2023-03-24T17:59:00Z,1.5027662180686074e-05,0.002692220615069129,0.0026771929528884427,0
2023-03-24T17:58:55Z,2023-03-24T17:59:00Z,2.2045055522009784e-05,0.0026984750130677644,0.0026764299575457546,0
2023-03-24T17:58:55Z,2023-03-24T17:59:00Z,9.586161461322407e-06,0.002686168481972047,0.0026765823205107246,0
2023-03-24T17:58:55Z,2023-03-24T17:59:00Z,1.3782442420257057e-06,0.0026762579510156447,0.0026776361952576704,0
2023-03-24T17:58:55Z,2023-03-24T17:59:00Z,1.1822280217601601e-05,0.002666996581791408,0.0026788188620090097,0
2023-03-24T17:58:55Z,2023-03-24T17:59:00Z,1.585052749295511e-05,0.002663661527530694,0.002679512055023649,0
2023-03-24T17:58:55Z,2023-03-24T17:59:00Z,1.980294412044347e-05,0.0026599419160427064,0.00267974486016315,0
2023-03-24T17:58:55Z,2023-03-24T17:59:00Z,2.2663756747873156e-05,0.002656955385849425,0.002679619142597298,0
2023-03-24T17:58:55Z,2023-03-24T17:59:00Z,1.71521876102549e-05,0.002660262459763828,0.002677414647374083,0
2023-03-24T17:58:55Z,2023-03-24T17:59:00Z,4.012113873197009e-05,0.002634963545310382,0.002675084684042352,0
2023-03-24T17:58:55Z,2023-03-24T17:59:00Z,3.0188203697959978e-05,0.0026409017109312294,0.0026710899146291894,0
2023-03-24T17:58:55Z,2023-03-24T17:59:00Z,2.2091986109832804e-05,0.002641058995049684,0.002663150981159517,0
2023-03-24T17:58:55Z,2023-03-24T17:59:00Z,1.826963846623779e-05,0.002639222996313177,0.002657492634779415,0
2023-03-24T17:58:55Z,2023-03-24T17:59:00Z,9.208450515431517e-06,0.002643884314768238,0.0026530927652836695,0
2023-03-24T17:58:55Z,2023-03-24T17:59:00Z,6.9998089505820225e-06,0.0026426212581483087,0.0026496210670988907,0
2023-03-24T17:58:55Z,2023-03-24T17:59:00Z,3.1028370649521277e-06,0.0026440460784386316,0.0026471489155035837,0
2023-03-24T17:58:55Z,2023-03-24T17:59:00Z,4.244498670260069e-06,0.0026407393345965237,0.0026449838332667838,0
2023-03-24T17:58:55Z,2023-03-24T17:59:00Z,5.038283004132459e-06,0.0026484084528445675,0.002643370169840435,0
2023-03-24T17:58:55Z,2023-03-24T17:59:00Z,2.0031869564643163e-05,0.0026609616487591648,0.0026409297791945216,0
2023-03-24T17:58:55Z,2023-03-24T17:59:00Z,1.6102427375119712e-05,0.002658712820011415,0.002642610392636295,0
2023-03-24T17:58:55Z,2023-03-24T17:59:00Z,8.80848684263599e-06,0.002653926371707423,0.002645117884864787,0
2023-03-24T17:58:55Z,2023-03-24T17:59:00Z,5.201844118069097e-06,0.0026525264571030725,0.0026473246129850034,0
2023-03-24T17:58:55Z,2023-03-24T17:59:00Z,1.1731004772579535e-05,0.002660893539681863,0.0026491625349092836,0
2023-03-24T17:58:55Z,2023-03-24T17:59:00Z,4.77263956161645e-06,0.0026550154422627548,0.0026502428027011383,0
2023-03-24T17:58:55Z,2023-03-24T17:59:00Z,4.1597395607304716e-07,0.002652942811848906,0.002652526837892833,0
2023-03-24T17:58:55Z,2023-03-24T17:59:00Z,1.3358096436777607e-05,0.0026672561048076255,0.002653898008370848,0
2023-03-24T17:58:55Z,2023-03-24T17:59:00Z,1.2438746058843209e-05,0.002667862189086239,0.0026554234430273957,0
2023-03-24T17:58:55Z,2023-03-24T17:59:00Z,1.1626358678524205e-05,0.0026694057582013027,0.0026577793995227784,0
2023-03-24T17:58:55Z,2023-03-24T17:59:00Z,9.430675025950009e-06,0.0026680726420896124,0.0026586419670636624,0
2023-03-24T17:58:55Z,2023-03-24T17:59:00Z,5.992251132392896e-06,0.002665970835469791,0.0026599785843373983,0
2023-03-24T17:58:55Z,2023-03-24T17:59:00Z,1.833212388063256e-05,0.0026800789920158044,0.002661746868135172,0
2023-03-24T17:58:55Z,2023-03-24T17:59:00Z,1.65753981478463e-05,0.0026800028135788583,0.002663427415431012,0
2023-03-24T17:58:55Z,2023-03-24T17:59:00Z,2.37186429152751e-05,0.0026895442398880295,0.0026658255969727544,0
2023-03-24T17:58:55Z,2023-03-24T17:59:00Z,2.067086680616415e-05,0.002689619885193432,0.0026689490183872677,0
2023-03-24T17:58:55Z,2023-03-24T17:59:00Z,7.225783007427586e-06,0.0026807499798995856,0.002673524196892158,0
2023-03-24T17:58:55Z,2023-03-24T17:59:00Z,7.082160749065369e-07,0.0026770278855152902,0.0026763196694403837,0
2023-03-24T17:58:55Z,2023-03-24T17:59:00Z,5.867824519406855e-06,0.002672062818772645,0.002677930643292052,0
2023-03-24T17:58:55Z,2023-03-24T17:59:00Z,1.5971920631845105e-05,0.0026629114885744556,0.0026788834092063007,0
2023-03-24T17:58:55Z,2023-03-24T17:59:00Z,2.639617063450103e-05,0.0026529860106571787,0.0026793821812916797,0
2023-03-24T17:58:55Z,2023-03-24T17:59:00Z,4.170211025725668e-05,0.0026372976526725057,0.0026789997629297624,0
2023-03-24T17:58:55Z,2023-03-24T17:59:00Z,6.599004895510878e-05,0.0026096230913048254,0.002675613140259934,0
2023-03-24T17:58:55Z,2023-03-24T17:59:00Z,7.149656875097242e-05,0.002598778426395668,0.0026702749951466403,0
2023-03-24T17:58:55Z,2023-03-24T17:59:00Z,8.331635496193566e-05,0.002576968496611804,0.0026602848515737396,0
2023-03-24T17:58:55Z,2023-03-24T17:59:00Z,9.76363011845633e-05,0.002551293368039456,0.0026489296692240195,0
2023-03-24T17:58:55Z,2023-03-24T17:59:00Z,9.692647729667592e-05,0.002539030506516371,0.0026359569838130467,0
2023-03-24T17:58:55Z,2023-03-24T17:59:00Z,0.0001089504466644008,0.0025112897224641665,0.0026202401691285673,0
2023-03-24T17:58:55Z,2023-03-24T17:59:00Z,0.00012070459785681973,0.0024829065322397132,0.002603611130096533,0
2023-03-24T17:58:55Z,2023-03-24T17:59:00Z,0.00012894231179597917,0.002455716097536768,0.002584658409332747,0
2023-03-24T17:58:55Z,2023-03-24T17:59:00Z,0.00011651967961466168,0.002446878794915902,0.002563398474530564,0
2023-03-24T17:58:55Z,2023-03-24T17:59:00Z,0.00011716915868047227,0.002423531621458124,0.0025407007801385964,0
2023-03-24T17:58:55Z,2023-03-24T17:59:00Z,0.00012789812742374168,0.0023924596156662393,0.002520357743089981,0
2023-03-24T17:58:55Z,2023-03-24T17:59:00Z,0.0001148404503508965,0.0023836114421218915,0.002498451892472788,0
2023-03-24T17:58:55Z,2023-03-24T17:59:00Z,0.00013557459809412052,0.002339813684260472,0.0024753882823545926,0
2023-03-24T17:58:55Z,2023-03-24T17:59:00Z,0.00014317915023596755,0.002311248891378929,0.0024544280416148967,0
2023-03-24T17:58:55Z,2023-03-24T17:59:00Z,0.00014146389229888114,0.0022880620465340284,0.0024295259388329095,0
2023-03-24T17:58:55Z,2023-03-24T17:59:00Z,0.00013286324489934385,0.002271657590047911,0.002404520834947255,1
2023-03-24T17:58:55Z,2023-03-24T17:59:00Z,0.00012121678409677573,0.0022589484901372687,0.0023801652742340444,1
2023-03-24T17:58:55Z,2023-03-24T17:59:00Z,0.00010871017418757553,0.0022484477866103617,0.0023571579607979372,1
2023-03-24T17:58:55Z,2023-03-24T17:59:00Z,9.638787526273108e-05,0.0022372787974378767,0.0023336666727006078,1
2023-03-24T17:58:55Z,2023-03-24T17:59:00Z,9.014993455646247e-05,0.0022216312587881753,0.0023117811933446378,1
2023-03-24T17:58:55Z,2023-03-24T17:59:00Z,7.529297760168474e-05,0.0022170906134644074,0.002292383591066092,1
2023-03-24T17:58:55Z,2023-03-24T17:59:00Z,4.887337348573892e-05,0.002223262694663639,0.0022721360681493778,1
2023-03-24T17:58:55Z,2023-03-24T17:59:00Z,4.5592413846923426e-05,0.0022112032704529466,0.00225679568429987,1
2023-03-24T17:58:55Z,2023-03-24T17:59:00Z,2.3792442416874313e-05,0.002222004967293584,0.002245797409710458,1
2023-03-24T17:58:55Z,2023-03-24T17:59:00Z,1.1306526300026987e-05,0.00224749658900035,0.002236190062700323,1
2023-03-24T17:58:55Z,2023-03-24T17:59:00Z,2.807856644015819e-05,0.0022580620512961907,0.0022299834848560325,1
2023-03-24T17:58:55Z,2023-03-24T17:59:00Z,3.6165692857251935e-05,0.0022647176900711698,0.002228551997213918,1
2023-03-24T17:58:55Z,2023-03-24T17:59:00Z,4.847064849072607e-05,0.0022782244287903723,0.002229753780299646,1
2023-03-24T17:58:55Z,2023-03-24T17:59:00Z,4.8436693286098894e-05,0.0022816203351649065,0.0022331836418788076,1
2023-03-24T17:58:55Z,2023-03-24T17:59:00Z,4.3012416982829167e-05,0.002283270205111912,0.0022402577881290827,1
2023-03-24T17:58:55Z,2023-03-24T17:59:00Z,4.686225506217792e-05,0.002295186258403823,0.002248324003341645,1
2023-03-24T17:58:55Z,2023-03-24T17:59:00Z,5.6912602000861595e-05,0.0023127375441485405,0.002255824942147679,1
2023-03-24T17:58:55Z,2023-03-24T17:59:00Z,4.946223569356721e-05,0.0023157850513351053,0.002266322815641538,1
2023-03-24T17:58:55Z,2023-03-24T17:59:00Z,3.739585948867594e-05,0.002315060247237084,0.002277664387748408,1
2023-03-24T17:58:55Z,2023-03-24T17:59:00Z,2.8067890289686266e-05,0.002314268335829939,0.0022862004455402526,1
2023-03-24T17:58:55Z,2023-03-24T17:59:00Z,8.684691122622362e-06,0.0023020099111554864,0.002293325220032864,1
2023-03-24T17:58:55Z,2023-03-24T17:59:00Z,1.2553081503899766e-05,0.0022869659692488103,0.00229951905075271,1
2023-03-24T17:58:55Z,2023-03-24T17:59:00Z,1.6726796605529698e-05,0.0022857654394428197,0.0023024922360483494,1
2023-03-24T17:58:55Z,2023-03-24T17:59:00Z,2.6561974361210237e-06,0.0023005042428727164,0.0023031604403088374,1
2023-03-24T17:58:55Z,2023-03-24T17:59:00Z,2.532866025435794e-06,0.002300939478574765,0.002303472344600201,0
2023-03-24T17:58:55Z,2023-03-24T17:59:00Z,1.2826521601237532e-05,0.00231696361426005,0.0023041370926588124,0
2023-03-24T17:58:55Z,2023-03-24T17:59:00Z,1.1936633777435198e-05,0.0023145989682395256,0.0023026623344620904,0
2023-03-24T17:58:55Z,2023-03-24T17:59:00Z,1.5986551956316975e-05,0.002318796206784026,0.002302809654827709,0
2023-03-24T17:58:55Z,2023-03-24T17:59:00Z,2.0674206418336456e-05,0.0023234262013713505,0.002302751994953014,0
2023-03-24T17:58:55Z,2023-03-24T17:59:00Z,1.2494231219364448e-05,0.0022908237476029106,0.002303317978822275,0
2023-03-24T17:58:55Z,2023-03-24T17:59:00Z,4.082378094237907e-05,0.0022651712341568786,0.0023059950150992577,0
2023-03-24T17:58:55Z,2023-03-24T17:59:00Z,6.272813165881163e-05,0.0022437491057347085,0.00230647723739352,0
2023-03-24T17:58:55Z,2023-03-24T17:59:00Z,7.39970913212866e-05,0.002229905870411491,0.0023039029617327777,0
2023-03-24T17:58:55Z,2023-03-24T17:59:00Z,8.535001048062471e-05,0.002211458559109902,0.0022968085695905267,0
2023-03-24T17:58:55Z,2023-03-24T17:59:00Z,8.898301268897742e-05,0.00219894635588114,0.0022879293685701173,0
2023-03-24T17:58:55Z,2023-03-24T17:59:00Z,8.730862285281004e-05,0.002187432613823539,0.002274741236676349,0
2023-03-24T17:58:55Z,2023-03-24T17:59:00Z,4.7606144901926346e-05,0.002212678515229624,0.0022602846601315505,0
2023-03-24T17:58:55Z,2023-03-24T17:59:00Z,1.1466715105966536e-05,0.0022323974959055234,0.00224386421101149,1
2023-03-24T17:58:55Z,2023-03-24T17:59:00Z,1.6437006192860683e-06,0.0022283770496244882,0.0022300207502437743,1
2023-03-24T17:58:55Z,2023-03-24T17:59:00Z,7.924482559950631e-06,0.0022306419513415518,0.002222717468781601,1
2023-03-24T17:58:55Z,2023-03-24T17:59:00Z,4.549848468005449e-06,0.002222668044183057,0.0022181181957150516,1
2023-03-24T17:58:55Z,2023-03-24T17:59:00Z,1.2370370959333826e-05,0.0022041094304565733,0.002216479801415907,1
2023-03-24T17:58:55Z,2023-03-24T17:59:00Z,1.4246306997076508e-05,0.0022013287661402764,0.002215575073137353,1
2023-03-24T17:58:55Z,2023-03-24T17:59:00Z,1.9345766202457856e-05,0.002195310665853229,0.002214656432055687,1
2023-03-24T17:58:55Z,2023-03-24T17:59:00Z,3.485228810726649e-05,0.0021801019452308123,0.0022149542333380788,1
2023-03-24T17:58:55Z,2023-03-24T17:59:00Z,4.5281071643552516e-05,0.0021706579181982382,0.0022159389898417908,1
2023-03-24T17:58:55Z,2023-03-24T17:59:00Z,4.816494340082562e-05,0.0021637019751911133,0.002211866918591939,1
2023-03-24T17:58:55Z,2023-03-24T17:59:00Z,4.1958568208494505e-05,0.002162190903170034,0.0022041494713785285,1
2023-03-24T17:58:55Z,2023-03-24T17:59:00Z,4.034579635240785e-05,0.002155719290721948,0.002196065087074356,1
2023-03-24T17:58:55Z,2023-03-24T17:59:00Z,3.919674367842876e-05,0.0021483119623744882,0.002187508706052917,1
2023-03-24T17:58:55Z,2023-03-24T17:59:00Z,3.689420298159203e-05,0.002142245908888686,0.002179140111870278,1
2023-03-24T17:58:55Z,2023-03-24T17:59:00Z,3.438893249084474e-05,0.002137776495869173,0.002172165428360018,1
2023-03-24T17:58:55Z,2023-03-24T17:59:00Z,3.234521578875712e-05,0.002132434855414812,0.002164780071203569,1
2023-03-24T17:58:55Z,2023-03-24T17:59:00Z,4.026616136722531e-05,0.002117322138588336,0.0021575882999555615,1
2023-03-24T17:58:55Z,2023-03-24T17:59:00Z,4.205268958152935e-05,0.0021095772241470326,0.002151629913728562,1
2023-03-24T17:58:55Z,2023-03-24T17:59:00Z,3.7843633414169284e-05,0.0021071193078631544,0.0021449629412773237,1
2023-03-24T17:58:55Z,2023-03-24T17:59:00Z,3.411004200129823e-05,0.0021040873053955154,0.0021381973473968137,1
2023-03-24T17:58:55Z,2023-03-24T17:59:00Z,3.948202331001231e-05,0.0020918313746734413,0.0021313133979834536,1
2023-03-24T17:58:55Z,2023-03-24T17:59:00Z,5.273831495202245e-05,0.0020721210848656277,0.00212485939981765,1
2023-03-24T17:58:55Z,2023-03-24T17:59:00Z,7.081282194951882e-05,0.0020469865044054998,0.0021177993263550186,1
2023-03-24T17:58:55Z,2023-03-24T17:59:00Z,9.668792276838062e-05,0.002012345800583756,0.0021090337233521366,1
2023-03-24T17:58:55Z,2023-03-24T17:59:00Z,0.00012991760552680297,0.001967767368892374,0.002097684974419177,1
2023-03-24T17:58:55Z,2023-03-24T17:59:00Z,0.00014555241618281517,0.0019371214263824803,0.0020826738425652955,1
2023-03-24T17:58:55Z,2023-03-24T17:59:00Z,0.00014531516476782008,0.00191866433158548,0.0020639794963533,1
2023-03-24T17:58:55Z,2023-03-24T17:59:00Z,0.00013833705052477066,0.0019040854711079606,0.0020424225216327313,1
2023-03-24T17:58:55Z,2023-03-24T17:59:00Z,0.00010985395177081714,0.0019090116978272048,0.002018865649598022,1
2023-03-24T17:58:55Z,2023-03-24T17:59:00Z,8.416298602101206e-05,0.0019097024342910652,0.0019938654203120773,1
2023-03-24T17:58:55Z,2023-03-24T17:59:00Z,6.327428200354692e-05,0.0019077386787027509,0.001971012960706298,1
2023-03-24T17:58:55Z,2023-03-24T17:59:00Z,5.604429959618065e-05,0.001894666329788297,0.0019507106293844777,1
2023-03-24T17:58:55Z,2023-03-24T17:59:00Z,5.4040322453014584e-05,0.0018792643287186194,0.001933304651171634,1
2023-03-24T17:58:55Z,2023-03-24T17:59:00Z,4.078770903940968e-05,0.001877807008282792,0.0019185947173222017,1
2023-03-24T17:58:55Z,2023-03-24T17:59:00Z,2.7941379878342835e-05,0.0018795904574221394,0.0019075318373004823,1
2023-03-24T17:58:55Z,2023-03-24T17:59:00Z,3.0394350966187964e-05,0.0018697231840718335,0.0019001175350380215,1
2023-03-24T17:58:55Z,2023-03-24T17:59:00Z,4.135601124497846e-05,0.0018538772895226251,0.0018952333007676036,1
2023-03-24T17:58:55Z,2023-03-24T17:59:00Z,4.0928405818237926e-05,0.00185000960906985,0.001890938014888088,1
2023-03-24T17:58:55Z,2023-03-24T17:59:00Z,3.835377970451588e-05,0.0018456924341454994,0.0018840462138500153,1
2023-03-24T17:58:55Z,2023-03-24T17:59:00Z,2.6173852469178142e-05,0.0018504107582281853,0.0018765846106973635,1
2023-03-24T17:58:55Z,2023-03-24T17:59:00Z,2.0719722443520144e-05,0.0018481091076841868,0.001868828830127707,1
2023-03-24T17:58:55Z,2023-03-24T17:59:00Z,3.565032557394901e-05,0.0018276465581087442,0.0018632968836826932,1
2023-03-24T17:58:55Z,2023-03-24T17:59:00Z,3.9227521479133064e-05,0.001820174959574256,0.001859402481053389,1
2023-03-24T17:58:55Z,2023-03-24T17:59:00Z,3.215134429038831e-05,0.0018209810804912447,0.001853132424781633,1
2023-03-24T17:58:55Z,2023-03-24T17:59:00Z,4.076765001851225e-05,0.0018049378375321352,0.0018457054875506474,1
2023-03-24T17:58:55Z,2023-03-24T17:59:00Z,3.6030950044339035e-05,0.001803581774558735,0.001839612724603074,1
2023-03-24T17:58:55Z,2023-03-24T17:59:00Z,3.481608620588207e-05,0.0017986792068983807,0.0018334952931042627,1
2023-03-24T17:58:55Z,2023-03-24T17:59:00Z,3.9920874428958425e-05,0.001787770939361415,0.0018276918137903734,1
2023-03-24T17:58:55Z,2023-03-24T17:59:00Z,3.486312333244603e-05,0.0017869520370520375,0.0018218151603844835,1
2023-03-24T17:58:55Z,2023-03-24T17:59:00Z,3.630383561195713e-05,0.00177768134741418,0.0018139851830261372,1
2023-03-24T17:58:55Z,2023-03-24T17:59:00Z,3.4644479251283314e-05,0.001771696069945835,0.0018063405491971184,1
2023-03-24T17:58:55Z,2023-03-24T17:59:00Z,4.3455206287326166e-05,0.001756639691572972,0.0018000948978602982,1
2023-03-24T17:58:55Z,2023-03-24T17:59:00Z,4.2874257712449074e-05,0.0017511607789442963,0.0017940350366567454,1
2023-03-24T17:58:55Z,2023-03-24T17:59:00Z,3.3855506001066304e-05,0.001752136857040895,0.0017859923630419612,1
2023-03-24T17:58:55Z,2023-03-24T17:59:00Z,3.736916533123957e-05,0.001741901065387242,0.0017792702307184815,1
2023-03-24T17:58:55Z,2023-03-24T17:59:00Z,4.426739238298826e-05,0.0017285722236457632,0.0017728396160287515,1
2023-03-24T17:58:55Z,2023-03-24T17:59:00Z,3.66522185276687e-05,0.0017290901298121903,0.001765742348339859,1
2023-03-24T17:58:55Z,2023-03-24T17:59:00Z,2.950231559619115e-05,0.0017288401932792116,0.0017583425088754027,1
2023-03-24T17:58:55Z,2023-03-24T17:59:00Z,2.8856496835701333e-05,0.0017222532736347203,0.0017511097704704217,1
2023-03-24T17:58:55Z,2023-03-24T17:59:00Z,1.1448653018264953e-05,0.0017335559731852855,0.0017450046262035505,1
2023-03-24T17:58:55Z,2023-03-24T17:59:00Z,1.7166250163236797e-05,0.001755990526827898,0.0017388242766646612,1
2023-03-24T17:58:55Z,2023-03-24T17:59:00Z,1.6354275343076572e-05,0.0017522930872092772,0.0017359388118662006,1
2023-03-24T17:58:55Z,2023-03-24T17:59:00Z,9.078112403143254e-06,0.0017456206427547939,0.0017365425303516506,1
2023-03-24T17:58:55Z,2023-03-24T17:59:00Z,9.382019549119755e-06,0.0017459440786718183,0.0017365620591226986,1
2023-03-24T17:58:55Z,2023-03-24T17:59:00Z,3.043824770521727e-06,0.0017339831815231207,0.0017370270062936424,1
2023-03-24T17:58:55Z,2023-03-24T17:59:00Z,1.7300879641606124e-05,0.0017218976085302934,0.0017391984881718996,1
2023-03-24T17:58:55Z,2023-03-24T17:59:00Z,2.1218668723864626e-05,0.0017185914509119011,0.0017398101196357658,1
2023-03-24T17:58:55Z,2023-03-24T17:59:00Z,1.9449654447234845e-05,0.001719492642094916,0.001738942296542151,1
2023-03-24T17:58:55Z,2023-03-24T17:59:00Z,1.555998160097504e-05,0.0017229245871008235,0.0017384845687017985,1
2023-03-24T17:58:55Z,2023-03-24T17:59:00Z,2.2641734819746828e-05,0.0017140849174957556,0.0017367266523155025,1
2023-03-24T17:58:55Z,2023-03-24T17:59:00Z,2.409291986538338e-05,0.0017085004899842346,0.001732593409849618,1
2023-03-24T17:58:55Z,2023-03-24T17:59:00Z,2.6512385826577738e-05,0.00170130500280885,0.0017278173886354276,1
2023-03-24T17:58:55Z,2023-03-24T17:59:00Z,2.295823706463399e-05,0.0017002191324744739,0.0017231773695391079,1
2023-03-24T17:58:55Z,2023-03-24T17:59:00Z,1.7267484563075926e-05,0.001700330000493161,0.0017175974850562369,1
2023-03-24T17:58:55Z,2023-03-24T17:59:00Z,1.739161810381212e-05,0.001695985360821344,0.0017133769789251562,1
2023-03-24T17:58:55Z,2023-03-24T17:59:00Z,1.8761628996810317e-05,0.001691919398923704,0.0017106810279205143,1
2023-03-24T17:58:55Z,2023-03-24T17:59:00Z,1.296524183732814e-05,0.0016948900248218667,0.0017078552666591948,1
2023-03-24T17:58:55Z,2023-03-24T17:59:00Z,1.3392751528440265e-06,0.0017030693361099493,0.0017044086112627933,1
2023-03-24T17:58:55Z,2023-03-24T17:59:00Z,3.573995729452221e-06,0.0017044782867073759,0.0017009042909779237,1
2023-03-24T17:58:55Z,2023-03-24T17:59:00Z,9.797164836198267e-06,0.001709324508140896,0.0016995273433046978,1
2023-03-24T17:58:55Z,2023-03-24T17:59:00Z,1.6851945067319777e-05,0.0017158765129624105,0.0016990245678950907,1
2023-03-24T17:58:55Z,2023-03-24T17:59:00Z,1.786261165433959e-05,0.001717889617715936,0.0017000270060615963,1
2023-03-24T17:58:55Z,2023-03-24T17:59:00Z,2.5563029638165985e-05,0.0017275472082607544,0.0017019841786225884,1
2023-03-24T17:58:55Z,2023-03-24T17:59:00Z,4.142821547990826e-05,0.0017456073462553436,0.0017041791307754353,1
2023-03-24T17:58:55Z,2023-03-24T17:59:00Z,4.574102524737599e-05,0.0017538653869527375,0.0017081243617053615,0
2023-03-24T17:58:55Z,2023-03-24T17:59:00Z,6.128762404459523e-05,0.0017761229791664118,0.0017148353551218166,0
2023-03-24T17:58:55Z,2023-03-24T17:59:00Z,7.39772263122732e-05,0.0017961845017004485,0.0017222072753881753,0
2023-03-24T17:58:55Z,2023-03-24T17:59:00Z,8.429857041709248e-05,0.0018156375511873255,0.001731338980770233,0
2023-03-24T17:58:55Z,2023-03-24T17:59:00Z,9.28223341621012e-05,0.0018356245918064685,0.0017428022576443673,0
2023-03-24T17:58:55Z,2023-03-24T17:59:00Z,9.260379164134137e-05,0.0018486951796665124,0.001756091388025171,0
2023-03-24T17:58:55Z,2023-03-24T17:59:00Z,9.81664912680653e-05,0.0018692263891487437,0.0017710598978806784,0
2023-03-24T17:58:55Z,2023-03-24T17:59:00Z,0.00010356283540001259,0.0018909734285245128,0.0017874105931245002,0
2023-03-24T17:58:55Z,2023-03-24T17:59:00Z,0.00010771382633875106,0.00191283431707425,0.001805120490735499,0
2023-03-24T17:58:55Z,2023-03-24T17:59:00Z,0.0001083511484091667,0.0019316423994283117,0.001823291251019145,0
2023-03-24T17:58:55Z,2023-03-24T17:59:00Z,0.00011945651583316653,0.0019626188831175007,0.0018431623672843342,0
2023-03-24T17:58:55Z,2023-03-24T17:59:00Z,0.00011302704294829111,0.0019756293377653626,0.0018626022948170715,0
2023-03-24T17:58:55Z,2023-03-24T17:59:00Z,8.44948544420636e-05,0.001967901446936267,0.0018834065924942032,0
2023-03-24T17:58:55Z,2023-03-24T17:59:00Z,0.00010147042317058992,0.002004875988987048,0.0019034055658164579,0
2023-03-24T17:58:55Z,2023-03-24T17:59:00Z,0.00011489849151359024,0.002034838664221273,0.0019199401727076825,0
2023-03-24T17:58:55Z,2023-03-24T17:59:00Z,0.00013435949804612031,0.0020738222719188697,0.0019394627738727494,0
2023-03-24T17:58:55Z,2023-03-24T17:59:00Z,0.00015226873700775962,0.002112433045264575,0.0019601643082568154,0
2023-03-24T17:58:55Z,2023-03-24T17:59:00Z,0.00017252786187379283,0.0021555482755549033,0.0019830204136811105,0
2023-03-24T17:58:55Z,2023-03-24T17:59:00Z,0.00018458169589055185,0.0021925519505954527,0.002007970254704901,0
2023-03-24T17:58:55Z,2023-03-24T17:59:00Z,0.00019369257136194482,0.0022296510605826696,0.0020359584892207247,0
2023-03-24T17:58:55Z,2023-03-24T17:59:00Z,0.00019872220236296896,0.0022634223250184377,0.0020647001226554687,0
2023-03-24T17:58:55Z,2023-03-24T17:59:00Z,0.00020609597654729908,0.0023025488145549315,0.0020964528380076324,0
2023-03-24T17:58:55Z,2023-03-24T17:59:00Z,0.0002123856791249666,0.0023457786268928703,0.0021333929477679037,0
2023-03-24T17:58:55Z,2023-03-24T17:59:00Z,0.00021479987331316733,0.0023854019242770565,0.002170602050963889,0
2023-03-24T17:58:55Z,2023-03-24T17:59:00Z,0.00021134231640370857,0.0024208118627015475,0.002209469546297839,0
2023-03-24T17:58:55Z,2023-03-24T17:59:00Z,0.00021958672380816696,0.002468003726650779,0.002248417002842612,0
2023-03-24T17:58:55Z,2023-03-24T17:59:00Z,0.000221208124924203,0.0025081724799464367,0.0022869643550222337,0
2023-03-24T17:58:55Z,2023-03-24T17:59:00Z,0.0001990752121003134,0.0025250964985095315,0.002326021286409218,0
2023-03-24T17:58:55Z,2023-03-24T17:59:00Z,0.0001708474709462924,0.0025363213235243837,0.0023654738525780913,0
2023-03-24T17:58:55Z,2023-03-24T17:59:00Z,0.00015988338319184283,0.0025622879155107916,0.002402404532318949,0
2023-03-24T17:58:55Z,2023-03-24T17:59:00Z,0.00013763123578415222,0.002574148142916344,0.002436516907132192,0
2023-03-24T17:58:55Z,2023-03-24T17:59:00Z,9.448938528597815e-05,0.002563473680037653,0.002468984294751675,0
2023-03-24T17:58:55Z,2023-03-24T17:59:00Z,6.619491960490513e-05,0.002563725403859514,0.002497530484254609,0
2023-03-24T17:58:55Z,2023-03-24T17:59:00Z,4.9431929721187144e-05,0.0025692213834458705,0.0025197894537246834,0
2023-03-24T17:58:55Z,2023-03-24T17:59:00Z,4.5270888189452574e-05,0.002582924534558882,0.0025376536463694293,0
2023-03-24T17:58:55Z,2023-03-24T17:59:00Z,2.1153920585856995e-05,0.0025714597740546727,0.0025503058534688157,0
2023-03-24T17:58:55Z,2023-03-24T17:59:00Z,9.65708984644988e-06,0.002569306950141821,0.002559649860295371,0
2023-03-24T17:58:55Z,2023-03-24T17:59:00Z,1.2179092252689611e-05,0.0025776243619912037,0.002565445269738514,0
2023-03-24T17:58:55Z,2023-03-24T17:59:00Z,8.391194320388727e-06,0.0025779596673860825,0.0025695684730656938,0
2023-03-24T17:58:55Z,2023-03-24T17:59:00Z,1.0556390692530518e-07,0.0025715910927826707,0.0025714855288757454,0
2023-03-24T17:58:55Z,2023-03-24T17:59:00Z,7.053532695477493e-06,0.00257901550212994,0.0025719619694344626,0
2023-03-24T17:58:55Z,2023-03-24T17:59:00Z,7.043338907326661e-06,0.0025800199849349164,0.0025729766460275898,0
2023-03-24T17:58:55Z,2023-03-24T17:59:00Z,7.265873773846035e-06,0.002582153782085239,0.0025748879083113928,0
2023-03-24T17:58:55Z,2023-03-24T17:59:00Z,8.98415265262846e-06,0.002585221886150152,0.0025762377334975235,0
2023-03-24T17:58:55Z,2023-03-24T17:59:00Z,1.1450350467147145e-05,0.002564691038971171,0.002576141389438318,0
2023-03-24T17:58:55Z,2023-03-24T17:59:00Z,3.1557301961343716e-05,0.0025463043514889093,0.002577861653450253,0
2023-03-24T17:58:55Z,2023-03-24T17:59:00Z,4.1855442685311516e-05,0.0025354292218686104,0.002577284664553922,0
2023-03-24T17:58:55Z,2023-03-24T17:59:00Z,2.9489533095634207e-05,0.002543880130145501,0.002573369663241135,0
2023-03-24T17:58:55Z,2023-03-24T17:59:00Z,2.2528703856745415e-05,0.0025455246536947055,0.002568053357551451,0
2023-03-24T17:58:55Z,2023-03-24T17:59:00Z,1.5413556865588075e-05,0.0025491759303562164,0.0025645894872218045,0
2023-03-24T17:58:55Z,2023-03-24T17:59:00Z,1.5334572412790872e-05,0.0025450685587546096,0.0025604031311674004,0
2023-03-24T17:58:55Z,2023-03-24T17:59:00Z,1.3176738166560589e-05,0.002543370886178502,0.002556547624345063,0
2023-03-24T17:58:55Z,2023-03-24T17:59:00Z,9.820143437710722e-06,0.0025420918279910236,0.0025519119714287344,0
2023-03-24T17:58:55Z,2023-03-24T17:59:00Z,7.0662060953916375e-06,0.0025396143903368864,0.002546680596432278,0
2023-03-24T17:58:55Z,2023-03-24T17:59:00Z,1.280965183429305e-05,0.002531046043225467,0.00254385569505976,0
2023-03-24T17:58:55Z,2023-03-24T17:59:00Z,2.1502646878630155e-05,0.0025215168030371265,0.0025430194499157567,0
2023-03-24T17:58:55Z,2023-03-24T17:59:00Z,1.2671743526443662e-05,0.0025297998090589202,0.002542471552585364,0
2023-03-24T17:58:55Z,2023-03-24T17:59:00Z,5.224941330560229e-06,0.0025449010780273775,0.0025396761366968173,0
2023-03-24T17:58:55Z,2023-03-24T17:59:00Z,1.1818873312748317e-05,0.0025495294044300923,0.002537710531117344,0
2023-03-24T17:58:55Z,2023-03-24T17:59:00Z,6.262872964953297e-06,0.002530913301611286,0.0025371761745762392,0
2023-03-24T17:58:55Z,2023-03-24T17:59:00Z,8.137108685667745e-06,0.0025458708889713427,0.002537733780285675,0
2023-03-24T17:58:55Z,2023-03-24T17:59:00Z,6.857294759946356e-06,0.0025430338769747186,0.0025361765822147723,0
2023-03-24T17:58:55Z,2023-03-24T17:59:00Z,1.1648550481981566e-05,0.0025250004143553308,0.0025366489648373123,0
2023-03-24T17:58:55Z,2023-03-24T17:59:00Z,1.4235174754710731e-05,0.0025228412259123306,0.0025370764006670413,0
2023-03-24T17:58:55Z,2023-03-24T17:59:00Z,1.6085683349373065e-05,0.0025202350137089016,0.0025363206970582747,0
2023-03-24T17:58:55Z,2023-03-24T17:59:00Z,1.9469795585234234e-05,0.002517016454332441,0.0025364862499176752,0
2023-03-24T17:58:55Z,2023-03-24T17:59:00Z,2.0007918179935566e-05,0.0025152827323189873,0.002535290650498923,0
2023-03-24T17:58:55Z,2023-03-24T17:59:00Z,1.777528048662767e-05,0.002514029792050428,0.0025318050725370556,0
2023-03-24T17:58:55Z,2023-03-24T17:59:00Z,6.401912970221187e-06,0.0025339261514933883,0.002527524238523167,0
2023-03-24T17:58:55Z,2023-03-24T17:59:00Z,4.865347575095606e-06,0.002530279147403156,0.0025254137998280603,0
2023-03-24T17:58:55Z,2023-03-24T17:59:00Z,1.5989941011399552e-05,0.0025399106486547153,0.0025239207076433157,0
2023-03-24T17:58:55Z,2023-03-24T17:59:00Z,2.6095627568151376e-05,0.002496230738878719,0.0025223263664468703,0
2023-03-24T17:58:55Z,2023-03-24T17:59:00Z,0.00010208220533710179,0.0024221079403971917,0.0025241901457342935,0
2023-03-24T17:58:55Z,2023-03-24T17:59:00Z,9.708463352725788e-05,0.002423779201327834,0.002520863834855092,0
2023-03-24T17:58:55Z,2023-03-24T17:59:00Z,8.247401132865711e-05,0.002426123939362471,0.0025085979506911282,0
2023-03-24T17:58:55Z,2023-03-24T17:59:00Z,6.896113004135332e-05,0.002427982164024199,0.0024969432940655525,0
2023-03-24T17:58:55Z,2023-03-24T17:59:00Z,7.20113568519077e-05,0.0024137870880940803,0.002485798444945988,0
2023-03-24T17:58:55Z,2023-03-24T17:59:00Z,6.932388744436326e-05,0.002405718603998346,0.0024750424914427092,0
2023-03-24T17:58:55Z,2023-03-24T17:59:00Z,7.163509017613524e-05,0.002388390018341661,0.002460025108517796,0
2023-03-24T17:58:55Z,2023-03-24T17:59:00Z,5.842799848284263e-05,0.0023860270421093522,0.002444455040592195,0
2023-03-24T17:58:55Z,2023-03-24T17:59:00Z,4.9821133373614476e-05,0.002375693828429448,0.0024255149618030627,0
2023-03-24T17:58:55Z,2023-03-24T17:59:00Z,3.348769696643857e-05,0.002378251802740453,0.0024117394997068917,0
2023-03-24T17:58:55Z,2023-03-24T17:59:00Z,2.2047337849509952e-05,0.002383890397861414,0.002405937735710924,0
2023-03-24T17:58:55Z,2023-03-24T17:59:00Z,1.74868442085834e-05,0.0023827599666789183,0.0024002468108875017,0
2023-03-24T17:58:55Z,2023-03-24T17:59:00Z,2.5178936445954467e-05,0.002369788681753915,0.0023949676181998693,0
2023-03-24T17:58:55Z,2023-03-24T17:59:00Z,3.135165542281779e-05,0.0023579631881088916,0.0023893148435317093,0
2023-03-24T17:58:55Z,2023-03-24T17:59:00Z,4.166944805304674e-05,0.0023421455946861414,0.002383815042739188,0
2023-03-24T17:58:55Z,2023-03-24T17:59:00Z,4.863635889253539e-05,0.0023292092568604713,0.0023778456157530067,0
2023-03-24T17:58:55Z,2023-03-24T17:59:00Z,4.418597584017383e-05,0.0023278790869558927,0.0023720650627960665,0
2023-03-24T17:58:55Z,2023-03-24T17:59:00Z,4.2994070859632156e-05,0.0023219687687803243,0.0023649628396399565,0
2023-03-24T17:58:55Z,2023-03-24T17:59:00Z,5.1762102628367945e-05,0.002307223894327394,0.002358985996955762,0
2023-03-24T17:58:55Z,2023-03-24T17:59:00Z,5.154594917854789e-05,0.002300404668532198,0.002351950617710746,0
2023-03-24T17:58:55Z,2023-03-24T17:59:00Z,5.94861097991178e-05,0.002282881194969876,0.0023423673047689936,0
2023-03-24T17:58:55Z,2023-03-24T17:59:00Z,5.4433430335464744e-05,0.0022776394621651886,0.0023320728925006534,0
2023-03-24T17:58:55Z,2023-03-24T17:59:00Z,4.7844689844328374e-05,0.0022733647668083208,0.002321209456652649,0
2023-03-24T17:58:55Z,2023-03-24T17:59:00Z,3.8341198149898295e-05,0.0022728277927597873,0.0023111689909096856,0
2023-03-24T17:58:55Z,2023-03-24T17:59:00Z,3.690449045882756e-05,0.0022656668969661307,0.0023025713874249582,0
2023-03-24T17:58:55Z,2023-03-24T17:59:00Z,3.4305256129262864e-05,0.0022612184482831096,0.0022955237044123725,0
2023-03-24T17:58:55Z,2023-03-24T17:59:00Z,3.6148220290107506e-05,0.002251598960373545,0.0022877471806636526,0
2023-03-24T17:58:55Z,2023-03-24T17:59:00Z,2.4547101279521425e-05,0.0022556062893219794,0.002280153390601501,0
2023-03-24T17:58:55Z,2023-03-24T17:59:00Z,2.0183622302289133e-05,0.00225301665155498,0.0022732002738572693,0
2023-03-24T17:58:55Z,2023-03-24T17:59:00Z,1.5133555507157708e-05,0.0022524669209488344,0.002267600476455992,0
2023-03-24T17:58:55Z,2023-03-24T17:59:00Z,1.2668850103063432e-05,0.0022511985584260665,0.00226386740852913,0
2023-03-24T17:58:55Z,2023-03-24T17:59:00Z,1.1511903426109603e-05,0.002249208937450976,0.0022607208408770858,0
2023-03-24T17:58:55Z,2023-03-24T17:59:00Z,5.09870009138616e-06,0.002252851364737918,0.002257950064829304,0
2023-03-24T17:58:55Z,2023-03-24T17:59:00Z,1.5514824873931639e-06,0.0022565491904030957,0.0022549977079157025,0
2023-03-24T17:58:55Z,2023-03-24T17:59:00Z,7.098985253285294e-06,0.0022604947516404613,0.002253395766387176,0
2023-03-24T17:58:55Z,2023-03-24T17:59:00Z,7.541659224149892e-06,0.002260353768376324,0.002252812109152174,0
2023-03-24T17:58:55Z,2023-03-24T17:59:00Z,2.7937883930783183e-06,0.0022567178714536173,0.002253924083060539,0
2023-03-24T17:58:55Z,2023-03-24T17:59:00Z,1.8786198891280418e-05,0.0022733037168336124,0.002254517517942332,0
2023-03-24T17:58:55Z,2023-03-24T17:59:00Z,2.770474194460507e-05,0.002282684912374267,0.002254980170429662,0
2023-03-24T17:58:55Z,2023-03-24T17:59:00Z,3.710816341611972e-05,0.002294692933331379,0.002257584769915259,0
2023-03-24T17:58:55Z,2023-03-24T17:59:00Z,4.9468817893564936e-05,0.002310989382052349,0.002261520564158784,0
2023-03-24T17:58:55Z,2023-03-24T17:59:00Z,6.042531385065794e-05,0.002327631377494492,0.002267206063643834,0
2023-03-24T17:58:55Z,2023-03-24T17:59:00Z,7.167788786084086e-05,0.002346151203668979,0.0022744733158081383,0
2023-03-24T17:58:55Z,2023-03-24T17:59:00Z,8.56023024727033e-05,0.0023689608916672663,0.002283358589194563,0
2023-03-24T17:58:55Z,2023-03-24T17:59:00Z,8.937157167496906e-05,0.0023834372173730965,0.0022940656456981274,0
2023-03-24T17:58:55Z,2023-03-24T17:59:00Z,9.475155849918279e-05,0.002402393094608678,0.0023076415361094954,0
2023-03-24T17:58:55Z,2023-03-24T17:59:00Z,4.7218382200777884e-05,0.002370699836550208,0.00232348145434943,0
2023-03-24T17:58:55Z,2023-03-24T17:59:00Z,2.379555904526978e-05,0.0023158220675260437,0.0023396176265713135,0
2023-03-24T17:58:55Z,2023-03-24T17:59:00Z,0.00010658206631280337,0.002244037425780503,0.002350619492093306,0
2023-03-24T17:58:55Z,2023-03-24T17:59:00Z,0.00011987996552177043,0.0022333806683458688,0.002353260633867639,0
2023-03-24T17:58:55Z,2023-03-24T17:59:00Z,0.00016300234034001765,0.0021818892989936404,0.002344891639333658,0
2023-03-24T17:58:55Z,2023-03-24T17:59:00Z,0.00022123934983944802,0.0021118709508506327,0.0023331103006900807,0
2023-03-24T17:58:55Z,2023-03-24T17:59:00Z,0.00023005045961970892,0.002082527102985954,0.002312577562605663,0
2023-03-24T17:58:55Z,2023-03-24T17:59:00Z,0.00022061544783742466,0.002059825872166159,0.0022804413200035838,0
2023-03-24T17:58:55Z,2023-03-24T17:59:00Z,0.00020825454781607348,0.0020345730078891178,0.0022428275557051913,0
2023-03-24T17:58:55Z,2023-03-24T17:59:00Z,0.00021649683793719624,0.0019835098149626803,0.0022000066528998765,0
2023-03-24T17:58:55Z,2023-03-24T17:59:00Z,0.00020885155309574425,0.0019491392462214956,0.00215799079931724,0
2023-03-24T17:58:55Z,2023-03-24T17:59:00Z,0.00020279184813153605,0.0019136599196152833,0.0021164517677468193,0
2023-03-24T17:58:55Z,2023-03-24T17:59:00Z,0.0001784468638163768,0.001901142631485567,0.0020795894953019437,0
2023-03-24T17:58:55Z,2023-03-24T17:59:00Z,0.00015650201651018925,0.0018831223852004311,0.0020396244017106204,0
2023-03-24T17:58:55Z,2023-03-24T17:59:00Z,0.0001361640220847477,0.0018683670461873637,0.0020045310682721114,0
2023-03-24T17:58:55Z,2023-03-24T17:59:00Z,0.00010526902925329343,0.0018706684683125429,0.0019759374975658363,0
2023-03-24T17:58:55Z,2023-03-24T17:59:00Z,7.588634355860653e-05,0.0018732811469074058,0.0019491674904660123,0
2023-03-24T17:58:55Z,2023-03-24T17:59:00Z,5.074382288377719e-05,0.001874778992100533,0.0019255228149843101,0
2023-03-24T17:58:55Z,2023-03-24T17:59:00Z,3.6439427595174635e-05,0.0018689219047664215,0.001905361332361596,0
2023-03-24T17:58:55Z,2023-03-24T17:59:00Z,2.820462513657379e-05,0.001863565354367254,0.0018917699795038278,0
2023-03-24T17:58:55Z,2023-03-24T17:59:00Z,2.9301348993721965e-05,0.0018524414628282215,0.0018817428118219435,0
2023-03-24T17:58:55Z,2023-03-24T17:59:00Z,2.107740188748942e-05,0.0018544035892784504,0.0018754809911659398,0
2023-03-24T17:58:55Z,2023-03-24T17:59:00Z,1.1785968838338382e-05,0.0018576073762454333,0.0018693933450837717,0
2023-03-24T17:58:55Z,2023-03-24T17:59:00Z,1.5399247656320073e-05,0.0018504042479372041,0.0018658034955935242,0
2023-03-24T17:58:55Z,2023-03-24T17:59:00Z,8.424580891627483e-06,0.0018560339559591554,0.0018644585368507828,0
2023-03-24T17:58:55Z,2023-03-24T17:59:00Z,1.406310283508412e-05,0.0018478624064687814,0.0018619255093038655,0
2023-03-24T17:58:55Z,2023-03-24T17:59:00Z,2.234548030568065e-05,0.0018374241301296534,0.001859769610435334,0
2023-03-24T17:58:55Z,2023-03-24T17:59:00Z,3.6042970913393105e-05,0.0018203620663179722,0.0018564050372313653,0
2023-03-24T17:58:55Z,2023-03-24T17:59:00Z,3.193559357202234e-05,0.0018205322218297468,0.0018524678154017691,0
2023-03-24T17:58:55Z,2023-03-24T17:59:00Z,2.640176311455365e-05,0.0018206656412810553,0.001847067404395609,0
2023-03-24T17:58:55Z,2023-03-24T17:59:00Z,2.3430299366568276e-05,0.0018196484499042314,0.0018430787492707996,0
2023-03-24T17:58:55Z,2023-03-24T17:59:00Z,6.086876163235045e-06,0.0018327746296078903,0.0018388615057711253,0
2023-03-24T17:58:55Z,2023-03-24T17:59:00Z,2.5048731988252734e-06,0.0018316117667796497,0.001834116639978475,0
2023-03-24T17:58:55Z,2023-03-24T17:59:00Z,2.304999811073168e-05,0.0018549629357980425,0.0018319129376873108,0
2023-03-24T17:58:55Z,2023-03-24T17:59:00Z,3.889699972662664e-05,0.0018677571637664991,0.0018288601640398725,0
2023-03-24T17:58:55Z,2023-03-24T17:59:00Z,3.961436065041913e-05,0.0018693620908564494,0.0018297477302060302,0
2023-03-24T17:58:55Z,2023-03-24T17:59:00Z,7.903668733414445e-05,0.0019125760467447802,0.0018335393594106357,0
2023-03-24T17:58:55Z,2023-03-24T17:59:00Z,0.00012390602911176683,0.0019635703915897125,0.0018396643624779456,0
2023-03-24T17:58:55Z,2023-03-24T17:59:00Z,0.00016439024079948706,0.0020155600813918117,0.0018511698405923246,0
2023-03-24T17:58:55Z,2023-03-24T17:59:00Z,0.0001523299009710856,0.0020213628353519925,0.001869032934380907,0
2023-03-24T17:58:55Z,2023-03-24T17:59:00Z,0.0001772717833784694,0.002070793671695324,0.0018935218883168545,0
2023-03-24T17:58:55Z,2023-03-24T17:59:00Z,0.00022297765662305006,0.002140073070657917,0.0019170954140348671,0
2023-03-24T17:58:55Z,2023-03-24T17:59:00Z,0.00021024345581844932,0.002157236607967776,0.0019469931521493265,0
2023-03-24T17:58:55Z,2023-03-24T17:59:00Z,0.00020666146281760967,0.0021892933818244207,0.001982631919006811,0
2023-03-24T17:58:55Z,2023-03-24T17:59:00Z,0.00017844724538133632,0.002197264094913307,0.0020188168495319705,0
2023-03-24T17:58:55Z,2023-03-24T17:59:00Z,0.00020553873353418468,0.002264346994437151,0.0020588082609029664,0
2023-03-24T17:58:55Z,2023-03-24T17:59:00Z,0.0002085162829211385,0.002302910549845171,0.0020943942669240326,0
2023-03-24T17:58:55Z,2023-03-24T17:59:00Z,0.0001581498265872108,0.0022901411688671736,0.002131991342279963,0
2023-03-24T17:58:55Z,2023-03-24T17:59:00Z,0.0001390416474045756,0.002306951798241208,0.0021679101508366326,0
2023-03-24T17:58:55Z,2023-03-24T17:59:00Z,0.00011423769281454846,0.0023157451353405783,0.00220150744252603,0
2023-03-24T17:58:55Z,2023-03-24T17:59:00Z,9.83227180700679e-05,0.0023293499264143334,0.0022310272083442655,0
2023-03-24T17:58:55Z,2023-03-24T17:59:00Z,6.894649857779956e-05,0.002321932715007398,0.0022529862164295984,0
2023-03-24T17:58:55Z,2023-03-24T17:59:00Z,5.0521002577422636e-05,0.0023250213838128405,0.002274500381235418,0
2023-03-24T17:58:55Z,2023-03-24T17:59:00Z,1.9735443909084296e-05,0.0023108157417923744,0.00229108029788329,0
2023-03-24T17:58:55Z,2023-03-24T17:59:00Z,4.2159838141853177e-05,0.002264890120853879,0.002307049958995732,0
2023-03-24T17:58:55Z,2023-03-24T17:59:00Z,6.658927428487057e-05,0.002246269278130264,0.0023128585524151346,0
2023-03-24T17:58:55Z,2023-03-24T17:59:00Z,4.887998651847752e-05,0.0022592260122727453,0.002308105998791223,0
2023-03-24T17:58:55Z,2023-03-24T17:59:00Z,4.821057452321451e-05,0.002254411437925895,0.0023026220124491097,0
2023-03-24T17:58:55Z,2023-03-24T17:59:00Z,5.771067324990536e-05,0.002238945615953146,0.0022966562892030515,0
2023-03-24T17:58:55Z,2023-03-24T17:59:00Z,5.218167547760451e-05,0.0022368079015486118,0.0022889895770262163,0
2023-03-24T17:58:55Z,2023-03-24T17:59:00Z,4.547160791583925e-05,0.0022322174303027282,0.0022776890382185675,0
2023-03-24T17:58:55Z,2023-03-24T17:59:00Z,3.064918904570552e-05,0.0022363992474905142,0.0022670484365362197,0
2023-03-24T17:58:55Z,2023-03-24T17:59:00Z,2.07267104782808e-05,0.0022347212318691743,0.002255447942347455,0
2023-03-24T17:58:55Z,2023-03-24T17:59:00Z,2.158391667493034e-05,0.0022245619638847926,0.002246145880559723,0
2023-03-24T17:58:55Z,2023-03-24T17:59:00Z,2.5056116247395687e-05,0.0022173186531892395,0.002242374769436635,0
2023-03-24T17:58:55Z,2023-03-24T17:59:00Z,1.6487550268085797e-05,0.0022231738048878653,0.002239661355155951,0
2023-03-24T17:58:55Z,2023-03-24T17:59:00Z,1.9689164639496732e-05,0.002214733770631016,0.0022344229352705127,0
2023-03-24T17:58:55Z,2023-03-24T17:59:00Z,1.6658778569705792e-05,0.002213859452571053,0.002230518231140759,0
2023-03-24T17:58:55Z,2023-03-24T17:59:00Z,1.0852400618049582e-05,0.002216639349857443,0.002227491750475493,0
2023-03-24T17:58:55Z,2023-03-24T17:59:00Z,1.196743003216861e-05,0.0022126557643211294,0.002224623194353298,0
2023-03-24T17:58:55Z,2023-03-24T17:59:00Z,1.2879567213734244e-05,0.0022097963670839028,0.002222675934297637,0
2023-03-24T17:58:55Z,2023-03-24T17:59:00Z,1.876592871956871e-05,0.0022009420701818955,0.002219707998901464,0
2023-03-24T17:58:55Z,2023-03-24T17:59:00Z,2.737045817369048e-06,0.0022138553449859363,0.0022165923908033054,0
2023-03-24T17:58:55Z,2023-03-24T17:59:00Z,1.6103204423731365e-06,0.002215250224532816,0.002213639904090443,0
2023-03-24T17:58:55Z,2023-03-24T17:59:00Z,5.686184586905629e-06,0.002218893175151936,0.0022132069905650303,0
2023-03-24T17:58:55Z,2023-03-24T17:59:00Z,1.0759753503662619e-05,0.002222976296524312,0.002212216543020649,0
2023-03-24T17:58:55Z,2023-03-24T17:59:00Z,1.4398613380523992e-05,0.0022271350819662882,0.0022127364685857642,0
2023-03-24T17:58:55Z,2023-03-24T17:59:00Z,1.9700545236456344e-05,0.0022335766193163774,0.002213876074079921,0
2023-03-24T17:58:55Z,2023-03-24T17:59:00Z,8.272673056724644e-06,0.0022234607136502518,0.002215188040593527,0
2023-03-24T17:58:55Z,2023-03-24T17:59:00Z,1.9164764815692882e-05,0.002236967912283626,0.0022178031474679332,0
2023-03-24T17:58:55Z,2023-03-24T17:59:00Z,3.0262343813107842e-05,0.002249773534601834,0.0022195111907887264,0
2023-03-24T17:58:55Z,2023-03-24T17:59:00Z,2.3929280241492996e-05,0.0022479437012929357,0.0022240144210514427,0
2023-03-24T17:58:55Z,2023-03-24T17:59:00Z,2.332637457808876e-05,0.002251830569331519,0.00222850419475343,0
2023-03-24T17:58:55Z,2023-03-24T17:59:00Z,6.56748759403458e-05,0.002298265755288791,0.002232590879348445,0
2023-03-24T17:58:55Z,2023-03-24T17:59:00Z,6.442461286058606e-05,0.002301132666481479,0.002236708053620893,0
2023-03-24T17:58:55Z,2023-03-24T17:59:00Z,5.0158360723554125e-05,0.002296277596690007,0.002246119235966453,0
2023-03-24T17:58:55Z,2023-03-24T17:59:00Z,4.1329605679300656e-05,0.0022966985397101522,0.0022553689340308516,0
2023-03-24T17:58:55Z,2023-03-24T17:59:00Z,4.740606850974329e-05,0.002310612624712299,0.0022632065562025556,0
2023-03-24T17:58:55Z,2023-03-24T17:59:00Z,3.606580209059235e-05,0.002308427086550635,0.002272361284460043,0
2023-03-24T17:58:55Z,2023-03-24T17:59:00Z,3.905349711893005e-05,0.0023206203706325574,0.0022815668735136274,0
2023-03-24T17:58:55Z,2023-03-24T17:59:00Z,7.383107436702112e-05,0.0023627296418742482,0.002288898567507227,0
2023-03-24T17:58:55Z,2023-03-24T17:59:00Z,8.071222206412505e-05,0.002378695373238805,0.00229798315117468,0
2023-03-24T17:58:55Z,2023-03-24T17:59:00Z,6.932155533928694e-05,0.002381167090581808,0.002311845535242521,0
2023-03-24T17:58:55Z,2023-03-24T17:59:00Z,7.474248369653989e-05,0.002396641721182813,0.002321899237486273,0
2023-03-24T17:58:55Z,2023-03-24T17:59:00Z,6.3448787911668e-05,0.002395352328410482,0.002331903540498814,0
2023-03-24T17:58:55Z,2023-03-24T17:59:00Z,5.894872004989348e-05,0.0024033977761103082,0.0023444490560604147,0
2023-03-24T17:58:55Z,2023-03-24T17:59:00Z,4.259456214313062e-05,0.0023993753417910864,0.0023567807796479557,0
2023-03-24T17:58:55Z,2023-03-24T17:59:00Z,2.4339166289488214e-05,0.0023927180898621952,0.002368378923572707,0
2023-03-24T17:58:55Z,2023-03-24T17:59:00Z,8.077470696664368e-06,0.0023878249261744277,0.0023797474554777633,0
2023-03-24T17:58:55Z,2023-03-24T17:59:00Z,1.412625628120388e-05,0.002402885926662672,0.002388759670381468,0
2023-03-24T17:58:55Z,2023-03-24T17:59:00Z,2.1136846310728687e-05,0.0024130334272297197,0.002391896580918991,0
2023-03-24T17:58:55Z,2023-03-24T17:59:00Z,8.681435740513516e-06,0.0024036018358374873,0.002394920400096974,0
2023-03-24T17:58:55Z,2023-03-24T17:59:00Z,2.6630990889290034e-05,0.002425534683067253,0.002398903692177963,0
2023-03-24T17:58:55Z,2023-03-24T17:59:00Z,2.4517088732710357e-05,0.0024242907952425076,0.0023997737065097973,0
2023-03-24T17:58:55Z,2023-03-24T17:59:00Z,9.523564748992793e-06,0.0024130700655908863,0.0024035465008418935,0
2023-03-24T17:58:55Z,2023-03-24T17:59:00Z,1.5473534705010093e-05,0.0024216316629384286,0.0024061581282334185,0
2023-03-24T17:58:55Z,2023-03-24T17:59:00Z,1.1879502377578136e-05,0.0024197494710859716,0.0024078699687083934,0
2023-03-24T17:58:55Z,2023-03-24T17:59:00Z,1.0976663571575507e-05,0.002422460828914498,0.0024114841653429227,0
2023-03-24T17:58:55Z,2023-03-24T17:59:00Z,1.3393279794638412e-06,0.0024168140614363293,0.0024154747334568655,0
2023-03-24T17:58:55Z,2023-03-24T17:59:00Z,1.4216586632831343e-05,0.002403705009605513,0.0024179215962383442,0
2023-03-24T17:58:55Z,2023-03-24T17:59:00Z,1.956726739738403e-05,0.002398826908116786,0.00241839417551417,0
2023-03-24T17:58:55Z,2023-03-24T17:59:00Z,3.104948599757379e-05,0.0023873575862376,0.0024184070722351736,0
2023-03-24T17:58:55Z,2023-03-24T17:59:00Z,4.849838824251855e-05,0.0023665702121238464,0.002415068600366365,0
2023-03-24T17:58:55Z,2023-03-24T17:59:00Z,6.084499514928763e-05,0.002349606954091464,0.0024104519492407516,0
2023-03-24T17:58:55Z,2023-03-24T17:59:00Z,5.771029338261409e-05,0.0023469291741747573,0.0024046394675573714,0
2023-03-24T17:58:55Z,2023-03-24T17:59:00Z,6.974600789443714e-05,0.002325890371057064,0.0023956363789515013,0
2023-03-24T17:58:55Z,2023-03-24T17:59:00Z,6.922696794898825e-05,0.002317306873888611,0.0023865338418375993,0
2023-03-24T17:58:55Z,2023-03-24T17:59:00Z,6.711294478658949e-05,0.0023073495898188303,0.0023744625346054198,0
2023-03-24T17:58:55Z,2023-03-24T17:59:00Z,5.247004523585607e-05,0.002309554090926099,0.002362024136161955,0
2023-03-24T17:58:55Z,2023-03-24T17:59:00Z,4.750971126275165e-05,0.0023024699974258686,0.0023499797086886202,0
2023-03-24T17:58:55Z,2023-03-24T17:59:00Z,4.153909210040472e-05,0.002297281514439379,0.002338820606539784,0
2023-03-24T17:58:55Z,2023-03-24T17:59:00Z,2.6529012898002073e-05,0.002301680645040316,0.002328209657938318,0
2023-03-24T17:58:55Z,2023-03-24T17:59:00Z,2.322457825342482e-05,0.0022963239924743343,0.002319548570727759,0
2023-03-24T17:58:55Z,2023-03-24T17:59:00Z,2.2497444495435046e-05,0.002291060337600931,0.002313557782096366,0
2023-03-24T17:58:55Z,2023-03-24T17:59:00Z,2.7148738033763286e-05,0.002280083396350049,0.0023072321343838124,0
2023-03-24T17:58:55Z,2023-03-24T17:59:00Z,4.1907888065453956e-05,0.0022609704921363423,0.0023028783802017962,0
2023-03-24T17:58:55Z,2023-03-24T17:59:00Z,5.391825220513614e-05,0.0022443071933043396,0.0022982254455094758,0
2023-03-24T17:58:55Z,2023-03-24T17:59:00Z,6.323049877233165e-05,0.0022291975595268333,0.002292428058299165,0
2023-03-24T17:58:55Z,2023-03-24T17:59:00Z,7.082817263626877e-05,0.0022134440234601763,0.002284272196096445,0
2023-03-24T17:58:55Z,2023-03-24T17:59:00Z,8.161272350653203e-05,0.0021935004178525335,0.0022751131413590656,0
2023-03-24T17:58:55Z,2023-03-24T17:59:00Z,7.83507760752063e-05,0.0021862826789114586,0.002264633454986665,0
2023-03-24T17:58:55Z,2023-03-24T17:59:00Z,7.431074876536933e-05,0.0021768001778228233,0.0022511109265881926,0
2023-03-24T17:58:55Z,2023-03-24T17:59:00Z,6.892453870846514e-05,0.0021684312236843676,0.002237355762392833,0
2023-03-24T17:58:55Z,2023-03-24T17:59:00Z,6.349927569923672e-05,0.002159573966721333,0.0022230732424205696,0
2023-03-24T17:58:55Z,2023-03-24T17:59:00Z,6.288514969603502e-05,0.0021462315711413245,0.0022091167208373595,0
2023-03-24T17:58:55Z,2023-03-24T17:59:00Z,5.812215148743834e-05,0.002138320003673045,0.0021964421551604833,0
2023-03-24T17:58:55Z,2023-03-24T17:59:00Z,5.107237437513299e-05,0.0021331103280149734,0.0021841827023901064,0
2023-03-24T17:58:55Z,2023-03-24T17:59:00Z,5.0625115156590315e-05,0.0021221978927517923,0.0021728230079083827,0
2023-03-24T17:58:55Z,2023-03-24T17:59:00Z,3.812687481434974e-05,0.002124654421163383,0.0021627812959777327,0
2023-03-24T17:58:55Z,2023-03-24T17:59:00Z,3.821362241662697e-05,0.002115654857923513,0.00215386848034014,0
2023-03-24T17:58:55Z,2023-03-24T17:59:00Z,2.4878651673516678e-05,0.002121286296448114,0.0021461649481216306,0
2023-03-24T17:58:55Z,2023-03-24T17:59:00Z,1.0844764936185879e-06,0.002139606259627835,0.0021385217831342163,0
2023-03-24T17:58:55Z,2023-03-24T17:59:00Z,1.0307027990248772e-05,0.0021429356952199336,0.002132628667229685,0
2023-03-24T17:58:55Z,2023-03-24T17:59:00Z,2.806155712193432e-05,0.002158194260964932,0.0021301327038429976,0
2023-03-24T17:58:55Z,2023-03-24T17:59:00Z,4.0006395936662345e-05,0.002169727115289486,0.0021297207193528237,0
2023-03-24T17:58:55Z,2023-03-24T17:59:00Z,4.60172164248214e-05,0.0021782222179391308,0.0021322050015143094,0
2023-03-24T17:58:55Z,2023-03-24T17:59:00Z,3.712839997302734e-05,0.002173910499896651,0.0021367820999236235,0
2023-03-24T17:58:55Z,2023-03-24T17:59:00Z,3.893446345382828e-05,0.0021827196040258693,0.002143785140572041,0
2023-03-24T17:58:55Z,2023-03-24T17:59:00Z,3.690900677522481e-05,0.0021868511571889243,0.0021499421504136995,0
2023-03-24T17:58:55Z,2023-03-24T17:59:00Z,3.61540424773355e-05,0.0021944792861538294,0.002158325243676494,0
2023-03-24T17:58:55Z,2023-03-24T17:59:00Z,4.3190646193166926e-05,0.002209711497462262,0.002166520851269095,0
2023-03-24T17:58:55Z,2023-03-24T17:59:00Z,5.049087397568852e-05,0.002223870853560533,0.0021733799795848447,0
2023-03-24T17:58:55Z,2023-03-24T17:59:00Z,5.357581968162871e-05,0.0022353027745467646,0.002181726954865136,0
2023-03-24T17:58:55Z,2023-03-24T17:59:00Z,5.966400756115056e-05,0.0022496005365007362,0.0021899365289395857,0
2023-03-24T17:58:55Z,2023-03-24T17:59:00Z,6.836238552910667e-05,0.002266495871875852,0.0021981334863467455,0
2023-03-24T17:58:55Z,2023-03-24T17:59:00Z,8.328171752701192e-05,0.002290337493693958,0.002207055776166946,0
2023-03-24T17:58:55Z,2023-03-24T17:59:00Z,8.063670618987462e-05,0.002299265653854221,0.0022186289476643466,0
2023-03-24T17:58:55Z,2023-03-24T17:59:00Z,7.932202483322678e-05,0.002311403208706084,0.0022320811838728574,0
2023-03-24T17:58:55Z,2023-03-24T17:59:00Z,8.969088733482749e-05,0.002335823883290847,0.0022461329959560196,1
2023-03-24T17:58:55Z,2023-03-24T17:59:00Z,8.310316713335117e-05,0.0023438516534084026,0.0022607484862750514,1
2023-03-24T17:58:55Z,2023-03-24T17:59:00Z,8.108446178401113e-05,0.0023575969962876357,0.0022765125345036246,1
2023-03-24T17:58:55Z,2023-03-24T17:59:00Z,7.834740160780375e-05,0.002369857536092412,0.0022915101344846084,1
2023-03-24T17:58:55Z,2023-03-24T17:59:00Z,6.85567221093324e-05,0.0023753536343115497,0.0023067969122022173,1
2023-03-24T17:58:55Z,2023-03-24T17:59:00Z,5.667827829596841e-05,0.002378507315447145,0.0023218290371511767,1
2023-03-24T17:58:55Z,2023-03-24T17:59:00Z,4.1477117962122976e-05,0.002376913375417762,0.002335436257455639,1
2023-03-24T17:58:55Z,2023-03-24T17:59:00Z,2.5466098836187962e-05,0.002371923584010975,0.002346457485174787,1
2023-03-24T17:58:55Z,2023-03-24T17:59:00Z,6.5846438599870445e-06,0.0023495788065102424,0.0023561634503702295,1
2023-03-24T17:58:55Z,2023-03-24T17:59:00Z,3.819501839300368e-05,0.0023255334788903374,0.002363728497283341,1
2023-03-24T17:58:55Z,2023-03-24T17:59:00Z,6.373112980758485e-05,0.002301716732878181,0.002365447862685766,1
2023-03-24T17:58:55Z,2023-03-24T17:59:00Z,8.301965767999828e-05,0.0022801384331910092,0.0023631580908710075,1
2023-03-24T17:58:55Z,2023-03-24T17:59:00Z,0.00012276447000893718,0.0022334085879358884,0.0023561730579448256,1
2023-03-24T17:58:55Z,2023-03-24T17:59:00Z,0.00014568542459569584,0.002199272745486454,0.00234495817008215,1
2023-03-24T17:58:55Z,2023-03-24T17:59:00Z,0.00016224961114589664,0.002164965428139296,0.002327215039285193,1
2023-03-24T17:58:55Z,2023-03-24T17:59:00Z,0.00017163199289536466,0.002133178725144742,0.0023048107180401066,1
2023-03-24T17:58:55Z,2023-03-24T17:59:00Z,0.00017480733806536555,0.0021035098865649325,0.002278317224630298,1
2023-03-24T17:58:55Z,2023-03-24T17:59:00Z,0.00017626382747221777,0.002072210289799801,0.002248474117272019,1
2023-03-24T17:58:55Z,2023-03-24T17:59:00Z,0.00015921330488660604,0.002058502197392249,0.002217715502278855,1
2023-03-24T17:58:55Z,2023-03-24T17:59:00Z,0.00013726004413552265,0.0020487900595070156,0.0021860501036425383,1
2023-03-24T17:58:55Z,2023-03-24T17:59:00Z,0.00013416350517264164,0.002021484781534155,0.002155648286706797,1
2023-03-24T17:58:55Z,2023-03-24T17:59:00Z,0.00013678127464925678,0.0019899484653470405,0.0021267297399962973,1
2023-03-24T17:58:55Z,2023-03-24T17:59:00Z,0.00011878792107031634,0.0019814513431257647,0.002100239264196081,1
2023-03-24T17:58:55Z,2023-03-24T17:59:00Z,0.00011065774719862817,0.001963415981980026,0.002074073729178654,1
2023-03-24T17:58:55Z,2023-03-24T17:59:00Z,0.00011762340914786952,0.001933511059404093,0.0020511344685519625,1
2023-03-24T17:58:55Z,2023-03-24T17:59:00Z,0.00012178769756813839,0.0019081264280882348,0.002029914125656373,1
2023-03-24T17:58:55Z,2023-03-24T17:59:00Z,0.00011580117226825219,0.0018928630999930159,0.002008664272261268,1
2023-03-24T17:58:55Z,2023-03-24T17:59:00Z,0.00011243818815326171,0.0018757156013940607,0.0019881537895473224,1
2023-03-24T17:58:55Z,2023-03-24T17:59:00Z,0.0001028597916592365,0.0018645891107131817,0.0019674489023724182,1
2023-03-24T17:58:55Z,2023-03-24T17:59:00Z,7.818407299678355e-05,0.0018676305221115154,0.001945814595108299,1
2023-03-24T17:58:55Z,2023-03-24T17:59:00Z,4.3571224842575825e-05,0.0018826314114131011,0.001926202636255677,1
2023-03-24T17:58:55Z,2023-03-24T17:59:00Z,1.448186399694842e-05,0.0018964310293542882,0.0019109128933512366,1
2023-03-24T17:58:55Z,2023-03-24T17:59:00Z,3.9976375908667636e-06,0.0019025580394780204,0.0018985604018871536,1
2023-03-24T17:58:55Z,2023-03-24T17:59:00Z,8.227773850352045e-06,0.0018984150566592885,0.0018901872828089364,1
2023-03-24T17:58:55Z,2023-03-24T17:59:00Z,8.664973811546616e-06,0.0018949831291297239,0.0018863181553181773,1
2023-03-24T17:58:55Z,2023-03-24T17:59:00Z,9.985384420033465e-06,0.0018950896183095925,0.001885104233889559,1
2023-03-24T17:58:55Z,2023-03-24T17:59:00Z,1.4061678671960535e-05,0.0018994309162036081,0.0018853692375316476,1
2023-03-24T17:58:55Z,2023-03-24T17:59:00Z,1.553110801405435e-07,0.0018876356785659484,0.001887790989646089,1
2023-03-24T17:58:55Z,2023-03-24T17:59:00Z,6.92659477096705e-06,0.0018852196205614252,0.0018921462153323923,1
2023-03-24T17:58:55Z,2023-03-24T17:59:00Z,1.529592731288579e-05,0.0018793509325763106,0.0018946468598891964,1
2023-03-24T17:58:55Z,2023-03-24T17:59:00Z,2.534879551740121e-05,0.0018696215905153358,0.001894970386032737,1
2023-03-24T17:58:55Z,2023-03-24T17:59:00Z,2.7749006237727438e-05,0.0018650863676977622,0.0018928353739354896,1
2023-03-24T17:58:55Z,2023-03-24T17:59:00Z,2.950652788889915e-05,0.001859211789926255,0.0018887183178151541,1
2023-03-24T17:58:55Z,2023-03-24T17:59:00Z,2.911107423140798e-05,0.0018554411574635552,0.0018845522316949632,1
2023-03-24T17:58:55Z,2023-03-24T17:59:00Z,2.2376411183625943e-05,0.0018577044031109038,0.0018800808142945297,1
2023-03-24T17:58:55Z,2023-03-24T17:59:00Z,1.4880657508355155e-05,0.00186024409918042,0.0018751247566887752,1
2023-03-24T17:58:55Z,2023-03-24T17:59:00Z,1.1542907610335648e-05,0.0018583660349418512,0.001869908942552187,1
2023-03-24T17:58:55Z,2023-03-24T17:59:00Z,9.442177977975153e-06,0.0018570428171510208,0.001866484995128996,1
2023-03-24T17:58:55Z,2023-03-24T17:59:00Z,1.1207108855909153e-06,0.0018642490078121402,0.0018631282969265492,1
2023-03-24T17:58:55Z,2023-03-24T17:59:00Z,4.062837195102078e-06,0.001856276945303286,0.001860339782498388,1
2023-03-24T17:58:55Z,2023-03-24T17:59:00Z,7.613536321642977e-07,0.001860429563292653,0.0018596682096604887,1
2023-03-24T17:58:55Z,2023-03-24T17:59:00Z,1.020996480507498e-05,0.0018483570670561039,0.0018585670318611788,1
2023-03-24T17:58:55Z,2023-03-24T17:59:00Z,6.049636164155584e-06,0.0018526696173678232,0.0018587192535319788,1
2023-03-24T17:58:55Z,2023-03-24T17:59:00Z,7.483886372354389e-06,0.001850349855858693,0.0018578337422310474,1
2023-03-24T17:58:55Z,2023-03-24T17:59:00Z,1.5658004137808577e-05,0.0018415463898753537,0.0018572043940131623,1
2023-03-24T17:58:55Z,2023-03-24T17:59:00Z,1.7515298450999873e-05,0.0018384523151469465,0.0018559676135979464,1
2023-03-24T17:58:55Z,2023-03-24T17:59:00Z,1.7259082693259513e-05,0.0018366060752713746,0.001853865157964634,1
2023-03-24T17:58:55Z,2023-03-24T17:59:00Z,1.4365861078210595e-05,0.0018371754841359144,0.001851541345214125,1
2023-03-24T17:58:55Z,2023-03-24T17:59:00Z,3.930100473282117e-06,0.0018441558781732471,0.0018480859786465292,1
2023-03-24T17:58:55Z,2023-03-24T17:59:00Z,2.4205569712481417e-06,0.0018432777390293598,0.001845698296000608,1
2023-03-24T17:58:55Z,2023-03-24T17:59:00Z,1.6617344975142657e-06,0.0018453258198581964,0.0018436640853606821,1
2023-03-24T17:58:55Z,2023-03-24T17:59:00Z,1.4940636534398286e-06,0.0018415351057038992,0.001843029169357339,1
2023-03-24T17:58:55Z,2023-03-24T17:59:00Z,7.741037556117849e-07,0.001841337090913024,0.0018421111946686358,1
2023-03-24T17:58:55Z,2023-03-24T17:59:00Z,7.143269829251861e-06,0.0018338660810700346,0.0018410093508992864,1
2023-03-24T17:58:55Z,2023-03-24T17:59:00Z,2.181549493718792e-05,0.0018191676935918075,0.0018409831885289954,1
2023-03-24T17:58:55Z,2023-03-24T17:59:00Z,4.0318139850874495e-05,0.0018000917694185067,0.0018404099092693812,1
2023-03-24T17:58:55Z,2023-03-24T17:59:00Z,4.728084687089483e-05,0.0017909492646885406,0.0018382301115594355,1
2023-03-24T17:58:55Z,2023-03-24T17:59:00Z,4.3026849424883124e-05,0.0017905677977948765,0.0018335946472197596,1
2023-03-24T17:58:55Z,2023-03-24T17:59:00Z,2.9622034313120035e-05,0.001797321786221051,0.0018269438205341711,1
2023-03-24T17:58:55Z,2023-03-24T17:59:00Z,2.0316864823328442e-05,0.0018000382130565322,0.0018203550778798606,1
2023-03-24T17:58:55Z,2023-03-24T17:59:00Z,1.745364749529952e-05,0.001796900926179918,0.0018143545736752176,1
2023-03-24T17:58:55Z,2023-03-24T17:59:00Z,1.889438265129887e-05,0.0017902730794429977,0.0018091674620942966,1
2023-03-24T17:58:55Z,2023-03-24T17:59:00Z,2.548822728392578e-06,0.0018010641187742658,0.0018036129415026584,1
2023-03-24T17:58:55Z,2023-03-24T17:59:00Z,2.7825903983196443e-06,0.0018009464066975984,0.0017981638162992788,1
2023-03-24T17:58:55Z,2023-03-24T17:59:00Z,1.3195151796916533e-05,0.0018090960212440025,0.001795900869447086,1
2023-03-24T17:58:55Z,2023-03-24T17:59:00Z,1.9225957598554373e-05,0.0018152336567055268,0.0017960076991069725,1
2023-03-24T17:58:55Z,2023-03-24T17:59:00Z,1.2412051965002453e-05,0.0018106880956414077,0.0017982760436764053,1
2023-03-24T17:58:55Z,2023-03-24T17:59:00Z,1.5224029929629401e-05,0.0018165833059698658,0.0018013592760402364,1
2023-03-24T17:58:55Z,2023-03-24T17:59:00Z,1.5131292045560086e-05,0.0018181613567633413,0.0018030300647177812,1
2023-03-24T17:58:55Z,2023-03-24T17:59:00Z,7.908529023560032e-06,0.0018130067303555079,0.0018050982013319478,1
2023-03-24T17:58:55Z,2023-03-24T17:59:00Z,1.5730899064429066e-05,0.001823486654219305,0.001807755755154876,1
2023-03-24T17:58:55Z,2023-03-24T17:59:00Z,1.317667900434423e-05,0.0018237741405232838,0.0018105974615189395,1
2023-03-24T17:58:55Z,2023-03-24T17:59:00Z,1.6476162222646418e-05,0.001829876440672216,0.0018134002784495696,1
2023-03-24T17:58:55Z,2023-03-24T17:59:00Z,6.977282351526082e-06,0.0018232310275293061,0.00181625374517778,1
2023-03-24T17:58:55Z,2023-03-24T17:59:00Z,1.1376587459631729e-07,0.0018187375317317107,0.001818851297606307,1
2023-03-24T17:58:55Z,2023-03-24T17:59:00Z,9.30834727447434e-06,0.0018291593162337535,0.0018198509689592792,1
2023-03-24T17:58:55Z,2023-03-24T17:59:00Z,1.9011086149936345e-06,0.0018227582570855606,0.001820857148470567,1
2023-03-24T17:58:55Z,2023-03-24T17:59:00Z,2.595221053482361e-06,0.0018250243708070354,0.001822429149753553,1
2023-03-24T17:58:55Z,2023-03-24T17:59:00Z,9.598241959985886e-07,0.0018239635864898292,0.0018230037622938306,1
2023-03-24T17:58:55Z,2023-03-24T17:59:00Z,6.177710965353869e-06,0.0018183282563849176,0.0018245059673502714,1
2023-03-24T17:58:55Z,2023-03-24T17:59:00Z,1.1424282348111584e-05,0.0018131413015359751,0.0018245655838840867,1
2023-03-24T17:58:55Z,2023-03-24T17:59:00Z,9.933532556844057e-06,0.001813951315809947,0.001823884848366791,1
2023-03-24T17:58:55Z,2023-03-24T17:59:00Z,5.623959926685405e-06,0.0018161689960480756,0.001821792955974761,1
2023-03-24T17:58:55Z,2023-03-24T17:59:00Z,3.209958040640854e-06,0.0018174230339692004,0.0018206329920098412,1
2023-03-24T17:58:55Z,2023-03-24T17:59:00Z,3.822844574037556e-06,0.0018164890804753492,0.0018203119250493867,1
2023-03-24T17:58:55Z,2023-03-24T17:59:00Z,4.284623540204728e-06,0.0018145602662261128,0.0018188448897663175,1
2023-03-24T17:58:55Z,2023-03-24T17:59:00Z,4.315258041010395e-06,0.0018223765007310516,0.0018180612426900412,1
2023-03-24T17:58:55Z,2023-03-24T17:59:00Z,7.720392429055953e-06,0.0018244736220464817,0.0018167532296174257,1
2023-03-24T17:58:55Z,2023-03-24T17:59:00Z,9.064072425585745e-06,0.0018256189163231645,0.0018165548438975787,1
2023-03-24T17:58:55Z,2023-03-24T17:59:00Z,6.027801851418843e-06,0.001823350816456693,0.001817323014605274,1
2023-03-24T17:58:55Z,2023-03-24T17:59:00Z,4.135806032719248e-06,0.001823018522486392,0.0018188827164536728,1
2023-03-24T17:58:55Z,2023-03-24T17:59:00Z,8.331747206778099e-06,0.001811725906827738,0.0018200576540345161,1
2023-03-24T17:58:55Z,2023-03-24T17:59:00Z,1.3031139739639284e-05,0.0018078827050996664,0.0018209138448393057,1
2023-03-24T17:58:55Z,2023-03-24T17:59:00Z,1.953304271328361e-05,0.0018006686612333392,0.0018202017039466228,1
2023-03-24T17:58:55Z,2023-03-24T17:59:00Z,1.5133506391322394e-05,0.0018039924006333402,0.0018191259070246626,1
2023-03-24T17:58:55Z,2023-03-24T17:59:00Z,1.3069477276732994e-05,0.0018043199791238328,0.0018173894564005658,1
2023-03-24T17:58:55Z,2023-03-24T17:59:00Z,1.2889145097752476e-05,0.0018022022987905994,0.0018150914438883519,1
2023-03-24T17:58:55Z,2023-03-24T17:59:00Z,1.65254814497313e-05,0.0017960467570732894,0.0018125722385230207,1
2023-03-24T17:58:55Z,2023-03-24T17:59:00Z,2.0591937982484577e-05,0.0017890532233489657,0.0018096451613314503,1
2023-03-24T17:58:55Z,2023-03-24T17:59:00Z,1.8601942124051333e-05,0.0017876302117844733,0.0018062321539085247,1
2023-03-24T17:58:55Z,2023-03-24T17:59:00Z,2.0060207261764955e-05,0.0017819262842545815,0.0018019864915163465,1
2023-03-24T17:58:55Z,2023-03-24T17:59:00Z,2.6929233050973674e-05,0.0017720452965849646,0.0017989745296359382,1
2023-03-24T17:58:55Z,2023-03-24T17:59:00Z,2.966639662914318e-05,0.0017660635804011596,0.0017957299770303028,1
2023-03-24T17:58:55Z,2023-03-24T17:59:00Z,2.81003424376237e-05,0.0017640517140116321,0.0017921520564492558,1
2023-03-24T17:58:55Z,2023-03-24T17:59:00Z,2.5678363472150714e-05,0.0017617325904480826,0.0017874109539202333,1
2023-03-24T17:58:55Z,2023-03-24T17:59:00Z,2.5673277533173888e-05,0.0017567041432480343,0.0017823774207812082,1
2023-03-24T17:58:55Z,2023-03-24T17:59:00Z,3.179826554182744e-05,0.0017455204416965662,0.0017773187072383937,1
2023-03-24T17:58:55Z,2023-03-24T17:59:00Z,2.631418248961125e-05,0.0017460866980206255,0.0017724008805102367,1
2023-03-24T17:58:55Z,2023-03-24T17:59:00Z,2.154260855881233e-05,0.0017454166742448746,0.001766959282803687,1
2023-03-24T17:58:55Z,2023-03-24T17:59:00Z,2.3070940430744164e-05,0.0017386954031524617,0.0017617663435832058,1
2023-03-24T17:58:55Z,2023-03-24T17:59:00Z,2.465717181245725e-05,0.0017325454705195353,0.0017572026423319925,1
2023-03-24T17:58:55Z,2023-03-24T17:59:00Z,4.0164861309316055e-05,0.0017128690443436135,0.0017530339056529296,1
2023-03-24T17:58:55Z,2023-03-24T17:59:00Z,3.713370934700644e-05,0.00171171043257072,0.0017488441419177265,1
2023-03-24T17:58:55Z,2023-03-24T17:59:00Z,4.04050770992535e-05,0.0017020412311099706,0.0017424463082092241,1
2023-03-24T17:58:55Z,2023-03-24T17:59:00Z,4.086580495891502e-05,0.001695327733515639,0.001736193538474554,1
2023-03-24T17:58:55Z,2023-03-24T17:59:00Z,4.324367176731202e-05,0.0016861170026899839,0.0017293606744572959,1
2023-03-24T17:58:55Z,2023-03-24T17:59:00Z,3.721510851999567e-05,0.0016858714774146844,0.00172308658593468,1
2023-03-24T17:58:55Z,2023-03-24T17:59:00Z,3.586822436544624e-05,0.0016797221496529034,0.0017155903740183496,1
2023-03-24T17:58:55Z,2023-03-24T17:59:00Z,4.064684821221756e-05,0.0016675003762023585,0.001708147224414576,1
2023-03-24T17:58:55Z,2023-03-24T17:59:00Z,4.33683323632539e-05,0.0016574072353638773,0.0017007755677271312,1
2023-03-24T17:58:55Z,2023-03-24T17:59:00Z,6.18949140360973e-05,0.0016307500169013868,0.001692644930937484,1
2023-03-24T17:58:55Z,2023-03-24T17:59:00Z,6.119271665708075e-05,0.0016245194881579364,0.0016857122048150172,1
2023-03-24T17:58:55Z,2023-03-24T17:59:00Z,5.2726853211026905e-05,0.0016228652996453236,0.0016755921528563505,1
2023-03-24T17:58:55Z,2023-03-24T17:59:00Z,4.890233050240211e-05,0.0016169996044849441,0.0016659019349873462,1
2023-03-24T17:58:55Z,2023-03-24T17:59:00Z,4.7510704211875185e-05,0.0016093334265416814,0.0016568441307535566,1
2023-03-24T17:58:55Z,2023-03-24T17:59:00Z,4.854627500376803e-05,0.0015996581809741587,0.0016482044559779268,1
2023-03-24T17:58:55Z,2023-03-24T17:59:00Z,4.4402237253092416e-05,0.001594234962365709,0.0016386371996188014,1
2023-03-24T17:58:55Z,2023-03-24T17:59:00Z,3.496264587285144e-05,0.0015936665576611068,0.0016286292035339583,1
2023-03-24T17:58:55Z,2023-03-24T17:59:00Z,1.877038336241298e-05,0.0016007006434419642,0.0016194710268043772,1
2023-03-24T17:58:55Z,2023-03-24T17:59:00Z,2.087284749653054e-05,0.0015906305945950002,0.0016115034420915307,1
2023-03-24T17:58:55Z,2023-03-24T17:59:00Z,2.6691603218264312e-05,0.0015810556671908386,0.001607747270409103,1
2023-03-24T17:58:55Z,2023-03-24T17:59:00Z,2.4232645436413633e-05,0.0015792785132773223,0.001603511158713736,1
2023-03-24T17:58:55Z,2023-03-24T17:59:00Z,2.2966262290784927e-05,0.0015753186923661404,0.0015982849546569253,1
2023-03-24T17:58:55Z,2023-03-24T17:59:00Z,2.4071007645053502e-05,0.0015694988106109192,0.0015935698182559727,1
2023-03-24T17:58:55Z,2023-03-24T17:59:00Z,2.8214015213471038e-05,0.001561103961270559,0.00158931797648403,1
2023-03-24T17:58:55Z,2023-03-24T17:59:00Z,1.701412261559572e-05,0.0015685339325730294,0.0015855480551886251,1
2023-03-24T17:58:55Z,2023-03-24T17:59:00Z,1.8026293774415364e-05,0.001563380386277316,0.0015814066800517313,1
2023-03-24T17:58:55Z,2023-03-24T17:59:00Z,1.5175096013524689e-05,0.001563090005902197,0.0015782651019157217,1
2023-03-24T17:58:55Z,2023-03-24T17:59:00Z,2.0643783705846623e-05,0.001552956286064294,0.0015736000697701407,1
2023-03-24T17:58:55Z,2023-03-24T17:59:00Z,1.8449376911584e-05,0.0015517081192719562,0.0015701574961835402,1
2023-03-24T17:58:55Z,2023-03-24T17:59:00Z,2.195364867997444e-05,0.0015446914248627478,0.0015666450735427222,1
2023-03-24T17:58:55Z,2023-03-24T17:59:00Z,2.4274634613043015e-05,0.0015389241396790083,0.0015631987742920513,1
2023-03-24T17:58:55Z,2023-03-24T17:59:00Z,3.2250400719053586e-05,0.0015271199651350738,0.0015593703658541274,1
2023-03-24T17:58:55Z,2023-03-24T17:59:00Z,4.102071363091555e-05,0.0015145278183567228,0.0015555485319876383,1
2023-03-24T17:58:55Z,2023-03-24T17:59:00Z,5.0447947563769325e-05,0.0015008525849069334,0.0015513005324707028,1
2023-03-24T17:58:55Z,2023-03-24T17:59:00Z,4.687912316851347e-05,0.001497670645025151,0.0015445497681936644,1
2023-03-24T17:58:55Z,2023-03-24T17:59:00Z,4.534751108236832e-05,0.0014913862819399984,0.0015367337930223667,1
2023-03-24T17:58:55Z,2023-03-24T17:59:00Z,4.594918459850249e-05,0.0014826071883142333,0.0015285563729127358,1
2023-03-24T17:58:55Z,2023-03-24T17:59:00Z,4.116603321977592e-05,0.001479694089177423,0.001520860122397199,1
2023-03-24T17:58:55Z,2023-03-24T17:59:00Z,3.547757111936503e-05,0.0014767449349081185,0.0015122225060274835,1
2023-03-24T17:58:55Z,2023-03-24T17:59:00Z,3.219861291499696e-05,0.001471899226151821,0.001504097839066818,1
2023-03-24T17:58:55Z,2023-03-24T17:59:00Z,3.3605417543139306e-05,0.0014627200209273174,0.0014963254384704567,1
2023-03-24T17:58:55Z,2023-03-24T17:59:00Z,3.4332221094504666e-05,0.0014550906250030454,0.00148942284609755,1
2023-03-24T17:58:55Z,2023-03-24T17:59:00Z,4.6642643349909755e-05,0.0014363042280689648,0.0014829468714188745,1
2023-03-24T17:58:55Z,2023-03-24T17:59:00Z,5.113288861193616e-05,0.0014260937378189522,0.0014772266264308884,1
2023-03-24T17:58:55Z,2023-03-24T17:59:00Z,5.394250904537071e-05,0.0014156133152659945,0.0014695558243113653,1
2023-03-24T17:58:55Z,2023-03-24T17:59:00Z,6.460275678661404e-05,0.0013967914995096204,0.0014613942562962344,1
2023-03-24T17:58:55Z,2023-03-24T17:59:00Z,9.765463487886755e-05,0.0013553653872863372,0.0014530200221652047,1
2023-03-24T17:58:55Z,2023-03-24T17:59:00Z,0.00013341357139757984,0.0013092436270591495,0.0014426571984567293,1
2023-03-24T17:58:55Z,2023-03-24T17:59:00Z,0.00016617421218319988,0.0012613105428208066,0.0014274847550040065,1
2023-03-24T17:58:55Z,2023-03-24T17:59:00Z,0.0001731235244630282,0.0012340292806543947,0.0014071528051174229,1
2023-03-24T17:58:55Z,2023-03-24T17:59:00Z,0.00017907335805701294,0.001202903262297096,0.0013819766203541088,1
2023-03-24T17:58:55Z,2023-03-24T17:59:00Z,0.00017334527512085827,0.001180998677189669,0.0013543439523105274,1
2023-03-24T17:58:55Z,2023-03-24T17:59:00Z,0.0001439624663539191,0.0011812063652351249,0.001325168831589044,1
2023-03-24T17:58:55Z,2023-03-24T17:59:00Z,0.00010931358949738514,0.0011852183595129984,0.0012945319490103835,1
2023-03-24T17:58:55Z,2023-03-24T17:59:00Z,7.061145297552899e-05,0.0011946196272809957,0.0012652310802565246,1
2023-03-24T17:58:55Z,2023-03-24T17:59:00Z,3.662231924934402e-05,0.0012021621185076031,0.0012387844377569472,1
2023-03-24T17:58:55Z,2023-03-24T17:59:00Z,5.32221781601055e-06,0.0012133689999402686,0.0012186912177562792,1
2023-03-24T17:58:55Z,2023-03-24T17:59:00Z,2.0139354181638192e-05,0.0012254453833689743,0.001205306029187336,1
2023-03-24T17:58:55Z,2023-03-24T17:59:00Z,3.580371623537336e-05,0.001235117052562642,0.0011993133363272686,0
2023-03-24T17:58:55Z,2023-03-24T17:59:00Z,5.208069621291558e-05,0.0012503210453795068,0.0011982403491665912,0
2023-03-24T17:58:55Z,2023-03-24T17:59:00Z,5.048838210306144e-05,0.001252755455052846,0.0012022670729497846,0
2023-03-24T17:58:55Z,2023-03-24T17:59:00Z,6.23523713742071e-05,0.0012732847403477212,0.0012109323689735141,0
2023-03-24T17:58:55Z,2023-03-24T17:59:00Z,7.515559728553628e-05,0.0012950316024862654,0.0012198760052007291,0
2023-03-24T17:58:55Z,2023-03-24T17:59:00Z,8.519916595366162e-05,0.0013160834687587315,0.0012308843028050699,0
2023-03-24T17:58:55Z,2023-03-24T17:59:00Z,8.799934335182056e-05,0.001331435143057549,0.0012434357997057285,0
2023-03-24T17:58:55Z,2023-03-24T17:59:00Z,9.147281690787749e-05,0.001349148785394997,0.0012576759684871195,0
2023-03-24T17:58:55Z,2023-03-24T17:59:00Z,9.46665708321478e-05,0.0013671008072089273,0.0012724342363767795,0
2023-03-24T17:58:55Z,2023-03-24T17:59:00Z,0.00010755160815118002,0.0013954487697812124,0.0012878971616300324,0
2023-03-24T17:58:55Z,2023-03-24T17:59:00Z,0.00010945708190178752,0.0014138522128626055,0.001304395130960818,0
2023-03-24T17:58:55Z,2023-03-24T17:59:00Z,0.00010973150244300307,0.0014322675989540342,0.0013225360965110312,0
2023-03-24T17:58:55Z,2023-03-24T17:59:00Z,0.0001098562406958649,0.0014525294319331162,0.0013426731912372513,0
2023-03-24T17:58:55Z,2023-03-24T17:59:00Z,0.00011697062381991704,0.0014795166723829574,0.0013625460485630404,0
2023-03-24T17:58:55Z,2023-03-24T17:59:00Z,0.00011924087768610918,0.0015014741549300057,0.0013822332772438965,0
2023-03-24T17:58:55Z,2023-03-24T17:59:00Z,0.00012704621862225595,0.0015297086463191807,0.0014026624276969248,0
2023-03-24T17:58:55Z,2023-03-24T17:59:00Z,0.00012821199211484583,0.0015521292962958277,0.0014239173041809819,0
2023-03-24T17:58:55Z,2023-03-24T17:59:00Z,0.000140047284198882,0.001586534570995387,0.001446487286796505,0
2023-03-24T17:58:55Z,2023-03-24T17:59:00Z,0.00015183441457122435,0.0016214502625035918,0.0014696158479323674,0
2023-03-24T17:58:55Z,2023-03-24T17:59:00Z,0.0001662119207123116,0.0016597134937964507,0.0014935015730841391,0
2023-03-24T17:58:55Z,2023-03-24T17:59:00Z,0.00018909282482820668,0.0017085441541174692,0.0015194513292892625,0
2023-03-24T17:58:55Z,2023-03-24T17:59:00Z,0.0002077502267066615,0.0017556322928512262,0.0015478820661445646,0
2023-03-24T17:58:55Z,2023-03-24T17:59:00Z,0.00022061651837888894,0.0018005004247964977,0.0015798839064176087,0
2023-03-24T17:58:55Z,2023-03-24T17:59:00Z,0.00024124266563935464,0.0018556410246154968,0.0016143983589761422,0
2023-03-24T17:58:55Z,2023-03-24T17:59:00Z,0.00031017808765180415,0.001961954730361258,0.001651776642709454,0
2023-03-24T17:58:55Z,2023-03-24T17:59:00Z,0.00038886381757022087,0.0020813820075667143,0.0016925181899964934,0
2023-03-24T17:58:55Z,2023-03-24T17:59:00Z,0.00037795033344654723,0.0021216967027012194,0.0017437463692546722,0
2023-03-24T17:58:55Z,2023-03-24T17:59:00Z,0.00028743554848285283,0.0020930378473089407,0.001805602298826088,0
2023-03-24T17:58:55Z,2023-03-24T17:59:00Z,0.00019092607768955347,0.002059059181540345,0.0018681331038507916,0
2023-03-24T17:58:55Z,2023-03-24T17:59:00Z,0.00010619633378812,0.0020284949818279727,0.0019222986480398527,0
2023-03-24T17:58:55Z,2023-03-24T17:59:00Z,5.132864991283081e-05,0.002017441676380543,0.0019661130264677124,0
2023-03-24T17:58:55Z,2023-03-24T17:59:00Z,1.154387787181358e-05,0.002011764740461619,0.0020002208625898056,0
2023-03-24T17:58:55Z,2023-03-24T17:59:00Z,2.3647942911399905e-05,0.002003690576126411,0.002027338519037811,0
2023-03-24T17:58:55Z,2023-03-24T17:59:00Z,4.0093764909292316e-05,0.002006760218609284,0.0020468539835185764,0
2023-03-24T17:58:55Z,2023-03-24T17:59:00Z,4.965069536657469e-05,0.0020024202688726464,0.002052070964239221,0
2023-03-24T17:58:55Z,2023-03-24T17:59:00Z,4.364135272322484e-05,0.0019991018878963173,0.002042743240619542,0
2023-03-24T17:58:55Z,2023-03-24T17:59:00Z,2.9299567031274357e-05,0.0019985341193596963,0.0020278336863909707,0
2023-03-24T17:58:55Z,2023-03-24T17:59:00Z,9.748154130518206e-06,0.002006343537333874,0.002016091691464392,0
2023-03-24T17:58:55Z,2023-03-24T17:59:00Z,4.285429210039177e-06,0.0020128114879018506,0.0020085260586918115,0
2023-03-24T17:58:55Z,2023-03-24T17:59:00Z,8.947479091611903e-06,0.002014704607221661,0.002005757128130049,0
2023-03-24T17:58:55Z,2023-03-24T17:59:00Z,9.103515357867815e-06,0.0020142818699280802,0.0020051783545702124,0
2023-03-24T17:58:55Z,2023-03-24T17:59:00Z,2.3307753849547645e-05,0.002028853591764765,0.0020055458379152173,0
2023-03-24T17:58:55Z,2023-03-24T17:59:00Z,2.7656783729901324e-05,0.002034526533370328,0.0020068697496404267,0
2023-03-24T17:58:55Z,2023-03-24T17:59:00Z,2.9978074745859624e-05,0.0020396094960307212,0.0020096314212848616,0
2023-03-24T17:58:55Z,2023-03-24T17:59:00Z,4.988822343857807e-05,0.00206353292778565,0.0020136447043470718,0
2023-03-24T17:58:55Z,2023-03-24T17:59:00Z,4.9000444413466095e-05,0.002067708599777338,0.002018708155363872,0
2023-03-24T17:58:55Z,2023-03-24T17:59:00Z,5.557245938188869e-05,0.002082405465799005,0.0020268330064171164,0
2023-03-24T17:58:55Z,2023-03-24T17:59:00Z,5.5334467904533894e-05,0.002089838107127083,0.002034503639222549,0
2023-03-24T17:58:55Z,2023-03-24T17:59:00Z,6.186620436004131e-05,0.002105069090819735,0.002043202886459694,0
2023-03-24T17:58:55Z,2023-03-24T17:59:00Z,6.690320449141002e-05,0.002119497778439281,0.002052594573947871,0
2023-03-24T17:58:55Z,2023-03-24T17:59:00Z,6.788047612588501e-05,0.0021318234526852132,0.0020639429765593282,0
2023-03-24T17:58:55Z,2023-03-24T17:59:00Z,6.722152450854739e-05,0.0021424950244021902,0.002075273499893643,0
2023-03-24T17:58:55Z,2023-03-24T17:59:00Z,6.634140853273816e-05,0.0021537770233407416,0.0020874356148080035,0
2023-03-24T17:58:55Z,2023-03-24T17:59:00Z,6.136952715187199e-05,0.002161665833006309,0.002100296305854437,0
2023-03-24T17:58:55Z,2023-03-24T17:59:00Z,7.041667652894377e-05,0.0021819934943277668,0.002111576817798823,0
2023-03-24T17:58:55Z,2023-03-24T17:59:00Z,6.425500194487052e-05,0.0021875764738973156,0.002123321471952445,0
2023-03-24T17:58:55Z,2023-03-24T17:59:00Z,6.502268962068399e-05,0.002200792665139224,0.00213576997551854,0
2023-03-24T17:58:55Z,2023-03-24T17:59:00Z,7.410684212295253e-05,0.0022220941134877717,0.002147987271364819,0
2023-03-24T17:58:55Z,2023-03-24T17:59:00Z,6.628306682231015e-05,0.002226235784977065,0.002159952718154755,0
2023-03-24T17:58:55Z,2023-03-24T17:59:00Z,6.0855255698895935e-05,0.0022336325157347125,0.0021727772600358165,0
2023-03-24T17:58:55Z,2023-03-24T17:59:00Z,4.536434834560496e-05,0.002229943149917903,0.002184578801572298,0
2023-03-24T17:58:55Z,2023-03-24T17:59:00Z,2.902055929895897e-05,0.0022249915472878218,0.002195970987988863,0
2023-03-24T17:58:55Z,2023-03-24T17:59:00Z,1.7967232349086395e-05,0.0022234589861600948,0.0022054917538110084,0
2023-03-24T17:58:55Z,2023-03-24T17:59:00Z,9.338044473494993e-06,0.0022040694236227024,0.0022134074680961974,0
2023-03-24T17:58:55Z,2023-03-24T17:59:00Z,8.856580214957905e-06,0.0022097340743602806,0.0022185906545752385,0
2023-03-24T17:58:55Z,2023-03-24T17:59:00Z,2.897534775031952e-06,0.0022177547385158797,0.0022206522732909116,0
2023-03-24T17:58:55Z,2023-03-24T17:59:00Z,1.547903305551242e-05,0.0022372489824990563,0.002221769949443544,0
2023-03-24T17:58:55Z,2023-03-24T17:59:00Z,1.502471045515888e-05,0.002236252238027216,0.0022212275275720573,0
2023-03-24T17:58:55Z,2023-03-24T17:59:00Z,4.7277125662349966e-05,0.0022698813029246563,0.0022226041772623064,0
2023-03-24T17:58:55Z,2023-03-24T17:59:00Z,2.850545613267792e-05,0.002251437098681547,0.002222931642548869,0
2023-03-24T17:58:55Z,2023-03-24T17:59:00Z,2.5472422512297192e-05,0.002253396334187011,0.0022279239116747137,0
2023-03-24T17:58:55Z,2023-03-24T17:59:00Z,4.0820615905747416e-05,0.0022720502215046764,0.002231229605598929,0
2023-03-24T17:58:55Z,2023-03-24T17:59:00Z,1.9811559978202917e-05,0.002254783334080497,0.002234971774102294,0
2023-03-24T17:58:55Z,2023-03-24T17:59:00Z,4.484288978620892e-06,0.0022479536628161613,0.0022434693738375405,0
2023-03-24T17:58:55Z,2023-03-24T17:59:00Z,4.2696324902391936e-05,0.0022064042064001755,0.0022491005313025675,0
2023-03-24T17:58:55Z,2023-03-24T17:59:00Z,4.356101068706767e-05,0.002209314386153035,0.0022528753968401025,0
2023-03-24T17:58:55Z,2023-03-24T17:59:00Z,5.5331795685538334e-05,0.0021936880041422044,0.0022490197998277428,0
2023-03-24T17:58:55Z,2023-03-24T17:59:00Z,6.026291625681928e-05,0.002185389652086651,0.0022456525683434703,0
2023-03-24T17:58:55Z,2023-03-24T17:59:00Z,6.047072310030573e-05,0.002175657682895358,0.0022361284059956637,0
2023-03-24T17:58:55Z,2023-03-24T17:59:00Z,5.27126470352521e-05,0.002175159828136049,0.0022278724751713013,0
2023-03-24T17:58:55Z,2023-03-24T17:59:00Z,5.246822723873213e-05,0.0021656869165211125,0.0022181551437598446,0
2023-03-24T17:58:55Z,2023-03-24T17:59:00Z,4.98989395963682e-05,0.0021561449049923983,0.0022060438445887665,0
2023-03-24T17:58:55Z,2023-03-24T17:59:00Z,4.671426116727899e-05,0.002148192531226564,0.002194906792393843,0
2023-03-24T17:58:55Z,2023-03-24T17:59:00Z,1.660175248829063e-05,0.0021668289451775825,0.002183430697665873,0
2023-03-24T17:58:55Z,2023-03-24T17:59:00Z,4.690464543106489e-05,0.0021292495928381065,0.0021761542382691713,0
2023-03-24T17:58:55Z,2023-03-24T17:59:00Z,4.0659468079065706e-05,0.002130184090068174,0.00217084355814724,0
2023-03-24T17:58:55Z,2023-03-24T17:59:00Z,3.36697612923105e-05,0.0021291189954419174,0.002162788756734228,0
2023-03-24T17:58:55Z,2023-03-24T17:59:00Z,7.208320232356125e-06,0.0021486797412495623,0.0021558880614819184,0
2023-03-24T17:58:55Z,2023-03-24T17:59:00Z,7.418014991726965e-06,0.002142652710558511,0.002150070725550238,0
2023-03-24T17:58:55Z,2023-03-24T17:59:00Z,4.86757705001669e-07,0.002147247472394429,0.002146760714689427,0
2023-03-24T17:58:55Z,2023-03-24T17:59:00Z,3.6722703915393305e-05,0.0021071587350287085,0.002143881438944102,0
2023-03-24T17:58:55Z,2023-03-24T17:59:00Z,2.6359311227869536e-05,0.0021164099486414866,0.002142769259869356,0
2023-03-24T17:58:55Z,2023-03-24T17:59:00Z,2.9787142142907123e-05,0.002107852893201717,0.002137640035344624,0
2023-03-24T17:58:55Z,2023-03-24T17:59:00Z,3.212575493841954e-05,0.0020992119058391924,0.002131337660777612,0
2023-03-24T17:58:55Z,2023-03-24T17:59:00Z,4.056353386118613e-05,0.002088099539461877,0.002128663073323063,0
2023-03-24T17:58:55Z,2023-03-24T17:59:00Z,3.4030148545411646e-05,0.002090761401749029,0.0021247915502944407,0
2023-03-24T17:58:55Z,2023-03-24T17:59:00Z,2.1507203211027903e-05,0.002098156915085908,0.002119664118296936,0
2023-03-24T17:58:55Z,2023-03-24T17:59:00Z,2.1019640572707016e-05,0.002091404685286662,0.002112424325859369,0
2023-03-24T17:58:55Z,2023-03-24T17:59:00Z,1.7160827288498562e-05,0.002089701524136795,0.0021068623514252935,0
2023-03-24T17:58:55Z,2023-03-24T17:59:00Z,1.0601384189549805e-05,0.0021104833872263723,0.0020998820030368225,0
2023-03-24T17:58:55Z,2023-03-24T17:59:00Z,4.778983129523524e-06,0.002102478834804857,0.0020976998516753333,0
2023-03-24T17:58:55Z,2023-03-24T17:59:00Z,4.999932474774801e-07,0.002096459038250967,0.0020969590314984443,0
2023-03-24T17:58:55Z,2023-03-24T17:59:00Z,2.9991946294445626e-05,0.002066295327904391,0.0020962872741988364,0
2023-03-24T17:58:55Z,2023-03-24T17:59:00Z,2.742808322354776e-05,0.0020685150825267605,0.0020959431657503083,0
2023-03-24T17:58:55Z,2023-03-24T17:59:00Z,5.9754630758556034e-05,0.0020334630085470664,0.0020932176393056224,0
2023-03-24T17:58:55Z,2023-03-24T17:59:00Z,6.376268982769776e-05,0.0020266741595751413,0.002090436849402839,0
2023-03-24T17:58:55Z,2023-03-24T17:59:00Z,5.874914112434168e-05,0.002023600969961142,0.002082350111085484,0
2023-03-24T17:58:55Z,2023-03-24T17:59:00Z,7.112180842878957e-05,0.002003136986942754,0.0020742587953715436,0
2023-03-24T17:58:55Z,2023-03-24T17:59:00Z,4.737579725468816e-05,0.002018620428844899,0.002065996226099587,0
2023-03-24T17:58:55Z,2023-03-24T17:59:00Z,3.7775881243159917e-05,0.002014802044820975,0.002052577926064135,0
2023-03-24T17:58:55Z,2023-03-24T17:59:00Z,3.35185342010191e-05,0.002008577091118121,0.00204209562531914,0
2023-03-24T17:58:55Z,2023-03-24T17:59:00Z,3.7158049489891595e-05,0.0019947304516504997,0.0020318885011403913,0
2023-03-24T17:58:55Z,2023-03-24T17:59:00Z,3.1493719070557064e-05,0.0019931800024715505,0.0020246737215421076,0
2023-03-24T17:58:55Z,2023-03-24T17:59:00Z,1.8132329745857486e-05,0.0019973183129367174,0.002015450642682575,0
2023-03-24T17:58:55Z,2023-03-24T17:59:00Z,1.4559350228480691e-05,0.0019958559166946546,0.0020104152669231353,0
2023-03-24T17:58:55Z,2023-03-24T17:59:00Z,7.886845181204454e-06,0.0019988589409121282,0.0020067457860933327,0
2023-03-24T17:58:55Z,2023-03-24T17:59:00Z,5.569403456232372e-06,0.001997708250978789,0.0020032776544350213,0
2023-03-24T17:58:55Z,2023-03-24T17:59:00Z,1.1408290580367571e-05,0.0019913346081008253,0.002002742898681193,0
2023-03-24T17:58:55Z,2023-03-24T17:59:00Z,1.5866554206713738e-05,0.002015995430654643,0.0020001288764479293,0
2023-03-24T17:58:55Z,2023-03-24T17:59:00Z,8.818111069217472e-06,0.002006013557927128,0.0019971954468579107,0
2023-03-24T17:58:55Z,2023-03-24T17:59:00Z,3.884189384338078e-06,0.002002006928684314,0.001998122739299976,0
2023-03-24T17:58:55Z,2023-03-24T17:59:00Z,1.5946497968122222e-05,0.0020154796255526766,0.0019995331275845544,0
2023-03-24T17:58:55Z,2023-03-24T17:59:00Z,2.154030441202078e-05,0.0020221767977731705,0.0020006364933611498,0
2023-03-24T17:58:55Z,2023-03-24T17:59:00Z,2.907706414357258e-05,0.0020319837215817173,0.0020029066574381448,0
2023-03-24T17:58:55Z,2023-03-24T17:59:00Z,4.2162388024766934e-05,0.0020483591555977266,0.0020061967675729596,0
2023-03-24T17:58:55Z,2023-03-24T17:59:00Z,4.6741270799709796e-05,0.002057078635956368,0.002010337365156658,0
2023-03-24T17:58:55Z,2023-03-24T17:59:00Z,4.672881577027187e-05,0.002063397544004297,0.0020166687282340253,0
2023-03-24T17:58:55Z,2023-03-24T17:59:00Z,3.7081466923480355e-05,0.0020619681986394486,0.0020248867317159682,0
2023-03-24T17:58:55Z,2023-03-24T17:59:00Z,4.3851453002503264e-05,0.0020746634488871783,0.002030811995884675,0
2023-03-24T17:58:55Z,2023-03-24T17:59:00Z,4.21808231174884e-05,0.002079987149091203,0.0020378063259737147,0
2023-03-24T17:58:55Z,2023-03-24T17:59:00Z,4.62468468757503e-05,0.002093135237874823,0.0020468883909990727,0
2023-03-24T17:58:55Z,2023-03-24T17:59:00Z,3.8037238360715594e-05,0.0020929890698021046,0.002054951831441389,0
2023-03-24T17:58:55Z,2023-03-24T17:59:00Z,5.070902650518511e-05,0.0021145306629592807,0.0020638216364540956,0
2023-03-24T17:58:55Z,2023-03-24T17:59:00Z,4.121386435798364e-05,0.0021126611693396274,0.002071447304981644,0
2023-03-24T17:58:55Z,2023-03-24T17:59:00Z,3.615558845796807e-05,0.002115874331859806,0.002079718743401838,0
2023-03-24T17:58:55Z,2023-03-24T17:59:00Z,2.6865076226200314e-05,0.0021135316363009456,0.0020866665600747453,0
2023-03-24T17:58:55Z,2023-03-24T17:59:00Z,3.323230226229485e-05,0.002126458460818979,0.002093226158556684,0
2023-03-24T17:58:55Z,2023-03-24T17:59:00Z,3.207073255913134e-05,0.0021317423208235026,0.0020996715882643712,0
2023-03-24T17:58:55Z,2023-03-24T17:59:00Z,2.1185161150228098e-05,0.0021273311259060743,0.002106145964755846,0
2023-03-24T17:58:55Z,2023-03-24T17:59:00Z,8.79565077180778e-06,0.0021214110119941914,0.0021126153612223836,0
2023-03-24T17:58:55Z,2023-03-24T17:59:00Z,4.228741183995473e-06,0.0021126611060422944,0.00211688984722629,0
2023-03-24T17:58:55Z,2023-03-24T17:59:00Z,2.2885850247773495e-06,0.0021181540049755236,0.002120442590000301,0
2023-03-24T17:58:55Z,2023-03-24T17:59:00Z,1.644311803015129e-07,0.0021203733265659787,0.0021202088953856772,0
2023-03-24T17:58:55Z,2023-03-24T17:59:00Z,9.006883753629076e-06,0.0021118886160865352,0.0021208954998401643,0
2023-03-24T17:58:55Z,2023-03-24T17:59:00Z,5.927076788935209e-06,0.002115530797389501,0.002121457874178436,0
2023-03-24T17:58:55Z,2023-03-24T17:59:00Z,9.833104333997061e-06,0.002111419392317638,0.002121252496651635,0
2023-03-24T17:58:55Z,2023-03-24T17:59:00Z,4.191850369380124e-06,0.0021156946883535703,0.0021198865387229504,0
2023-03-24T17:58:55Z,2023-03-24T17:59:00Z,6.070481581593994e-06,0.0021112756910781232,0.0021173461726597172,0
2023-03-24T17:58:55Z,2023-03-24T17:59:00Z,1.4258726235096865e-06,0.002114465745342144,0.002115891617965654,0
2023-03-24T17:58:55Z,2023-03-24T17:59:00Z,6.266906047608899e-06,0.0021208916088987545,0.0021146247028511456,0
2023-03-24T17:58:55Z,2023-03-24T17:59:00Z,3.9862828116118965e-06,0.002118836565575239,0.002114850282763627,0
2023-03-24T17:58:55Z,2023-03-24T17:59:00Z,5.426043146561192e-06,0.0021097664401074695,0.0021151924832540307,0
2023-03-24T17:58:55Z,2023-03-24T17:59:00Z,5.151833393185305e-06,0.002109848554737003,0.0021150003881301883,0
2023-03-24T17:58:55Z,2023-03-24T17:59:00Z,5.2039154340081765e-06,0.0021199390315668133,0.002114735116132805,0
2023-03-24T17:58:55Z,2023-03-24T17:59:00Z,2.580149319220907e-05,0.0020882233426090338,0.002114024835801243,0
2023-03-24T17:58:55Z,2023-03-24T17:59:00Z,1.7340894656659323e-05,0.0020977488960507306,0.00211508979070739,0