sTime,eTime,Change,Value,Mean_last_17,real_label
2023-03-24T17:58:55Z,2023-03-24T17:59:00Z,None,0.0032514551161769204,None,1
2023-03-24T17:58:55Z,2023-03-24T17:59:00Z,None,0.003237567208114949,None,0
2023-03-24T17:58:55Z,2023-03-24T17:59:00Z,None,0.00324895398670579,None,0
2023-03-24T17:58:55Z,2023-03-24T17:59:00Z,None,0.003253867883306482,None,0
2023-03-24T17:58:55Z,2023-03-24T17:59:00Z,None,0.003247058133180412,None,0
2023-03-24T17:58:55Z,2023-03-24T17:59:00Z,None,0.0032343454378424225,None,0
2023-03-24T17:58:55Z,2023-03-24T17:59:00Z,None,0.0032516298881607626,None,0
2023-03-24T17:58:55Z,2023-03-24T17:59:00Z,None,0.003256309205775285,None,0
2023-03-24T17:58:55Z,2023-03-24T17:59:00Z,None,0.0032583806128548116,None,0
2023-03-24T17:58:55Z,2023-03-24T17:59:00Z,None,0.003268826237697653,None,0
2023-03-24T17:58:55Z,2023-03-24T17:59:00Z,None,0.003267254437683404,None,0
2023-03-24T17:58:55Z,2023-03-24T17:59:00Z,None,0.0032547991687979522,None,0
2023-03-24T17:58:55Z,2023-03-24T17:59:00Z,None,0.0032384154324235272,None,0
2023-03-24T17:58:55Z,2023-03-24T17:59:00Z,None,0.0031875162931724386,None,0
2023-03-24T17:58:55Z,2023-03-24T17:59:00Z,None,0.00317847257708881,None,0
2023-03-24T17:58:55Z,2023-03-24T17:59:00Z,None,0.00313541215495073,None,0
2023-03-24T17:58:55Z,2023-03-24T17:59:00Z,None,0.0031396954737904085,None,0
2023-03-24T17:58:55Z,2023-03-24T17:59:00Z,0.00011491849006817949,0.0031207229958025925,0.003235641485870772,0
2023-03-24T17:58:55Z,2023-03-24T17:59:00Z,0.0001148221256901216,0.0031138343825314932,0.003228656508221615,0
2023-03-24T17:58:55Z,2023-03-24T17:59:00Z,0.00012555869364619648,0.0030957950513058963,0.003221353744952093,0
2023-03-24T17:58:55Z,2023-03-24T17:59:00Z,0.00013756830609268312,0.003075340463598516,0.0032129087696911992,0
2023-03-24T17:58:55Z,2023-03-24T17:59:00Z,0.000130582762789681,0.0030724464549014814,0.0032030292176911624,0
2023-03-24T17:58:55Z,2023-03-24T17:59:00Z,0.00012225777197872635,0.0030700390913635674,0.0031922968633422938,0
2023-03-24T17:58:55Z,2023-03-24T17:59:00Z,0.00017288509928034199,0.003009293077628143,0.003182178176908485,0
2023-03-24T17:58:55Z,2023-03-24T17:59:00Z,0.00014178587577654434,0.0030290428763321163,0.0031708287521086606,0
2023-03-24T17:58:55Z,2023-03-24T17:59:00Z,8.40998762061387e-05,0.003071290367893325,0.003155390244099464,0
2023-03-24T17:58:55Z,2023-03-24T17:59:00Z,9.204728554866896e-05,0.0030490093500181266,0.0031410566355667955,0
2023-03-24T17:58:55Z,2023-03-24T17:59:00Z,0.00010148066166642362,0.0030272299820376016,0.0031287106437040252,0
2023-03-24T17:58:55Z,2023-03-24T17:59:00Z,9.198994924466053e-05,0.003023080376480285,0.0031150703257249454,0
2023-03-24T17:58:55Z,2023-03-24T17:59:00Z,6.32443879446656e-05,0.0030376028636077577,0.0031008472515524233,0
2023-03-24T17:58:55Z,2023-03-24T17:59:00Z,8.282587833483967e-05,0.0030045629322211307,0.0030873888105559704,0
2023-03-24T17:58:55Z,2023-03-24T17:59:00Z,4.50415256308726e-05,0.0030329776955773055,0.003078019221208178,0
2023-03-24T17:58:55Z,2023-03-24T17:59:00Z,5.257175188524109e-07,0.003067675585922801,0.0030671498684039485,0
2023-03-24T17:58:55Z,2023-03-24T17:59:00Z,1.340679648769447e-05,0.003074154511180804,0.0030607477146931093,0
2023-03-24T17:58:55Z,2023-03-24T17:59:00Z,4.9609639808966596e-05,0.00310585611151035,0.0030562464717013836,0
2023-03-24T17:58:55Z,2023-03-24T17:59:00Z,6.0361006833039004e-05,0.003113696948245561,0.003053335941412522,0
2023-03-24T17:58:55Z,2023-03-24T17:59:00Z,4.38394398924527e-05,0.0030966767393661534,0.0030528372994737007,0
2023-03-24T17:58:55Z,2023-03-24T17:59:00Z,5.656951885506592e-05,0.0031105256868874955,0.0030539561680324296,0
2023-03-24T17:58:55Z,2023-03-24T17:59:00Z,4.8985159981904114e-05,0.003104274845249811,0.0030552896852679068,0
2023-03-24T17:58:55Z,2023-03-24T17:59:00Z,5.3199121632303056e-05,0.0031108687588993354,0.0030576696372670324,0
2023-03-24T17:58:55Z,2023-03-24T17:59:00Z,4.1255471893793597e-05,0.0031010648437787168,0.003059809371884923,0
2023-03-24T17:58:55Z,2023-03-24T17:59:00Z,2.8633699175952942e-05,0.0030947915511403256,0.0030661578519643727,0
2023-03-24T17:58:55Z,2023-03-24T17:59:00Z,3.0792695708767043e-05,0.003101451920638552,0.0030706592249297848,0
2023-03-24T17:58:55Z,2023-03-24T17:59:00Z,5.7802737694786794e-05,0.0031299307865775092,0.0030721280488827224,0
2023-03-24T17:58:55Z,2023-03-24T17:59:00Z,7.293914975959334e-05,0.003148344859306092,0.0030754057095464986,0
2023-03-24T17:58:55Z,2023-03-24T17:59:00Z,7.552753371991043e-05,0.003157352043550154,0.0030818245098302435,0
2023-03-24T17:58:55Z,2023-03-24T17:59:00Z,6.845554387978348e-05,0.0031581090838866395,0.003089653540006856,0
2023-03-24T17:58:55Z,2023-03-24T17:59:00Z,6.406626929518575e-05,0.003161204133048442,0.0030971378637532562,0
2023-03-24T17:58:55Z,2023-03-24T17:59:00Z,4.41278062002521e-05,0.0031508623044326023,0.0031067344982323502,0
2023-03-24T17:58:55Z,2023-03-24T17:59:00Z,1.4431042400884098e-05,0.0031291796929751804,0.0031147486505742963,0
2023-03-24T17:58:55Z,2023-03-24T17:59:00Z,2.073952346164868e-05,0.0031406873439428075,0.003119947820481159,0
2023-03-24T17:58:55Z,2023-03-24T17:59:00Z,2.510771386633661e-06,0.0031208761229566738,0.0031233868943433074,0
2023-03-24T17:58:55Z,2023-03-24T17:59:00Z,3.156545082875703e-05,0.0030939983955415792,0.0031255638463703363,0
2023-03-24T17:58:55Z,2023-03-24T17:59:00Z,3.219564541461807e-06,0.003122792980248319,0.0031260125447897806,0
2023-03-24T17:58:55Z,2023-03-24T17:59:00Z,5.347478974498682e-06,0.003120497669326246,0.003125845148300745,0
2023-03-24T17:58:55Z,2023-03-24T17:59:00Z,2.1216151669925867e-05,0.00310539570246587,0.003126611854135796,0
2023-03-24T17:58:55Z,2023-03-24T17:59:00Z,6.903552942638062e-05,0.003058590251214193,0.0031276257806405736,0
2023-03-24T17:58:55Z,2023-03-24T17:59:00Z,6.808727006509365e-05,0.0030591964445483883,0.003127283714613482,0
2023-03-24T17:58:55Z,2023-03-24T17:59:00Z,9.866048222387149e-05,0.0030259685703543275,0.003124629052578199,0
2023-03-24T17:58:55Z,2023-03-24T17:59:00Z,7.112856091464042e-05,0.0030512757975015626,0.003122404358416203,0
2023-03-24T17:58:55Z,2023-03-24T17:59:00Z,3.11287485315853e-05,0.0030865579004918536,0.003117686649023439,0
2023-03-24T17:58:55Z,2023-03-24T17:59:00Z,4.765102549423141e-05,0.003065119686711961,0.0031127707122061924,0
2023-03-24T17:58:55Z,2023-03-24T17:59:00Z,3.472611771847484e-05,0.0030741829095618273,0.003108909027280302,0
2023-03-24T17:58:55Z,2023-03-24T17:59:00Z,3.317229247379533e-05,0.00306997221250412,0.0031031445049779153,0
2023-03-24T17:58:55Z,2023-03-24T17:59:00Z,3.341324566953196e-05,0.0030644858734130823,0.0030978991190826143,0
2023-03-24T17:58:55Z,2023-03-24T17:59:00Z,5.68901869324066e-06,0.003086508105355354,0.003092197124048595,0
2023-03-24T17:58:55Z,2023-03-24T17:59:00Z,1.8347062311763977e-05,0.0030684515347981106,0.0030867985971098745,0
2023-03-24T17:58:55Z,2023-03-24T17:59:00Z,1.2638444978810455e-05,0.0030967700678624457,0.0030841316228836352,0
2023-03-24T17:58:55Z,2023-03-24T17:59:00Z,1.8689568388271464e-05,0.0030609273164238205,0.003079616884812092,0
2023-03-24T17:58:55Z,2023-03-24T17:59:00Z,3.2470422918761364e-05,0.003045639833449941,0.0030781102563687025,0
2023-03-24T17:58:55Z,2023-03-24T17:59:00Z,3.676213836304202e-05,0.0030392811755608003,0.0030760433139238423,0
2023-03-24T17:58:55Z,2023-03-24T17:59:00Z,1.2117627689735115e-05,0.003083338869938679,0.003071221242248944,0
2023-03-24T17:58:55Z,2023-03-24T17:59:00Z,1.4656225183490388e-05,0.003080801436572094,0.003066145211388604,0
2023-03-24T17:58:55Z,2023-03-24T17:59:00Z,2.366135357101222e-05,0.0030884280129266665,0.0030647666593556543,0
2023-03-24T17:58:55Z,2023-03-24T17:59:00Z,1.0716882345046877e-05,0.00307687174078557,0.0030661548584405233,0
2023-03-24T17:58:55Z,2023-03-24T17:59:00Z,2.033083683935545e-05,0.0030883126683035208,0.0030679818314641653,0
2023-03-24T17:58:55Z,2023-03-24T17:59:00Z,1.6101523196868778e-05,0.003087264802812987,0.003071163279616118,0
2023-03-24T17:58:55Z,2023-03-24T17:59:00Z,2.476750874788082e-05,0.0030487105752933594,0.0030734780840412403,0
2023-03-24T17:58:55Z,2023-03-24T17:59:00Z,1.1283101837421261e-05,0.00306223916359889,0.0030735222654363114,0
2023-03-24T17:58:55Z,2023-03-24T17:59:00Z,3.7151480265416002e-06,0.003068781547946107,0.0030724966959726485,0
2023-03-24T17:58:55Z,2023-03-24T17:59:00Z,3.4126014111136947e-05,0.0031058762259611023,0.0030717502118499653,0
2023-03-24T17:58:55Z,2023-03-24T17:59:00Z,2.61255152784229e-05,0.003097801310593512,0.0030716757953150892,0
2023-03-24T17:58:55Z,2023-03-24T17:59:00Z,1.934324498994045e-05,0.003093605937339281,0.0030742626923493405,0
2023-03-24T17:58:55Z,2023-03-24T17:59:00Z,1.6281238251202555e-05,0.003091249755927928,0.0030749685176767252,0
2023-03-24T17:58:55Z,2023-03-24T17:59:00Z,2.0118610808772877e-07,0.0030767418539436363,0.0030765406678355486,0
2023-03-24T17:58:55Z,2023-03-24T17:59:00Z,8.991340607803107e-06,0.0030851869889474445,0.0030761956483396414,0
2023-03-24T17:58:55Z,2023-03-24T17:59:00Z,2.8100348587571655e-06,0.0030743740220758728,0.00307718405693463,0
2023-03-24T17:58:55Z,2023-03-24T17:59:00Z,1.626591631654793e-05,0.003095921670469772,0.003079655754153224,0
2023-03-24T17:58:55Z,2023-03-24T17:59:00Z,2.2105310773329074e-05,0.0031039543678337447,0.0030818490570604156,0
2023-03-24T17:58:55Z,2023-03-24T17:59:00Z,2.412547537042906e-05,0.0031067609574640383,0.003082635482093609,0
2023-03-24T17:58:55Z,2023-03-24T17:59:00Z,3.5983750860791794e-05,0.003120066291158254,0.0030840825402974623,0
2023-03-24T17:58:55Z,2023-03-24T17:59:00Z,1.4273517656280231e-05,0.0030995018669873284,0.0030852283493310482,0
2023-03-24T17:58:55Z,2023-03-24T17:59:00Z,2.207853025240668e-05,0.003110006538981747,0.0030879280087293404,0
2023-03-24T17:58:55Z,2023-03-24T17:59:00Z,3.0327835536942283e-05,0.003118955169184021,0.0030886273336470788,0
2023-03-24T17:58:55Z,2023-03-24T17:59:00Z,6.89661234430216e-06,0.0030969453045019283,0.003090048692157626,0
2023-03-24T17:58:55Z,2023-03-24T17:59:00Z,4.490180350805867e-05,0.003049537175767734,0.0030944389792757925,0
2023-03-24T17:58:55Z,2023-03-24T17:59:00Z,6.0802094830979866e-05,0.0030358060182512528,0.0030966081130822326,0
2023-03-24T17:58:55Z,2023-03-24T17:59:00Z,7.692099040720922e-05,0.003018484349413875,0.0030954053398210843,0
2023-03-24T17:58:55Z,2023-03-24T17:59:00Z,2.8204921367973226e-05,0.003062821030471245,0.0030910259518392184,0
2023-03-24T17:58:55Z,2023-03-24T17:59:00Z,2.203548069752443e-05,0.003064033161067967,0.0030860686417654914,0
2023-03-24T17:58:55Z,2023-03-24T17:59:00Z,6.360034624684589e-06,0.003077784550461554,0.0030841445850862386,0
2023-03-24T17:58:55Z,2023-03-24T17:59:00Z,1.2120770189962167e-06,0.003083655624926488,0.0030824435479074918,0
2023-03-24T17:58:55Z,2023-03-24T17:59:00Z,2.296903048390562e-06,0.0030802118133914707,0.0030825087164398613,0
2023-03-24T17:58:55Z,2023-03-24T17:59:00Z,7.585580150724393e-06,0.003089998586339276,0.0030824130061885514,0
2023-03-24T17:58:55Z,2023-03-24T17:59:00Z,9.770700580264465e-06,0.0030925485687260407,0.0030827778681457763,0
2023-03-24T17:58:55Z,2023-03-24T17:59:00Z,3.462904179690231e-05,0.003117036717184523,0.0030824076753876205,0
2023-03-24T17:58:55Z,2023-03-24T17:59:00Z,2.3494971723269763e-05,0.0031051897846666584,0.0030816948129433887,0
2023-03-24T17:58:55Z,2023-03-24T17:59:00Z,6.223308756131418e-06,0.003076113739169788,0.0030823370479259194,0
2023-03-24T17:58:55Z,2023-03-24T17:59:00Z,3.3977178283692636e-05,0.003047430087986502,0.0030814072662701947,0
2023-03-24T17:58:55Z,2023-03-24T17:59:00Z,3.0182977904103306e-05,0.0030497625303774947,0.003079945508281598,0
2023-03-24T17:58:55Z,2023-03-24T17:59:00Z,3.945321415374254e-05,0.0030365812659406523,0.003076034480094395,0
2023-03-24T17:58:55Z,2023-03-24T17:59:00Z,9.562901011253826e-05,0.0029760809300564493,0.0030717099401689875,0
2023-03-24T17:58:55Z,2023-03-24T17:59:00Z,5.517942230915578e-05,0.0030127577654497518,0.0030679371877589076,0
2023-03-24T17:58:55Z,2023-03-24T17:59:00Z,7.020357591399143e-06,0.0030703665299933514,0.0030633461724019523,0
2023-03-24T17:58:55Z,2023-03-24T17:59:00Z,9.589547474883955e-06,0.003071495204076742,0.003061905656601858,0
2023-03-24T17:58:55Z,2023-03-24T17:59:00Z,3.549027917403025e-05,0.003100638572062106,0.003065148292888076,0
2023-03-24T17:58:55Z,2023-03-24T17:59:00Z,2.9157852232352538e-05,0.0030948482809707717,0.003065690428738419,0
2023-03-24T17:58:55Z,2023-03-24T17:59:00Z,2.0347649812433016e-05,0.003088325916737986,0.003067978266925553,0
2023-03-24T17:58:55Z,2023-03-24T17:59:00Z,3.0407090085643462e-05,0.0030994518401680224,0.003069044750082379,0
2023-03-24T17:58:55Z,2023-03-24T17:59:00Z,3.409774247097779e-05,0.0031034343857915757,0.003069336643320598,0
2023-03-24T17:58:55Z,2023-03-24T17:59:00Z,6.792284108092256e-05,0.003138461986075055,0.0030705391449941323,0
2023-03-24T17:58:55Z,2023-03-24T17:59:00Z,6.746709364087054e-05,0.0031388459761007717,0.003071378882459901,0
2023-03-24T17:58:55Z,2023-03-24T17:59:00Z,2.179364880626044e-05,0.003096042119850475,0.0030742484710442144,0
2023-03-24T17:58:55Z,2023-03-24T17:59:00Z,1.4040900131645322e-05,0.003089652449858125,0.00307561154972648,0
2023-03-24T17:58:55Z,2023-03-24T17:59:00Z,2.8055445769780384e-05,0.003103095266445249,0.0030750398206754685,0
2023-03-24T17:58:55Z,2023-03-24T17:59:00Z,2.6340398570033445e-05,0.0031022263886635233,0.00307588599009349,0
2023-03-24T17:58:55Z,2023-03-24T17:59:00Z,3.573731842235455e-06,0.003082938795589397,0.0030793650637471613,0
2023-03-24T17:58:55Z,2023-03-24T17:59:00Z,2.7426140259533688e-06,0.0030853866689159915,0.003082644054890038,0
2023-03-24T17:58:55Z,2023-03-24T17:59:00Z,1.5015603975691676e-05,0.003070525796517393,0.0030855414004930847,0
2023-03-24T17:58:55Z,2023-03-24T17:59:00Z,2.0201336513548437e-05,0.003072171672658258,0.0030923730091718064,0
2023-03-24T17:58:55Z,2023-03-24T17:59:00Z,2.3186176954393106e-05,0.0030727973341591404,0.0030959835111135335,0
2023-03-24T17:58:55Z,2023-03-24T17:59:00Z,9.720622575875356e-06,0.0031058169551059656,0.0030960963325300903,0
2023-03-24T17:58:55Z,2023-03-24T17:59:00Z,3.0079682931225156e-06,0.0030931697473671176,0.00309617771566024,0
2023-03-24T17:58:55Z,2023-03-24T17:59:00Z,7.721038443215221e-06,0.0030887803261572663,0.0030965013646004815,0
2023-03-24T17:58:55Z,2023-03-24T17:59:00Z,3.1476416942444446e-05,0.0031278728731926973,0.003096396456250253,0
2023-03-24T17:58:55Z,2023-03-24T17:59:00Z,5.129833430573194e-05,0.0031477231911446898,0.003096424856838958,0
2023-03-24T17:58:55Z,2023-03-24T17:59:00Z,3.362730116813605e-06,0.0030948384412861863,0.003098201171403,0
2023-03-24T17:58:55Z,2023-03-24T17:59:00Z,5.756753031314161e-05,0.003043401691424428,0.0031009692217375696,0
2023-03-24T17:58:55Z,2023-03-24T17:59:00Z,5.521357819829537e-05,0.00304302917198997,0.0030982427501882654,0
2023-03-24T17:58:55Z,2023-03-24T17:59:00Z,9.33049334189296e-05,0.0029989725489770643,0.003092277482395994,0
2023-03-24T17:58:55Z,2023-03-24T17:59:00Z,8.958652364073104e-05,0.0029993776495139813,0.0030889641731547124,0
2023-03-24T17:58:55Z,2023-03-24T17:59:00Z,8.194939409448187e-05,0.0030013472852551642,0.003083296679349646,0
2023-03-24T17:58:55Z,2023-03-24T17:59:00Z,7.608687578299468e-05,0.0030007274525084473,0.003076814328291442,0
2023-03-24T17:58:55Z,2023-03-24T17:59:00Z,5.315945498918402e-05,0.0030173499293392352,0.0030705093843284193,0
2023-03-24T17:58:55Z,2023-03-24T17:59:00Z,9.606554756532012e-05,0.00296930562782054,0.0030653711753858602,0
2023-03-24T17:58:55Z,2023-03-24T17:59:00Z,7.655535034258986e-05,0.0029845635288197232,0.003061118879162313,0
2023-03-24T17:58:55Z,2023-03-24T17:59:00Z,7.389013309101918e-05,0.00298090248552774,0.0030547926186187593,0
2023-03-24T17:58:55Z,2023-03-24T17:59:00Z,4.5991571476330234e-05,0.0030033255381525206,0.003049317109628851,0
2023-03-24T17:58:55Z,2023-03-24T17:59:00Z,5.7730214346029835e-05,0.0029858434672433588,0.0030435736815893886,0
2023-03-24T17:58:55Z,2023-03-24T17:59:00Z,2.528527342293566e-05,0.0030118826946068625,0.003037167968029798,0
2023-03-24T17:58:55Z,2023-03-24T17:59:00Z,2.0320023994040582e-05,0.0030101400515280224,0.003030460075522063,0
2023-03-24T17:58:55Z,2023-03-24T17:59:00Z,3.272669475672379e-05,0.002992927278793439,0.003025653973550163,0
2023-03-24T17:58:55Z,2023-03-24T17:59:00Z,4.95137272544131e-05,0.0029687819449417075,0.0030182956721961206,0
2023-03-24T17:58:55Z,2023-03-24T17:59:00Z,6.499840283799227e-05,0.0029436225248361753,0.0030086209276741676,0
2023-03-24T17:58:55Z,2023-03-24T17:59:00Z,6.816980351335728e-05,0.0029325725931392804,0.0030007423966526376,0
2023-03-24T17:58:55Z,2023-03-24T17:59:00Z,7.9410866584318e-05,0.002915095332156554,0.002994506198740872,0
2023-03-24T17:58:55Z,2023-03-24T17:59:00Z,6.627516114374654e-05,0.0029213275014189576,0.002987602662562704,0
2023-03-24T17:58:55Z,2023-03-24T17:59:00Z,6.550483673130889e-05,0.002916855499780113,0.002982360336511422,0
2023-03-24T17:58:55Z,2023-03-24T17:59:00Z,4.675213384796933e-05,0.002930730068407514,0.0029774822022554832,0
2023-03-24T17:58:55Z,2023-03-24T17:59:00Z,1.8877733490404742e-05,0.0029533237321728877,0.0029722014656632925,0
2023-03-24T17:58:55Z,2023-03-24T17:59:00Z,5.617721601611659e-06,0.0029734443507585958,0.002967826629156984,0
2023-03-24T17:58:55Z,2023-03-24T17:59:00Z,1.0257943150483121e-05,0.0029740829349845705,0.0029638249918340874,0
2023-03-24T17:58:55Z,2023-03-24T17:59:00Z,5.343811762861892e-06,0.002969427473780578,0.002964083662017716,0
2023-03-24T17:58:55Z,2023-03-24T17:59:00Z,8.370986750772403e-06,0.0029550576381522464,0.002963428624903019,0
2023-03-24T17:58:55Z,2023-03-24T17:59:00Z,1.4298533733840373e-05,0.0029484129029349808,0.002962711436668821,0
2023-03-24T17:58:55Z,2023-03-24T17:59:00Z,9.641071033413863e-07,0.002960658800022145,0.0029596946929188036,0
2023-03-24T17:58:55Z,2023-03-24T17:59:00Z,5.973075466643614e-06,0.0029513822071828865,0.00295735528264953,0
2023-03-24T17:58:55Z,2023-03-24T17:59:00Z,6.032185662359184e-07,0.0029535505706717495,0.0029541537892379855,0
2023-03-24T17:58:55Z,2023-03-24T17:59:00Z,9.892535530600394e-06,0.002940588888435814,0.0029504814239664145,0
2023-03-24T17:58:55Z,2023-03-24T17:59:00Z,2.1389749394824537e-05,0.002926630630313984,0.0029480203797088086,0
2023-03-24T17:58:55Z,2023-03-24T17:59:00Z,2.311442403257844e-05,0.002923143889644612,0.0029462583136771903,0
2023-03-24T17:58:55Z,2023-03-24T17:59:00Z,3.6845930499238184e-05,0.0029083503897703155,0.0029451963202695537,0
2023-03-24T17:58:55Z,2023-03-24T17:59:00Z,4.0154310610884814e-05,0.002904452715690252,0.0029446070263011367,0
2023-03-24T17:58:55Z,2023-03-24T17:59:00Z,6.083454692185379e-05,0.0028833509204801433,0.002944185467401997,0
2023-03-24T17:58:55Z,2023-03-24T17:59:00Z,6.96221415522392e-05,0.0028735086517417134,0.0029431307932939526,0
2023-03-24T17:58:55Z,2023-03-24T17:59:00Z,7.046295747331014e-05,0.0028705737996143946,0.0029410367570877048,0
2023-03-24T17:58:55Z,2023-03-24T17:59:00Z,6.964344850635563e-05,0.0028678169700397365,0.002937460418546092,0
2023-03-24T17:58:55Z,2023-03-24T17:59:00Z,6.476560655539493e-05,0.0028675229412057916,0.0029322885477611866,0
2023-03-24T17:58:55Z,2023-03-24T17:59:00Z,5.605104037183098e-05,0.0028696357960944266,0.0029256868364662576,0
2023-03-24T17:58:55Z,2023-03-24T17:59:00Z,4.53651918673084e-05,0.0028736616449877754,0.002919026836855084,0
2023-03-24T17:58:55Z,2023-03-24T17:59:00Z,3.631849046064131e-05,0.002876471366539058,0.0029127898569996993,0
2023-03-24T17:58:55Z,2023-03-24T17:59:00Z,2.3419553276028508e-05,0.0028842830541508917,0.0029077026074269203,0
2023-03-24T17:58:55Z,2023-03-24T17:59:00Z,2.4899352170689847e-05,0.002878306909231485,0.002903206261402175,0
2023-03-24T17:58:55Z,2023-03-24T17:59:00Z,1.0581451903394004e-05,0.0028878513253818273,0.0028984327772852213,0
2023-03-24T17:58:55Z,2023-03-24T17:59:00Z,2.5151978560317145e-06,0.002891350373307227,0.002893865571163259,0
2023-03-24T17:58:55Z,2023-03-24T17:59:00Z,1.752799663750932e-05,0.0029072873649701484,0.002889759368332639,0
2023-03-24T17:58:55Z,2023-03-24T17:59:00Z,2.523896168000724e-05,0.0029119209228171093,0.002886681961137102,0
2023-03-24T17:58:55Z,2023-03-24T17:59:00Z,4.195768634736091e-05,0.0029274306934004733,0.0028854730070531124,0
2023-03-24T17:58:55Z,2023-03-24T17:59:00Z,4.7543888957867105e-05,0.002932315460584261,0.0028847715716263937,0
2023-03-24T17:58:55Z,2023-03-24T17:59:00Z,4.647236938821889e-05,0.0029324364599914977,0.0028859640906032788,0
2023-03-24T17:58:55Z,2023-03-24T17:59:00Z,4.418890223836574e-05,0.0029318944143975198,0.002887705512159154,0
2023-03-24T17:58:55Z,2023-03-24T17:59:00Z,4.964688403329403e-05,0.002940420242411908,0.002890773358378614,0
2023-03-24T17:58:55Z,2023-03-24T17:59:00Z,4.105149533169565e-05,0.002935473963876297,0.0028944224685446013,0
2023-03-24T17:58:55Z,2023-03-24T17:59:00Z,4.351188665518849e-05,0.002942299757874635,0.0028987878712194463,0
2023-03-24T17:58:55Z,2023-03-24T17:59:00Z,5.571117662228316e-05,0.002958727609956514,0.002903016433334231,0
2023-03-24T17:58:55Z,2023-03-24T17:59:00Z,4.993506172175453e-05,0.002957625046097788,0.0029076899843760336,0
2023-03-24T17:58:55Z,2023-03-24T17:59:00Z,5.367252799063022e-05,0.0029669307507330443,0.002913258222742414,0
2023-03-24T17:58:55Z,2023-03-24T17:59:00Z,5.753129988872148e-05,0.0029760372352005114,0.00291850593531179,0
2023-03-24T17:58:55Z,2023-03-24T17:59:00Z,6.515175565531507e-05,0.002989311402479229,0.002924159646823914,0
2023-03-24T17:58:55Z,2023-03-24T17:59:00Z,5.821269994707142e-05,0.0029881069830865865,0.002929894283139515,0
2023-03-24T17:58:55Z,2023-03-24T17:59:00Z,5.186094235622987e-05,0.002988693006323729,0.002936832063967499,0
2023-03-24T17:58:55Z,2023-03-24T17:59:00Z,3.8723693487196544e-05,0.002981821736061243,0.0029430980425740466,0
2023-03-24T17:58:55Z,2023-03-24T17:59:00Z,4.517924860953813e-05,0.002994361205747116,0.002949181957137578,0
2023-03-24T17:58:55Z,2023-03-24T17:59:00Z,4.0805431067344675e-05,0.002994645786398116,0.0029538403553307714,0
2023-03-24T17:58:55Z,2023-03-24T17:59:00Z,2.919245371066836e-05,0.0029881853267245653,0.002958992873013897,0
2023-03-24T17:58:55Z,2023-03-24T17:59:00Z,2.463044714503919e-05,0.002987824263471289,0.00296319381632625,0
2023-03-24T17:58:55Z,2023-03-24T17:59:00Z,1.7905755919857443e-06,0.0029684762585520043,0.0029666856829600186,0
2023-03-24T17:58:55Z,2023-03-24T17:59:00Z,3.5223465432546695e-05,0.002934923955244959,0.0029701474206775057,0
2023-03-24T17:58:55Z,2023-03-24T17:59:00Z,3.0060318001218396e-06,0.0029754398177372827,0.002972433785937161,0
2023-03-24T17:58:55Z,2023-03-24T17:59:00Z,3.5713325322077154e-05,0.0030078035933113036,0.0029720902679892264,0
2023-03-24T17:58:55Z,2023-03-24T17:59:00Z,1.9311992518168068e-05,0.0029939001263737065,0.0029745881338555384,0
2023-03-24T17:58:55Z,2023-03-24T17:59:00Z,2.06286167155228e-05,0.002999310740285853,0.00297868212357033,0
2023-03-24T17:58:55Z,2023-03-24T17:59:00Z,2.3442026176294893e-05,0.0030043224320226995,0.0029808804058464046,0
2023-03-24T17:58:55Z,2023-03-24T17:59:00Z,1.7006008122402456e-05,0.003000491769855561,0.0029834857617331585,0
2023-03-24T17:58:55Z,2023-03-24T17:59:00Z,1.9634063728739878e-05,0.0029661886780850224,0.0029858227418137623,0
2023-03-24T17:58:55Z,2023-03-24T17:59:00Z,2.792228169108419e-05,0.0029594288685386187,0.002987351150229703,0
2023-03-24T17:58:55Z,2023-03-24T17:59:00Z,4.691856456441471e-05,0.00293898741539065,0.0029859059799550646,0
2023-03-24T17:58:55Z,2023-03-24T17:59:00Z,6.847052417583701e-05,0.0029156430736199802,0.0029841135977958172,0
2023-03-24T17:58:55Z,2023-03-24T17:59:00Z,0.00011052702880717238,0.002870479969555327,0.0029810069983624995,0
2023-03-24T17:58:55Z,2023-03-24T17:59:00Z,0.00013210947717009558,0.002844761354789825,0.0029768708319599206,0
2023-03-24T17:58:55Z,2023-03-24T17:59:00Z,0.0001562638134888993,0.002812864441209034,0.0029691282546979334,0
2023-03-24T17:58:55Z,2023-03-24T17:59:00Z,0.00018031412735018898,0.0027794463503722265,0.0029597604777224155,0
2023-03-24T17:58:55Z,2023-03-24T17:59:00Z,0.00018174861289958896,0.0027670543094781056,0.0029488029223776946,0
2023-03-24T17:58:55Z,2023-03-24T17:59:00Z,0.0002102692671968674,0.002725510035612136,0.0029357793028090035,0
2023-03-24T17:58:55Z,2023-03-24T17:59:00Z,0.00018503002655977357,0.002738160404432111,0.0029231904309918845,0
2023-03-24T17:58:55Z,2023-03-24T17:59:00Z,0.00014870713762414308,0.00276139492339069,0.0029101020610148333,0
2023-03-24T17:58:55Z,2023-03-24T17:59:00Z,0.00011494812356039816,0.0027803239741228617,0.00289527209768326,0
2023-03-24T17:58:55Z,2023-03-24T17:59:00Z,0.00011982473655437883,0.002760046819258843,0.002879871555813222,0
2023-03-24T17:58:55Z,2023-03-24T17:59:00Z,0.00015222007518052826,0.0027143029711170154,0.0028665230462975437,0
2023-03-24T17:58:55Z,2023-03-24T17:59:00Z,0.00016443859787492604,0.00268713045335843,0.002851569051233356,0
2023-03-24T17:58:55Z,2023-03-24T17:59:00Z,0.000140475496762217,0.0026929673381645334,0.0028334428349267504,0
2023-03-24T17:58:55Z,2023-03-24T17:59:00Z,0.00013275991428382409,0.0026810978383618555,0.0028138577526456796,0
2023-03-24T17:58:55Z,2023-03-24T17:59:00Z,0.00011173670096122209,0.0026850447179394272,0.0027967814189006493,0
2023-03-24T17:58:55Z,2023-03-24T17:59:00Z,8.184355409771764e-05,0.002697542175416884,0.0027793857295146016,0
2023-03-24T17:58:55Z,2023-03-24T17:59:00Z,6.116076825488656e-05,0.0027023535426690137,0.0027635143109239002,0
2023-03-24T17:58:55Z,2023-03-24T17:59:00Z,5.381231040862532e-05,0.0026960706943775815,0.002749883004786207,0
2023-03-24T17:58:55Z,2023-03-24T17:59:00Z,3.227972234211805e-05,0.0027070953807636937,0.0027393751031058117,0
2023-03-24T17:58:55Z,2023-03-24T17:59:00Z,4.127636994722935e-05,0.002688805566882818,0.0027300819368300472,0
2023-03-24T17:58:55Z,2023-03-24T17:59:00Z,2.3795492291417333e-05,0.0026996758782607956,0.002723471370552213,0
2023-03-24T17:58:55Z,2023-03-24T17:59:00Z,3.39960710680166e-05,0.0026838102505161083,0.002717806321584125,0
2023-03-24T17:58:55Z,2023-03-24T17:59:00Z,2.7795506302161384e-05,0.0026857996633308815,0.002713595169633043,0
2023-03-24T17:58:55Z,2023-03-24T17:59:00Z,1.7844110944424153e-05,0.0026931448221201174,0.0027109889330645415,0
2023-03-24T17:58:55Z,2023-03-24T17:59:00Z,1.9356870808208415e-05,0.002688359515937506,0.002707716386745714,0
2023-03-24T17:58:55Z,2023-03-24T17:59:00Z,9.59692193461259e-06,0.002693853833481691,0.0027034507554163038,0
2023-03-24T17:58:55Z,2023-03-24T17:59:00Z,6.860715722816976e-06,0.002704563692502536,0.002697702976779719,0
2023-03-24T17:58:55Z,2023-03-24T17:59:00Z,1.252701190553214e-05,0.002706092927074179,0.002693565915168647,0
2023-03-24T17:58:55Z,2023-03-24T17:59:00Z,7.783478456459703e-06,0.002700740688711702,0.002692957210255242,0
2023-03-24T17:58:55Z,2023-03-24T17:59:00Z,4.2577412624998645e-06,0.002698400106124976,0.0026941423648624762,0
2023-03-24T17:58:55Z,2023-03-24T17:59:00Z,3.0174797261404464e-06,0.002691610719545534,0.0026946281992716744,0
2023-03-24T17:58:55Z,2023-03-24T17:59:00Z,4.609867337756774e-06,0.002700319458344626,0.0026957095910068694,0
2023-03-24T17:58:55Z,2023-03-24T17:59:00Z,3.235534282128652e-05,0.0027284753089285374,0.002696119966107251,0
2023-03-24T17:58:55Z,2023-03-24T17:59:00Z,2.551736522248948e-06,0.002693741809767986,0.002696293546290235,0
2023-03-24T17:58:55Z,2023-03-24T17:59:00Z,1.4397752581478233e-06,0.0026964863814233075,0.0026979261566814554,0
2023-03-24T17:58:55Z,2023-03-24T17:59:00Z,3.4306652806261745e-06,0.0026943499361127294,0.0026977806013933556,0
2023-03-24T17:58:55Z,2023-03-24T17:59:00Z,1.0677692943607611e-05,0.002707795231878189,0.0026971175389345816,0
2023-03-24T17:58:55Z,2023-03-24T17:59:00Z,2.997063526595468e-05,0.0027274346972774055,0.0026974640620114508,0
2023-03-24T17:58:55Z,2023-03-24T17:59:00Z,1.9377534847073424e-05,0.0027173490564596117,0.0026979715216125383,0
2023-03-24T17:58:55Z,2023-03-24T17:59:00Z,1.9743135140704634e-05,0.0027204411846758233,0.0027006980495351187,0
2023-03-24T17:58:55Z,2023-03-24T17:59:00Z,2.2765381396224176e-05,0.0026799045052094406,0.0027026698866056647,0
2023-03-24T17:58:55Z,2023-03-24T17:59:00Z,2.717539572496229e-05,0.002677200513540434,0.0027043759092653962,0
2023-03-24T17:58:55Z,2023-03-24T17:59:00Z,6.399891144131479e-05,0.0026398485596535776,0.0027038474710948924,0
2023-03-24T17:58:55Z,2023-03-24T17:59:00Z,0.00011187065769518176,0.002590935980903382,0.0027028066385985637,0
2023-03-24T17:58:55Z,2023-03-24T17:59:00Z,0.00011271327340295172,0.002586048669392552,0.0026987619427955036,0
2023-03-24T17:58:55Z,2023-03-24T17:59:00Z,0.00011669291613657052,0.0025748717175232585,0.002691564633659829,0
2023-03-24T17:58:55Z,2023-03-24T17:59:00Z,0.00012394460007042777,0.002560451782381954,0.0026843963824523817,0
2023-03-24T17:58:55Z,2023-03-24T17:59:00Z,0.00011890284171423276,0.002557773016450542,0.002676675858164775,0
2023-03-24T17:58:55Z,2023-03-24T17:59:00Z,9.855147881269099e-05,0.00256992694577936,0.002668478424592051,0
2023-03-24T17:58:55Z,2023-03-24T17:59:00Z,0.00010250850716676287,0.002557060764806908,0.0026595692719736707,0
2023-03-24T17:58:55Z,2023-03-24T17:59:00Z,0.00010261759834539639,0.002547042400931451,0.0026496599992768474,0
2023-03-24T17:58:55Z,2023-03-24T17:59:00Z,9.118638031567136e-05,0.0025499310536511084,0.0026411174339667797,0
2023-03-24T17:58:55Z,2023-03-24T17:59:00Z,6.308350291229668e-05,0.002568693682273742,0.002631777185186039,0
2023-03-24T17:58:55Z,2023-03-24T17:59:00Z,5.59299743703558e-05,0.0025668210306618315,0.0026227510050321873,0
2023-03-24T17:58:55Z,2023-03-24T17:59:00Z,5.520725978793535e-05,0.002558849898393974,0.0026140571581819093,0
2023-03-24T17:58:55Z,2023-03-24T17:59:00Z,4.613669712476287e-05,0.002557882106893673,0.002604018804018436,0
2023-03-24T17:58:55Z,2023-03-24T17:59:00Z,6.160324821699288e-05,0.002532509358422341,0.002594112606639334,0
2023-03-24T17:58:55Z,2023-03-24T17:59:00Z,3.692868026594805e-05,0.002547023984012001,0.002583952664277949,0
2023-03-24T17:58:55Z,2023-03-24T17:59:00Z,2.9982267088896584e-05,0.002544758200514859,0.0025747404676037555,0
2023-03-24T17:58:55Z,2023-03-24T17:59:00Z,3.0938028047792707e-06,0.002569698237313008,0.0025666044345082286,0
2023-03-24T17:58:55Z,2023-03-24T17:59:00Z,5.388885188928067e-06,0.0025552724018731306,0.0025606612870620587,0
2023-03-24T17:58:55Z,2023-03-24T17:59:00Z,1.8595123374542943e-05,0.002540738804713117,0.00255933392808766,0
2023-03-24T17:58:55Z,2023-03-24T17:59:00Z,8.580732209628652e-06,0.0025488296791580677,0.0025574104113676964,0
2023-03-24T17:58:55Z,2023-03-24T17:59:00Z,3.0455386886655937e-05,0.0025248217174304068,0.0025552771043170627,0
2023-03-24T17:58:55Z,2023-03-24T17:59:00Z,1.1421829551433796e-05,0.0025659725524170033,0.0025545507228655695,0
2023-03-24T17:58:55Z,2023-03-24T17:59:00Z,2.7529430030298358e-05,0.0025800206967071097,0.0025524912666768113,0
2023-03-24T17:58:55Z,2023-03-24T17:59:00Z,6.18587114845563e-05,0.0026141028285762203,0.002552244117091664,0
2023-03-24T17:58:55Z,2023-03-24T17:59:00Z,9.284690561418623e-05,0.0026465260184496127,0.0025536791128354264,0
2023-03-24T17:58:55Z,2023-03-24T17:59:00Z,9.590253475935846e-05,0.002653772924322583,0.0025578703895632244,0
2023-03-24T17:58:55Z,2023-03-24T17:59:00Z,9.637143221340053e-05,0.0026602790070765314,0.002563907574863131,0
2023-03-24T17:58:55Z,2023-03-24T17:59:00Z,0.00011284254976759445,0.0026820675772587783,0.002569225027491184,0
2023-03-24T17:58:55Z,2023-03-24T17:59:00Z,0.00011090454325475606,0.002685970694271858,0.002575066151017102,0
2023-03-24T17:58:55Z,2023-03-24T17:59:00Z,9.301274371729777e-05,0.00267577999966345,0.0025827672559461524,0
2023-03-24T17:58:55Z,2023-03-24T17:59:00Z,7.902234793110384e-05,0.002669795140588393,0.002590772792657289,0
2023-03-24T17:58:55Z,2023-03-24T17:59:00Z,6.058411815871613e-05,0.0026603113258935746,0.0025997272077348584,0
2023-03-24T17:58:55Z,2023-03-24T17:59:00Z,5.019506113510593e-05,0.002657595466155989,0.002607400405020883,0
2023-03-24T17:58:55Z,2023-03-24T17:59:00Z,4.0371426037270116e-05,0.002654993901394323,0.002614622475357053,0
2023-03-24T17:58:55Z,2023-03-24T17:59:00Z,3.079969172185143e-05,0.0026509157438815902,0.002620116052159739,0
2023-03-24T17:58:55Z,2023-03-24T17:59:00Z,2.9678578611031046e-05,0.002656027224490845,0.0026263486458798137,0
2023-03-24T17:58:55Z,2023-03-24T17:59:00Z,3.208585363317267e-05,0.0026653205582110157,0.002633234704577843,0
2023-03-24T17:58:55Z,2023-03-24T17:59:00Z,3.3408077718446224e-05,0.002673342628879588,0.002639934551161142,0
2023-03-24T17:58:55Z,2023-03-24T17:59:00Z,2.9401638346690257e-05,0.00267811736705662,0.00264871572870993,0
2023-03-24T17:58:55Z,2023-03-24T17:59:00Z,3.3649721290730013e-05,0.0026890760797795717,0.0026554263584888417,0
2023-03-24T17:58:55Z,2023-03-24T17:59:00Z,1.4757258484382994e-05,0.0026763146588700687,0.0026615574003856857,0
2023-03-24T17:58:55Z,2023-03-24T17:59:00Z,1.150753818903675e-06,0.002667393982404799,0.0026662432285858954,0
2023-03-24T17:58:55Z,2023-03-24T17:59:00Z,2.712548250253643e-05,0.0026952305011147103,0.002668105018612174,0
2023-03-24T17:58:55Z,2023-03-24T17:59:00Z,2.1151225475746216e-05,0.0026901075602180583,0.002668956334742312,0
2023-03-24T17:58:55Z,2023-03-24T17:59:00Z,3.064776450034364e-05,0.0027017885676200422,0.0026711408031196986,0
2023-03-24T17:58:55Z,2023-03-24T17:59:00Z,1.8293336007408484e-05,0.002689936638062062,0.0026716433020546534,0
2023-03-24T17:58:55Z,2023-03-24T17:59:00Z,3.515782363775659e-05,0.0027077897427766717,0.002672631919138915,0
2023-03-24T17:58:55Z,2023-03-24T17:59:00Z,3.44964197923547e-05,0.002708013128831183,0.0026735167090388284,0
2023-03-24T17:58:55Z,2023-03-24T17:59:00Z,5.68437434903383e-05,0.0027327351151659337,0.0026758913716755954,0
2023-03-24T17:58:55Z,2023-03-24T17:59:00Z,5.2992948678996874e-05,0.0027318656830381933,0.0026788727343591964,0
2023-03-24T17:58:55Z,2023-03-24T17:59:00Z,4.99039115639463e-05,0.0027334728739862642,0.002683568962422318,0
2023-03-24T17:58:55Z,2023-03-24T17:59:00Z,3.601785242642822e-05,0.002724391301201488,0.0026883734487750596,0
2023-03-24T17:58:55Z,2023-03-24T17:59:00Z,4.08292712828235e-05,0.0027343625406894253,0.0026935332694066018,0
2023-03-24T17:58:55Z,2023-03-24T17:59:00Z,5.3213902716683394e-05,0.0027510199269177005,0.002697806024201017,0
2023-03-24T17:58:55Z,2023-03-24T17:59:00Z,5.095018751022145e-05,0.0027530713356161388,0.0027021211481059173,0
2023-03-24T17:58:55Z,2023-03-24T17:59:00Z,6.21486808154337e-05,0.0027691246600487335,0.0027069759792333,0
2023-03-24T17:58:55Z,2023-03-24T17:59:00Z,7.57831590757472e-05,0.0027874437613440166,0.0027116606022682694,0
2023-03-24T17:58:55Z,2023-03-24T17:59:00Z,7.303767582449681e-05,0.002789701314359589,0.0027166636385350922,0
2023-03-24T17:58:55Z,2023-03-24T17:59:00Z,6.612683718855211e-05,0.002789736044628266,0.002723609207439714,0
2023-03-24T17:58:55Z,2023-03-24T17:59:00Z,5.439919228235508e-05,0.002785652607969243,0.002731253415686888,0
2023-03-24T17:58:55Z,2023-03-24T17:59:00Z,4.1822359276837834e-05,0.0027789823714333235,0.0027371600121564857,0
2023-03-24T17:58:55Z,2023-03-24T17:59:00Z,2.1880159940525397e-05,0.00276501173758146,0.0027431315776409344,0
2023-03-24T17:58:55Z,2023-03-24T17:59:00Z,2.592848367131799e-05,0.0027738846740505826,0.0027479561903792646,0
2023-03-24T17:58:55Z,2023-03-24T17:59:00Z,1.597649700819546e-05,0.002768624881107422,0.0027526483840992267,0
2023-03-24T17:58:55Z,2023-03-24T17:59:00Z,4.318793734690504e-06,0.002761098111038537,0.0027567793173038464,0
2023-03-24T17:58:55Z,2023-03-24T17:59:00Z,1.2568246123609034e-05,0.00277313579794472,0.002760567551821111,0
2023-03-24T17:58:55Z,2023-03-24T17:59:00Z,8.30439290551259e-06,0.0027540358461576363,0.002762340239063149,0
2023-03-24T17:58:55Z,2023-03-24T17:59:00Z,5.293489227212091e-06,0.0027596261320175946,0.0027649196212448067,0
2023-03-24T17:58:55Z,2023-03-24T17:59:00Z,3.2453897658166544e-05,0.002733750909347351,0.0027662048070055175,0
2023-03-24T17:58:55Z,2023-03-24T17:59:00Z,3.8648662171030315e-05,0.0027297583217604938,0.002768406983931524,0
2023-03-24T17:58:55Z,2023-03-24T17:59:00Z,5.5594741955109286e-05,0.0027127740150175352,0.0027683687569726445,0
2023-03-24T17:58:55Z,2023-03-24T17:59:00Z,6.642012521719488e-05,0.0027006197814331244,0.0027670399066503193,0
2023-03-24T17:58:55Z,2023-03-24T17:59:00Z,7.313693581654764e-05,0.002691384388296359,0.0027645213241129065,0
2023-03-24T17:58:55Z,2023-03-24T17:59:00Z,7.125847009440984e-05,0.002688981299105021,0.002760239769199431,0
2023-03-24T17:58:55Z,2023-03-24T17:59:00Z,7.094911605871413e-05,0.0026832869423252382,0.0027542360583839524,0
2023-03-24T17:58:55Z,2023-03-24T17:59:00Z,7.775668600953391e-05,0.002670184371421008,0.002747941057430542,0
2023-03-24T17:58:55Z,2023-03-24T17:59:00Z,9.342027750724362e-05,0.002647867711029359,0.0027412879885366026,0
2023-03-24T17:58:55Z,2023-03-24T17:59:00Z,0.00010601375285297426,0.002628057470899364,0.002734071223752338,0
2023-03-24T17:58:55Z,2023-03-24T17:59:00Z,0.00012123848323913585,0.002604638074237954,0.00272587655747709,0
2023-03-24T17:58:55Z,2023-03-24T17:59:00Z,0.00011752415068638994,0.002599792765123069,0.002717316915809459,0
2023-03-24T17:58:55Z,2023-03-24T17:59:00Z,0.00012360025643005706,0.0025831387468911128,0.00270673900332117,0
2023-03-24T17:58:55Z,2023-03-24T17:59:00Z,0.0001192541819739581,0.0025769328140981896,0.0026961869960721477,0
2023-03-24T17:58:55Z,2023-03-24T17:59:00Z,0.00013097369661185668,0.0025540908392010773,0.002685064535812934,0
2023-03-24T17:58:55Z,2023-03-24T17:59:00Z,0.00011812372876692043,0.002554678120555605,0.0026728018493225253,0
2023-03-24T17:58:55Z,2023-03-24T17:59:00Z,0.00012256575712515363,0.002537739529262587,0.0026603052863877407,0
2023-03-24T17:58:55Z,2023-03-24T17:59:00Z,0.00010328074533197482,0.0025442152903393913,0.002647496035671366,0
2023-03-24T17:58:55Z,2023-03-24T17:59:00Z,0.00011409427053068154,0.0025211510538853867,0.0026352453244160683,0
2023-03-24T17:58:55Z,2023-03-24T17:59:00Z,0.00012681310730924605,0.0024968357776430036,0.0026236488849522496,0
2023-03-24T17:58:55Z,2023-03-24T17:59:00Z,9.405622837625966e-05,0.0025176162215052307,0.0026116724498814903,0
2023-03-24T17:58:55Z,2023-03-24T17:59:00Z,9.391998839615272e-05,0.002505015961248455,0.002598935949644608,0
2023-03-24T17:58:55Z,2023-03-24T17:59:00Z,9.934678633068909e-05,0.0024887286528894733,0.0025880754392201624,0
2023-03-24T17:58:55Z,2023-03-24T17:59:00Z,8.313421832304921e-05,0.0024934433872810776,0.0025765776056041268,0
2023-03-24T17:58:55Z,2023-03-24T17:59:00Z,7.315379932473342e-05,0.002491263913189658,0.0025644177125143915,0
2023-03-24T17:58:55Z,2023-03-24T17:59:00Z,5.0270788912560975e-05,0.002503100612093085,0.002553371401005646,0
2023-03-24T17:58:55Z,2023-03-24T17:59:00Z,3.662451617467274e-05,0.0025069591474659917,0.0025435836636406644,0
2023-03-24T17:58:55Z,2023-03-24T17:59:00Z,2.8513826589590587e-05,0.002507260033375682,0.0025357738599652725,0
2023-03-24T17:58:55Z,2023-03-24T17:59:00Z,2.0156399119169912e-05,0.0025095125279228545,0.0025296689270420244,0
2023-03-24T17:58:55Z,2023-03-24T17:59:00Z,3.7729184678911287e-07,0.0025242629231546024,0.0025238856313078133,0
2023-03-24T17:58:55Z,2023-03-24T17:59:00Z,9.82551103021357e-06,0.00252910950365251,0.0025192839926222966,0
2023-03-24T17:58:55Z,2023-03-24T17:59:00Z,2.3719118634012507e-05,0.0025397112430723353,0.002515992124438323,0
2023-03-24T17:58:55Z,2023-03-24T17:59:00Z,4.054651826463458e-05,0.0025549773092311714,0.002514430790966537,0
2023-03-24T17:58:55Z,2023-03-24T17:59:00Z,5.9123272706313595e-05,0.002572618633830147,0.0025134953611238332,0
2023-03-24T17:58:55Z,2023-03-24T17:59:00Z,6.502290009422883e-05,0.0025795956224660983,0.0025145727223718694,0
2023-03-24T17:58:55Z,2023-03-24T17:59:00Z,6.503589400686308e-05,0.002581383825346905,0.002516347931340042,0
2023-03-24T17:58:55Z,2023-03-24T17:59:00Z,7.167888858280276e-05,0.002591679605459139,0.002520000716876336,0
2023-03-24T17:58:55Z,2023-03-24T17:59:00Z,8.077787088730127e-05,0.002606062840745131,0.00252528496985783,0
2023-03-24T17:58:55Z,2023-03-24T17:59:00Z,0.0001017520822464953,0.0026316660136014446,0.0025299139313549493,0
2023-03-24T17:58:55Z,2023-03-24T17:59:00Z,7.245030058896772e-05,0.002608679661912459,0.002536229361323491,0
2023-03-24T17:58:55Z,2023-03-24T17:59:00Z,7.696596003568552e-05,0.0026221289064036753,0.0025451629463679897,0
2023-03-24T17:58:55Z,2023-03-24T17:59:00Z,8.098266735769716e-05,0.002633347880890148,0.002552365213532451,0
2023-03-24T17:58:55Z,2023-03-24T17:59:00Z,9.971920590542147e-05,0.0026602634815137485,0.002560544275608327,0
2023-03-24T17:58:55Z,2023-03-24T17:59:00Z,0.00010513414646140876,0.002673818876369552,0.0025686847299081434,0
2023-03-24T17:58:55Z,2023-03-24T17:59:00Z,8.786175524284033e-05,0.0026661280060289684,0.002578266250786128,0
2023-03-24T17:58:55Z,2023-03-24T17:59:00Z,7.356764277527883e-05,0.002662243821248524,0.002588676178473245,0
2023-03-24T17:58:55Z,2023-03-24T17:59:00Z,7.447139891146246e-05,0.00267293604476634,0.0025984646458548774,0
2023-03-24T17:58:55Z,2023-03-24T17:59:00Z,7.05229778363882e-05,0.0026776114298221352,0.002607088451985747,0
2023-03-24T17:58:55Z,2023-03-24T17:59:00Z,8.653732900598763e-05,0.0027026149398113493,0.0026160776108053617,0
2023-03-24T17:58:55Z,2023-03-24T17:59:00Z,8.0447424031791e-05,0.002705143796509015,0.002624696372477224,0
2023-03-24T17:58:55Z,2023-03-24T17:59:00Z,7.555859059851138e-05,0.002709482314986997,0.0026339237243884856,0
2023-03-24T17:58:55Z,2023-03-24T17:59:00Z,5.273419894722157e-05,0.0026949407460031363,0.0026422065470559147,0
2023-03-24T17:58:55Z,2023-03-24T17:59:00Z,5.0139279342653435e-05,0.0027004637446811242,0.002650324465338471,0
2023-03-24T17:58:55Z,2023-03-24T17:59:00Z,9.510216278013194e-06,0.0026669319891574985,0.0026574217728794853,0
2023-03-24T17:58:55Z,2023-03-24T17:59:00Z,5.960640221589885e-06,0.0026582601413592693,0.002664220781580859,0
2023-03-24T17:58:55Z,2023-03-24T17:59:00Z,7.127292189177802e-06,0.0026608978111674546,0.0026680251033566324,0
2023-03-24T17:58:55Z,2023-03-24T17:59:00Z,1.2973601888985158e-05,0.002656713634452511,0.0026696872363414963,0
2023-03-24T17:58:55Z,2023-03-24T17:59:00Z,3.306923599694176e-05,0.002639881634672992,0.0026729508706699336,0
2023-03-24T17:58:55Z,2023-03-24T17:59:00Z,6.938892364805917e-06,0.00266817352380818,0.0026751124161729857,0
2023-03-24T17:58:55Z,2023-03-24T17:59:00Z,1.7281650375306195e-05,0.0026928024261597193,0.002675520775784413,0
2023-03-24T17:58:55Z,2023-03-24T17:59:00Z,1.4983939867319052e-05,0.0026909990932951345,0.0026760151534278155,0
2023-03-24T17:58:55Z,2023-03-24T17:59:00Z,3.06426726687241e-05,0.002707844297958425,0.002677201625289701,0
2023-03-24T17:58:55Z,2023-03-24T17:59:00Z,2.603708196602817e-05,0.002704793150209864,0.002678756068243836,0
2023-03-24T17:58:55Z,2023-03-24T17:59:00Z,4.592621537837221e-05,0.002727532313416577,0.0026816060980382047,0
2023-03-24T17:58:55Z,2023-03-24T17:59:00Z,5.429836111725452e-05,0.0027378955282456796,0.002683597167128425,0
2023-03-24T17:58:55Z,2023-03-24T17:59:00Z,5.383638029358897e-05,0.002740553602646667,0.002686717222353078,0
2023-03-24T17:58:55Z,2023-03-24T17:59:00Z,6.132090553192865e-05,0.0027502431646621523,0.0026889222591302236,0
2023-03-24T17:58:55Z,2023-03-24T17:59:00Z,6.292507684628901e-05,0.0027540604488601158,0.0026911353720138267,0
2023-03-24T17:58:55Z,2023-03-24T17:59:00Z,6.278535082132521e-05,0.0027564682759398493,0.002693682925118524,0
2023-03-24T17:58:55Z,2023-03-24T17:59:00Z,6.022715364830235e-05,0.002757605060195388,0.0026973779065470856,0
2023-03-24T17:58:55Z,2023-03-24T17:59:00Z,6.890562229193778e-05,0.002769783812042693,0.0027008781897507553,0
2023-03-24T17:58:55Z,2023-03-24T17:59:00Z,7.747870077256386e-05,0.0027840239574631878,0.002706545256690624,0
2023-03-24T17:58:55Z,2023-03-24T17:59:00Z,6.03052114432831e-05,0.002773820697551621,0.0027135154861083377,0
2023-03-24T17:58:55Z,2023-03-24T17:59:00Z,5.239881796630531e-05,0.0027736096882181264,0.002721210870251821,0
2023-03-24T17:58:55Z,2023-03-24T17:59:00Z,2.6708160747129003e-05,0.0027552382224426443,0.0027285300616955153,0
2023-03-24T17:58:55Z,2023-03-24T17:59:00Z,1.5737180899536712e-05,0.002752625245941623,0.002736888065042086,0
2023-03-24T17:58:55Z,2023-03-24T17:59:00Z,2.5312687027426693e-05,0.002767642295734167,0.0027423296087067403,0
2023-03-24T17:58:55Z,2023-03-24T17:59:00Z,2.2761850350378268e-05,0.0027688303852934876,0.0027460685349431093,0
2023-03-24T17:58:55Z,2023-03-24T17:59:00Z,1.5001627650801288e-05,0.00276586036274635,0.002750858735095549,0
2023-03-24T17:58:55Z,2023-03-24T17:59:00Z,2.0366418276287698e-07,0.002754466701371227,0.0027546703655539897,0
2023-03-24T17:58:55Z,2023-03-24T17:59:00Z,2.9075779323848878e-05,0.0027294112870136712,0.00275848706633752,0
2023-03-24T17:58:55Z,2023-03-24T17:59:00Z,2.4938464302994012e-05,0.0027352320012816924,0.0027601704655846864,0
2023-03-24T17:58:55Z,2023-03-24T17:59:00Z,3.8279634606382205e-05,0.002721360565901303,0.0027596402005076854,0
2023-03-24T17:58:55Z,2023-03-24T17:59:00Z,5.949806162633062e-05,0.002699809538796044,0.0027593076004223745,0
2023-03-24T17:58:55Z,2023-03-24T17:59:00Z,6.732128567088014e-05,0.0026901811523289414,0.0027575024379998215,0
2023-03-24T17:58:55Z,2023-03-24T17:59:00Z,9.80253181627512e-05,0.002656086437958066,0.002754111756120817,0
2023-03-24T17:58:55Z,2023-03-24T17:59:00Z,0.00010698988444717613,0.002642978926447959,0.002749968810895135,0
2023-03-24T17:58:55Z,2023-03-24T17:59:00Z,0.00014916461517668414,0.0025944592818286185,0.0027436238970053027,0
2023-03-24T17:58:55Z,2023-03-24T17:59:00Z,0.00013915712741889097,0.0025965414642367406,0.0027356985916556316,0
2023-03-24T17:58:55Z,2023-03-24T17:59:00Z,0.0001405785234776663,0.002583272275950805,0.0027238507994284712,0
2023-03-24T17:58:55Z,2023-03-24T17:59:00Z,0.0001409215289342085,0.002571849318412083,0.0027127708473462914,0
2023-03-24T17:58:55Z,2023-03-24T17:59:00Z,0.00013381182910545157,0.002567062929974132,0.0027008747590795837,0
2023-03-24T17:58:55Z,2023-03-24T17:59:00Z,0.00013924353566231468,0.0025501694169153587,0.0026894129525776734,0
2023-03-24T17:58:55Z,2023-03-24T17:59:00Z,0.00012069292664118559,0.00255712238118852,0.002677815307829706,0
2023-03-24T17:58:55Z,2023-03-24T17:59:00Z,8.825642262618588e-05,0.002575966830277344,0.00266422325290353,0
2023-03-24T17:58:55Z,2023-03-24T17:59:00Z,9.595237969205672e-05,0.002555039122954913,0.0026509915026469697,0
2023-03-24T17:58:55Z,2023-03-24T17:59:00Z,6.658110694326546e-05,0.002572542049924391,0.0026391231568676566,0
2023-03-24T17:58:55Z,2023-03-24T17:59:00Z,6.319534584795818e-05,0.002563463587368679,0.0026266589332166372,0
2023-03-24T17:58:55Z,2023-03-24T17:59:00Z,3.525241139285809e-05,0.002581602194505699,0.002616854605898557,0
2023-03-24T17:58:55Z,2023-03-24T17:59:00Z,4.045721955284491e-05,0.002565661860476149,0.002606119080028994,0
2023-03-24T17:58:55Z,2023-03-24T17:59:00Z,2.7441918820286793e-05,0.0025699422629964818,0.0025973841818167686,0
2023-03-24T17:58:55Z,2023-03-24T17:59:00Z,6.077463892071623e-06,0.0025829224880297035,0.002588999951921775,0
2023-03-24T17:58:55Z,2023-03-24T17:59:00Z,1.4044070433047798e-05,0.0025955290917715444,0.0025814850213384966,0
2023-03-24T17:58:55Z,2023-03-24T17:59:00Z,3.593117029226673e-06,0.0025805053914972004,0.0025769122744679737,0
2023-03-24T17:58:55Z,2023-03-24T17:59:00Z,2.4488373078503014e-05,0.0025984350328792007,0.0025739466598006977,0
2023-03-24T17:58:55Z,2023-03-24T17:59:00Z,2.4525028156346246e-05,0.0025975995698113304,0.002573074541654984,0
2023-03-24T17:58:55Z,2023-03-24T17:59:00Z,1.8379293586113545e-05,0.0025915721832812516,0.002573192889695138,0
2023-03-24T17:58:55Z,2023-03-24T17:59:00Z,2.6799921653994103e-05,0.0026008882672154147,0.0025740883455614206,0
2023-03-24T17:58:55Z,2023-03-24T17:59:00Z,2.8747940288904004e-05,0.0026040689649046477,0.0025753210246157437,0
2023-03-24T17:58:55Z,2023-03-24T17:59:00Z,1.572070585690189e-05,0.002593155814050226,0.002577435108193324,0
2023-03-24T17:58:55Z,2023-03-24T17:59:00Z,1.0132723858736342e-05,0.0025909365538013904,0.002580803829942654,0
2023-03-24T17:58:55Z,2023-03-24T17:59:00Z,2.932949376943184e-05,0.002612385413265943,0.002583055919496511,0
2023-03-24T17:58:55Z,2023-03-24T17:59:00Z,1.8261812536640287e-05,0.0026022533397534043,0.002583991527216764,0
2023-03-24T17:58:55Z,2023-03-24T17:59:00Z,2.4015269913525185e-05,0.0026115909402747287,0.0025875756703612036,0
2023-03-24T17:58:55Z,2023-03-24T17:59:00Z,8.003524305995238e-06,0.0025974361502815115,0.0025894326259755162,0
2023-03-24T17:58:55Z,2023-03-24T17:59:00Z,1.4118998894195687e-05,0.0026065595844263407,0.002592440585532145,0
2023-03-24T17:58:55Z,2023-03-24T17:59:00Z,3.650128627624618e-06,0.002597080336395758,0.0025934302077681333,0
2023-03-24T17:58:55Z,2023-03-24T17:59:00Z,7.5224196375164e-06,0.0026035087351525365,0.00259598631551502,0
2023-03-24T17:58:55Z,2023-03-24T17:59:00Z,1.3595188073623442e-06,0.002596322926295112,0.0025976824451024744,0
2023-03-24T17:58:55Z,2023-03-24T17:59:00Z,5.489268177718328e-06,0.00260445835372537,0.002598969085547652,0
2023-03-24T17:58:55Z,2023-03-24T17:59:00Z,1.049313558223455e-05,0.0025885255646231403,0.002599018700205375,0
2023-03-24T17:58:55Z,2023-03-24T17:59:00Z,7.722803139211757e-06,0.0025927929572054234,0.002600515760344635,0
2023-03-24T17:58:55Z,2023-03-24T17:59:00Z,3.0332593030633816e-05,0.002569563825547998,0.002599896418578632,0
2023-03-24T17:58:55Z,2023-03-24T17:59:00Z,2.2168911623063423e-05,0.002577427093667699,0.002599596005290762,0
2023-03-24T17:58:55Z,2023-03-24T17:59:00Z,2.5836623482930216e-05,0.002572383859449504,0.002598220482932434,0
2023-03-24T17:58:55Z,2023-03-24T17:59:00Z,2.627314939820718e-05,0.0025704810101874944,0.0025967541595857016,0
2023-03-24T17:58:55Z,2023-03-24T17:59:00Z,4.361045911510479e-05,0.0025511633813796505,0.0025947738404947553,0
2023-03-24T17:58:55Z,2023-03-24T17:59:00Z,1.1331600831591786e-05,0.002582025064421743,0.002593356665253335,0
2023-03-24T17:58:55Z,2023-03-24T17:59:00Z,2.4979873773429105e-05,0.0025658909682035468,0.002590870841976976,0
2023-03-24T17:58:55Z,2023-03-24T17:59:00Z,9.516778893024509e-06,0.0025794565412811886,0.002588973320174213,0
2023-03-24T17:58:55Z,2023-03-24T17:59:00Z,1.1098919136589506e-05,0.0025756017528157575,0.002586700671952347,0
2023-03-24T17:58:55Z,2023-03-24T17:59:00Z,2.8974171215490757e-06,0.002581794854893702,0.002584692272015251,0
2023-03-24T17:58:55Z,2023-03-24T17:59:00Z,1.0991274199674377e-06,0.002582228494753674,0.0025833276221736414,0
2023-03-24T17:58:55Z,2023-03-24T17:59:00Z,1.849553000784739e-05,0.002600275356585699,0.0025817798265778515,0
2023-03-24T17:58:55Z,2023-03-24T17:59:00Z,1.0756040686689481e-05,0.0025916076271619106,0.002580851586475221,0
2023-03-24T17:58:55Z,2023-03-24T17:59:00Z,2.5769902786343217e-05,0.002606419403101137,0.002580649500314794,0
2023-03-24T17:58:55Z,2023-03-24T17:59:00Z,4.135946540449482e-05,0.0026217142595234633,0.0025803547941189685,0
2023-03-24T17:58:55Z,2023-03-24T17:59:00Z,2.512654147381055e-05,0.002605603901178765,0.0025804773597049545,0
2023-03-24T17:58:55Z,2023-03-24T17:59:00Z,1.5008429491802314e-05,0.002597560082628027,0.0025825516531362246,0
2023-03-24T17:58:55Z,2023-03-24T17:59:00Z,3.194023369585113e-06,0.002586546360504144,0.0025833523371345587,0
2023-03-24T17:58:55Z,2023-03-24T17:59:00Z,1.3885093961888122e-05,0.0025989871971639484,0.0025851021032020603,0
2023-03-24T17:58:55Z,2023-03-24T17:59:00Z,2.347457715051824e-05,0.0026091466345298563,0.002585672057379338,0
2023-03-24T17:58:55Z,2023-03-24T17:59:00Z,2.7149097172888843e-05,0.0026144838631593794,0.0025873347659864905,0
2023-03-24T17:58:55Z,2023-03-24T17:59:00Z,2.053088789482618e-05,0.0026102822554027144,0.002589751367507888,0
2023-03-24T17:58:55Z,2023-03-24T17:59:00Z,2.3429260392008894e-05,0.0026171381580111304,0.0025937088976191215,0
2023-03-24T17:58:55Z,2023-03-24T17:59:00Z,1.0411351035186263e-05,0.0026058863230906185,0.002595474972055432,0
2023-03-24T17:58:55Z,2023-03-24T17:59:00Z,2.9863306545046056e-06,0.0026016642520729103,0.0025986779214184057,0
2023-03-24T17:58:55Z,2023-03-24T17:59:00Z,6.49720807406216e-06,0.002593832574707433,0.002600329782781495,0
2023-03-24T17:58:55Z,2023-03-24T17:59:00Z,2.5151937260354564e-06,0.002599443495259032,0.0026019586889850675,0
2023-03-24T17:58:55Z,2023-03-24T17:59:00Z,2.4029576118713564e-05,0.002578681470354712,0.0026027110464734255,0
2023-03-24T17:58:55Z,2023-03-24T17:59:00Z,7.147246667483197e-06,0.0026109342306724938,0.0026037869840050106,0
2023-03-24T17:58:55Z,2023-03-24T17:59:00Z,1.1237160138608416e-05,0.002591200205976965,0.0026024373661155736,0
2023-03-24T17:58:55Z,2023-03-24T17:59:00Z,5.933747099134794e-06,0.0025977115317358506,0.0026036452788349854,0
2023-03-24T17:58:55Z,2023-03-24T17:59:00Z,1.0875881586143964e-05,0.0025918181974285805,0.0026026940790147245,0
2023-03-24T17:58:55Z,2023-03-24T17:59:00Z,3.063736008421551e-05,0.0025705565484437833,0.002601193908527999,0
2023-03-24T17:58:55Z,2023-03-24T17:59:00Z,3.408767759811252e-05,0.0025662446244454997,0.0026003323020436122,0
2023-03-24T17:58:55Z,2023-03-24T17:59:00Z,3.7388381664094604e-05,0.0025612561994930024,0.002598644581157097,0
2023-03-24T17:58:55Z,2023-03-24T17:59:00Z,4.058202184811267e-05,0.002556793700805319,0.0025973757226534317,0
2023-03-24T17:58:55Z,2023-03-24T17:59:00Z,3.8903075694745465e-05,0.002556114459604252,0.0025950175352989976,0
2023-03-24T17:58:55Z,2023-03-24T17:59:00Z,3.066232645849336e-05,0.002561083150482721,0.0025917454769412143,0
2023-03-24T17:58:55Z,2023-03-24T17:59:00Z,3.7958353308446564e-05,0.002550139035910572,0.0025880973892190187,0
2023-03-24T17:58:55Z,2023-03-24T17:59:00Z,3.9805031745116046e-05,0.002545217413416403,0.002585022445161519,0
2023-03-24T17:58:55Z,2023-03-24T17:59:00Z,3.281302681845677e-06,0.00258411630271208,0.002580835000030234,0
2023-03-24T17:58:55Z,2023-03-24T17:59:00Z,1.1983077945476595e-06,0.002578241500970143,0.0025770431931755955,0
2023-03-24T17:58:55Z,2023-03-24T17:59:00Z,1.823989311507037e-06,0.002577770435652051,0.002575946446340544,0
2023-03-24T17:58:55Z,2023-03-24T17:59:00Z,8.758762894201574e-06,0.0025662132413377613,0.002574972004231963,0
2023-03-24T17:58:55Z,2023-03-24T17:59:00Z,2.048456958759267e-05,0.002553132868418934,0.0025736174380065267,0
2023-03-24T17:58:55Z,2023-03-24T17:59:00Z,7.902276845712323e-06,0.002564935896847255,0.002572838173692967,0
2023-03-24T17:58:55Z,2023-03-24T17:59:00Z,1.7134263803973704e-05,0.002552091324748146,0.00256922558855212,0
2023-03-24T17:58:55Z,2023-03-24T17:59:00Z,2.032805080221965e-05,0.0025472560184292936,0.0025675840692315132,0
2023-03-24T17:58:55Z,2023-03-24T17:59:00Z,2.037365238849887e-05,0.0025443591539062826,0.0025647328062947815,0
2023-03-24T17:58:55Z,2023-03-24T17:59:00Z,3.1543732655502e-05,0.002530403937451824,0.002561947670107326,0
2023-03-24T17:58:55Z,2023-03-24T17:59:00Z,2.4876716585449463e-05,0.0025354336163632826,0.002560310332948732,0
2023-03-24T17:58:55Z,2023-03-24T17:59:00Z,1.9207491510043855e-05,0.0025388627985015837,0.0025580702900116275,0
2023-03-24T17:58:55Z,2023-03-24T17:59:00Z,2.205966435496476e-05,0.0025343967142110553,0.00255645637856602,0
2023-03-24T17:58:55Z,2023-03-24T17:59:00Z,4.875730122039755e-06,0.002550459967049997,0.002555335697172037,0
2023-03-24T17:58:55Z,2023-03-24T17:59:00Z,2.0917842851856955e-05,0.0025748961809368186,0.0025539783380849617,0
2023-03-24T17:58:55Z,2023-03-24T17:59:00Z,3.228760426731954e-05,0.002585601993387736,0.0025533143891204165,0
2023-03-24T17:58:55Z,2023-03-24T17:59:00Z,5.771778032022997e-05,0.002612579491004787,0.002554861710684557,0
2023-03-24T17:58:55Z,2023-03-24T17:59:00Z,5.661926995887811e-05,0.0026140050168916434,0.0025573857469327653,0
2023-03-24T17:58:55Z,2023-03-24T17:59:00Z,6.844412234472026e-05,0.00262760881854578,0.0025591646962010595,0
2023-03-24T17:58:55Z,2023-03-24T17:59:00Z,7.320192731598372e-05,0.002634601843262137,0.0025613999159461534,0
2023-03-24T17:58:55Z,2023-03-24T17:59:00Z,6.009556218131932e-05,0.0026246103770583306,0.0025645148148770113,0
2023-03-24T17:58:55Z,2023-03-24T17:59:00Z,6.257779853663728e-05,0.0026313669010339224,0.002568789102497285,0
2023-03-24T17:58:55Z,2023-03-24T17:59:00Z,8.21108196576081e-05,0.0026553672664448554,0.0025732564467872473,0
2023-03-24T17:58:55Z,2023-03-24T17:59:00Z,8.749330477527285e-05,0.002664901689324187,0.002577408384548914,0
2023-03-24T17:58:55Z,2023-03-24T17:59:00Z,9.068567098588672e-05,0.0026745488018908446,0.002583863130904958,0
2023-03-24T17:58:55Z,2023-03-24T17:59:00Z,0.00010539542183956706,0.0026966114071754563,0.0025912159853358893,0
2023-03-24T17:58:55Z,2023-03-24T17:59:00Z,9.460876572912327e-05,0.0026939616040640474,0.002599352838334924,0
2023-03-24T17:58:55Z,2023-03-24T17:59:00Z,7.615521471022709e-05,0.0026858960199028785,0.0026097408051926514,0
2023-03-24T17:58:55Z,2023-03-24T17:59:00Z,7.032407029166233e-05,0.0026899728747156113,0.002619648804423949,0
2023-03-24T17:58:55Z,2023-03-24T17:59:00Z,6.548352646738084e-05,0.0026943219072289104,0.0026288383807615296,0
2023-03-24T17:58:55Z,2023-03-24T17:59:00Z,5.051360399498236e-05,0.002689075494788047,0.0026385618907930645,0
2023-03-24T17:58:55Z,2023-03-24T17:59:00Z,4.9272121106811156e-05,0.002696825383161058,0.0026475532620542468,0
2023-03-24T17:58:55Z,2023-03-24T17:59:00Z,6.733057480079766e-05,0.0027220200439707462,0.0026546894691699486,0
2023-03-24T17:58:55Z,2023-03-24T17:59:00Z,7.841915390334551e-05,0.0027400600849341265,0.002661640931030781,0
2023-03-24T17:58:55Z,2023-03-24T17:59:00Z,8.060966529994506e-05,0.0027490906308910985,0.0026684809655911535,0
2023-03-24T17:58:55Z,2023-03-24T17:59:00Z,8.450938170945915e-05,0.0027608687890532677,0.0026763594073438085,0
2023-03-24T17:58:55Z,2023-03-24T17:59:00Z,9.710318971732331e-05,0.0027810552103327145,0.002683952020615391,0
2023-03-24T17:58:55Z,2023-03-24T17:59:00Z,9.543292377932333e-05,0.00278727662850666,0.0026918437047273366,0
2023-03-24T17:58:55Z,2023-03-24T17:59:00Z,9.3566530702467e-05,0.0027951880375094527,0.0027016215068069857,0
2023-03-24T17:58:55Z,2023-03-24T17:59:00Z,8.633340791461752e-05,0.0027976992726886497,0.002711365864774032,0
2023-03-24T17:58:55Z,2023-03-24T17:59:00Z,7.521584130606648e-05,0.0027953205042716357,0.0027201046629655693,0
2023-03-24T17:58:55Z,2023-03-24T17:59:00Z,8.194996203335662e-05,0.002810354473959205,0.0027284045119258483,0
2023-03-24T17:58:55Z,2023-03-24T17:59:00Z,6.295875890690011e-05,0.0027989115022315474,0.0027359527433246473,0
2023-03-24T17:58:55Z,2023-03-24T17:59:00Z,7.200440062525007e-05,0.002815066085623882,0.002743061684998632,0
2023-03-24T17:58:55Z,2023-03-24T17:59:00Z,8.614344868745731e-05,0.0028357645023215578,0.0027496210536341005,0
2023-03-24T17:58:55Z,2023-03-24T17:59:00Z,8.059157280057702e-05,0.00283828575554224,0.002757694182741663,0
2023-03-24T17:58:55Z,2023-03-24T17:59:00Z,5.1490583018292454e-05,0.002818296742485327,0.0027668061594670348,0
2023-03-24T17:58:55Z,2023-03-24T17:59:00Z,4.710577765656846e-05,0.002822909677643186,0.0027758038999866176,0
2023-03-24T17:58:55Z,2023-03-24T17:59:00Z,5.4988786061913215e-06,0.0027893791065738893,0.002783880227967698,0
2023-03-24T17:58:55Z,2023-03-24T17:59:00Z,3.6714912473750395e-06,0.0027880890051254557,0.0027917604963728308,0
2023-03-24T17:58:55Z,2023-03-24T17:59:00Z,1.1344170330390355e-05,0.002807314608115918,0.0027959704377855275,0
2023-03-24T17:58:55Z,2023-03-24T17:59:00Z,9.001015809090383e-06,0.002807973261106576,0.0027989722452974857,0
2023-03-24T17:58:55Z,2023-03-24T17:59:00Z,2.3701399238213773e-05,0.0028263126431122506,0.002802611243874037,0
2023-03-24T17:58:55Z,2023-03-24T17:59:00Z,4.2879039562615344e-05,0.0028484343129399838,0.0028055552733773684,0
2023-03-24T17:58:55Z,2023-03-24T17:59:00Z,3.294057400906941e-05,0.002841324436935159,0.0028083838629260898,0
2023-03-24T17:58:55Z,2023-03-24T17:59:00Z,4.5819692808724347e-05,0.0028580259110118967,0.0028122062182031724,0
2023-03-24T17:58:55Z,2023-03-24T17:59:00Z,2.3284566710246157e-05,0.0028383743098775254,0.0028150897431672792,0
2023-03-24T17:58:55Z,2023-03-24T17:59:00Z,1.0251714741672715e-05,0.0028291118728041545,0.002818860158062482,0
2023-03-24T17:58:55Z,2023-03-24T17:59:00Z,9.337228012198419e-06,0.002812213792900652,0.0028215510209128503,0
2023-03-24T17:58:55Z,2023-03-24T17:59:00Z,1.5819969736855302e-05,0.002806903388603804,0.0028227233583406593,0
2023-03-24T17:58:55Z,2023-03-24T17:59:00Z,4.529489487882163e-05,0.002778259856628657,0.0028235547515074785,0
2023-03-24T17:58:55Z,2023-03-24T17:59:00Z,5.775163882123938e-05,0.002765292944122484,0.0028230445829437235,0
2023-03-24T17:58:55Z,2023-03-24T17:59:00Z,4.282117250248817e-05,0.0027766293700854294,0.0028194505425879176,0
2023-03-24T17:58:55Z,2023-03-24T17:59:00Z,5.652138166019902e-05,0.0027583671102139836,0.0028148884918741826,0
2023-03-24T17:58:55Z,2023-03-24T17:59:00Z,5.8645706724157025e-05,0.0027536385743750316,0.0028122842810991886,0
2023-03-24T17:58:55Z,2023-03-24T17:59:00Z,6.600209391022975e-05,0.0027422482767246337,0.0028082503706348635,0
2023-03-24T17:58:55Z,2023-03-24T17:59:00Z,5.671893677154519e-05,0.00274929765060089,0.002806016587372435,0
2023-03-24T17:58:55Z,2023-03-24T17:59:00Z,5.954002609058267e-05,0.002743611515756801,0.0028031515418473836,0
2023-03-24T17:58:55Z,2023-03-24T17:59:00Z,5.7139968343401445e-05,0.002742385513659293,0.0027995254820026945,0
2023-03-24T17:58:55Z,2023-03-24T17:59:00Z,5.366854301191038e-05,0.0027418343299064228,0.002795502872918333,0
2023-03-24T17:58:55Z,2023-03-24T17:59:00Z,4.425775268151544e-05,0.0027459996746460077,0.002790257427327523,0
2023-03-24T17:58:55Z,2023-03-24T17:59:00Z,4.078713665856817e-05,0.0027428077917293577,0.002783594928387926,0
2023-03-24T17:58:55Z,2023-03-24T17:59:00Z,4.0298485098962545e-05,0.002737338645645891,0.0027776371307448536,0
2023-03-24T17:58:55Z,2023-03-24T17:59:00Z,4.34057204348544e-05,0.0027270302778548408,0.002770435998289695,0
2023-03-24T17:58:55Z,2023-03-24T17:59:00Z,4.127325270717299e-05,0.002722848016568045,0.002764121269275218,0
2023-03-24T17:58:55Z,2023-03-24T17:59:00Z,4.366609023458883e-05,0.002714075079356297,0.002757741169590886,0
2023-03-24T17:58:55Z,2023-03-24T17:59:00Z,4.8964023217023655e-05,0.0027031917853530744,0.002752155808570098,0
2023-03-24T17:58:55Z,2023-03-24T17:59:00Z,4.336412303560357e-05,0.0027029899162065254,0.002746354039242129,0
2023-03-24T17:58:55Z,2023-03-24T17:59:00Z,4.472299072057987e-05,0.0026969392940668253,0.002741662284787405,0
2023-03-24T17:58:55Z,2023-03-24T17:59:00Z,5.636596536067991e-05,0.0026814023801819777,0.0027377683455426577,0
2023-03-24T17:58:55Z,2023-03-24T17:59:00Z,4.798305512006577e-05,0.0026848046606714293,0.002732787715791495,0
2023-03-24T17:58:55Z,2023-03-24T17:59:00Z,5.168122227641823e-05,0.0026762961978880765,0.0027279774201644947,0
2023-03-24T17:58:55Z,2023-03-24T17:59:00Z,5.91352533627805e-05,0.002664540047195239,0.0027236753005580195,0
2023-03-24T17:58:55Z,2023-03-24T17:59:00Z,8.025358855485694e-05,0.0026392997070758778,0.0027195532956307347,0
2023-03-24T17:58:55Z,2023-03-24T17:59:00Z,0.00011290359269191565,0.002601352352725966,0.0027142559454178816,0
2023-03-24T17:58:55Z,2023-03-24T17:59:00Z,0.00013639005152658,0.002571346405848744,0.002707736457375324,1
2023-03-24T17:58:55Z,2023-03-24T17:59:00Z,0.00015718621015792808,0.002541735674659063,0.002698921884816991,1
2023-03-24T17:58:55Z,2023-03-24T17:59:00Z,0.00018170441677447906,0.0025065619727889068,0.002688266389563386,1
2023-03-24T17:58:55Z,2023-03-24T17:59:00Z,0.00018986204803156728,0.0024856378415326346,0.002675499889564202,1
2023-03-24T17:58:55Z,2023-03-24T17:59:00Z,0.00020834808610427575,0.002452386439776148,0.002660734525880424,1
2023-03-24T17:58:55Z,2023-03-24T17:59:00Z,0.00023179837961007912,0.002413204846013266,0.002645003225623345,1
2023-03-24T17:58:55Z,2023-03-24T17:59:00Z,0.000255826657404693,0.002372011328338734,0.002627837985743427,1
2023-03-24T17:58:55Z,2023-03-24T17:59:00Z,0.0002674746194870339,0.002341010668096719,0.002608485287583753,1
2023-03-24T17:58:55Z,2023-03-24T17:59:00Z,0.0002701009884707238,0.0023170053146744315,0.0025871063031451553,1
2023-03-24T17:58:55Z,2023-03-24T17:59:00Z,0.0002600356225946456,0.0023044343607219876,0.002564469983316633,1
2023-03-24T17:58:55Z,2023-03-24T17:59:00Z,0.00022682739336370075,0.0023135185523571766,0.0025403459457208773,1
2023-03-24T17:58:55Z,2023-03-24T17:59:00Z,0.00019149525907839445,0.0023243191283084303,0.0025158143873868248,1
2023-03-24T17:58:55Z,2023-03-24T17:59:00Z,0.0001808183425076708,0.0023120033056401043,0.002492821648147775,1
2023-03-24T17:58:55Z,2023-03-24T17:59:00Z,0.0001845811439352106,0.002285710158439877,0.0024702913023750875,1
2023-03-24T17:58:55Z,2023-03-24T17:59:00Z,0.00019599686348978265,0.002251526133119806,0.002447522996609589,1
2023-03-24T17:58:55Z,2023-03-24T17:59:00Z,0.00019270326804550226,0.0022311428605168767,0.002423846128562379,1
2023-03-24T17:58:55Z,2023-03-24T17:59:00Z,0.00019775247650438612,0.0022018578036857384,0.0023996102801901245,1
2023-03-24T17:58:55Z,2023-03-24T17:59:00Z,0.00020295504192822467,0.0021735171449988318,0.0023764721869270564,1
2023-03-24T17:58:55Z,2023-03-24T17:59:00Z,0.00019909746803639487,0.002154281681255474,0.002353379149291869,1
2023-03-24T17:58:55Z,2023-03-24T17:59:00Z,0.00019730422665496013,0.0021330612645331444,0.0023303654911881046,1
2023-03-24T17:58:55Z,2023-03-24T17:59:00Z,0.00019741308721774172,0.002110934885749523,0.0023083479729672646,1
2023-03-24T17:58:55Z,2023-03-24T17:59:00Z,0.00019483115239115906,0.002091480784513638,0.002286311936904797,1
2023-03-24T17:58:55Z,2023-03-24T17:59:00Z,0.00017924615110595813,0.002085725063672175,0.002264971214778133,1
2023-03-24T17:58:55Z,2023-03-24T17:59:00Z,0.00016715681028894305,0.002077706650645463,0.0022448634609344062,1
2023-03-24T17:58:55Z,2023-03-24T17:59:00Z,0.00015819529800403928,0.0020687752713887068,0.002226970569392746,1
2023-03-24T17:58:55Z,2023-03-24T17:59:00Z,0.00016214942423779886,0.0020483646440642433,0.002210514068302042,1
2023-03-24T17:58:55Z,2023-03-24T17:59:00Z,0.00016529706445834753,0.002029702626138337,0.0021949996905966844,1
2023-03-24T17:58:55Z,2023-03-24T17:59:00Z,0.00016187170592954101,0.002017123627376035,0.002178995333305576,1
2023-03-24T17:58:55Z,2023-03-24T17:59:00Z,0.00014885765988012327,0.0020123991780367748,0.002161256837916898,1
2023-03-24T17:58:55Z,2023-03-24T17:59:00Z,0.00014125673647754104,0.0020008003826310823,0.0021420571191086233,1
2023-03-24T17:58:55Z,2023-03-24T17:59:00Z,0.00012683803283630073,0.0019964938282971147,0.0021233318611334154,1
2023-03-24T17:58:55Z,2023-03-24T17:59:00Z,0.00011385940759180277,0.0019916655925535627,0.0021055250001453655,1
2023-03-24T17:58:55Z,2023-03-24T17:59:00Z,0.00010723285693175566,0.0019823526241621917,0.0020895854810939474,1
2023-03-24T17:58:55Z,2023-03-24T17:59:00Z,9.940854293719829e-05,0.001975209608909042,0.0020746181518462403,1
2023-03-24T17:58:55Z,2023-03-24T17:59:00Z,0.00011267175769599162,0.0019482273204300268,0.0020608990781260184,1
2023-03-24T17:58:55Z,2023-03-24T17:59:00Z,0.00013261607040565906,0.0019158887867147473,0.0020485048571204064,1
2023-03-24T17:58:55Z,2023-03-24T17:59:00Z,0.00012645969987237857,0.0019091667596964376,0.002035626459568816,1
2023-03-24T17:58:55Z,2023-03-24T17:59:00Z,0.00011369170453978672,0.0019083614751653796,0.0020220531797051663,1
2023-03-24T17:58:55Z,2023-03-24T17:59:00Z,0.00010302954248813528,0.0019064131293387134,0.0020094426718268487,1
2023-03-24T17:58:55Z,2023-03-24T17:59:00Z,9.17617773653599e-05,0.0019062359376272222,0.001997997714992582,1
2023-03-24T17:58:55Z,2023-03-24T17:59:00Z,8.220686083350282e-05,0.001904583858263238,0.001986790719096741,1
2023-03-24T17:58:55Z,2023-03-24T17:59:00Z,7.324546676384523e-05,0.0019028283327692556,0.001976073799533101,1
2023-03-24T17:58:55Z,2023-03-24T17:59:00Z,6.789949852256064e-05,0.0018979123376901986,0.0019658118362127592,1
2023-03-24T17:58:55Z,2023-03-24T17:59:00Z,5.4867878072584154e-05,0.001901847938684238,0.0019567158167568223,1
2023-03-24T17:58:55Z,2023-03-24T17:59:00Z,1.683064941654963e-05,0.0019316482743122643,0.001948478923728814,1
2023-03-24T17:58:55Z,2023-03-24T17:59:00Z,6.409585489453983e-07,0.001940633234636631,0.0019412741931855765,1
2023-03-24T17:58:55Z,2023-03-24T17:59:00Z,4.567723739856049e-06,0.001940794985442651,0.0019362272617027949,1
2023-03-24T17:58:55Z,2023-03-24T17:59:00Z,1.3420675172653128e-05,0.0019458874901257946,0.0019324668149531415,1
2023-03-24T17:58:55Z,2023-03-24T17:59:00Z,2.096730571814892e-05,0.0019499529429928865,0.0019289856372747376,1
2023-03-24T17:58:55Z,2023-03-24T17:59:00Z,3.6138276724364355e-05,0.0019622627825973665,0.001926124505873002,1
2023-03-24T17:58:55Z,2023-03-24T17:59:00Z,4.337489372010714e-05,0.0019674744195200275,0.0019240995257999204,1
2023-03-24T17:58:55Z,2023-03-24T17:59:00Z,5.02268765895503e-05,0.001973517225744991,0.0019232903491554407,1
2023-03-24T17:58:55Z,2023-03-24T17:59:00Z,4.2817834259984344e-05,0.00196731112710855,0.0019244932928485657,1
2023-03-24T17:58:55Z,2023-03-24T17:59:00Z,4.085409036372182e-05,0.001968949160651678,0.0019280950702879561,1
2023-03-24T17:58:55Z,2023-03-24T17:59:00Z,4.1069105529402405e-05,0.0019727981987806152,0.0019317290932512128,1
2023-03-24T17:58:55Z,2023-03-24T17:59:00Z,3.6570326162890625e-05,0.0019720861497569972,0.0019355158235941066,1
2023-03-24T17:58:55Z,2023-03-24T17:59:00Z,2.7116185055591066e-05,0.0019667810754898166,0.0019396648904342255,1
2023-03-24T17:58:55Z,2023-03-24T17:59:00Z,3.576014090651619e-05,0.0019795406695988526,0.0019437805286923364,1
2023-03-24T17:58:55Z,2023-03-24T17:59:00Z,5.32461875161175e-05,0.002000914042285115,0.0019476678547689975,1
2023-03-24T17:58:55Z,2023-03-24T17:59:00Z,6.575124014948988e-05,0.0020182136159703373,0.0019524623758208474,1
2023-03-24T17:58:55Z,2023-03-24T17:59:00Z,7.725847009937194e-05,0.0020361584524574016,0.0019588999823580296,1
2023-03-24T17:58:55Z,2023-03-24T17:59:00Z,9.504146923873004e-05,0.002061214306427141,0.001966172837188411,0
2023-03-24T17:58:55Z,2023-03-24T17:59:00Z,0.00012238215849183802,0.00209508688181432,0.001972704723322482,0
2023-03-24T17:58:55Z,2023-03-24T17:59:00Z,0.0001472035323191105,0.002127444572628499,0.0019802410403093884,0
2023-03-24T17:58:55Z,2023-03-24T17:59:00Z,0.0001727951373968477,0.0021626794212294656,0.001989884283832618,0
2023-03-24T17:58:55Z,2023-03-24T17:59:00Z,0.0001923954926338926,0.0021936270941229296,0.002001231601489037,0
2023-03-24T17:58:55Z,2023-03-24T17:59:00Z,0.00021554075316209493,0.002230067759540918,0.002014527006378823,0
2023-03-24T17:58:55Z,2023-03-24T17:59:00Z,0.0002261103236986849,0.002255097599547856,0.002028987275849171,0
2023-03-24T17:58:55Z,2023-03-24T17:59:00Z,0.0002098264366974076,0.002255225796297884,0.0020453993596004764,0
2023-03-24T17:58:55Z,2023-03-24T17:59:00Z,0.00024039469082533281,0.0023033928237884884,0.0020629981329631556,0
2023-03-24T17:58:55Z,2023-03-24T17:59:00Z,0.00027275134118389397,0.002353744140971383,0.002080992799787489,0
2023-03-24T17:58:55Z,2023-03-24T17:59:00Z,0.0002827775033212893,0.002384673032054829,0.00210189552873354,0
2023-03-24T17:58:55Z,2023-03-24T17:59:00Z,0.0003101707228063853,0.002435875372926848,0.0021257046501204626,0
2023-03-24T17:58:55Z,2023-03-24T17:59:00Z,0.0003171255597752571,0.0024686168900393346,0.0021514913302640775,0
2023-03-24T17:58:55Z,2023-03-24T17:59:00Z,0.00033883408524222744,0.0025196438090961193,0.002180809723853892,0
2023-03-24T17:58:55Z,2023-03-24T17:59:00Z,0.0003519591904754412,0.0025633361781068633,0.002211376987631422,0
2023-03-24T17:58:55Z,2023-03-24T17:59:00Z,0.000349282143546546,0.0025930797416036555,0.0022437975980571095,0
2023-03-24T17:58:55Z,2023-03-24T17:59:00Z,0.0003382916007970472,0.0026161593589876897,0.0022778677581906425,0
2023-03-24T17:58:55Z,2023-03-24T17:59:00Z,0.0002972572033392612,0.0026099325421015448,0.0023126753387622836,0
2023-03-24T17:58:55Z,2023-03-24T17:59:00Z,0.0002696465619512682,0.002617005966498586,0.0023473594045473178,0
2023-03-24T17:58:55Z,2023-03-24T17:59:00Z,0.0002261775132821743,0.0026057147715974434,0.002379537258315269,0
2023-03-24T17:58:55Z,2023-03-24T17:59:00Z,0.00020066164168193587,0.002610796487114086,0.00241013484543215,0
2023-03-24T17:58:55Z,2023-03-24T17:59:00Z,0.00016068334757584745,0.0025985079024059957,0.0024378245548301483,0
2023-03-24T17:58:55Z,2023-03-24T17:59:00Z,0.00014248930457883046,0.002606386946470926,0.0024638976418920955,0
2023-03-24T17:58:55Z,2023-03-24T17:59:00Z,0.00012223232692938927,0.002609157477750552,0.002486925150821163,0
2023-03-24T17:58:55Z,2023-03-24T17:59:00Z,0.00011771638430084627,0.0026265971193047016,0.0025088807350038553,0
2023-03-24T17:58:55Z,2023-03-24T17:59:00Z,9.451696172274203e-05,0.0026255184268173886,0.0025310014650946466,0
2023-03-24T17:58:55Z,2023-03-24T17:59:00Z,5.959031726679009e-05,0.0026107920508312,0.00255120173356441,0
2023-03-24T17:58:55Z,2023-03-24T17:59:00Z,8.846534445299675e-05,0.002656652970882782,0.002568187626429785,0
2023-03-24T17:58:55Z,2023-03-24T17:59:00Z,5.111282370799707e-05,0.0026334328888113056,0.0025823200651033085,0
2023-03-24T17:58:55Z,2023-03-24T17:59:00Z,3.94082697479166e-05,0.002635526934723471,0.0025961186649755543,0
2023-03-24T17:58:55Z,2023-03-24T17:59:00Z,9.751250016578738e-06,0.0025966684148822235,0.0026064196648988023,0
2023-03-24T17:58:55Z,2023-03-24T17:59:00Z,2.494780066864639e-05,0.0025887145595818654,0.002613662360250512,0
2023-03-24T17:58:55Z,2023-03-24T17:59:00Z,7.203917603457177e-05,0.0025437064490144,0.002615745625048972,0
2023-03-24T17:58:55Z,2023-03-24T17:59:00Z,8.603800057388304e-05,0.002529434800598727,0.0026154728011726102,0
2023-03-24T17:58:55Z,2023-03-24T17:59:00Z,7.164037532202822e-05,0.002539304118977251,0.002610944494299279,0
2023-03-24T17:58:55Z,2023-03-24T17:59:00Z,5.660299788839626e-05,0.002549310387566957,0.0026059133854553535,0
2023-03-24T17:58:55Z,2023-03-24T17:59:00Z,9.148396002822776e-05,0.002509573059957042,0.00260105701998527,0
2023-03-24T17:58:55Z,2023-03-24T17:59:00Z,6.35002588994381e-05,0.0025340314870839265,0.0025975317459833646,0
2023-03-24T17:58:55Z,2023-03-24T17:59:00Z,5.010283272038809e-05,0.0025411024490656613,0.0025912052817860494,0
2023-03-24T17:58:55Z,2023-03-24T17:59:00Z,6.0194168440505427e-05,0.0025269813373879147,0.00258717550582842,0
2023-03-24T17:58:55Z,2023-03-24T17:59:00Z,5.710599634087352e-05,0.0025259892283997173,0.002583095224740591,0
2023-03-24T17:58:55Z,2023-03-24T17:59:00Z,3.728532621481012e-05,0.002540673889753116,0.002577959215967926,0
2023-03-24T17:58:55Z,2023-03-24T17:59:00Z,2.6947269213581804e-05,0.002544723953572783,0.0025716712227863646,0
2023-03-24T17:58:55Z,2023-03-24T17:59:00Z,9.750782018611535e-06,0.002576119221238459,0.0025663684392198474,0
2023-03-24T17:58:55Z,2023-03-24T17:59:00Z,3.0418905911992495e-05,0.002592658089053189,0.0025622391831411967,0
2023-03-24T17:58:55Z,2023-03-24T17:59:00Z,4.595101812692208e-05,0.0026031568419153483,0.0025572058237884263,0
2023-03-24T17:58:55Z,2023-03-24T17:59:00Z,5.93822553146277e-05,0.002614039654118172,0.002554657398803544,0
2023-03-24T17:58:55Z,2023-03-24T17:59:00Z,6.449147821112116e-05,0.0026171257462141574,0.0025526342680030362,0
2023-03-24T17:58:55Z,2023-03-24T17:59:00Z,6.487973531567152e-05,0.002618599705770955,0.0025537199704552833,0
2023-03-24T17:58:55Z,2023-03-24T17:59:00Z,7.590217824344136e-05,0.0026313978478632425,0.002555495669619801,0
2023-03-24T17:58:55Z,2023-03-24T17:59:00Z,8.146295212422454e-05,0.0026416394502913106,0.002560176498167086,0
2023-03-24T17:58:55Z,2023-03-24T17:59:00Z,4.598013969977534e-05,0.0026125293283208936,0.0025665491886211183,0
2023-03-24T17:58:55Z,2023-03-24T17:59:00Z,5.4418842220199486e-05,0.002627363989048446,0.0025729451468282467,0
2023-03-24T17:58:55Z,2023-03-24T17:59:00Z,4.602773742529804e-05,0.002622924068050666,0.0025768963306253678,0
2023-03-24T17:58:55Z,2023-03-24T17:59:00Z,7.366139256333604e-05,0.0026579196562569168,0.0025842582636935807,0
2023-03-24T17:58:55Z,2023-03-24T17:59:00Z,9.60765617293545e-05,0.0026858906117333565,0.002589814050004002,0
2023-03-24T17:58:55Z,2023-03-24T17:59:00Z,0.00011845889169065545,0.002715574017144111,0.0025971151254534555,0
2023-03-24T17:58:55Z,2023-03-24T17:59:00Z,0.00013300971155472087,0.0027400566666547664,0.0026070469551000455,0
2023-03-24T17:58:55Z,2023-03-24T17:59:00Z,0.00013024676377856436,0.0027491427681751346,0.0026188960043965702,0
2023-03-24T17:58:55Z,2023-03-24T17:59:00Z,0.00011710196273068693,0.00274845939068361,0.002631357427952923,0
2023-03-24T17:58:55Z,2023-03-24T17:59:00Z,0.00014472779508210637,0.0027888613989476767,0.0026441336038655703,0
2023-03-24T17:58:55Z,2023-03-24T17:59:00Z,0.0001023685248694897,0.002757273389325382,0.0026549048644558923,0
2023-03-24T17:58:55Z,2023-03-24T17:59:00Z,7.962803166630065e-05,0.0027467956029905987,0.002667167571324298,0
2023-03-24T17:58:55Z,2023-03-24T17:59:00Z,8.728097456904083e-05,0.0027640808301064657,0.002676799855537425,0
2023-03-24T17:58:55Z,2023-03-24T17:59:00Z,7.474961594541429e-05,0.002759846718287366,0.0026850971023419518,0
2023-03-24T17:58:55Z,2023-03-24T17:59:00Z,6.896067432381496e-05,0.0027632424694090355,0.0026942817950852205,0
2023-03-24T17:58:55Z,2023-03-24T17:59:00Z,6.894354551294744e-05,0.002772053278880444,0.0027031097333674965,0
2023-03-24T17:58:55Z,2023-03-24T17:59:00Z,3.302602396812893e-05,0.0027443760461822375,0.0027113500222141085,0
2023-03-24T17:58:55Z,2023-03-24T17:59:00Z,2.2294394608945306e-05,0.002741795281109875,0.0027195008865009297,0
2023-03-24T17:58:55Z,2023-03-24T17:59:00Z,1.2181698017545671e-05,0.002715559608349718,0.0027277413063672637,0
2023-03-24T17:58:55Z,2023-03-24T17:59:00Z,2.7729612570542243e-05,0.0027071636495505603,0.0027348932621211026,0
2023-03-24T17:58:55Z,2023-03-24T17:59:00Z,4.7136734272624613e-05,0.002693546249117169,0.0027406829833897936,0
2023-03-24T17:58:55Z,2023-03-24T17:59:00Z,5.373665703429283e-05,0.0026900240759363536,0.0027437607329706465,0
2023-03-24T17:58:55Z,2023-03-24T17:59:00Z,5.34485466334683e-05,0.002690790663673666,0.0027442392103071344,0
2023-03-24T17:58:55Z,2023-03-24T17:59:00Z,5.9348487390717495e-05,0.002683293851590932,0.0027426423389816496,0
2023-03-24T17:58:55Z,2023-03-24T17:59:00Z,4.634989285492129e-05,0.0026932133209404095,0.002739563213795331,0
2023-03-24T17:58:55Z,2023-03-24T17:59:00Z,7.72524725237058e-05,0.0026581951839851122,0.002735447656508818,0
2023-03-24T17:58:55Z,2023-03-24T17:59:00Z,6.988512246072645e-05,0.002662109654689142,0.0027319947771498685,0
2023-03-24T17:58:55Z,2023-03-24T17:59:00Z,5.301667575383952e-05,0.0026708114629608684,0.002723828138714708,0
2023-03-24T17:58:55Z,2023-03-24T17:59:00Z,7.659895652082889e-05,0.002641281448779114,0.0027178804052999427,0
2023-03-24T17:58:55Z,2023-03-24T17:59:00Z,6.815484345345851e-05,0.0026449765530946264,0.002713131396548085,0
2023-03-24T17:58:55Z,2023-03-24T17:59:00Z,7.468935491116444e-05,0.002630767080303961,0.0027054564352151254,0
2023-03-24T17:58:55Z,2023-03-24T17:59:00Z,7.251473450347419e-05,0.0026257623153871047,0.002698277049890579,0
2023-03-24T17:58:55Z,2023-03-24T17:59:00Z,4.8298002469833803e-05,0.0026416993356016783,0.002689997338071512,0
2023-03-24T17:58:55Z,2023-03-24T17:59:00Z,1.0636415035798763e-05,0.002670217737817379,0.002680854152853178,1
2023-03-24T17:58:55Z,2023-03-24T17:59:00Z,5.72946697042229e-06,0.002668707391471471,0.002674436858441893,1
2023-03-24T17:58:55Z,2023-03-24T17:59:00Z,2.372952667237249e-06,0.0026723362146533493,0.002669963261986112,1
2023-03-24T17:58:55Z,2023-03-24T17:59:00Z,5.6350600806352735e-06,0.0026613999383505865,0.002667034998431222,1
2023-03-24T17:58:55Z,2023-03-24T17:59:00Z,9.698707169834234e-06,0.0026551595765803115,0.0026648582837501458,1
2023-03-24T17:58:55Z,2023-03-24T17:59:00Z,1.7809018531337196e-05,0.0026450401207958976,0.0026628491393272348,1
2023-03-24T17:58:55Z,2023-03-24T17:59:00Z,3.77458751898963e-05,0.0026229242329275856,0.002660670108117482,1
2023-03-24T17:58:55Z,2023-03-24T17:59:00Z,2.5589982834700684e-05,0.0026322207163529208,0.0026578106991876215,1
2023-03-24T17:58:55Z,2023-03-24T17:59:00Z,3.132784657650014e-05,0.002622709751444662,0.0026540375980211623,1
2023-03-24T17:58:55Z,2023-03-24T17:59:00Z,2.1706068832449965e-05,0.0026285194914019944,0.0026502255602344443,1
2023-03-24T17:58:55Z,2023-03-24T17:59:00Z,6.086393643789639e-06,0.0026419213270568766,0.002648007720700666,1
2023-03-24T17:58:55Z,2023-03-24T17:59:00Z,2.0392841635598607e-05,0.002625515493859621,0.0026459083354952195,1
2023-03-24T17:58:55Z,2023-03-24T17:59:00Z,1.7920406572155545e-05,0.0026261822954290644,0.00264410270200122,1
2023-03-24T17:58:55Z,2023-03-24T17:59:00Z,1.0495511272687937e-05,0.0026326218185460637,0.0026431173298187517,1
2023-03-24T17:58:55Z,2023-03-24T17:59:00Z,2.4180686033601836e-05,0.0026177620026810525,0.0026419426887146543,1
2023-03-24T17:58:55Z,2023-03-24T17:59:00Z,2.1345559086018238e-05,0.0026207130507687674,0.0026420586098547857,1
2023-03-24T17:58:55Z,2023-03-24T17:59:00Z,2.3277529552153797e-05,0.0026182810607585038,0.0026415585903106576,1
2023-03-24T17:58:55Z,2023-03-24T17:59:00Z,4.310991073094633e-05,0.0025971370367776536,0.0026402469475086,1
2023-03-24T17:58:55Z,2023-03-24T17:59:00Z,2.933361342216537e-05,0.0026076672917702552,0.0026370009051924206,1
2023-03-24T17:58:55Z,2023-03-24T17:59:00Z,1.9669988513886134e-05,0.0026128577695101705,0.0026325277580240567,1
2023-03-24T17:58:55Z,2023-03-24T17:59:00Z,4.4248572123422626e-05,0.0025842373782204407,0.0026284859503438633,1
2023-03-24T17:58:55Z,2023-03-24T17:59:00Z,3.2929513722797926e-05,0.0025925225510685396,0.0026254520647913376,1
2023-03-24T17:58:55Z,2023-03-24T17:59:00Z,5.9945435402196986e-05,0.0025610739919916486,0.0026210194273938456,1
2023-03-24T17:58:55Z,2023-03-24T17:59:00Z,7.8559756526896e-05,0.0025391773227589898,0.0026177370792858858,1
2023-03-24T17:58:55Z,2023-03-24T17:59:00Z,0.00010132606446533422,0.0025125453747620557,0.00261387143922739,1
2023-03-24T17:58:55Z,2023-03-24T17:59:00Z,0.0001079240890327778,0.002500132138094991,0.002608056227127769,1
2023-03-24T17:58:55Z,2023-03-24T17:59:00Z,0.00011677260648593592,0.0024843983470991702,0.002601170953585106,1
2023-03-24T17:58:55Z,2023-03-24T17:59:00Z,0.00011072841349104396,0.0024824183305123745,0.0025931467440034185,1
2023-03-24T17:58:55Z,2023-03-24T17:59:00Z,0.0001313318634137868,0.002451969694342275,0.002583301557756062,1
2023-03-24T17:58:55Z,2023-03-24T17:59:00Z,0.00011402373698264244,0.0024603342480642165,0.002574357985046859,1
2023-03-24T17:58:55Z,2023-03-24T17:59:00Z,9.927669609536118e-05,0.0024641930013835733,0.0025634696974789345,1
2023-03-24T17:58:55Z,2023-03-24T17:59:00Z,0.00010677120270510994,0.002445930521618709,0.002552701724323819,1
2023-03-24T17:58:55Z,2023-03-24T17:59:00Z,7.321597758739055e-05,0.002469887684155336,0.0025431036617427267,1
2023-03-24T17:58:55Z,2023-03-24T17:59:00Z,8.458489456542257e-05,0.0024475948591054252,0.002532179753670848,1
2023-03-24T17:58:55Z,2023-03-24T17:59:00Z,0.00010555640359472505,0.0024173487640384247,0.0025229051676331497,1
2023-03-24T17:58:55Z,2023-03-24T17:59:00Z,9.475265717045914e-05,0.002418806124358177,0.002513558781528636,1
2023-03-24T17:58:55Z,2023-03-24T17:59:00Z,9.753568406301342e-05,0.002404128189482383,0.0025016638735453965,1
2023-03-24T17:58:55Z,2023-03-24T17:59:00Z,0.00010973076319333551,0.0023798048825300613,0.002489535645723397,1
2023-03-24T17:58:55Z,2023-03-24T17:59:00Z,0.00010010585832162782,0.00237817296310564,0.0024782788214272678,1
2023-03-24T17:58:55Z,2023-03-24T17:59:00Z,8.396133872352147e-05,0.0023810226284200916,0.002464983967143613,1
2023-03-24T17:58:55Z,2023-03-24T17:59:00Z,8.084409275591889e-05,0.002372708560082319,0.002453552652838238,1
2023-03-24T17:58:55Z,2023-03-24T17:59:00Z,5.7574027410680836e-05,0.0023860939570313757,0.0024436679844420566,1
2023-03-24T17:58:55Z,2023-03-24T17:59:00Z,5.2943651083760864e-05,0.0023819845324408125,0.0024349281835245734,1
2023-03-24T17:58:55Z,2023-03-24T17:59:00Z,3.782474884234327e-05,0.002389976048365754,0.002427800797208097,1
2023-03-24T17:58:55Z,2023-03-24T17:59:00Z,2.389074964067109e-05,0.002397509184151279,0.00242139993379195,1
2023-03-24T17:58:55Z,2023-03-24T17:59:00Z,3.066617881308364e-05,0.0023849561123447023,0.002415622291157786,1
2023-03-24T17:58:55Z,2023-03-24T17:59:00Z,3.1303232218404115e-06,0.0024090881860490084,0.002412218509270849,1
2023-03-24T17:58:55Z,2023-03-24T17:59:00Z,5.619686428794991e-06,0.002413127062217174,0.002407507375788379,1
2023-03-24T17:58:55Z,2023-03-24T17:59:00Z,3.0306687605988984e-05,0.002434370012435958,0.002404063324829969,1
2023-03-24T17:58:55Z,2023-03-24T17:59:00Z,3.236984021776296e-05,0.0024343829488351356,0.0024020131086173726,1
2023-03-24T17:58:55Z,2023-03-24T17:59:00Z,1.1594831903024953e-05,0.0024113880860379367,0.002399793254134912,1
2023-03-24T17:58:55Z,2023-03-24T17:59:00Z,4.2458627363063835e-06,0.0024032133724793247,0.0023989675097430183,1
2023-03-24T17:58:55Z,2023-03-24T17:59:00Z,2.2055971770482217e-05,0.0024206509391384704,0.0023985949673679882,1
2023-03-24T17:58:55Z,2023-03-24T17:59:00Z,3.768727394238549e-05,0.002435307694317945,0.0023976204203755595,1
2023-03-24T17:58:55Z,2023-03-24T17:59:00Z,2.208620661123522e-05,0.0024207392988403005,0.0023986530922290653,1
2023-03-24T17:58:55Z,2023-03-24T17:59:00Z,8.512006416466333e-06,0.0024106340243822745,0.002402122017965808,1
2023-03-24T17:58:55Z,2023-03-24T17:59:00Z,1.6777621202747166e-06,0.0024031046518289494,0.002404782413949224,1
2023-03-24T17:58:55Z,2023-03-24T17:59:00Z,1.470618312373901e-06,0.002408103744509234,0.0024066331261968603,1
2023-03-24T17:58:55Z,2023-03-24T17:59:00Z,2.288640524436992e-05,0.0024314192871753948,0.002408532881931025,1
2023-03-24T17:58:55Z,2023-03-24T17:59:00Z,2.7675807436967556e-05,0.0024375843010853585,0.002409908493648391,1
2023-03-24T17:58:55Z,2023-03-24T17:59:00Z,2.3740624679694216e-05,0.0024367387904989965,0.0024129981658193023,1
2023-03-24T17:58:55Z,2023-03-24T17:59:00Z,1.8202369430421732e-05,0.0024341760510446994,0.0024159736816142777,1
2023-03-24T17:58:55Z,2023-03-24T17:59:00Z,4.161271938522403e-06,0.0024225868039495324,0.00241842553201101,1
2023-03-24T17:58:55Z,2023-03-24T17:59:00Z,2.6690259193707516e-05,0.002394811518986052,0.0024215017781797597,1
2023-03-24T17:58:55Z,2023-03-24T17:59:00Z,1.3577105087544429e-05,0.002408768336710998,0.0024223454417985424,1
2023-03-24T17:58:55Z,2023-03-24T17:59:00Z,1.677634585008688e-05,0.0024044243744965107,0.0024212007203465976,1
2023-03-24T17:58:55Z,2023-03-24T17:59:00Z,4.753640332431745e-06,0.002424354255946219,0.0024196006156137874,1
2023-03-24T17:58:55Z,2023-03-24T17:59:00Z,1.5825323605811546e-05,0.0024335535283234347,0.002417728204717623,1
2023-03-24T17:58:55Z,2023-03-24T17:59:00Z,7.297685583332152e-06,0.002411240904753559,0.002418538590336891,1
2023-03-24T17:58:55Z,2023-03-24T17:59:00Z,1.652562572643148e-05,0.0024039092243507165,0.002420434850077148,1
2023-03-24T17:58:55Z,2023-03-24T17:59:00Z,9.994040836799802e-06,0.002409852682091291,0.002419846722928091,1
2023-03-24T17:58:55Z,2023-03-24T17:59:00Z,8.663842267665235e-06,0.0024265481608228045,0.0024178843185551392,1
2023-03-24T17:58:55Z,2023-03-24T17:59:00Z,1.0586486061706871e-05,0.002427790391070033,0.0024172039050083262,1
2023-03-24T17:58:55Z,2023-03-24T17:59:00Z,4.236640735519499e-05,0.0024605649458910544,0.0024181985385358594,1
2023-03-24T17:58:55Z,2023-03-24T17:59:00Z,6.739990873187891e-05,0.002487141305970306,0.002419741397238427,1
2023-03-24T17:58:55Z,2023-03-24T17:59:00Z,8.3064361882611e-05,0.002506084584207402,0.002423020222324791,1
2023-03-24T17:58:55Z,2023-03-24T17:59:00Z,0.0001226566917734602,0.0025491595402729332,0.002426502848499473,1
2023-03-24T17:58:55Z,2023-03-24T17:59:00Z,0.00012287679720480614,0.002553660913399407,0.002430784116194601,1
2023-03-24T17:58:55Z,2023-03-24T17:59:00Z,0.00014153325504348557,0.0025793436680989572,0.0024378104130554717,1
2023-03-24T17:58:55Z,2023-03-24T17:59:00Z,0.0001528847664865867,0.002598162983439228,0.002445278216952641,1
2023-03-24T17:58:55Z,2023-03-24T17:59:00Z,0.00015419465009540965,0.0026092701710573895,0.00245507552096198,1
2023-03-24T17:58:55Z,2023-03-24T17:59:00Z,0.0001690338094301443,0.002636818796920448,0.0024677849874903037,1
2023-03-24T17:58:55Z,2023-03-24T17:59:00Z,0.00017683914834684417,0.0026571555004837972,0.002480316352136953,1
2023-03-24T17:58:55Z,2023-03-24T17:59:00Z,0.00016894317842348124,0.00266378418196193,0.002494841003538449,0
2023-03-24T17:58:55Z,2023-03-24T17:59:00Z,0.00017508512749767622,0.0026844762088197235,0.0025093910813220473,0
2023-03-24T17:58:55Z,2023-03-24T17:59:00Z,0.00016843828516327833,0.0026922187823377316,0.0025237804971744533,0
2023-03-24T17:58:55Z,2023-03-24T17:59:00Z,0.00017976105459030067,0.0027206187582688897,0.002540857703678589,0
2023-03-24T17:58:55Z,2023-03-24T17:59:00Z,0.000190923125863331,0.002749800176916108,0.002558877051052777,0
2023-03-24T17:58:55Z,2023-03-24T17:59:00Z,0.00019188286923721345,0.0027701828000510904,0.002578299930813877,0
2023-03-24T17:58:55Z,2023-03-24T17:59:00Z,0.00019014029996231377,0.0027886434817820226,0.002598503181819709,0
2023-03-24T17:58:55Z,2023-03-24T17:59:00Z,0.00014836932770934423,0.002768272035090369,0.0026199027073810248,0
2023-03-24T17:58:55Z,2023-03-24T17:59:00Z,0.0001678523679540609,0.002808259983828271,0.00264040761587421,0
2023-03-24T17:58:55Z,2023-03-24T17:59:00Z,0.0001836154700837313,0.0028415937565279452,0.002657978286444214,0
2023-03-24T17:58:55Z,2023-03-24T17:59:00Z,0.00019623111995926935,0.0028730953688797882,0.002676864248920519,0
2023-03-24T17:58:55Z,2023-03-24T17:59:00Z,0.0001715998096629332,0.00286674119709939,0.002695141387436457,0
2023-03-24T17:58:55Z,2023-03-24T17:59:00Z,0.00013154016661733395,0.002846646207521315,0.002715106040903981,0
2023-03-24T17:58:55Z,2023-03-24T17:59:00Z,0.00012182656825568926,0.0028548949547221973,0.002733068386466508,0
2023-03-24T17:58:55Z,2023-03-24T17:59:00Z,8.802824843039386e-05,0.002836626836402032,0.002748598587971638,0
2023-03-24T17:58:55Z,2023-03-24T17:59:00Z,5.4018067489017274e-05,0.002817968204439706,0.002763950136950689,0
2023-03-24T17:58:55Z,2023-03-24T17:59:00Z,3.5227917361056564e-05,0.0028116660567793442,0.0027764381394182877,0
2023-03-24T17:58:55Z,2023-03-24T17:59:00Z,1.7857607372698606e-05,0.0027686313260428335,0.002786488933415532,0
2023-03-24T17:58:55Z,2023-03-24T17:59:00Z,5.315592746265663e-05,0.0027425756231289635,0.00279573155059162,0
2023-03-24T17:58:55Z,2023-03-24T17:59:00Z,5.329245600621058e-05,0.002747698789411854,0.0028009912454180644,0
2023-03-24T17:58:55Z,2023-03-24T17:59:00Z,6.55118738101838e-05,0.0027386266741573325,0.0028041385479675163,0
2023-03-24T17:58:55Z,2023-03-24T17:59:00Z,8.561127129305939e-05,0.0027202197786208924,0.002805831049913952,0
2023-03-24T17:58:55Z,2023-03-24T17:59:00Z,5.061127804357633e-05,0.002754521427947952,0.0028051327059915284,0
2023-03-24T17:58:55Z,2023-03-24T17:59:00Z,4.5676732249103937e-05,0.002756333284903037,0.002802010017152141,0
2023-03-24T17:58:55Z,2023-03-24T17:59:00Z,5.2903936685075835e-05,0.002746973452102436,0.002799877388787512,0
2023-03-24T17:58:55Z,2023-03-24T17:59:00Z,6.727095568497422e-05,0.002731860261215829,0.002799131216900803,0
2023-03-24T17:58:55Z,2023-03-24T17:59:00Z,5.801815060878495e-05,0.0027372826580591538,0.0027953008086679387,0
2023-03-24T17:58:55Z,2023-03-24T17:59:00Z,4.855783222215996e-05,0.0027398846329887714,0.0027884424652109313,0
2023-03-24T17:58:55Z,2023-03-24T17:59:00Z,5.861577776557431e-05,0.0027213383930190676,0.002779954170784642,0
2023-03-24T17:58:55Z,2023-03-24T17:59:00Z,6.87798141660468e-05,0.0027032458213616813,0.002772025635527728,0
2023-03-24T17:58:55Z,2023-03-24T17:59:00Z,6.828106107303758e-05,0.0026959128360483004,0.002764193897121338,0
2023-03-24T17:58:55Z,2023-03-24T17:59:00Z,3.651963751395617e-05,0.0027181961887723493,0.0027547158262863055,0
2023-03-24T17:58:55Z,2023-03-24T17:59:00Z,5.772880699149484e-05,0.0026881923942727024,0.0027459212012641973,0
2023-03-24T17:58:55Z,2023-03-24T17:59:00Z,6.601486420685157e-05,0.002673670586078136,0.0027396854502849876,0
2023-03-24T17:58:55Z,2023-03-24T17:59:00Z,7.295615685203646e-05,0.002659012189526286,0.0027319683463783223,0
2023-03-24T17:58:55Z,2023-03-24T17:59:00Z,8.20684341621223e-05,0.0026439648659684063,0.0027260333001305286,0
2023-03-24T17:58:55Z,2023-03-24T17:59:00Z,6.296991746928193e-05,0.0026578406680610794,0.0027208105855303613,1
2023-03-24T17:58:55Z,2023-03-24T17:59:00Z,6.722436625909625e-05,0.0026471028490560496,0.002714327215315146,1
2023-03-24T17:58:55Z,2023-03-24T17:59:00Z,6.357324086108014e-05,0.0026457048490730497,0.00270927808993413,1
2023-03-24T17:58:55Z,2023-03-24T17:59:00Z,7.208342587916366e-05,0.0026326248559571633,0.002704708281836327,1
2023-03-24T17:58:55Z,2023-03-24T17:59:00Z,8.600652957241328e-05,0.0026119007160842326,0.002697907245656646,1
2023-03-24T17:58:55Z,2023-03-24T17:59:00Z,8.098437559289368e-05,0.002609191093254635,0.002690175468847529,1
2023-03-24T17:58:55Z,2023-03-24T17:59:00Z,9.151531646760898e-05,0.002590218106378782,0.002681733422846391,1
2023-03-24T17:58:55Z,2023-03-24T17:59:00Z,9.541921804161364e-05,0.002578647381807203,0.0026740665998488166,1
2023-03-24T17:58:55Z,2023-03-24T17:59:00Z,8.434607379002304e-05,0.0025805289915787704,0.0026648750653687934,1
2023-03-24T17:58:55Z,2023-03-24T17:59:00Z,7.440205606430023e-05,0.002580395681105645,0.0026547977371699453,1
2023-03-24T17:58:55Z,2023-03-24T17:59:00Z,6.1024836752325215e-05,0.0025849723128276015,0.0026459971495799268,1
2023-03-24T17:58:55Z,2023-03-24T17:59:00Z,6.275354277861375e-05,0.0025755654730353103,0.002638319015813924,1
2023-03-24T17:58:55Z,2023-03-24T17:59:00Z,5.918704674617902e-05,0.0025721981863664517,0.0026313852331126307,1
2023-03-24T17:58:55Z,2023-03-24T17:59:00Z,5.6613380469277674e-05,0.002565857432909788,0.0026224708133790655,1
2023-03-24T17:58:55Z,2023-03-24T17:59:00Z,4.615768305528617e-05,0.002569063492329639,0.0026152211753849254,1
2023-03-24T17:58:55Z,2023-03-24T17:59:00Z,4.674324145959334e-05,0.00256173961185231,0.0026084828533119034,1
2023-03-24T17:58:55Z,2023-03-24T17:59:00Z,3.571571205656862e-05,0.002567145347680544,0.0026028610597371125,1
2023-03-24T17:58:55Z,2023-03-24T17:59:00Z,2.4970522297629652e-05,0.002572751459057227,0.0025977219813548566,1
2023-03-24T17:58:55Z,2023-03-24T17:59:00Z,3.061332085960416e-05,0.0025614402029714694,0.0025920535238310735,1
2023-03-24T17:58:55Z,2023-03-24T17:59:00Z,2.422315244339935e-05,0.0025631834095127476,0.002587406561956147,1
2023-03-24T17:58:55Z,2023-03-24T17:59:00Z,3.790957454328971e-05,0.002544230447031509,0.0025821400215747985,1
2023-03-24T17:58:55Z,2023-03-24T17:59:00Z,6.569931427992132e-06,0.0025712299997440306,0.0025777999311720227,1
2023-03-24T17:58:55Z,2023-03-24T17:59:00Z,1.7119265782934191e-06,0.0025752824659345205,0.002573570539356227,1
2023-03-24T17:58:55Z,2023-03-24T17:59:00Z,1.0128169564783095e-05,0.0025813261405765973,0.0025711979710118142,1
2023-03-24T17:58:55Z,2023-03-24T17:59:00Z,3.6546907682291456e-06,0.002573919184252277,0.002570264493484048,0
2023-03-24T17:58:55Z,2023-03-24T17:59:00Z,5.1228421890426624e-06,0.002575554758096178,0.0025704319159071355,0
2023-03-24T17:58:55Z,2023-03-24T17:59:00Z,9.446962238605396e-06,0.002579465765187835,0.0025700188029492295,0
2023-03-24T17:58:55Z,2023-03-24T17:59:00Z,1.506388514289263e-05,0.00258478013040403,0.0025697162452611375,0
2023-03-24T17:58:55Z,2023-03-24T17:59:00Z,1.6971972538323485e-06,0.0025710692832874847,0.0025693720860336523,0
2023-03-24T17:58:55Z,2023-03-24T17:59:00Z,8.301269942521516e-06,0.0025616467321766755,0.002569948002119197,0
2023-03-24T17:58:55Z,2023-03-24T17:59:00Z,9.021024096449778e-06,0.0025788984697732117,0.002569877445676762,0
2023-03-24T17:58:55Z,2023-03-24T17:59:00Z,5.099709258784679e-06,0.002574713986139727,0.0025696142768809422,0
2023-03-24T17:58:55Z,2023-03-24T17:59:00Z,9.898702175725922e-06,0.0025603302607954395,0.0025702289629711654,0
2023-03-24T17:58:55Z,2023-03-24T17:59:00Z,2.6807162546817805e-05,0.0025442326988173113,0.002571039861364129,0
2023-03-24T17:58:55Z,2023-03-24T17:59:00Z,5.795730157800126e-05,0.002512656616855809,0.00257061391843381,0
2023-03-24T17:58:55Z,2023-03-24T17:59:00Z,7.257149999762014e-05,0.002496259995921195,0.0025688314959188153,0
2023-03-24T17:58:55Z,2023-03-24T17:59:00Z,6.796600121972791e-05,0.002497816520566858,0.002565782521786586,0
2023-03-24T17:58:55Z,2023-03-24T17:59:00Z,6.904713892887625e-05,0.0024925526695082382,0.0025615998084371145,0
2023-03-24T17:58:55Z,2023-03-24T17:59:00Z,6.698643190765049e-05,0.0024917125061254233,0.002558698938033074,0
2023-03-24T17:58:55Z,2023-03-24T17:59:00Z,5.828357778591385e-05,0.0024954980271074227,0.0025537816048933366,0
2023-03-24T17:58:55Z,2023-03-24T17:59:00Z,4.642438966342109e-05,0.002502134092741847,0.002548558482405268,0
2023-03-24T17:58:55Z,2023-03-24T17:59:00Z,4.282556707428057e-05,0.002500368658239164,0.0025431942253134445,0
2023-03-24T17:58:55Z,2023-03-24T17:59:00Z,4.065338882840901e-05,0.0024980542682656337,0.0025387076570940427,0
2023-03-24T17:58:55Z,2023-03-24T17:59:00Z,3.573446585761284e-05,0.0024982740599953663,0.002534008525852979,0
2023-03-24T17:58:55Z,2023-03-24T17:59:00Z,1.8499445074256042e-05,0.002510420862221086,0.002528920307295342,0
2023-03-24T17:58:55Z,2023-03-24T17:59:00Z,1.16799059189307e-05,0.0025118337719758697,0.0025235136778948004,0
2023-03-24T17:58:55Z,2023-03-24T17:59:00Z,4.0249968054888e-05,0.002479473183523263,0.002519723151578151,0
2023-03-24T17:58:55Z,2023-03-24T17:59:00Z,2.254911701596741e-05,0.0024940607245496327,0.0025166098415656,0
2023-03-24T17:58:55Z,2023-03-24T17:59:00Z,1.37808862988348e-05,0.0024966148748761436,0.0025103957611749784,0
2023-03-24T17:58:55Z,2023-03-24T17:59:00Z,1.4400404735530163e-06,0.0025039148918520444,0.0025053549323255974,0
2023-03-24T17:58:55Z,2023-03-24T17:59:00Z,2.7348443183897522e-05,0.002528721163889539,0.0025013727207056414,0
2023-03-24T17:58:55Z,2023-03-24T17:59:00Z,3.9559232727775194e-05,0.0025384120904980876,0.0024988528577703124,0
2023-03-24T17:58:55Z,2023-03-24T17:59:00Z,7.954320339046165e-05,0.002579400095350382,0.0024998568919599204,0
2023-03-24T17:58:55Z,2023-03-24T17:59:00Z,0.00010211028554411514,0.0026046016834150912,0.002502491397870976,0
2023-03-24T17:58:55Z,2023-03-24T17:59:00Z,0.000108611483027426,0.0026162018543223723,0.0025075903712949463,0
2023-03-24T17:58:55Z,2023-03-24T17:59:00Z,8.625620435582593e-05,0.002600849639019951,0.002514593434664125,0
2023-03-24T17:58:55Z,2023-03-24T17:59:00Z,9.062972372100289e-05,0.002613003742647437,0.002522374018926434,0
2023-03-24T17:58:55Z,2023-03-24T17:59:00Z,8.670472266026925e-05,0.002615663217331236,0.002528958494670967,0
2023-03-24T17:58:55Z,2023-03-24T17:59:00Z,9.940574234381392e-05,0.0026352935901338805,0.0025358878477900666,0
2023-03-24T17:58:55Z,2023-03-24T17:59:00Z,0.0001096663338016851,0.0026527600915350062,0.002543093757733321,0
2023-03-24T17:58:55Z,2023-03-24T17:59:00Z,0.00011413234602349184,0.0026658035613735783,0.0025516712153500864,0
2023-03-24T17:58:55Z,2023-03-24T17:59:00Z,0.0001216902700101755,0.0026830168623314895,0.002561326592321314,0
2023-03-24T17:58:55Z,2023-03-24T17:59:00Z,0.00011663174531151028,0.0026876697563298553,0.002571038011018345,0
2023-03-24T17:58:55Z,2023-03-24T17:59:00Z,0.00011445012582152929,0.0026961870799871003,0.002581736954165571,0
2023-03-24T17:58:55Z,2023-03-24T17:59:00Z,9.584364383490853e-05,0.0026905928838008917,0.002594749239965983,0
2023-03-24T17:58:55Z,2023-03-24T17:59:00Z,8.067712235664253e-05,0.0026880592595374675,0.002607382137180825,0
2023-03-24T17:58:55Z,2023-03-24T17:59:00Z,7.915400074421384e-05,0.0026986597634828355,0.0026195057627386217,0
2023-03-24T17:58:55Z,2023-03-24T17:59:00Z,6.652190568137055e-05,0.002697536691400331,0.0026310147857189605,0
2023-03-24T17:58:55Z,2023-03-24T17:59:00Z,6.021892859435366e-05,0.0027018548767878954,0.0026416359481935417,0
2023-03-24T17:58:55Z,2023-03-24T17:59:00Z,3.120714507284404e-05,0.002682788380822776,0.002651581235749932,0
2023-03-24T17:58:55Z,2023-03-24T17:59:00Z,5.129113135563098e-05,0.0027105257909454073,0.0026592346595897764,0
2023-03-24T17:58:55Z,2023-03-24T17:59:00Z,3.661078370585441e-05,0.002700732111883611,0.0026641213281777564,0
2023-03-24T17:58:55Z,2023-03-24T17:59:00Z,1.648001472191697e-05,0.002686496588938613,0.002670016574216696,0
2023-03-24T17:58:55Z,2023-03-24T17:59:00Z,1.2189310092934093e-05,0.002688448538863609,0.002676259228770675,0
2023-03-24T17:58:55Z,2023-03-24T17:59:00Z,1.374410556000908e-05,0.0026671084261038645,0.0026808525316638736,0
2023-03-24T17:58:55Z,2023-03-24T17:59:00Z,1.0039307515108311e-05,0.0026753623067445388,0.002685401614259647,0
2023-03-24T17:58:55Z,2023-03-24T17:59:00Z,2.097949550594093e-05,0.00266641054600183,0.0026873900415077707,0
2023-03-24T17:58:55Z,2023-03-24T17:59:00Z,3.7759354586541175e-05,0.0026510433253718255,0.0026888026799583666,0
2023-03-24T17:58:55Z,2023-03-24T17:59:00Z,4.1901615362558656e-05,0.002646939001135074,0.0026888406164976325,0
2023-03-24T17:58:55Z,2023-03-24T17:59:00Z,4.279217473568322e-05,0.00264405009570197,0.0026868422704376532,0
2023-03-24T17:58:55Z,2023-03-24T17:59:00Z,3.348247582362013e-05,0.0026508141224143595,0.0026842965982379796,0
2023-03-24T17:58:55Z,2023-03-24T17:59:00Z,1.173396592603652e-05,0.0026693040707941222,0.0026810380367201588,0
2023-03-24T17:58:55Z,2023-03-24T17:59:00Z,1.1320973730881943e-05,0.002667230890402619,0.002678551864133501,0
2023-03-24T17:58:55Z,2023-03-24T17:59:00Z,3.310006367519347e-05,0.002644279601161848,0.0026773796648370415,0
2023-03-24T17:58:55Z,2023-03-24T17:59:00Z,4.1486092081405735e-05,0.0026339292681881224,0.002675415360269528,0
2023-03-24T17:58:55Z,2023-03-24T17:59:00Z,7.17835107136122e-05,0.0026003032814160103,0.0026720867921296225,0
2023-03-24T17:58:55Z,2023-03-24T17:59:00Z,5.624454113680854e-05,0.0026115969004553282,0.0026678414415921368,0
2023-03-24T17:58:55Z,2023-03-24T17:59:00Z,4.592597262073573e-05,0.002616760150258478,0.002662686122879214,0
2023-03-24T17:58:55Z,2023-03-24T17:59:00Z,6.453899919529448e-05,0.0025919640680282896,0.002656503067223584,0
2023-03-24T17:58:55Z,2023-03-24T17:59:00Z,5.668758143453651e-05,0.0025945672381874766,0.002651254819622013,0
2023-03-24T17:58:55Z,2023-03-24T17:59:00Z,4.179541351521671e-05,0.002603551123549901,0.002645346537065118,0
2023-03-24T17:58:55Z,2023-03-24T17:59:00Z,4.214291757734332e-05,0.0025973360381955166,0.00263947895577286,0
2023-03-24T17:58:55Z,2023-03-24T17:59:00Z,5.486321860285158e-05,0.0025806434057603854,0.002635506624363237,0
2023-03-24T17:58:55Z,2023-03-24T17:59:00Z,1.824924930840738e-05,0.002612380733270516,0.0026306299825789234,0
2023-03-24T17:58:55Z,2023-03-24T17:59:00Z,2.9443931305572248e-05,0.002595825605008261,0.002625269536313833,0
2023-03-24T17:58:55Z,2023-03-24T17:59:00Z,3.81392201645684e-05,0.0025847139041429326,0.002622853124307501,0
2023-03-24T17:58:55Z,2023-03-24T17:59:00Z,3.049753526748137e-05,0.002589161001782094,0.0026196585370495754,0
2023-03-24T17:58:55Z,2023-03-24T17:59:00Z,3.449630702596993e-05,0.0025814537180511654,0.0026159500250771354,0
2023-03-24T17:58:55Z,2023-03-24T17:59:00Z,4.9884851522610275e-05,0.0025622118535150087,0.002612096705037619,0
2023-03-24T17:58:55Z,2023-03-24T17:59:00Z,6.370240530980667e-05,0.0025429036526813773,0.002606606057991184,0
2023-03-24T17:58:55Z,2023-03-24T17:59:00Z,5.614565279861037e-05,0.002543896715387098,0.0026000423681857084,0
2023-03-24T17:58:55Z,2023-03-24T17:59:00Z,4.8913366493192386e-05,0.0025447930049124867,0.002593706371405679,0
2023-03-24T17:58:55Z,2023-03-24T17:59:00Z,5.324137684915723e-05,0.0025348379600064574,0.0025880793368556147,0
2023-03-24T17:58:55Z,2023-03-24T17:59:00Z,3.7539368995912446e-05,0.002547070575578232,0.0025846099445741445,0
2023-03-24T17:58:55Z,2023-03-24T17:59:00Z,5.54545513116512e-05,0.002524357959484439,0.0025798125107960902,0
2023-03-24T17:58:55Z,2023-03-24T17:59:00Z,6.290905691087824e-05,0.0025125478554676966,0.002575456912378575,0
2023-03-24T17:58:55Z,2023-03-24T17:59:00Z,7.518455765773537e-05,0.0024960469729368487,0.002571231530594584,0
2023-03-24T17:58:55Z,2023-03-24T17:59:00Z,6.775445193268111e-05,0.002498350867241917,0.002566105319174598,0
2023-03-24T17:58:55Z,2023-03-24T17:59:00Z,5.341686870952676e-05,0.0025059694410517553,0.002559386309761282,0
2023-03-24T17:58:55Z,2023-03-24T17:59:00Z,3.5795991656978245e-05,0.002517403744919704,0.0025531997365766824,0
2023-03-24T17:58:55Z,2023-03-24T17:59:00Z,3.53791626089635e-05,0.0025131534511734295,0.002548532613782393,0
2023-03-24T17:58:55Z,2023-03-24T17:59:00Z,2.9767725793610096e-05,0.002512828826216857,0.002542596552010467,0
2023-03-24T17:58:55Z,2023-03-24T17:59:00Z,3.559089079409935e-05,0.0025018386516016907,0.00253742954239579,0
2023-03-24T17:58:55Z,2023-03-24T17:59:00Z,1.6007573878184297e-05,0.0025169291511472265,0.0025329367250254108,0
2023-03-24T17:58:55Z,2023-03-24T17:59:00Z,2.1603222043800694e-05,0.0025058758560953347,0.0025274790781391354,0
2023-03-24T17:58:55Z,2023-03-24T17:59:00Z,3.9120985746484566e-06,0.002519534194132991,0.0025234462927076393,0
2023-03-24T17:58:55Z,2023-03-24T17:59:00Z,1.5374025532362973e-05,0.0025352993184012728,0.00251992529286891,0
2023-03-24T17:58:55Z,2023-03-24T17:59:00Z,1.2219485010221166e-05,0.0025306841867198566,0.0025184647017096355,0
2023-03-24T17:58:55Z,2023-03-24T17:59:00Z,3.2247133603543164e-06,0.0025211520777583757,0.0025179273643980214,0
2023-03-24T17:58:55Z,2023-03-24T17:59:00Z,3.927119755466751e-06,0.0025209726830164488,0.002517045563260982,0
2023-03-24T17:58:55Z,2023-03-24T17:59:00Z,2.1515169871767856e-05,0.002494675025748709,0.002516190195620477,0
2023-03-24T17:58:55Z,2023-03-24T17:59:00Z,4.360553721168567e-05,0.0024709535401236794,0.002514559077335365,0
2023-03-24T17:58:55Z,2023-03-24T17:59:00Z,2.4197225213724947e-05,0.0024885066687631574,0.0025127038939768824,0
2023-03-24T17:58:55Z,2023-03-24T17:59:00Z,1.6040267165046314e-05,0.0024940639821028347,0.002510104249267881,0
2023-03-24T17:58:55Z,2023-03-24T17:59:00Z,1.6341485412899124e-05,0.002493291494844126,0.002509632980257025,0
2023-03-24T17:58:55Z,2023-03-24T17:59:00Z,1.2045464375503787e-05,0.002497319585560329,0.0025093650499358328,0
2023-03-24T17:58:55Z,2023-03-24T17:59:00Z,1.540310252432604e-05,0.00249316957577353,0.002508572678297856,0
2023-03-24T17:58:55Z,2023-03-24T17:59:00Z,1.7590251721880806e-05,0.002489727166616014,0.002507317418337895,0
2023-03-24T17:58:55Z,2023-03-24T17:59:00Z,5.1182631499312355e-06,0.00250095016297547,0.002506068426125401,0
2023-03-24T17:58:55Z,2023-03-24T17:59:00Z,1.2599075881352707e-06,0.002505884479988484,0.002504624572400349,0
2023-03-24T17:58:55Z,2023-03-24T17:59:00Z,1.809541173744501e-05,0.0025226644535986547,0.0025045690418612097,0
2023-03-24T17:58:55Z,2023-03-24T17:59:00Z,1.144425878774058e-05,0.002515323008701529,0.0025038787499137884,0
2023-03-24T17:58:55Z,2023-03-24T17:59:00Z,8.60295706863693e-06,0.002513530994326383,0.002504928037257746,0
2023-03-24T17:58:55Z,2023-03-24T17:59:00Z,9.05388944034578e-06,0.002513718727608625,0.0025046648381682793,0
2023-03-24T17:58:55Z,2023-03-24T17:59:00Z,8.841629104562598e-06,0.0025121459470181613,0.0025033043179135987,0
2023-03-24T17:58:55Z,2023-03-24T17:59:00Z,1.3723976189513112e-05,0.00251596795290866,0.002502243976719147,0
2023-03-24T17:58:55Z,2023-03-24T17:59:00Z,2.6267081565389816e-10,0.0025016808308770677,0.0025016810935478834,0
2023-03-24T17:58:55Z,2023-03-24T17:59:00Z,3.075298232576391e-05,0.0024706153155903826,0.0025013682979161465,0
2023-03-24T17:58:55Z,2023-03-24T17:59:00Z,2.535674342910195e-05,0.0024764494173075673,0.0025018061607366693,0
2023-03-24T17:58:55Z,2023-03-24T17:59:00Z,2.9551629411455303e-05,0.002472233392291883,0.002501785021703338,0
2023-03-24T17:58:55Z,2023-03-24T17:59:00Z,2.6121247398153656e-05,0.00247491019608921,0.0025010314434873635,0
2023-03-24T17:58:55Z,2023-03-24T17:59:00Z,3.255004174328776e-05,0.0024671169898808918,0.0024996670316241795,0
2023-03-24T17:58:55Z,2023-03-24T17:59:00Z,2.2375652427401426e-05,0.0024761425480245955,0.002498518200451997,0
2023-03-24T17:58:55Z,2023-03-24T17:59:00Z,1.9554158508959616e-05,0.0024770763797130725,0.002496630538222032,0
2023-03-24T17:58:55Z,2023-03-24T17:59:00Z,1.1552127106980066e-05,0.0024840142218807435,0.0024955663489877235,0
2023-03-24T17:58:55Z,2023-03-24T17:59:00Z,8.405560578058323e-06,0.002486370114228232,0.00249477567480629,0
2023-03-24T17:58:55Z,2023-03-24T17:59:00Z,3.412773582191263e-05,0.002459589442665957,0.0024937171784878698,0
2023-03-24T17:58:55Z,2023-03-24T17:59:00Z,3.430904542894419e-05,0.0024581884851989093,0.0024924975306278535,0
2023-03-24T17:58:55Z,2023-03-24T17:59:00Z,4.1338172385722155e-05,0.002447217170058838,0.00248855534244456,0
2023-03-24T17:58:55Z,2023-03-24T17:59:00Z,4.740842729656237e-05,0.002437576007429084,0.0024849844347256465,0
2023-03-24T17:58:55Z,2023-03-24T17:59:00Z,4.53496506713281e-05,0.0024354901700375966,0.0024808398207089247,0
2023-03-24T17:58:55Z,2023-03-24T17:59:00Z,4.0973083058086154e-05,0.002435107817639617,0.0024760809006977033,0
2023-03-24T17:58:55Z,2023-03-24T17:59:00Z,4.880450583713428e-05,0.002422485408799284,0.0024712899146364185,0
2023-03-24T17:58:55Z,2023-03-24T17:59:00Z,6.626239041538154e-05,0.0023999737657667214,0.002466236156182103,0
2023-03-24T17:58:55Z,2023-03-24T17:59:00Z,6.21686227386801e-05,0.0023991178195635616,0.0024612864423022417,0
2023-03-24T17:58:55Z,2023-03-24T17:59:00Z,5.887321058919721e-05,0.0023979981348490652,0.0024568713454382624,0
2023-03-24T17:58:55Z,2023-03-24T17:59:00Z,5.774384571059039e-05,0.002394294274868672,0.0024520381205792624,0
2023-03-24T17:58:55Z,2023-03-24T17:59:00Z,7.162699782778002e-05,0.0023757714191613064,0.0024473984169890864,0
2023-03-24T17:58:55Z,2023-03-24T17:59:00Z,6.660564756500592e-05,0.002375754274347797,0.002442359921912803,0
2023-03-24T17:58:55Z,2023-03-24T17:59:00Z,5.0145890859101035e-05,0.0023865049328837275,0.0024366508237428286,0
2023-03-24T17:58:55Z,2023-03-24T17:59:00Z,4.4580305433375e-05,0.002385796251204654,0.002430376556638029,0
2023-03-24T17:58:55Z,2023-03-24T17:59:00Z,4.1490447689503454e-05,0.002383225393521691,0.0024247158412111945,0
2023-03-24T17:58:55Z,2023-03-24T17:59:00Z,2.36651691424292e-05,0.0023949120489015095,0.0024185772180439387,0
2023-03-24T17:58:55Z,2023-03-24T17:59:00Z,1.0510280154957426e-05,0.002401620392844823,0.00241213067299978,0
2023-03-24T17:58:55Z,2023-03-24T17:59:00Z,3.66457053193772e-05,0.002371442630570125,0.002408088335889502,0
2023-03-24T17:58:55Z,2023-03-24T17:59:00Z,5.182171061107049e-05,0.0023527311195063014,0.002404552830117372,0
2023-03-24T17:58:55Z,2023-03-24T17:59:00Z,4.5494570246389695e-05,0.0023543223511529373,0.002399816921399327,0
2023-03-24T17:58:55Z,2023-03-24T17:59:00Z,5.1377066974911314e-05,0.0023431370489292416,0.002394514115904153,0
2023-03-24T17:58:55Z,2023-03-24T17:59:00Z,4.609567987544361e-05,0.0023433454473484184,0.002389441127223862,0
2023-03-24T17:58:55Z,2023-03-24T17:59:00Z,4.463022211632873e-05,0.0023390627320631348,0.0023836929541794635,0
2023-03-24T17:58:55Z,2023-03-24T17:59:00Z,2.939827597894535e-05,0.002349348430609839,0.002378746706588784,0
2023-03-24T17:58:55Z,2023-03-24T17:59:00Z,2.964045722162476e-05,0.0023452993097606853,0.00237493976698231,0
2023-03-24T17:58:55Z,2023-03-24T17:59:00Z,3.188540868278092e-05,0.0023399437714899216,0.0023718291801727025,0
2023-03-24T17:58:55Z,2023-03-24T17:59:00Z,1.498067671257524e-05,0.0023535548268921033,0.0023685355036046785,0
2023-03-24T17:58:55Z,2023-03-24T17:59:00Z,7.038333528879871e-06,0.0023721769306723865,0.0023651385971435067,0
2023-03-24T17:58:55Z,2023-03-24T17:59:00Z,7.538417440500211e-06,0.002371288477567182,0.002363750060126682,0
2023-03-24T17:58:55Z,2023-03-24T17:59:00Z,4.353940196490753e-05,0.002407065878111876,0.0023635264761469685,0
2023-03-24T17:58:55Z,2023-03-24T17:59:00Z,6.255934658194913e-05,0.0024251347942716335,0.0023625754476896844,0
2023-03-24T17:58:55Z,2023-03-24T17:59:00Z,7.209525833399124e-05,0.002436000057705377,0.002363904799371386,0
2023-03-24T17:58:55Z,2023-03-24T17:59:00Z,8.106868100645273e-05,0.0024475928179247103,0.0023665241369182576,0
2023-03-24T17:58:55Z,2023-03-24T17:59:00Z,0.00010033642129278096,0.00246942855876128,0.002369092137468499,0
2023-03-24T17:58:55Z,2023-03-24T17:59:00Z,9.520571111777763e-05,0.0024671711251537695,0.002371965414035992,0
2023-03-24T17:58:55Z,2023-03-24T17:59:00Z,0.00011991822134462937,0.002498007755892569,0.0023780895345479397,0
2023-03-24T17:58:55Z,2023-03-24T17:59:00Z,0.00010465607531512811,0.002489898110216034,0.002385242034900906,0
2023-03-24T17:58:55Z,2023-03-24T17:59:00Z,8.053410307642646e-05,0.0024747564757735597,0.0023942223726971332,0
2023-03-24T17:58:55Z,2023-03-24T17:59:00Z,5.591201436496102e-05,0.0024593069533925187,0.0024033949390275576,0
2023-03-24T17:58:55Z,2023-03-24T17:59:00Z,5.229835681074078e-05,0.0024639064851148694,0.0024116081283041286,0
2023-03-24T17:58:55Z,2023-03-24T17:59:00Z,3.4879083980736674e-05,0.002454002476117952,0.0024191233921372155,0
2023-03-24T17:58:55Z,2023-03-24T17:59:00Z,1.9706286546761122e-05,0.0024459895570905408,0.0024262832705437797,0
2023-03-24T17:58:55Z,2023-03-24T17:59:00Z,4.2900558986178755e-05,0.0024759777774272878,0.002433077218441109,0
2023-03-24T17:58:55Z,2023-03-24T17:59:00Z,3.178376456136698e-05,0.0024714888446025146,0.0024397050800411477,0
2023-03-24T17:58:55Z,2023-03-24T17:59:00Z,2.442258554457514e-05,0.002471779099994172,0.002447356514449597,0
2023-03-24T17:58:55Z,2023-03-24T17:59:00Z,2.8563084787297955e-05,0.0024821265938575273,0.0024535635090702293,0
2023-03-24T17:58:55Z,2023-03-24T17:59:00Z,4.754731196752711e-05,0.0025073914849394435,0.0024598441729719164,0
2023-03-24T17:58:55Z,2023-03-24T17:59:00Z,6.771318740518084e-05,0.0025322486551112005,0.0024645354677060196,0
2023-03-24T17:58:55Z,2023-03-24T17:59:00Z,6.426772256861585e-05,0.0025339442334413737,0.002469676510872758,0
2023-03-24T17:58:55Z,2023-03-24T17:59:00Z,6.076236237722134e-05,0.0025364544105878433,0.002475692048210622,0
2023-03-24T17:58:55Z,2023-03-24T17:59:00Z,5.743932472789459e-05,0.002538528336408308,0.0024810890116804133,0
2023-03-24T17:58:55Z,2023-03-24T17:59:00Z,5.5868279623686335e-05,0.00254114640704326,0.0024852781274195736,0
2023-03-24T17:58:55Z,2023-03-24T17:59:00Z,7.335137615028251e-05,0.0025630893292732646,0.002489737953122982,0
2023-03-24T17:58:55Z,2023-03-24T17:59:00Z,5.594006871350275e-05,0.002548374187533403,0.0024924341188199,0
2023-03-24T17:58:55Z,2023-03-24T17:59:00Z,4.681452670153878e-05,0.002543823096712516,0.0024970085700109774,0
2023-03-24T17:58:55Z,2023-03-24T17:59:00Z,6.566407407784065e-05,0.002567273751073808,0.0025016096769959672,0
2023-03-24T17:58:55Z,2023-03-24T17:59:00Z,5.5949905526931666e-05,0.002562841841480399,0.0025068919359534673,0
2023-03-24T17:58:55Z,2023-03-24T17:59:00Z,4.535216047673587e-05,0.002558704550552637,0.002513352390075901,0
2023-03-24T17:58:55Z,2023-03-24T17:59:00Z,3.546776376524459e-05,0.002555622614176299,0.0025201548504110542,0
2023-03-24T17:58:55Z,2023-03-24T17:59:00Z,5.833790954106258e-06,0.0025213657465483286,0.002527199537502435,0
2023-03-24T17:58:55Z,2023-03-24T17:59:00Z,3.426096307696403e-05,0.0024979163767222838,0.002532177339799248,0
2023-03-24T17:58:55Z,2023-03-24T17:59:00Z,1.0149383968794355e-05,0.0025251452622020673,0.0025352946461708616,0
2023-03-24T17:58:55Z,2023-03-24T17:59:00Z,1.3277227550181729e-05,0.0025236509984161866,0.0025369282259663684,0
2023-03-24T17:58:55Z,2023-03-24T17:59:00Z,1.8062952438763387e-05,0.002521553940299139,0.0025396168927379024,0
2023-03-24T17:58:55Z,2023-03-24T17:59:00Z,1.370591455511971e-05,0.002526927197775079,0.0025406331123301986,0
2023-03-24T17:58:55Z,2023-03-24T17:59:00Z,4.182286368044569e-05,0.002498141828973999,0.0025399646926544447,0
2023-03-24T17:58:55Z,2023-03-24T17:59:00Z,5.894482098118886e-05,0.002480581306944113,0.0025395261279253017,0
2023-03-24T17:58:55Z,2023-03-24T17:59:00Z,5.0408856312483645e-05,0.0024867227352619527,0.0025371315915744363,0
2023-03-24T17:58:55Z,2023-03-24T17:59:00Z,5.218596481514201e-05,0.002481323937417782,0.002533509902232924,0
2023-03-24T17:58:55Z,2023-03-24T17:59:00Z,6.186074884969488e-05,0.0024682476738968977,0.0025301084227465926,0
2023-03-24T17:58:55Z,2023-03-24T17:59:00Z,3.761345853294223e-05,0.0024873846272226822,0.0025249980857556245,0
2023-03-24T17:58:55Z,2023-03-24T17:59:00Z,3.0483760412313397e-05,0.0024895064182410298,0.002519990178653343,0
2023-03-24T17:58:55Z,2023-03-24T17:59:00Z,2.385871004973979e-05,0.0024926040642604887,0.0025164627743102285,0
2023-03-24T17:58:55Z,2023-03-24T17:59:00Z,3.65656261843636e-05,0.0024750366898238165,0.00251160231600818,0
2023-03-24T17:58:55Z,2023-03-24T17:59:00Z,2.2522219539903264e-05,0.002484690235392032,0.0025072124549319354,0
2023-03-24T17:58:55Z,2023-03-24T17:59:00Z,1.4901993564918597e-05,0.0024870812200714653,0.002501983213636384,0
2023-03-24T17:58:55Z,2023-03-24T17:59:00Z,1.0722512002973774e-05,0.0024868274279593937,0.0024975499399623674,0
2023-03-24T17:58:55Z,2023-03-24T17:59:00Z,1.503822862970695e-05,0.002480368928427857,0.002495407157057564,0
2023-03-24T17:58:55Z,2023-03-24T17:59:00Z,8.730561512544123e-07,0.0024955871539111374,0.002494714097759883,0
2023-03-24T17:58:55Z,2023-03-24T17:59:00Z,3.6004532378459964e-06,0.0024883151236611487,0.0024919155768989946,0
2023-03-24T17:58:55Z,2023-03-24T17:59:00Z,1.9661310156094628e-05,0.0025098228967735236,0.002490161586617429,0
2023-03-24T17:58:55Z,2023-03-24T17:59:00Z,2.226589149659187e-05,0.0025103500520741464,0.0024880841605775545,0
2023-03-24T17:58:55Z,2023-03-24T17:59:00Z,3.81293096485668e-05,0.002525144451413524,0.0024870151417649574,0
2023-03-24T17:58:55Z,2023-03-24T17:59:00Z,3.0281978334453005e-05,0.0025180601340431693,0.0024877781557087163,0
2023-03-24T17:58:55Z,2023-03-24T17:59:00Z,2.6871432052220316e-05,0.0025174347842902753,0.002490563352238055,0
2023-03-24T17:58:55Z,2023-03-24T17:59:00Z,3.6948865613688556e-07,0.002492891428318018,0.002492521939661881,0
2023-03-24T17:58:55Z,2023-03-24T17:59:00Z,1.3656033988423098e-06,0.002493413264192569,0.0024947788675914115,0
2023-03-24T17:58:55Z,2023-03-24T17:59:00Z,4.4363321192067255e-06,0.0025007554343619382,0.0024963191022427315,0
2023-03-24T17:58:55Z,2023-03-24T17:59:00Z,3.1302937189715135e-06,0.0024935655983343782,0.0024966958920533498,0
2023-03-24T17:58:55Z,2023-03-24T17:59:00Z,4.711103746851946e-06,0.0024926878518140546,0.0024973989555609065,0
2023-03-24T17:58:55Z,2023-03-24T17:59:00Z,1.934556055424152e-05,0.0024781134908862827,0.002497459051440524,0
2023-03-24T17:58:55Z,2023-03-24T17:59:00Z,5.3045156984990374e-05,0.002445517092079924,0.0024985622490649143,0
2023-03-24T17:58:55Z,2023-03-24T17:59:00Z,5.05267840656882e-05,0.0024476244184676167,0.002498151202533305,0
2023-03-24T17:58:55Z,2023-03-24T17:59:00Z,6.609646742783328e-05,0.0024294569771060003,0.0024955534445338335,0
2023-03-24T17:58:55Z,2023-03-24T17:59:00Z,6.725845283792184e-05,0.0024258448036026756,0.0024931032564405975,0
2023-03-24T17:58:55Z,2023-03-24T17:59:00Z,7.959400415346587e-05,0.0024103272553295156,0.0024899212594829815,0
2023-03-24T17:58:55Z,2023-03-24T17:59:00Z,8.41234365574592e-05,0.002401438926031243,0.0024855623625887023,0
2023-03-24T17:58:55Z,2023-03-24T17:59:00Z,8.42915539464857e-05,0.0023963965668714897,0.0024806881208179754,0
2023-03-24T17:58:55Z,2023-03-24T17:59:00Z,6.688105857070512e-05,0.0024070330640758777,0.002473914122646583,0
2023-03-24T17:58:55Z,2023-03-24T17:59:00Z,6.119282235298677e-05,0.0024055992074684305,0.0024667920298214172,0
2023-03-24T17:58:55Z,2023-03-24T17:59:00Z,6.209388430236662e-05,0.002397316183810448,0.0024594100681128144,0
2023-03-24T17:58:55Z,2023-03-24T17:59:00Z,0.00016823966461707723,0.002284141595584816,0.002452381260201893,0
2023-03-24T17:58:55Z,2023-03-24T17:59:00Z,0.00019053087441967985,0.0022543429732522244,0.002444873847671904,0
2023-03-24T17:58:55Z,2023-03-24T17:59:00Z,0.0001978499744508897,0.002233977008675189,0.0024318269831260786,0
2023-03-24T17:58:55Z,2023-03-24T17:59:00Z,0.00019156110926195737,0.00222532398068035,0.002416885089942307,0
2023-03-24T17:58:55Z,2023-03-24T17:59:00Z,0.00019316052948123918,0.002207050908855646,0.002400211438336885,0
2023-03-24T17:58:55Z,2023-03-24T17:59:00Z,0.0001836924892023948,0.0021997538480311137,0.0023834463372335085,0
2023-03-24T17:58:55Z,2023-03-24T17:59:00Z,0.0001562279760167276,0.00220936605228188,0.0023655940282986078,0
2023-03-24T17:58:55Z,2023-03-24T17:59:00Z,0.00013121585443252566,0.0022169806961876344,0.00234819655062016,0
2023-03-24T17:58:55Z,2023-03-24T17:59:00Z,0.00010923408620327731,0.002224203024429505,0.0023334371106327823,0
2023-03-24T17:58:55Z,2023-03-24T17:59:00Z,0.00011308020111018644,0.0022059416768800966,0.002319021877990283,0
2023-03-24T17:58:55Z,2023-03-24T17:59:00Z,0.00010427002386614089,0.0022019234820818616,0.0023061935059480025,0
2023-03-24T17:58:55Z,2023-03-24T17:59:00Z,9.869888048878598e-05,0.0021937506800390554,0.0022924495605278414,0
2023-03-24T17:58:55Z,2023-03-24T17:59:00Z,6.338454570160076e-05,0.002216039778998262,0.002279424324699863,0
2023-03-24T17:58:55Z,2023-03-24T17:59:00Z,2.312388597521019e-05,0.002243319923350141,0.002266443809325351,0
2023-03-24T17:58:55Z,2023-03-24T17:59:00Z,1.718160802090165e-05,0.002237989902062373,0.0022551715100832745,0
2023-03-24T17:58:55Z,2023-03-24T17:59:00Z,1.2315627929462055e-05,0.002257255066717378,0.0022449394387879158,0
2023-03-24T17:58:55Z,2023-03-24T17:59:00Z,2.2761319637559525e-05,0.002257225176837597,0.0022344638572000374,0
2023-03-24T17:58:55Z,2023-03-24T17:59:00Z,5.152703439006588e-05,0.002277237071771786,0.00222571003738172,0
2023-03-24T17:58:55Z,2023-03-24T17:59:00Z,5.176587105277944e-05,0.0022757936322627985,0.002224027761210019,0
2023-03-24T17:58:55Z,2023-03-24T17:59:00Z,6.983864117178452e-05,0.0022952972835392762,0.0022254586423674917,0
2023-03-24T17:58:55Z,2023-03-24T17:59:00Z,8.5514292145949e-05,0.002313586473487666,0.002228072181341717,0
2023-03-24T17:58:55Z,2023-03-24T17:59:00Z,7.175789153113232e-05,0.0023042034043015323,0.0022324455127704,0
2023-03-24T17:58:55Z,2023-03-24T17:59:00Z,4.577439631254848e-05,0.0022848783818724496,0.002239103985559901,0
2023-03-24T17:58:55Z,2023-03-24T17:59:00Z,5.119012690578493e-05,0.0022968222097325876,0.0022456320828268027,0
2023-03-24T17:58:55Z,2023-03-24T17:59:00Z,0.00015617738433136574,0.0024065289877575786,0.002250351603426213,0
2023-03-24T17:58:55Z,2023-03-24T17:59:00Z,0.0001750866966921936,0.002430428394714966,0.0022553416980227725,0
2023-03-24T17:58:55Z,2023-03-24T17:59:00Z,0.00020767626805560328,0.0024744133387863804,0.002266737070730777,0
2023-03-24T17:58:55Z,2023-03-24T17:59:00Z,0.00020843598910502996,0.002489203479700487,0.002280767490595457,0
2023-03-24T17:58:55Z,2023-03-24T17:59:00Z,0.00020808802322580663,0.0025058861298652957,0.002297798106639489,0
2023-03-24T17:58:55Z,2023-03-24T17:59:00Z,0.00020183557388951017,0.0025180994805078386,0.0023162639066183284,0
2023-03-24T17:58:55Z,2023-03-24T17:59:00Z,0.00021389531519343512,0.002548274618740953,0.002334379303547518,0
2023-03-24T17:58:55Z,2023-03-24T17:59:00Z,0.00022005763924331677,0.002571610665113191,0.002351553025869874,0
2023-03-24T17:58:55Z,2023-03-24T17:59:00Z,0.00019759515293032558,0.0025685409735926113,0.0023709458206622857,0
2023-03-24T17:58:55Z,2023-03-24T17:59:00Z,0.00016375045593283255,0.002554343501494856,0.0023905930455620237,0
2023-03-24T17:58:55Z,2023-03-24T17:59:00Z,0.00014907392737316654,0.0025591242102323787,0.002410050282859212,0
2023-03-24T17:58:55Z,2023-03-24T17:59:00Z,0.00012611513309461345,0.002553484567811518,0.0024273694347169044,0
2023-03-24T17:58:55Z,2023-03-24T17:59:00Z,0.00010917399514959614,0.0025542515909895993,0.002445077595840003,0
2023-03-24T17:58:55Z,2023-03-24T17:59:00Z,5.871375643891775e-05,0.0025199280575459357,0.002461214301107018,0
2023-03-24T17:58:55Z,2023-03-24T17:59:00Z,4.7684346398317676e-05,0.0025239402173492065,0.002476255870950889,0
2023-03-24T17:58:55Z,2023-03-24T17:59:00Z,4.353441100504035e-05,0.0025332730727837044,0.002489738661778664,0
2023-03-24T17:58:55Z,2023-03-24T17:59:00Z,1.990216289755181e-05,0.002524582189393513,0.0025046800264959613,0
2023-03-24T17:58:55Z,2023-03-24T17:59:00Z,4.378684684727078e-06,0.002515079520751929,0.002519458205436656,0
2023-03-24T17:58:55Z,2023-03-24T17:59:00Z,1.909012345023683e-05,0.002545926653989139,0.002526836530538902,0
2023-03-24T17:58:55Z,2023-03-24T17:59:00Z,4.917830124087207e-06,0.0025370450560402995,0.0025321272259162123,0
2023-03-24T17:58:55Z,2023-03-24T17:59:00Z,5.189862651321965e-06,0.002531406945465063,0.002536596808116385,0
2023-03-24T17:58:55Z,2023-03-24T17:59:00Z,1.701887183746609e-05,0.002522568034800157,0.002539586906637623,0
2023-03-24T17:58:55Z,2023-03-24T17:59:00Z,1.5839464217425048e-06,0.0025395980111908656,0.002541181957612608,0
2023-03-24T17:58:55Z,2023-03-24T17:59:00Z,6.037921792065391e-06,0.0025354233204638132,0.0025414612422558786,0
2023-03-24T17:58:55Z,2023-03-24T17:59:00Z,1.9162460647443886e-05,0.002521756493636554,0.002540918954283998,0
2023-03-24T17:58:55Z,2023-03-24T17:59:00Z,4.095232710985865e-06,0.0025345620125324262,0.002538657245243412,0
2023-03-24T17:58:55Z,2023-03-24T17:59:00Z,2.045093227057886e-05,0.002515282282975579,0.002535733215246158,0
2023-03-24T17:58:55Z,2023-03-24T17:59:00Z,3.2791864950999176e-05,0.002501705007235007,0.0025344968721860064,0
2023-03-24T17:58:55Z,2023-03-24T17:59:00Z,3.3107994330647435e-05,0.002498648757401809,0.0025317567517324563,0
2023-03-24T17:58:55Z,2023-03-24T17:59:00Z,3.330069658283698e-05,0.002495219832613588,0.0025285205291964248,0
2023-03-24T17:58:55Z,2023-03-24T17:59:00Z,3.480772768271658e-05,0.002490237624414471,0.0025250453520971874,0
2023-03-24T17:58:55Z,2023-03-24T17:59:00Z,5.6318502009383795e-05,0.002467182586029532,0.0025235010880389156,0
2023-03-24T17:58:55Z,2023-03-24T17:59:00Z,5.572502550329301e-05,0.0024656696504772014,0.0025213946759804944,0
2023-03-24T17:58:55Z,2023-03-24T17:59:00Z,2.7658875195112845e-05,0.002489605145363246,0.002517264020558359,0
2023-03-24T17:58:55Z,2023-03-24T17:59:00Z,1.756520391698463e-05,0.002496016782959105,0.0025135819868760895,0
2023-03-24T17:58:55Z,2023-03-24T17:59:00Z,2.0291900253630295e-05,0.0024916979381606665,0.002511989838414297,0
2023-03-24T17:58:55Z,2023-03-24T17:59:00Z,2.1601599046865063e-05,0.0024872688724280547,0.0025088704714749197,0
2023-03-24T17:58:55Z,2023-03-24T17:59:00Z,9.83059900449201e-06,0.0025158668756119344,0.0025060362766074424,0
2023-03-24T17:58:55Z,2023-03-24T17:59:00Z,4.346254018257941e-06,0.0025076239010608874,0.0025032776470426295,0
2023-03-24T17:58:55Z,2023-03-24T17:59:00Z,1.0036517603597729e-05,0.0025128953421969637,0.002502858824593366,0
2023-03-24T17:58:55Z,2023-03-24T17:59:00Z,2.4951419313914806e-05,0.002525811862024157,0.0025008604427102423,0
2023-03-24T17:58:55Z,2023-03-24T17:59:00Z,3.1338620963288714e-05,0.002530791065031853,0.002499452444068564,0
2023-03-24T17:58:55Z,2023-03-24T17:59:00Z,2.664676929909921e-05,0.0025263526738918884,0.002499705904592789,0
2023-03-24T17:58:55Z,2023-03-24T17:59:00Z,3.5531709630067486e-05,0.002535001930004071,0.0024994702203740035,0
2023-03-24T17:58:55Z,2023-03-24T17:59:00Z,3.584420783361115e-05,0.002536006327639884,0.0025001621198062728,0
2023-03-24T17:58:55Z,2023-03-24T17:59:00Z,3.877421276325937e-05,0.0025410173902425982,0.002502243177479339,0
2023-03-24T17:58:55Z,2023-03-24T17:59:00Z,2.4384862719201757e-05,0.0025289628883384207,0.002504578025619219,0
2023-03-24T17:58:55Z,2023-03-24T17:59:00Z,2.3733824578804717e-05,0.002531174197549837,0.002507440372971032,0
2023-03-24T17:58:55Z,2023-03-24T17:59:00Z,4.413848328423944e-05,0.002553999185250518,0.0025098607019662785,0
2023-03-24T17:58:55Z,2023-03-24T17:59:00Z,4.817312596990626e-05,0.002562033303656204,0.0025138601776862977,0
2023-03-24T17:58:55Z,2023-03-24T17:59:00Z,4.47600221504859e-05,0.002564140795760116,0.0025193807736096302,0
2023-03-24T17:58:55Z,2023-03-24T17:59:00Z,6.162134900579387e-05,0.002585528882508734,0.0025239075335029403,0
2023-03-24T17:58:55Z,2023-03-24T17:59:00Z,5.4813232046621845e-05,0.002582978516349625,0.002528165284303003,0
2023-03-24T17:58:55Z,2023-03-24T17:59:00Z,5.803842297510747e-05,0.002592068141299865,0.0025340297183247575,0
2023-03-24T17:58:55Z,2023-03-24T17:59:00Z,5.289787172155268e-05,0.0025929094427914086,0.002540011571069856,0
2023-03-24T17:58:55Z,2023-03-24T17:59:00Z,4.732386844041956e-05,0.002592098018615771,0.0025447741501753514,0
2023-03-24T17:58:55Z,2023-03-24T17:59:00Z,3.545390867365841e-05,0.0025855584052071673,0.002550104496533509,0
2023-03-24T17:58:55Z,2023-03-24T17:59:00Z,3.4705810410446975e-05,0.0025897604742201315,0.0025550546638096845,0
2023-03-24T17:58:55Z,2023-03-24T17:59:00Z,7.044495712784076e-06,0.0025517443270458386,0.0025587888227586227,0
2023-03-24T17:58:55Z,2023-03-24T17:59:00Z,2.552173823727657e-05,0.0025879961490701663,0.0025624744108328898,0
2023-03-24T17:58:55Z,2023-03-24T17:59:00Z,2.3950725768237622e-05,0.0025880121149232495,0.002564061389155012,0
2023-03-24T17:58:55Z,2023-03-24T17:59:00Z,2.461981244365752e-06,0.002569835509091009,0.002567373527846643,0
2023-03-24T17:58:55Z,2023-03-24T17:59:00Z,1.1564049160508929e-05,0.0025821879387123623,0.0025706238895518534,0
2023-03-24T17:58:55Z,2023-03-24T17:59:00Z,5.546981250363018e-06,0.0025668780407295155,0.0025724250219798786,0
2023-03-24T17:58:55Z,2023-03-24T17:59:00Z,8.841048409528006e-07,0.0025748674827872973,0.00257575158762825,0
2023-03-24T17:58:55Z,2023-03-24T17:59:00Z,2.2364886615069534e-05,0.002555618191211911,0.0025779830778269804,0
2023-03-24T17:58:55Z,2023-03-24T17:59:00Z,3.548117505419897e-05,0.0025438061713688297,0.0025792873464230287,0
2023-03-24T17:58:55Z,2023-03-24T17:59:00Z,2.995997981029971e-05,0.002548926422084961,0.002578886401895261,0
2023-03-24T17:58:55Z,2023-03-24T17:59:00Z,1.3071594537545413e-05,0.0025645438933332597,0.002577615487870805,0
2023-03-24T17:58:55Z,2023-03-24T17:59:00Z,1.3495259999995145e-06,0.002576677360094319,0.0025753278340943193,0
2023-03-24T17:58:55Z,2023-03-24T17:59:00Z,2.342680552866374e-05,0.0025507488646271323,0.002574175670155796,0
2023-03-24T17:58:55Z,2023-03-24T17:59:00Z,9.577642839773363e-06,0.0025636361034906763,0.0025732137463304497,0
2023-03-24T17:58:55Z,2023-03-24T17:59:00Z,1.7834702345382366e-05,0.0025527440078498003,0.0025705787101951826,0
2023-03-24T17:58:55Z,2023-03-24T17:59:00Z,1.6218936037563133e-05,0.002552580904462301,0.0025687998404998642,0
2023-03-24T17:58:55Z,2023-03-24T17:59:00Z,2.8456369366059494e-05,0.0025382925712989692,0.0025667489406650287,0
2023-03-24T17:58:55Z,2023-03-24T17:59:00Z,1.7922101996795635e-05,0.0025465031155583687,0.0025644252175551644,0
2023-03-24T17:58:55Z,2023-03-24T17:59:00Z,2.721842033251258e-05,0.0025363660624884723,0.002563584482820985,0
2023-03-24T17:58:55Z,2023-03-24T17:59:00Z,5.7503706052221444e-05,0.002503487462174276,0.0025609911682264973,1
2023-03-24T17:58:55Z,2023-03-24T17:59:00Z,0.00010291636789689154,0.0024548469220524328,0.0025577632899493243,1
2023-03-24T17:58:55Z,2023-03-24T17:59:00Z,0.00016035810159086656,0.0023932584354261614,0.002553616537017028,1
2023-03-24T17:58:55Z,2023-03-24T17:59:00Z,0.00018818898611164822,0.0023574687373641343,0.0025456577234757825,1
2023-03-24T17:58:55Z,2023-03-24T17:59:00Z,0.00023895868177578822,0.0022958478163685346,0.002534806498144323,1
2023-03-24T17:58:55Z,2023-03-24T17:59:00Z,0.00026213039278665407,0.0022590886837687216,0.0025212190765553756,1
2023-03-24T17:58:55Z,2023-03-24T17:59:00Z,0.0002889750482116373,0.002216008379916027,0.002504983428127664,1
2023-03-24T17:58:55Z,2023-03-24T17:59:00Z,0.00030584284919798164,0.002181345735954676,0.0024871885851526577,1
2023-03-24T17:58:55Z,2023-03-24T17:59:00Z,0.00031356282837365513,0.002152818379143444,0.002466381207517099,1
2023-03-24T17:58:55Z,2023-03-24T17:59:00Z,0.0003120559242291397,0.002130375398451798,0.0024424313226809376,1
2023-03-24T17:58:55Z,2023-03-24T17:59:00Z,0.0003221828559729738,0.002093757280398534,0.002415940136371508,1
2023-03-24T17:58:55Z,2023-03-24T17:59:00Z,0.00032762031644888384,0.0020620464782866656,0.0023896667947355494,1
2023-03-24T17:58:55Z,2023-03-24T17:59:00Z,0.00032879114893369496,0.0020315082193585955,0.0023602993682922905,1
2023-03-24T17:58:55Z,2023-03-24T17:59:00Z,0.0003288358892303855,0.0020007948834642095,0.002329630772694595,1
2023-03-24T17:58:55Z,2023-03-24T17:59:00Z,0.0003322309779744581,0.001964832751901155,0.0022970637298756133,1
2023-03-24T17:58:55Z,2023-03-24T17:59:00Z,0.0003320632622901697,0.0019314068620957712,0.002263470124385941,1
2023-03-24T17:58:55Z,2023-03-24T17:59:00Z,0.00031571583213233206,0.0019113998945250324,0.0022271157266573645,1
2023-03-24T17:58:55Z,2023-03-24T17:59:00Z,0.00031119193505524867,0.0018781138415775727,0.0021893057766328213,1
2023-03-24T17:58:55Z,2023-03-24T17:59:00Z,0.000293825271137812,0.0018584750325169315,0.0021523003036547435,1
2023-03-24T17:58:55Z,2023-03-24T17:59:00Z,0.00028694040784427426,0.0018293140782807901,0.0021162544861250644,1
2023-03-24T17:58:55Z,2023-03-24T17:59:00Z,0.00027956526501395594,0.0018032652584292815,0.0020828305234432375,1
2023-03-24T17:58:55Z,2023-03-24T17:59:00Z,0.00025295001278439707,0.0017968708444661312,0.0020498208572505283,1
2023-03-24T17:58:55Z,2023-03-24T17:59:00Z,0.0001852470054727975,0.0018337874419065282,0.0020190344473793257,1
2023-03-24T17:58:55Z,2023-03-24T17:59:00Z,0.00015184925166726398,0.0018382965807556492,0.001990145832422913,1
2023-03-24T17:58:55Z,2023-03-24T17:59:00Z,0.0001245122249714989,0.001841744798825821,0.00196625702379732,1
2023-03-24T17:58:55Z,2023-03-24T17:59:00Z,9.746238486728408e-05,0.0018473540667300963,0.0019448164515973804,1
2023-03-24T17:58:55Z,2023-03-24T17:59:00Z,7.827214509294471e-05,0.0018471022077345845,0.0019253743528275292,1
2023-03-24T17:58:55Z,2023-03-24T17:59:00Z,6.180537058543024e-05,0.0018458801490094925,0.0019076855195949228,1
2023-03-24T17:58:55Z,2023-03-24T17:59:00Z,4.193215076978658e-05,0.0018503374267836393,0.001892269577553426,1
2023-03-24T17:58:55Z,2023-03-24T17:59:00Z,3.708032484848523e-05,0.0018416788571251174,0.0018787591819736027,1
2023-03-24T17:58:55Z,2023-03-24T17:59:00Z,3.565615054383284e-05,0.001831779856893835,0.0018674360074376678,1
2023-03-24T17:58:55Z,2023-03-24T17:59:00Z,3.296663617680215e-05,0.0018245246196146724,0.0018574912557914745,1
2023-03-24T17:58:55Z,2023-03-24T17:59:00Z,2.185917936014018e-05,0.0018273162704933769,0.001849175449853517,1
2023-03-24T17:58:55Z,2023-03-24T17:59:00Z,1.914396760298049e-05,0.0018233513420954678,0.0018424953096984483,1
2023-03-24T17:58:55Z,2023-03-24T17:59:00Z,8.967886116508427e-06,0.0018282721970799617,0.00183724008319647,1
2023-03-24T17:58:55Z,2023-03-24T17:59:00Z,1.3567750251179027e-05,0.0018202496767276593,0.0018338174269788383,1
2023-03-24T17:58:55Z,2023-03-24T17:59:00Z,1.9701665391224114e-05,0.0018122280843728038,0.001831929749764028,1
2023-03-24T17:58:55Z,2023-03-24T17:59:00Z,2.3888407325865e-05,0.0018074748173410923,0.0018313632246669573,1
2023-03-24T17:58:55Z,2023-03-24T17:59:00Z,2.9427999713179265e-05,0.001802495401575248,0.0018319234012884272,1
2023-03-24T17:58:55Z,2023-03-24T17:59:00Z,1.9242298205393582e-05,0.0018133438513877188,0.0018325861495931124,1
2023-03-24T17:58:55Z,2023-03-24T17:59:00Z,1.0937969843533533e-05,0.001819692427228874,0.0018306303970724075,1
2023-03-24T17:58:55Z,2023-03-24T17:59:00Z,2.6348967786620197e-06,0.0018317057482655737,0.0018290708514869117,1
2023-03-24T17:58:55Z,2023-03-24T17:59:00Z,1.495448984538579e-06,0.0018261971292775638,0.0018276925782621024,1
2023-03-24T17:58:55Z,2023-03-24T17:59:00Z,1.3441821032100267e-06,0.00182537037625486,0.00182671455835807,1
2023-03-24T17:58:55Z,2023-03-24T17:59:00Z,5.779311954329149e-06,0.001819628679000177,0.0018254079909545062,1
2023-03-24T17:58:55Z,2023-03-24T17:59:00Z,6.789671050969667e-06,0.001817336459106372,0.0018241261301573416,1
2023-03-24T17:58:55Z,2023-03-24T17:59:00Z,1.1623923144147598e-06,0.0018233692257352899,0.001822206833420875,1
2023-03-24T17:58:55Z,2023-03-24T17:59:00Z,1.7278229882975848e-05,0.0018379636634276793,0.0018206854335447034,1
2023-03-24T17:58:55Z,2023-03-24T17:59:00Z,1.6104006229719072e-05,0.0018362637753270136,0.0018201597690972945,1
2023-03-24T17:58:55Z,2023-03-24T17:59:00Z,1.2867854037085366e-05,0.0018338675633726928,0.0018209997093356074,1
2023-03-24T17:58:55Z,2023-03-24T17:59:00Z,1.8143287156389357e-05,0.001839702215544099,0.0018215589283877096,1
2023-03-24T17:58:55Z,2023-03-24T17:59:00Z,1.2024109247098149e-05,0.0018342403014646345,0.0018222161922175364,1
2023-03-24T17:58:55Z,2023-03-24T17:59:00Z,1.6820816610799453e-05,0.0018397513849823443,0.0018229305683715449,1
2023-03-24T17:58:55Z,2023-03-24T17:59:00Z,1.913228473119418e-05,0.0018429372671487998,0.0018238049824176056,1
2023-03-24T17:58:55Z,2023-03-24T17:59:00Z,2.495859894190936e-05,0.0018504837876476114,0.001825525188705702,1
2023-03-24T17:58:55Z,2023-03-24T17:59:00Z,2.1919848501930845e-05,0.0018496614403206147,0.0018277415918186838,1
2023-03-24T17:58:55Z,2023-03-24T17:59:00Z,1.4828230282406358e-05,0.001845569096230613,0.0018307408659482066,1
2023-03-24T17:58:55Z,2023-03-24T17:59:00Z,2.0072106976966667e-05,0.001853082822233479,0.0018330107152565124,1
2023-03-24T17:58:55Z,2023-03-24T17:59:00Z,5.120354597701847e-06,0.001839748361666823,0.0018346280070691212,1
2023-03-24T17:58:55Z,2023-03-24T17:59:00Z,9.028699014588084e-06,0.001826935375177527,0.0018359640741921152,1
2023-03-24T17:58:55Z,2023-03-24T17:59:00Z,3.5147908394534202e-06,0.0018332962353769906,0.001836811026216444,1
2023-03-24T17:58:55Z,2023-03-24T17:59:00Z,1.9153031226431432e-05,0.0018177558074226792,0.0018369088386491106,1
2023-03-24T17:58:55Z,2023-03-24T17:59:00Z,3.0000612335641906e-05,0.0018077624485870196,0.0018377630609226615,1
2023-03-24T17:58:55Z,2023-03-24T17:59:00Z,3.844013011752531e-05,0.0017993491400749052,0.0018377892701924305,1
2023-03-24T17:58:55Z,2023-03-24T17:59:00Z,4.1693652418678525e-05,0.0017951201942019853,0.0018368138466206638,1
2023-03-24T17:58:55Z,2023-03-24T17:59:00Z,5.3665904349361505e-05,0.0017807345345617538,0.0018344004389111153,1
2023-03-24T17:58:55Z,2023-03-24T17:59:00Z,6.873613438125679e-05,0.0017630928307095443,0.001831828965090801,1
2023-03-24T17:58:55Z,2023-03-24T17:59:00Z,7.803779471432233e-05,0.001750470356075795,0.0018285081507901173,1
2023-03-24T17:58:55Z,2023-03-24T17:59:00Z,6.579262495243123e-05,0.0017579274392855266,0.0018237200642379579,1
2023-03-24T17:58:55Z,2023-03-24T17:59:00Z,6.364597240202585e-05,0.0017548384702491295,0.0018184844426511553,1
2023-03-24T17:58:55Z,2023-03-24T17:59:00Z,7.401787255817589e-05,0.0017393525734869283,0.0018133704460451042,1
2023-03-24T17:58:55Z,2023-03-24T17:59:00Z,7.047968611715812e-05,0.0017373845851217167,0.0018078642712388748,1
2023-03-24T17:58:55Z,2023-03-24T17:59:00Z,6.907123509295441e-05,0.0017318473352608778,0.0018009185703538322,1
2023-03-24T17:58:55Z,2023-03-24T17:59:00Z,5.215360784719086e-05,0.0017417476590567101,0.001793901266903901,1
2023-03-24T17:58:55Z,2023-03-24T17:59:00Z,4.715151288526057e-05,0.001739642143958032,0.0017867936568432925,1
2023-03-24T17:58:55Z,2023-03-24T17:59:00Z,3.603204125972683e-05,0.0017438031678850177,0.0017798352091447445,1
2023-03-24T17:58:55Z,2023-03-24T17:59:00Z,4.933665267499573e-05,0.0017242419178629493,0.001773578570537945,1
2023-03-24T17:58:55Z,2023-03-24T17:59:00Z,6.40097851964032e-05,0.00170437302238576,0.0017683828075821632,1
2023-03-24T17:58:55Z,2023-03-24T17:59:00Z,6.566783002155165e-05,0.001695899082715984,0.0017615669127375357,1
2023-03-24T17:58:55Z,2023-03-24T17:59:00Z,6.710060313617735e-05,0.001687379885536551,0.0017544804886727283,1
2023-03-24T17:58:55Z,2023-03-24T17:59:00Z,6.861741894368203e-05,0.0016788716093621065,0.0017474890283057886,1
2023-03-24T17:58:55Z,2023-03-24T17:59:00Z,0.00010871656348702095,0.0016317743864101204,0.0017404909498971413,1
2023-03-24T17:58:55Z,2023-03-24T17:59:00Z,9.512100325844569e-05,0.0016381044100862033,0.001733225413344649,1
2023-03-24T17:58:55Z,2023-03-24T17:59:00Z,6.315003209159792e-05,0.001660765371993574,0.001723915404085172,1
2023-03-24T17:58:55Z,2023-03-24T17:59:00Z,3.4272282041822744e-05,0.0016818313457543903,0.001716103627796213,0
2023-03-24T17:58:55Z,2023-03-24T17:59:00Z,4.725979631244525e-06,0.0017152230459223188,0.0017104970662910743,0
2023-03-24T17:58:55Z,2023-03-24T17:59:00Z,5.0347098982446437e-05,0.0017560881594278245,0.001705741060445378,0
2023-03-24T17:58:55Z,2023-03-24T17:59:00Z,9.011465792823259e-05,0.001793379754353185,0.0017032650964249525,0
2023-03-24T17:58:55Z,2023-03-24T17:59:00Z,0.00011990261274841024,0.0018242136832946688,0.0017043110705462585,0
2023-03-24T17:58:55Z,2023-03-24T17:59:00Z,0.00014524840890216793,0.0018530591775253933,0.0017078107686232253,0
2023-03-24T17:58:55Z,2023-03-24T17:59:00Z,0.00018218634414784345,0.0018957700095231806,0.0017135836653753372,0
2023-03-24T17:58:55Z,2023-03-24T17:59:00Z,0.00020954083590656513,0.001930081471186195,0.00172054063527963,0
2023-03-24T17:58:55Z,2023-03-24T17:59:00Z,0.00023388043172645938,0.001964179058603911,0.0017302986268774518,0
2023-03-24T17:58:55Z,2023-03-24T17:59:00Z,0.0002625086390956831,0.0020044496599294585,0.0017419410208337753,0
2023-03-24T17:58:55Z,2023-03-24T17:59:00Z,0.0002775963511141028,0.002034533443244188,0.0017569370921300853,0
2023-03-24T17:58:55Z,2023-03-24T17:59:00Z,0.000297424109219818,0.0020731159911963845,0.0017756918819765665,0
2023-03-24T17:58:55Z,2023-03-24T17:59:00Z,0.000321308399173245,0.0021181649286828243,0.0017968565295095793,0
2023-03-24T17:58:55Z,2023-03-24T17:59:00Z,0.0003344310383006691,0.002155396074413988,0.0018209650361133188,0
2023-03-24T17:58:55Z,2023-03-24T17:59:00Z,0.00035209682187963714,0.002200517690450501,0.0018484208685708638,0
2023-03-24T17:58:55Z,2023-03-24T17:59:00Z,0.0003440948343267881,0.0022252420583978934,0.0018811472240711053,0
2023-03-24T17:58:55Z,2023-03-24T17:59:00Z,0.0003683909135489597,0.002284688967642834,0.0019162980540938742,0
2023-03-24T17:58:55Z,2023-03-24T17:59:00Z,0.0004003931887708416,0.0023519710357649856,0.001951577846994144,0
2023-03-24T17:58:55Z,2023-03-24T17:59:00Z,0.00040136291213878697,0.002390619360500959,0.001989256448362172,0
2023-03-24T17:58:55Z,2023-03-24T17:59:00Z,0.00037571885673897245,0.0024047720544663107,0.0020290531977273383,0
2023-03-24T17:58:55Z,2023-03-24T17:59:00Z,0.00033048670013340704,0.0023991980979278164,0.0020687113977944094,0
2023-03-24T17:58:55Z,2023-03-24T17:59:00Z,0.0002597298547794436,0.0023666532713309237,0.00210692341655148,0
2023-03-24T17:58:55Z,2023-03-24T17:59:00Z,0.00023959426400605452,0.0023824542064721063,0.002142859942466052,0
2023-03-24T17:58:55Z,2023-03-24T17:59:00Z,0.00018023124650526573,0.002355190819834163,0.002174959573328897,0
2023-03-24T17:58:55Z,2023-03-24T17:59:00Z,0.00018854372988810764,0.002393921065526313,0.0022053773356382053,0
2023-03-24T17:58:55Z,2023-03-24T17:59:00Z,0.00016248508714894255,0.0023944317570776456,0.002231946669928703,0
2023-03-24T17:58:55Z,2023-03-24T17:59:00Z,0.00010812589528140602,0.0023669314406427593,0.0022588055453613533,0
2023-03-24T17:58:55Z,2023-03-24T17:59:00Z,9.851414683218407e-05,0.0023816935732652988,0.0022831794264331147,0
2023-03-24T17:58:55Z,2023-03-24T17:59:00Z,9.390553196233315e-05,0.0023978598332328586,0.0023039543012705254,0
2023-03-24T17:58:55Z,2023-03-24T17:59:00Z,6.714477339457786e-05,0.0023903851735444103,0.0023232404001498324,0
2023-03-24T17:58:55Z,2023-03-24T17:59:00Z,4.521052721574671e-05,0.0023859318588999564,0.0023407213316842096,0
2023-03-24T17:58:55Z,2023-03-24T17:59:00Z,3.189966054730842e-05,0.0023873078109271696,0.002355408150379861,0
2023-03-24T17:58:55Z,2023-03-24T17:59:00Z,5.46507814885985e-06,0.002372461614056812,0.0023669965359079522,0
2023-03-24T17:58:55Z,2023-03-24T17:59:00Z,3.130395574391879e-06,0.0023739952498666402,0.002377125645441032,0
2023-03-24T17:58:55Z,2023-03-24T17:59:00Z,9.698457073654791e-06,0.002372912978768251,0.0023826114358419057,0
2023-03-24T17:58:55Z,2023-03-24T17:59:00Z,1.9335997648799175e-05,0.00236465195157446,0.002383987949223259,0
2023-03-24T17:58:55Z,2023-03-24T17:59:00Z,7.5969068303502994e-06,0.002390478207195315,0.0023828813003649646,0
2023-03-24T17:58:55Z,2023-03-24T17:59:00Z,1.3371357746812945e-05,0.002393745151681037,0.0023803737939342242,0
2023-03-24T17:58:55Z,2023-03-24T17:59:00Z,3.316755733130325e-06,0.0023765120450303127,0.002379828800763443,0
2023-03-24T17:58:55Z,2023-03-24T17:59:00Z,1.3834747985364514e-05,0.0023676872952999605,0.002381522043285325,0
2023-03-24T17:58:55Z,2023-03-24T17:59:00Z,1.565356462096025e-05,0.0023654970935742528,0.002381150658195213,0
2023-03-24T17:58:55Z,2023-03-24T17:59:00Z,1.578724279150366e-05,0.0023661444451203214,0.002381931687911825,0
2023-03-24T17:58:55Z,2023-03-24T17:59:00Z,8.595119577536371e-06,0.002371560070087285,0.0023801551896648213,0
2023-03-24T17:58:55Z,2023-03-24T17:59:00Z,1.1266528060332667e-05,0.0023896537607278213,0.0023783872326674886,0
2023-03-24T17:58:55Z,2023-03-24T17:59:00Z,1.9166765435628657e-05,0.0023978432874434,0.0023786765220077714,0
2023-03-24T17:58:55Z,2023-03-24T17:59:00Z,2.2363605416686472e-05,0.0024015376391408653,0.002379174033724179,0
2023-03-24T17:58:55Z,2023-03-24T17:59:00Z,5.208749883840822e-06,0.002373964249728497,0.002379172999612338,0
2023-03-24T17:58:55Z,2023-03-24T17:59:00Z,1.2964690490091177e-05,0.002366905338222025,0.002379870028712116,0
2023-03-24T17:58:55Z,2023-03-24T17:59:00Z,1.7707991413314778e-05,0.002361414061725585,0.0023791220531389,0
2023-03-24T17:58:55Z,2023-03-24T17:59:00Z,3.471952870179101e-05,0.0023431273698930376,0.0023778468985948286,0
2023-03-24T17:58:55Z,2023-03-24T17:59:00Z,1.132448957392963e-05,0.002365831937000197,0.0023771564265741268,0
2023-03-24T17:58:55Z,2023-03-24T17:59:00Z,1.30157502541404e-05,0.002362211433821636,0.0023752271840757765,0
2023-03-24T17:58:55Z,2023-03-24T17:59:00Z,3.157754648287683e-05,0.0023432070724823963,0.002374784618965273,0
2023-03-24T17:58:55Z,2023-03-24T17:59:00Z,2.3262949805089635e-05,0.0023513691368006323,0.002374632086605722,0
2023-03-24T17:58:55Z,2023-03-24T17:59:00Z,2.8958640501633437e-05,0.002342719000184531,0.0023716776406861643,0
2023-03-24T17:58:55Z,2023-03-24T17:59:00Z,8.424502504151068e-06,0.002360604637251988,0.002369029139756139,0
2023-03-24T17:58:55Z,2023-03-24T17:59:00Z,9.323959194185334e-06,0.002376241033647463,0.002366917074453278,0
2023-03-24T17:58:55Z,2023-03-24T17:59:00Z,2.3350069012682394e-05,0.0023898244773379617,0.0023664744083252793,0
2023-03-24T17:58:55Z,2023-03-24T17:59:00Z,2.740557434139203e-05,0.0023945514789212472,0.0023671459045798552,0
2023-03-24T17:58:55Z,2023-03-24T17:59:00Z,3.269077386313171e-05,0.002401316680456589,0.0023686259065934575,0
2023-03-24T17:58:55Z,2023-03-24T17:59:00Z,1.6176820746705966e-05,0.0023862396903922864,0.0023700628696455804,0
2023-03-24T17:58:55Z,2023-03-24T17:59:00Z,1.855194688794035e-05,0.0023893437490165683,0.002370791802128628,0
2023-03-24T17:58:55Z,2023-03-24T17:59:00Z,2.130131245502761e-05,0.0023913678897679613,0.0023700665773129337,0
2023-03-24T17:58:55Z,2023-03-24T17:59:00Z,3.2477181831070106e-05,0.0024017816410112354,0.0023693044591801653,0
2023-03-24T17:58:55Z,2023-03-24T17:59:00Z,2.583999008773548e-05,0.002396232176770367,0.0023703921866826314,0
2023-03-24T17:58:55Z,2023-03-24T17:59:00Z,1.900213975994467e-05,0.0023915740953669024,0.0023725719556069577,0
2023-03-24T17:58:55Z,2023-03-24T17:59:00Z,1.7405637957913778e-06,0.0023764886515930473,0.002374748087797256,0
2023-03-24T17:58:55Z,2023-03-24T17:59:00Z,4.014655838558909e-06,0.0023817906639779316,0.0023777760081393727,0
2023-03-24T17:58:55Z,2023-03-24T17:59:00Z,8.334780614318443e-06,0.0023701072721871073,0.0023784420528014257,0
2023-03-24T17:58:55Z,2023-03-24T17:59:00Z,3.631668826052127e-05,0.002343349066425673,0.002379665754686194,0
2023-03-24T17:58:55Z,2023-03-24T17:59:00Z,2.6828759792659786e-05,0.0023545182573750786,0.0023813470171677384,0
2023-03-24T17:58:55Z,2023-03-24T17:59:00Z,2.7983086757218684e-05,0.002352862676012085,0.002380845762769304,0
2023-03-24T17:58:55Z,2023-03-24T17:59:00Z,2.6815478748485645e-05,0.0023547677375952273,0.002381583216343713,0
2023-03-24T17:58:55Z,2023-03-24T17:59:00Z,2.9379952092644258e-05,0.0023517193916735746,0.002381099343766219,0
2023-03-24T17:58:55Z,2023-03-24T17:59:00Z,4.62018086322246e-05,0.0023335554541307297,0.0023797572627629543,0
2023-03-24T17:58:55Z,2023-03-24T17:59:00Z,4.005057581498621e-05,0.002337325119093944,0.00237737569490893,0
2023-03-24T17:58:55Z,2023-03-24T17:59:00Z,1.879393518893586e-05,0.002354769508170587,0.0023735634433595227,0
2023-03-24T17:58:55Z,2023-03-24T17:59:00Z,2.8025279424307575e-06,0.0023667614428319267,0.0023695639707743575,0
2023-03-24T17:58:55Z,2023-03-24T17:59:00Z,1.3390976596095068e-05,0.0023542061077894065,0.0023675970843855016,0
2023-03-24T17:58:55Z,2023-03-24T17:59:00Z,9.840330243297227e-06,0.0023760260204922583,0.002366185690248961,0
2023-03-24T17:58:55Z,2023-03-24T17:59:00Z,3.0906759424203893e-06,0.002366953754817722,0.0023638630788753016,0
2023-03-24T17:58:55Z,2023-03-24T17:59:00Z,5.358714206416676e-06,0.002367612066799282,0.0023622533525928654,0
2023-03-24T17:58:55Z,2023-03-24T17:59:00Z,1.1330888043789046e-05,0.002371754339264614,0.002360423451220825,0
2023-03-24T17:58:55Z,2023-03-24T17:59:00Z,2.4217871397347497e-05,0.002383143695832696,0.0023589258244353485,0
2023-03-24T17:58:55Z,2023-03-24T17:59:00Z,4.609142924607342e-05,0.0024047213591608953,0.002358629929914822,0
2023-03-24T17:58:55Z,2023-03-24T17:59:00Z,3.751288930073631e-06,0.0023624657833358183,0.0023587144944057447,0
2023-03-24T17:58:55Z,2023-03-24T17:59:00Z,1.2215532489059239e-05,0.002348662342352547,0.002360877874841606,0
2023-03-24T17:58:55Z,2023-03-24T17:59:00Z,6.842429599889909e-06,0.0023552302400486,0.00236207266964849,0
2023-03-24T17:58:55Z,2023-03-24T17:59:00Z,9.402717551488648e-06,0.0023523039574080934,0.002361706674959582,0
2023-03-24T17:58:55Z,2023-03-24T17:59:00Z,7.520286878978481e-06,0.002354334360832886,0.0023618546477118646,0
2023-03-24T17:58:55Z,2023-03-24T17:59:00Z,1.3740641275207348e-06,0.0023630747255776892,0.0023617006614501685,0
2023-03-24T17:58:55Z,2023-03-24T17:59:00Z,1.2076189632307874e-05,0.0023497879073903177,0.0023618640970226256,0
2023-03-24T17:58:55Z,2023-03-24T17:59:00Z,5.940639810547276e-06,0.0023577684116775134,0.0023637090514880606,0
2023-03-24T17:58:55Z,2023-03-24T17:59:00Z,3.6780376907736938e-06,0.0023608099380658105,0.0023644879757565842,0
2023-03-24T17:58:55Z,2023-03-24T17:59:00Z,1.0506216207065676e-06,0.0023657260288464732,0.0023646754072257667,0
2023-03-24T17:58:55Z,2023-03-24T17:59:00Z,4.610530520299944e-09,0.002364308048708405,0.0023643034381778845,0
2023-03-24T17:58:55Z,2023-03-24T17:59:00Z,2.1079200794924327e-05,0.0023439442324490268,0.002365023433243951,0
2023-03-24T17:58:55Z,2023-03-24T17:59:00Z,4.455066342495297e-06,0.0023687461263499554,0.00236429106000746,0
2023-03-24T17:58:55Z,2023-03-24T17:59:00Z,3.269104512403304e-05,0.0023955440099834497,0.0023628529648594167,0
2023-03-24T17:58:55Z,2023-03-24T17:59:00Z,3.32436273203637e-05,0.0023961674709016972,0.0023629238435813335,0
2023-03-24T17:58:55Z,2023-03-24T17:59:00Z,1.811394850475276e-05,0.0023825246465060137,0.002364410698001261,0
2023-03-24T17:58:55Z,2023-03-24T17:59:00Z,3.4857213427759524e-05,0.002400081897370833,0.0023652246839430736,0
2023-03-24T17:58:55Z,2023-03-24T17:59:00Z,3.336876686885551e-05,0.002397206156270999,0.0023638373894021435,0
2023-03-24T17:58:55Z,2023-03-24T17:59:00Z,1.0940128377765097e-06,0.0023650943836915554,0.002366188396529332,0
2023-03-24T17:58:55Z,2023-03-24T17:59:00Z,7.668042626955522e-06,0.00236155434227228,0.0023692223848992356,0
2023-03-24T17:58:55Z,2023-03-24T17:59:00Z,1.979224105375446e-05,0.0023500466528231655,0.00236983889387692,0
2023-03-24T17:58:55Z,2023-03-24T17:59:00Z,7.3283101338830064e-06,0.002377745353064815,0.002370417042930932,0
2023-03-24T17:58:55Z,2023-03-24T17:59:00Z,8.652376310520557e-08,0.002370062537417219,0.002370149061180324,0
2023-03-24T17:58:55Z,2023-03-24T17:59:00Z,2.531126158593572e-05,0.0023457547138123337,0.0023710659753982694,0
2023-03-24T17:58:55Z,2023-03-24T17:59:00Z,5.323633088388791e-07,0.00237286550308379,0.002372333139774951,0
2023-03-24T17:58:55Z,2023-03-24T17:59:00Z,1.639600772069573e-06,0.0023699426828863077,0.0023715822836583773,0
2023-03-24T17:58:55Z,2023-03-24T17:59:00Z,7.736075734657202e-06,0.002380071832206658,0.0023723357564720006,0
2023-03-24T17:58:55Z,2023-03-24T17:59:00Z,3.0394251727167317e-06,0.0023756387225222072,0.0023725992973494905,0
2023-03-24T17:58:55Z,2023-03-24T17:59:00Z,1.7172587093407504e-05,0.002390757120911539,0.0023735845338181314,0
2023-03-24T17:58:55Z,2023-03-24T17:59:00Z,3.109557174233368e-05,0.002406661011190039,0.0023755654394477053,0
2023-03-24T17:58:55Z,2023-03-24T17:59:00Z,6.073888675688305e-05,0.0024376800133646868,0.0023769411266078037,0
2023-03-24T17:58:55Z,2023-03-24T17:59:00Z,5.734460719953628e-05,0.002434980546382752,0.002377635939183216,0
2023-03-24T17:58:55Z,2023-03-24T17:59:00Z,5.749071417054247e-05,0.002437721187257695,0.0023802304730871525,0
2023-03-24T17:58:55Z,2023-03-24T17:59:00Z,7.532056928863731e-05,0.0024588295361180857,0.0023835089668294484,0
2023-03-24T17:58:55Z,2023-03-24T17:59:00Z,7.349995274391749e-05,0.0024593613751912953,0.002385861422447378,0
2023-03-24T17:58:55Z,2023-03-24T17:59:00Z,8.690368060590295e-05,0.0024766165642937234,0.0023897128836878204,0
2023-03-24T17:58:55Z,2023-03-24T17:59:00Z,6.792402305198829e-05,0.0024635285937085424,0.002395604570656554,0
2023-03-24T17:58:55Z,2023-03-24T17:59:00Z,4.855445007713628e-05,0.0024513504096100305,0.0024027959595328942,0
2023-03-24T17:58:55Z,2023-03-24T17:59:00Z,5.085676961968542e-05,0.002460745350457916,0.0024098885808382306,0
2023-03-24T17:58:55Z,2023-03-24T17:59:00Z,6.447681231021079e-05,0.0024789657091825175,0.0024144888968723067,0
2023-03-24T17:58:55Z,2023-03-24T17:59:00Z,6.142968146114793e-05,0.002481586254148498,0.00242015657268735,0
2023-03-24T17:58:55Z,2023-03-24T17:59:00Z,5.1030188678678236e-05,0.0024795124485766647,0.0024284822598979864,0
2023-03-24T17:58:55Z,2023-03-24T17:59:00Z,3.719143616567021e-05,0.002472468743005201,0.002435277306839531,0
2023-03-24T17:58:55Z,2023-03-24T17:59:00Z,5.01277826706315e-05,0.0024922531998658095,0.002442125417195178,0
2023-03-24T17:58:55Z,2023-03-24T17:59:00Z,3.168002128417632e-05,0.002479580245404263,0.002447900224120087,0
2023-03-24T17:58:55Z,2023-03-24T17:59:00Z,6.478986734178606e-06,0.0024616676156882407,0.002455188628954062,0
2023-03-24T17:58:55Z,2023-03-24T17:59:00Z,1.4581231101104455e-05,0.0024753213053359618,0.0024607400742348573,0
2023-03-24T17:58:55Z,2023-03-24T17:59:00Z,2.221589655993254e-05,0.002486393883575927,0.0024641779870159947,0
2023-03-24T17:58:55Z,2023-03-24T17:59:00Z,1.2894273418732807e-05,0.0024794248411829324,0.0024665305677641996,0
2023-03-24T17:58:55Z,2023-03-24T17:59:00Z,2.004096616907468e-05,0.0024897848675078478,0.002469743901338773,0
2023-03-24T17:58:55Z,2023-03-24T17:59:00Z,2.6057200975396384e-05,0.002498407580684497,0.0024723503797091004,0
2023-03-24T17:58:55Z,2023-03-24T17:59:00Z,2.644033579351536e-05,0.002500725423714476,0.0024742850879209606,0
2023-03-24T17:58:55Z,2023-03-24T17:59:00Z,2.802748991123389e-05,0.0025047529656755194,0.0024767254757642855,0
2023-03-24T17:58:55Z,2023-03-24T17:59:00Z,3.1488841398566794e-05,0.0025097211208766493,0.0024782322794780825,0
2023-03-24T17:58:55Z,2023-03-24T17:59:00Z,1.2711133371518142e-05,0.0024935199360975368,0.0024808088027260186,0
2023-03-24T17:58:55Z,2023-03-24T17:59:00Z,1.398613392250038e-05,0.0024984431061026826,0.002484456972180182,0
2023-03-24T17:58:55Z,2023-03-24T17:59:00Z,2.3976378490230682e-05,0.0025104817622728895,0.002486505383782659,0
2023-03-24T17:58:55Z,2023-03-24T17:59:00Z,3.3569829554318253e-06,0.002484365738134737,0.002487722721090169,0
2023-03-24T17:58:55Z,2023-03-24T17:59:00Z,1.2533139945009042e-05,0.0025020618302929523,0.0024895286903479433,0
2023-03-24T17:58:55Z,2023-03-24T17:59:00Z,1.5070503313615452e-05,0.002504902524258938,0.0024898320209453227,0
2023-03-24T17:58:55Z,2023-03-24T17:59:00Z,1.4574693614201068e-05,0.002506256282515009,0.002491681588900808,0
2023-03-24T17:58:55Z,2023-03-24T17:59:00Z,2.4917185482589525e-06,0.002494963890223637,0.0024924721716753783,0
2023-03-24T17:58:55Z,2023-03-24T17:59:00Z,4.67970765616289e-06,0.0024988191316509625,0.0024941394239947996,0
2023-03-24T17:58:55Z,2023-03-24T17:59:00Z,5.799048433957274e-06,0.002502019489587219,0.002496220441153262,0
2023-03-24T17:58:55Z,2023-03-24T17:59:00Z,1.0090812054195947e-05,0.0025077798673521453,0.0024976890552979494,0
2023-03-24T17:58:55Z,2023-03-24T17:59:00Z,3.77852870079797e-05,0.002536450942681635,0.0024986656556736553,0
2023-03-24T17:58:55Z,2023-03-24T17:59:00Z,3.324075390344003e-05,0.002533678598712671,0.002500437844809231,0
2023-03-24T17:58:55Z,2023-03-24T17:59:00Z,2.913864049914651e-05,0.002532493115006739,0.0025033544745075927,0
2023-03-24T17:58:55Z,2023-03-24T17:59:00Z,1.0903558921204065e-05,0.0025164624720555575,0.0025055589131343535,0
2023-03-24T17:58:55Z,2023-03-24T17:59:00Z,2.2388061043240263e-05,0.00252993245488336,0.00250754439384012,0
2023-03-24T17:58:55Z,2023-03-24T17:59:00Z,7.669383032038023e-06,0.002515945621020911,0.002508276237988873,0
2023-03-24T17:58:55Z,2023-03-24T17:59:00Z,6.606221667896858e-06,0.0025161456680321886,0.0025095394463642917,0
2023-03-24T17:58:55Z,2023-03-24T17:59:00Z,1.5984697418641204e-06,0.0025125395214138668,0.0025109410516720027,0
2023-03-24T17:58:55Z,2023-03-24T17:59:00Z,1.963287321667508e-05,0.002531680335009272,0.002512047461792597,0
2023-03-24T17:58:55Z,2023-03-24T17:59:00Z,8.419520912599041e-06,0.002520595592651507,0.002512176071738908,0
2023-03-24T17:58:55Z,2023-03-24T17:59:00Z,2.6229016832962984e-05,0.0025413622508765293,0.0025151332340435663,0
2023-03-24T17:58:55Z,2023-03-24T17:59:00Z,1.9984418440580163e-05,0.0025362760126315565,0.0025162915941909763,0
2023-03-24T17:58:55Z,2023-03-24T17:59:00Z,6.206005334506628e-06,0.002524776332439082,0.0025185703271045756,0
2023-03-24T17:58:55Z,2023-03-24T17:59:00Z,6.454454243147358e-06,0.0025269010144800073,0.00252044656023686,0
2023-03-24T17:58:55Z,2023-03-24T17:59:00Z,5.134976383020396e-06,0.0025274448142583454,0.002522309837875325,0
2023-03-24T17:58:55Z,2023-03-24T17:59:00Z,1.8942359455768193e-05,0.0025430073150079086,0.0025240649555521404,0
2023-03-24T17:58:55Z,2023-03-24T17:59:00Z,3.1759550007239967e-05,0.0025574135883513257,0.0025256540383440857,0
2023-03-24T17:58:55Z,2023-03-24T17:59:00Z,2.1598091668326852e-05,0.002549453845490898,0.002527855753822571,0
2023-03-24T17:58:55Z,2023-03-24T17:59:00Z,2.9391123261470614e-05,0.0025585570424383973,0.0025291659191769267,0
2023-03-24T17:58:55Z,2023-03-24T17:59:00Z,2.1921200741092852e-05,0.0025520730728416587,0.002530151872100566,0
2023-03-24T17:58:55Z,2023-03-24T17:59:00Z,1.8911389904020456e-07,0.0025319699814640843,0.002531780867565044,0
2023-03-24T17:58:55Z,2023-03-24T17:59:00Z,1.0033180796683618e-05,0.002523973349317492,0.0025340065301141758,0
2023-03-24T17:58:55Z,2023-03-24T17:59:00Z,1.579513678131401e-05,0.002518338738744157,0.002534133875525471,0
2023-03-24T17:58:55Z,2023-03-24T17:59:00Z,1.5944142410400687e-06,0.0025362300227850473,0.002534635608544007,0
2023-03-24T17:58:55Z,2023-03-24T17:59:00Z,1.0327404637872767e-06,0.002535805415927293,0.0025347726754635057,0
2023-03-24T17:58:55Z,2023-03-24T17:59:00Z,4.690487457582014e-06,0.002540943819256786,0.002536253331799204,0
2023-03-24T17:58:55Z,2023-03-24T17:59:00Z,3.843752032898096e-06,0.0025403549013894786,0.0025365111493565805,0
2023-03-24T17:58:55Z,2023-03-24T17:59:00Z,9.239147620499454e-06,0.0025470220611399103,0.002537782913519411,0
2023-03-24T17:58:55Z,2023-03-24T17:59:00Z,1.788817735984532e-05,0.0025556081315363153,0.00253771995417647,0
2023-03-24T17:58:55Z,2023-03-24T17:59:00Z,4.525118648602243e-05,0.002583642768694264,0.0025383915822082418,0
2023-03-24T17:58:55Z,2023-03-24T17:59:00Z,4.293848440781222e-05,0.002583257054059631,0.002540318569651819,0
2023-03-24T17:58:55Z,2023-03-24T17:59:00Z,5.0786050102906346e-05,0.0025946509793931165,0.00254386492929021,0
2023-03-24T17:58:55Z,2023-03-24T17:59:00Z,4.656650534243549e-05,0.002593919699620226,0.0025473531942777905,0
2023-03-24T17:58:55Z,2023-03-24T17:59:00Z,3.1096343811116284e-05,0.002581677267112982,0.0025505809233018657,0
2023-03-24T17:58:55Z,2023-03-24T17:59:00Z,6.189350255621576e-08,0.002552800661753616,0.002552862555256172,0
2023-03-24T17:58:55Z,2023-03-24T17:59:00Z,1.955468452839162e-05,0.0025353218345791607,0.0025548765191075523,0
2023-03-24T17:58:55Z,2023-03-24T17:59:00Z,1.9106497179565817e-05,0.002535410248135188,0.0025545167453147537,0
2023-03-24T17:58:55Z,2023-03-24T17:59:00Z,1.9386331882003793e-05,0.002534083461041344,0.0025534697929233477,0
2023-03-24T17:58:55Z,2023-03-24T17:59:00Z,2.8948135651401564e-05,0.00252473667393889,0.0025536848095902916,0
2023-03-24T17:58:55Z,2023-03-24T17:59:00Z,4.1606053855516856e-05,0.0025127106377175155,0.0025543166915730324,0
2023-03-24T17:58:55Z,2023-03-24T17:59:00Z,4.758366713601475e-05,0.0025071328953866884,0.002554716562522703,0
2023-03-24T17:58:55Z,2023-03-24T17:59:00Z,4.8451868732034796e-05,0.0025047947322239476,0.0025532466009559824,0
2023-03-24T17:58:55Z,2023-03-24T17:59:00Z,5.114432417301952e-05,0.002500310244249175,0.0025514545684221946,0
2023-03-24T17:58:55Z,2023-03-24T17:59:00Z,7.586665130739122e-05,0.002473328599175251,0.002549195250482642,0
2023-03-24T17:58:55Z,2023-03-24T17:59:00Z,8.155243014078273e-05,0.0024651400292705905,0.0025466924594113732,0
2023-03-24T17:58:55Z,2023-03-24T17:59:00Z,7.236252261689884e-05,0.002469724095421683,0.002542086618038582,0
2023-03-24T17:58:55Z,2023-03-24T17:59:00Z,6.021348674978451e-05,0.0024762188748971895,0.002536432361646974,0
2023-03-24T17:58:55Z,2023-03-24T17:59:00Z,8.218384467071141e-05,0.0024471285998967267,0.002529312444567438,0
2023-03-24T17:58:55Z,2023-03-24T17:59:00Z,8.679018500474655e-05,0.0024358323733650383,0.002522622558369785,0
2023-03-24T17:58:55Z,2023-03-24T17:59:00Z,8.946153203514499e-05,0.0024239408776161164,0.0025134024096512613,0
2023-03-24T17:58:55Z,2023-03-24T17:59:00Z,8.036783463811472e-05,0.0024231541171221968,0.0025035219517603115,0
2023-03-24T17:58:55Z,2023-03-24T17:59:00Z,7.850269893393443e-05,0.002415160728482823,0.0024936634274167575,0
2023-03-24T17:58:55Z,2023-03-24T17:59:00Z,7.309456656569811e-05,0.0024124659518115956,0.0024855605183772937,0
2023-03-24T17:58:55Z,2023-03-24T17:59:00Z,6.516057195630467e-05,0.002412889877289968,0.002478050449246273,0
2023-03-24T17:58:55Z,2023-03-24T17:59:00Z,8.046454802772751e-05,0.0023899018826983205,0.002470366430726048,0
2023-03-24T17:58:55Z,2023-03-24T17:59:00Z,5.368097970611264e-05,0.0024091108520354746,0.0024627918317415873,0
2023-03-24T17:58:55Z,2023-03-24T17:59:00Z,5.2643308014129614e-05,0.0024017213492749222,0.002454364657289052,0
2023-03-24T17:58:55Z,2023-03-24T17:59:00Z,4.2959398375269804e-05,0.0024049302723086544,0.002447889670683924,0
2023-03-24T17:58:55Z,2023-03-24T17:59:00Z,3.0832882106300065e-05,0.0024104685669456387,0.0024413014490519388,0
2023-03-24T17:58:55Z,2023-03-24T17:59:00Z,2.5876150098679777e-05,0.0024091837702085533,0.002435059920307233,0
2023-03-24T17:58:55Z,2023-03-24T17:59:00Z,4.600751815644509e-05,0.0023834372973193167,0.002429444815475762,0
2023-03-24T17:58:55Z,2023-03-24T17:59:00Z,3.8258278271364934e-05,0.0023871774853939784,0.0024254357636653433,0
2023-03-24T17:58:55Z,2023-03-24T17:59:00Z,1.2388272923021318e-06,0.0024190905156260866,0.0024203293429183887,0
2023-03-24T17:58:55Z,2023-03-24T17:59:00Z,3.347851035262863e-05,0.002448648690144286,0.002415170179791657,0
2023-03-24T17:58:55Z,2023-03-24T17:59:00Z,4.452495769962381e-05,0.0024561246150368366,0.002411599657337213,0
2023-03-24T17:58:55Z,2023-03-24T17:59:00Z,4.000107716826745e-05,0.002451695740145953,0.0024116946629776856,0
2023-03-24T17:58:55Z,2023-03-24T17:59:00Z,2.9079088768355944e-05,0.002442042016850529,0.002412962928082173,0
2023-03-24T17:58:55Z,2023-03-24T17:59:00Z,2.744420187144811e-05,0.002442141808861736,0.002414697606990288,0
2023-03-24T17:58:55Z,2023-03-24T17:59:00Z,2.140678958151938e-05,0.002437284890304828,0.002415878100723309,0
2023-03-24T17:58:55Z,2023-03-24T17:59:00Z,3.503323639660787e-05,0.0024525976546435984,0.0024175644182469905,0
2023-03-24T17:58:55Z,2023-03-24T17:59:00Z,5.651066202895776e-06,0.0024247666681057136,0.002419115601902818,0
2023-03-24T17:58:55Z,2023-03-24T17:59:00Z,1.2255597092705219e-05,0.0024093417408947142,0.0024215973379874195,0
2023-03-24T17:58:55Z,2023-03-24T17:59:00Z,8.616769001867312e-06,0.0024151596180735143,0.0024237763870753816,0
2023-03-24T17:58:55Z,2023-03-24T17:59:00Z,1.3324886504801747e-05,0.002410465931124282,0.0024237908176290837,0
2023-03-24T17:58:55Z,2023-03-24T17:59:00Z,1.5833820977725725e-05,0.0024087968884512704,0.002424630709428996,0
2023-03-24T17:58:55Z,2023-03-24T17:59:00Z,2.049298735406265e-06,0.0024229273893695666,0.002424976688104973,0
2023-03-24T17:58:55Z,2023-03-24T17:59:00Z,2.5586169125666348e-05,0.002399286039073408,0.0024248722081990745,0
2023-03-24T17:58:55Z,2023-03-24T17:59:00Z,4.4074031065187164e-05,0.002381657153331451,0.002425731184396638,0
2023-03-24T17:58:55Z,2023-03-24T17:59:00Z,5.311892654364823e-05,0.0023736028042126204,0.0024267217307562686,0
2023-03-24T17:58:55Z,2023-03-24T17:59:00Z,9.703235961739569e-05,0.002329344350384965,0.0024263767100023608,0
2023-03-24T17:58:55Z,2023-03-24T17:59:00Z,8.013078246397673e-05,0.0023434029455750424,0.002423533728039019,0
2023-03-24T17:58:55Z,2023-03-24T17:59:00Z,7.575979731317935e-05,0.0023403174094908824,0.0024160772068040617,0
2023-03-24T17:58:55Z,2023-03-24T17:59:00Z,7.097157271404413e-05,0.0023380605297486554,0.0024090321024626995,0
2023-03-24T17:58:55Z,2023-03-24T17:59:00Z,5.732952088548064e-05,0.0023447414359112767,0.0024020709567967573,0
2023-03-24T17:58:55Z,2023-03-24T17:59:00Z,4.063443407784865e-05,0.002354937679775042,0.0023955721138528905,0
2023-03-24T17:58:55Z,2023-03-24T17:59:00Z,3.545037001570625e-05,0.0023540342205277806,0.002389484590543487,0
2023-03-24T17:58:55Z,2023-03-24T17:59:00Z,5.0702924852071354e-05,0.002333634965033304,0.0023843378898853753,0
2023-03-24T17:58:55Z,2023-03-24T17:59:00Z,7.126662148543338e-05,0.002306911053767703,0.0023781776752531364,0
2023-03-24T17:58:55Z,2023-03-24T17:59:00Z,5.1114207859205216e-05,0.0023213677359519057,0.002372481943811111,0
2023-03-24T17:58:55Z,2023-03-24T17:59:00Z,8.629369166219831e-05,0.0022797863342034746,0.002366080025865673,0
2023-03-24T17:58:55Z,2023-03-24T17:59:00Z,0.00010830310092969876,0.0022519149323033737,0.0023602180332330724,0
2023-03-24T17:58:55Z,2023-03-24T17:59:00Z,8.948831582202086e-05,0.0022625622426035007,0.0023520505584255216,0
2023-03-24T17:58:55Z,2023-03-24T17:59:00Z,7.772296644144999e-05,0.002264522469724828,0.002342245436166278,0
2023-03-24T17:58:55Z,2023-03-24T17:59:00Z,6.397548582920106e-05,0.002268247128664198,0.002332222614493399,0
2023-03-24T17:58:55Z,2023-03-24T17:59:00Z,5.395393210169946e-05,0.0022698459593074134,0.002323799891409113,0
2023-03-24T17:58:55Z,2023-03-24T17:59:00Z,3.101409748520545e-05,0.002285697667382204,0.0023167117648674094,0
2023-03-24T17:58:55Z,2023-03-24T17:59:00Z,1.815725773844602e-05,0.002292069704322388,0.002310226962060834,0
2023-03-24T17:58:55Z,2023-03-24T17:59:00Z,1.7484018203776062e-05,0.0022900150261693855,0.0023074990443731616,0
2023-03-24T17:58:55Z,2023-03-24T17:59:00Z,1.748144689797497e-05,0.0022868092698968955,0.0023042907167948705,0
2023-03-24T17:58:55Z,2023-03-24T17:59:00Z,1.2944716074940205e-05,0.002288202101762337,0.002301146817837277,0
2023-03-24T17:58:55Z,2023-03-24T17:59:00Z,1.7089436212441248e-05,0.0023150330503089833,0.002297943614096542,0
2023-03-24T17:58:55Z,2023-03-24T17:59:00Z,3.3154193372313037e-05,0.0023275640990845464,0.0022944099057122334,0
2023-03-24T17:58:55Z,2023-03-24T17:59:00Z,2.3290938464667118e-05,0.002315206804835272,0.002291915866370605,0
2023-03-24T17:58:55Z,2023-03-24T17:59:00Z,6.300518726008123e-05,0.002353266671040484,0.002290261483780403,0
2023-03-24T17:58:55Z,2023-03-24T17:59:00Z,6.74676575737076e-05,0.0023565773813417333,0.0022891097237680257,0
2023-03-24T17:58:55Z,2023-03-24T17:59:00Z,6.531431823347507e-05,0.0023573212680810494,0.0022920069498475744,0
2023-03-24T17:58:55Z,2023-03-24T17:59:00Z,7.72048941170716e-05,0.00237141244680151,0.0022942075526844385,0
2023-03-24T17:58:55Z,2023-03-24T17:59:00Z,8.289886303869311e-05,0.00238195234909048,0.002299053486051787,0
2023-03-24T17:58:55Z,2023-03-24T17:59:00Z,0.00010394873652912629,0.0024104708172370468,0.0023065220807079205,0
2023-03-24T17:58:55Z,2023-03-24T17:59:00Z,0.00013502555154902302,0.00244900951391238,0.002313983962363357,0
2023-03-24T17:58:55Z,2023-03-24T17:59:00Z,0.00012617260252555714,0.002449278336608428,0.0023231057340828707,0
2023-03-24T17:58:55Z,2023-03-24T17:59:00Z,0.00010304575014474142,0.0024374491333056234,0.002334403383160882,0
2023-03-24T17:58:55Z,2023-03-24T17:59:00Z,9.225336775410715e-05,0.0024378712744963023,0.002345617906742195,0
2023-03-24T17:58:55Z,2023-03-24T17:59:00Z,0.00012574424575486753,0.0024808466191172766,0.002355102373362409,0
2023-03-24T17:58:55Z,2023-03-24T17:59:00Z,0.00015061046244430097,0.0025148254339425794,0.0023642149714982784,0
2023-03-24T17:58:55Z,2023-03-24T17:59:00Z,0.00014476586690927423,0.002520907812966796,0.002376141946057522,0
2023-03-24T17:58:55Z,2023-03-24T17:59:00Z,0.00014054302017046764,0.0025309359764808447,0.002390392956310377,0
2023-03-24T17:58:55Z,2023-03-24T17:59:00Z,0.0001178709469121875,0.002522808010172843,0.0024049370632606556,0
2023-03-24T17:58:55Z,2023-03-24T17:59:00Z,9.247494882278634e-05,0.0025109059449691835,0.002418430996146397,0
2023-03-24T17:58:55Z,2023-03-24T17:59:00Z,7.715936249195034e-05,0.0025077931030813663,0.002430633740589416,0
2023-03-24T17:58:55Z,2023-03-24T17:59:00Z,8.669598869098967e-05,0.002529560925538775,0.0024428649368477854,0
2023-03-24T17:58:55Z,2023-03-24T17:59:00Z,8.658799077143967e-05,0.00253911082962178,0.0024525228388503403,0
2023-03-24T17:58:55Z,2023-03-24T17:59:00Z,5.406105014084568e-05,0.002517395360503501,0.0024633343103626555,0
2023-03-24T17:58:55Z,2023-03-24T17:59:00Z,4.4132771927724544e-05,0.0025188289298866753,0.002474696157958951,0
2023-03-24T17:58:55Z,2023-03-24T17:59:00Z,1.3788993789284193e-05,0.0024976090838546095,0.0024838200900653253,0
2023-03-24T17:58:55Z,2023-03-24T17:59:00Z,5.219285710139458e-06,0.002487155590654948,0.0024923748763650876,0
2023-03-24T17:58:55Z,2023-03-24T17:59:00Z,1.3035212632433145e-05,0.0025108562306611184,0.002497821018028685,0
2023-03-24T17:58:55Z,2023-03-24T17:59:00Z,8.90672751867154e-08,0.0025002942151002823,0.0025002051478250956,0
2023-03-24T17:58:55Z,2023-03-24T17:59:00Z,6.555147779412681e-05,0.002438502288409262,0.002504053766203389,0
2023-03-24T17:58:55Z,2023-03-24T17:59:00Z,0.00010581596439854495,0.0024021656194170102,0.002507981583815555,0
2023-03-24T17:58:55Z,2023-03-24T17:59:00Z,0.00012750109568971345,0.002380519926495402,0.0025080210221851153,0
2023-03-24T17:58:55Z,2023-03-24T17:59:00Z,0.00015908861612699571,0.0023440148435768526,0.0025031034597038484,0
2023-03-24T17:58:55Z,2023-03-24T17:59:00Z,0.0001755688688845924,0.002319140496603808,0.0024947093654884003,0
2023-03-24T17:58:55Z,2023-03-24T17:59:00Z,0.00020892536947333257,0.0022747281854281955,0.002483653554901528,0
2023-03-24T17:58:55Z,2023-03-24T17:59:00Z,0.00021221857606749765,0.002258197761341716,0.002470416337409214,0
2023-03-24T17:58:55Z,2023-03-24T17:59:00Z,0.00020296363507995262,0.0022519477132827205,0.002454911348362673,0
2023-03-24T17:58:55Z,2023-03-24T17:59:00Z,0.00019024674610114032,0.002248870340784816,0.0024391170868859565,0
2023-03-24T17:58:55Z,2023-03-24T17:59:00Z,0.00017491415728605872,0.0022482125927374822,0.002423126750023541,0
2023-03-24T17:58:55Z,2023-03-24T17:59:00Z,0.00015790904390002762,0.002247674544576391,0.002405583588476419,0
2023-03-24T17:58:55Z,2023-03-24T17:59:00Z,0.00014707838471636437,0.0022403240639547856,0.00238740244867115,0
2023-03-24T17:58:55Z,2023-03-24T17:59:00Z,0.00011257823922308308,0.002257966658452623,0.002370544897675706,0
2023-03-24T17:58:55Z,2023-03-24T17:59:00Z,9.475732337186141e-05,0.002258381020183101,0.0023531383435549625,0
2023-03-24T17:58:55Z,2023-03-24T17:59:00Z,6.894058116627957e-05,0.002269220110801059,0.0023381606919673386,0
2023-03-24T17:58:55Z,2023-03-24T17:59:00Z,4.253547301440565e-05,0.0022813268082984423,0.002323862281312848,0
2023-03-24T17:58:55Z,2023-03-24T17:59:00Z,9.869237057455373e-05,0.0022100676532470407,0.0023087600238215944,0
2023-03-24T17:58:55Z,2023-03-24T17:59:00Z,0.00010588905751654975,0.0021891855033799295,0.0022950745608964792,0
2023-03-24T17:58:55Z,2023-03-24T17:59:00Z,9.040532594017893e-05,0.0021903920702586615,0.0022807973961988404,0
2023-03-24T17:58:55Z,2023-03-24T17:59:00Z,6.786442243283605e-05,0.0021996217165136866,0.0022674861389465227,0
2023-03-24T17:58:55Z,2023-03-24T17:59:00Z,3.3046957814041305e-05,0.002222556190117685,0.0022556031479317265,0
2023-03-24T17:58:55Z,2023-03-24T17:59:00Z,1.9862103524941922e-05,0.0022267164739653367,0.0022465785774902786,0
2023-03-24T17:58:55Z,2023-03-24T17:59:00Z,1.7866818409960957e-05,0.002222675239924935,0.002240542058334896,0
2023-03-24T17:58:55Z,2023-03-24T17:59:00Z,2.1196431774964976e-05,0.002258737758143432,0.002237541326368467,0
2023-03-24T17:58:55Z,2023-03-24T17:59:00Z,7.608025628423219e-05,0.0023114014250641504,0.002235321168779918,0
2023-03-24T17:58:55Z,2023-03-24T17:59:00Z,0.00011405142594600156,0.0023497969725297147,0.002235745546583713,0
2023-03-24T17:58:55Z,2023-03-24T17:59:00Z,0.00012112955570824611,0.0023607832950594174,0.0022396537393511713,0
2023-03-24T17:58:55Z,2023-03-24T17:59:00Z,0.00014139738060371795,0.002387400143691904,0.002246002763088186,0
2023-03-24T17:58:55Z,2023-03-24T17:59:00Z,0.0001452522183041055,0.0023983242782974804,0.002253072059993375,0
2023-03-24T17:58:55Z,2023-03-24T17:59:00Z,0.00016020059700363586,0.0024224649119805805,0.0022622643149769446,0
2023-03-24T17:58:55Z,2023-03-24T17:59:00Z,0.00015973267565949113,0.0024307693418767398,0.0022710366662172486,0
2023-03-24T17:58:55Z,2023-03-24T17:59:00Z,0.0001596299606957479,0.002440921870150339,0.002281291909454591,0
2023-03-24T17:58:55Z,2023-03-24T17:59:00Z,0.00014596145913011024,0.0024373501955269315,0.0022913887363968212,0
2023-03-24T17:58:55Z,2023-03-24T17:59:00Z,0.0001413828261348643,0.0024427462538974287,0.0023013634277625644,0
2023-03-24T17:58:55Z,2023-03-24T17:59:00Z,0.00015394681549561057,0.0024695154021506685,0.002315568586655058,0
2023-03-24T17:58:55Z,2023-03-24T17:59:00Z,9.14955122437635e-05,0.002422911645806165,0.0023314161335624014,0
2023-03-24T17:58:55Z,2023-03-24T17:59:00Z,7.435141060991267e-05,0.002423212752415565,0.002348861341805652,0
2023-03-24T17:58:55Z,2023-03-24T17:59:00Z,6.148048704710668e-05,0.0024242974494335383,0.0023628169623864316,0
2023-03-24T17:58:55Z,2023-03-24T17:59:00Z,5.1221956737367014e-05,0.0024265799542674163,0.0023753579975300493,0
2023-03-24T17:58:55Z,2023-03-24T17:59:00Z,5.058524215525778e-05,0.0024382920506520697,0.002387706808496812,0
2023-03-24T17:58:55Z,2023-03-24T17:59:00Z,0.00011948873502989898,0.002519939588173116,0.002400450853143217,0
2023-03-24T17:58:55Z,2023-03-24T17:59:00Z,0.00012845806230975167,0.0025401310587347585,0.002411672996425007,0
2023-03-24T17:58:55Z,2023-03-24T17:59:00Z,9.826183522729758e-05,0.0025229684668466148,0.002424706631619317,0
2023-03-24T17:58:55Z,2023-03-24T17:59:00Z,6.231508355088048e-05,0.002498917595558013,0.0024366025120071324,0
2023-03-24T17:58:55Z,2023-03-24T17:59:00Z,3.087101018739999e-05,0.0024776100954312322,0.0024467390852438323,0
2023-03-24T17:58:55Z,2023-03-24T17:59:00Z,2.4219850523900677e-05,0.002477928776509365,0.0024537089259854643,0
2023-03-24T17:58:55Z,2023-03-24T17:59:00Z,5.565609871093424e-05,0.0025143203882672578,0.0024586642895563235,0
2023-03-24T17:58:55Z,2023-03-24T17:59:00Z,8.359978571911321e-06,0.002470490759661284,0.0024621307810893727,0
2023-03-24T17:58:55Z,2023-03-24T17:59:00Z,9.635913272056096e-06,0.002457716808216724,0.00246735272148878,0
2023-03-24T17:58:55Z,2023-03-24T17:59:00Z,2.4512375795279415e-05,0.0024446884012879347,0.002469200777083214,0
2023-03-24T17:58:55Z,2023-03-24T17:59:00Z,4.5524162808271984e-05,0.002424949527568054,0.002470473690376326,0
2023-03-24T17:58:55Z,2023-03-24T17:59:00Z,7.486288344172188e-05,0.0023957321911465108,0.0024705950745882326,0
2023-03-24T17:58:55Z,2023-03-24T17:59:00Z,6.146410324487685e-05,0.002406345604181942,0.002467809707426819,0
2023-03-24T17:58:55Z,2023-03-24T17:59:00Z,7.705504171169261e-05,0.002389055949798898,0.0024661109915105907,0
2023-03-24T17:58:55Z,2023-03-24T17:59:00Z,9.017866592350753e-05,0.0023748781288224817,0.0024650567947459893,0
2023-03-24T17:58:55Z,2023-03-24T17:59:00Z,8.469993694907533e-05,0.002378154264069749,0.0024628542010188244,0
2023-03-24T17:58:55Z,2023-03-24T17:59:00Z,7.97562497188908e-05,0.002379866587209625,0.002459622836928516,0
2023-03-24T17:58:55Z,2023-03-24T17:59:00Z,7.632616266683165e-05,0.002379538062600289,0.002455864225267121,0
2023-03-24T17:58:55Z,2023-03-24T17:59:00Z,7.027683796498232e-05,0.0023768328247419203,0.0024471096627069026,0
2023-03-24T17:58:55Z,2023-03-24T17:59:00Z,3.2719748268582576e-05,0.002404352852179916,0.0024370726004484984,0
2023-03-24T17:58:55Z,2023-03-24T17:59:00Z,2.6316945784689467e-05,0.0024016221770322655,0.002427939122816955,0
2023-03-24T17:58:55Z,2023-03-24T17:59:00Z,1.692441480872532e-05,0.0024051044115470984,0.0024220288263558237,0
2023-03-24T17:58:55Z,2023-03-24T17:59:00Z,1.634325209248777e-06,0.0024189139066651375,0.0024172795814558887,0
2023-03-24T17:58:55Z,2023-03-24T17:59:00Z,9.248177226609585e-06,0.0024219762358723565,0.002412728058645747,0
2023-03-24T17:58:55Z,2023-03-24T17:59:00Z,1.862391172819007e-05,0.0024253890652738046,0.0024067651535456145,0
2023-03-24T17:58:55Z,2023-03-24T17:59:00Z,5.5826858124517764e-05,0.0024595598539333243,0.0024037329958088065,0
2023-03-24T17:58:55Z,2023-03-24T17:59:00Z,6.95669064576924e-05,0.0024712794183325663,0.002401712511874874,0
2023-03-24T17:58:55Z,2023-03-24T17:59:00Z,5.9164861348267456e-05,0.0024618068390134785,0.002402641977665211,0
2023-03-24T17:58:55Z,2023-03-24T17:59:00Z,5.981103407102454e-05,0.0024653486299090173,0.002405537595837993,0
2023-03-24T17:58:55Z,2023-03-24T17:59:00Z,3.256263740664296e-05,0.0024422298987363212,0.0024096672613296783,0
2023-03-24T17:58:55Z,2023-03-24T17:59:00Z,1.0287649324655125e-05,0.0024236425997622756,0.0024133549504376205,0
2023-03-24T17:58:55Z,2023-03-24T17:59:00Z,3.0626408157188346e-05,0.002447304730403398,0.0024166783222462095,0
2023-03-24T17:58:55Z,2023-03-24T17:59:00Z,3.602931554687588e-05,0.002455755417226822,0.0024197261016799462,0
2023-03-24T17:58:55Z,2023-03-24T17:59:00Z,3.807313409717999e-05,0.0024621211399229797,0.0024240480058257997,0
2023-03-24T17:58:55Z,2023-03-24T17:59:00Z,4.073733048831586e-05,0.0024695283881901904,0.0024287910577018746,0
2023-03-24T17:58:55Z,2023-03-24T17:59:00Z,5.301316659281135e-05,0.002486965666627354,0.0024339525000345425,0
2023-03-24T17:58:55Z,2023-03-24T17:59:00Z,4.4001315989188484e-05,0.002483747288739248,0.0024397459727500594,0
2023-03-24T17:58:55Z,2023-03-24T17:59:00Z,2.6467248003660213e-05,0.0024713765216566844,0.002444909273653024,0
2023-03-24T17:58:55Z,2023-03-24T17:59:00Z,5.6861858297717685e-05,0.0025069039514324285,0.002450042093134711,0
2023-03-24T17:58:55Z,2023-03-24T17:59:00Z,5.789654440149046e-05,0.0025120806444180505,0.00245418410001656,0
2023-03-24T17:58:55Z,2023-03-24T17:59:00Z,3.8037150511141624e-05,0.0024977206283256573,0.0024596834778145157,0
2023-03-24T17:58:55Z,2023-03-24T17:59:00Z,2.4691717117691046e-06,0.002467784175060391,0.0024653150033486218,0
2023-03-24T17:58:55Z,2023-03-24T17:59:00Z,1.2339848215707841e-05,0.0024574958778236546,0.0024698357260393624,0
2023-03-24T17:58:55Z,2023-03-24T17:59:00Z,3.088383578362004e-05,0.0024394659103261843,0.0024703497461098043,0
2023-03-24T17:58:55Z,2023-03-24T17:59:00Z,3.861283599227274e-05,0.002430875438835724,0.002469488274827997,0
2023-03-24T17:58:55Z,2023-03-24T17:59:00Z,4.817486392718088e-05,0.0024199171028578604,0.0024680919667850413,0
2023-03-24T17:58:55Z,2023-03-24T17:59:00Z,5.434523922128289e-05,0.0024115921531216774,0.0024659373923429603,0
2023-03-24T17:58:55Z,2023-03-24T17:59:00Z,6.621571735494942e-05,0.0023983271252456073,0.0024645428426005567,0
2023-03-24T17:58:55Z,2023-03-24T17:59:00Z,6.385246927650187e-05,0.002399937220409017,0.002463789689685519,0
2023-03-24T17:58:55Z,2023-03-24T17:59:00Z,6.428259097432778e-05,0.0023964459983888296,0.0024607285893631574,0
2023-03-24T17:58:55Z,2023-03-24T17:59:00Z,6.128357539476187e-05,0.0023959563766672823,0.002457239952062044,0
2023-03-24T17:58:55Z,2023-03-24T17:59:00Z,5.8562476096077776e-05,0.0023945727796200822,0.00245313525571616,0
2023-03-24T17:58:55Z,2023-03-24T17:59:00Z,4.994969189346058e-05,0.0023985873131025176,0.0024485370049959782,0
2023-03-24T17:58:55Z,2023-03-24T17:59:00Z,3.524772456372019e-05,0.0024075147249943037,0.002442762449558024,0
2023-03-24T17:58:55Z,2023-03-24T17:59:00Z,7.89511755331599e-06,0.002429544833527412,0.002437439951080728,1
2023-03-24T17:58:55Z,2023-03-24T17:59:00Z,5.411225628016575e-06,0.002438859814417346,0.0024334485887893293,1
2023-03-24T17:58:55Z,2023-03-24T17:59:00Z,2.6374871648840795e-05,0.0024549885155691065,0.0024286136439202657,1
2023-03-24T17:58:55Z,2023-03-24T17:59:00Z,6.166565467107974e-05,0.0024857029967163013,0.0024240373420452216,1
2023-03-24T17:58:55Z,2023-03-24T17:59:00Z,7.554397223900194e-05,0.0024969105572369395,0.0024213665849979376,1
2023-03-24T17:58:55Z,2023-03-24T17:59:00Z,6.390804543213386e-05,0.0024863945567835653,0.0024224865113514314,1
2023-03-24T17:58:55Z,2023-03-24T17:59:00Z,6.0746828825293964e-05,0.002485696757640056,0.002424949928814762,1
2023-03-24T17:58:55Z,2023-03-24T17:59:00Z,8.003926200372954e-05,0.0025079222312220776,0.002427882969218348,1
2023-03-24T17:58:55Z,2023-03-24T17:59:00Z,5.5101934583965013e-05,0.0024864112362275844,0.0024313093016436194,1
2023-03-24T17:58:55Z,2023-03-24T17:59:00Z,3.618094107211067e-05,0.002472990563238493,0.0024368096221663825,1
2023-03-24T17:58:55Z,2023-03-24T17:59:00Z,2.4909955070472403e-05,0.0024663957699309746,0.002441485814860502,1
2023-03-24T17:58:55Z,2023-03-24T17:59:00Z,3.3370881123630236e-05,0.0024795231608586875,0.002446152279735057,1
2023-03-24T17:58:55Z,2023-03-24T17:59:00Z,5.7361941078092754e-05,0.0025076678801582725,0.0024503059390801798,0
2023-03-24T17:58:55Z,2023-03-24T17:59:00Z,4.2900601452191666e-05,0.0024983988631867376,0.002455498261734546,0
2023-03-24T17:58:55Z,2023-03-24T17:59:00Z,4.132565927723831e-05,0.002503805889979971,0.0024624802307027325,0
2023-03-24T17:58:55Z,2023-03-24T17:59:00Z,1.9522286000423113e-05,0.0024884916469260715,0.0024689693609256484,0
2023-03-24T17:58:55Z,2023-03-24T17:59:00Z,3.8197544457337085e-06,0.002479365276426223,0.002475545521980489,0
2023-03-24T17:58:55Z,2023-03-24T17:59:00Z,1.0898096342770204e-05,0.0024697084832584547,0.002480606579601225,0
2023-03-24T17:58:55Z,2023-03-24T17:59:00Z,8.997315437252879e-06,0.0024747230418451474,0.0024837203572824003,0
2023-03-24T17:58:55Z,2023-03-24T17:59:00Z,1.4048621669774698e-05,0.0024715997774151953,0.00248564839908497,0
2023-03-24T17:58:55Z,2023-03-24T17:59:00Z,1.148903710605732e-05,0.002475392769871165,0.0024868818069772223,0
2023-03-24T17:58:55Z,2023-03-24T17:59:00Z,3.418197945788924e-06,0.002482582157825114,0.002486000355770903,0
2023-03-24T17:58:55Z,2023-03-24T17:59:00Z,4.2023500872673605e-06,0.002480453143973275,0.002484655494060542,0
2023-03-24T17:58:55Z,2023-03-24T17:59:00Z,1.7077495273515667e-05,0.002467339723852123,0.0024844172191256387,0
2023-03-24T17:58:55Z,2023-03-24T17:59:00Z,3.756798888394962e-05,0.002446521504387516,0.0024840894932714654,0
2023-03-24T17:58:55Z,2023-03-24T17:59:00Z,3.746207619506701e-05,0.0024440910103657757,0.0024815530865608428,0
2023-03-24T17:58:55Z,2023-03-24T17:59:00Z,5.66173711573888e-05,0.00242244260716345,0.002479059978320839,0
2023-03-24T17:58:55Z,2023-03-24T17:59:00Z,7.384169171685377e-05,0.00240341206454944,0.002477253756266294,0
2023-03-24T17:58:55Z,2023-03-24T17:59:00Z,7.346885008089688e-05,0.002401037833512427,0.002474506683593324,0
2023-03-24T17:58:55Z,2023-03-24T17:59:00Z,5.846518709546819e-05,0.002411284552978527,0.0024697497400739954,0
2023-03-24T17:58:55Z,2023-03-24T17:59:00Z,3.680033433538926e-05,0.0024262850278232414,0.0024630853621586306,0
2023-03-24T17:58:55Z,2023-03-24T17:59:00Z,5.0304493067346214e-05,0.002407336224703271,0.0024576407177706173,0
2023-03-24T17:58:55Z,2023-03-24T17:59:00Z,2.777586910084496e-05,0.002425019794784977,0.002452795663885822,0
2023-03-24T17:58:55Z,2023-03-24T17:59:00Z,3.6876488545113575e-05,0.002410846961451783,0.0024477234499968967,0
2023-03-24T17:58:55Z,2023-03-24T17:59:00Z,4.99759900614875e-05,0.0023943508673328314,0.002444326857394319,0
2023-03-24T17:58:55Z,2023-03-24T17:59:00Z,4.6081448977456675e-05,0.002394566563303945,0.0024406480122814017,0
2023-03-24T17:58:55Z,2023-03-24T17:59:00Z,4.453622835107109e-05,0.002391088523023311,0.002435624751374382,0
2023-03-24T17:58:55Z,2023-03-24T17:59:00Z,3.5777093028060807e-05,0.002395033082464368,0.002430810175492429,0
2023-03-24T17:58:55Z,2023-03-24T17:59:00Z,5.401271959104602e-05,0.002371528440473392,0.002425541160064438,0
2023-03-24T17:58:55Z,2023-03-24T17:59:00Z,3.994491852410626e-05,0.0023801244243302853,0.0024200693428543915,0
2023-03-24T17:58:55Z,2023-03-24T17:59:00Z,2.255698874935666e-05,0.002390704560136292,0.0024132615488856486,0
2023-03-24T17:58:55Z,2023-03-24T17:59:00Z,2.971166763717902e-06,0.0024048394259018157,0.0024078105926655336,0
2023-03-24T17:58:55Z,2023-03-24T17:59:00Z,7.337275458364507e-06,0.002396984758191468,0.0024043220336498325,0
2023-03-24T17:58:55Z,2023-03-24T17:59:00Z,8.871639264994378e-06,0.0023929971703558406,0.002401868809620835,0
2023-03-24T17:58:55Z,2023-03-24T17:59:00Z,1.619936269241836e-06,0.002401897630329328,0.002400277694060086,0
2023-03-24T17:58:55Z,2023-03-24T17:59:00Z,1.3740918350852328e-05,0.0024133676815238383,0.002399626763172986,0
2023-03-24T17:58:55Z,2023-03-24T17:59:00Z,3.949716358535912e-06,0.0024036302168325783,0.0023996805004740424,0
2023-03-24T17:58:55Z,2023-03-24T17:59:00Z,7.844396421374366e-06,0.002407655092429499,0.0023998106960081244,0
2023-03-24T17:58:55Z,2023-03-24T17:59:00Z,2.3734124499381372e-05,0.002422128894820589,0.0023983947703212077,0
2023-03-24T17:58:55Z,2023-03-24T17:59:00Z,1.6309130304049176e-05,0.0024147238298581463,0.002398414699554097,0
2023-03-24T17:58:55Z,2023-03-24T17:59:00Z,1.9195791399659844e-06,0.0023963144391663566,0.0023982340183063226,0
2023-03-24T17:58:55Z,2023-03-24T17:59:00Z,2.8219069460397404e-05,0.0024266953920421184,0.002398476322581721,0
2023-03-24T17:58:55Z,2023-03-24T17:59:00Z,1.1592908917461633e-06,0.0023974397549295697,0.002398599045821316,0
2023-03-24T17:58:55Z,2023-03-24T17:59:00Z,5.184874450722861e-06,0.002395422223166729,0.002400607097617452,0
2023-03-24T17:58:55Z,2023-03-24T17:59:00Z,1.749343451596221e-05,0.002418497484127555,0.0024010040496115926,0
2023-03-24T17:58:55Z,2023-03-24T17:59:00Z,3.0124894614354247e-05,0.002431153265519845,0.0024010283709054907,0
2023-03-24T17:58:55Z,2023-03-24T17:59:00Z,1.960600247690337e-05,0.002423569938610779,0.0024039639361338756,0
2023-03-24T17:58:55Z,2023-03-24T17:59:00Z,3.683520688177889e-05,0.0024439884455900018,0.002407153238708223,0
2023-03-24T17:58:55Z,2023-03-24T17:59:00Z,5.6852706596638e-05,0.0024660600314595164,0.0024092073248628784,0
2023-03-24T17:58:55Z,2023-03-24T17:59:00Z,5.1822527847178706e-05,0.002463476666440569,0.0024116541385933903,0
2023-03-24T17:58:55Z,2023-03-24T17:59:00Z,6.0641251027916936e-05,0.00247661259420056,0.002415971343172643,0
2023-03-24T17:58:55Z,2023-03-24T17:59:00Z,5.431172035559161e-05,0.0024746880320335304,0.002420376311677939,0
2023-03-24T17:58:55Z,2023-03-24T17:59:00Z,5.346983429094839e-05,0.002478515831210839,0.0024250459969198906,0
2023-03-24T17:58:55Z,2023-03-24T17:59:00Z,6.771284006815452e-05,0.0024965913588949006,0.002428878518826746,0
2023-03-24T17:58:55Z,2023-03-24T17:59:00Z,5.5994347749781844e-05,0.0024895532174751696,0.002433558869725388,0
2023-03-24T17:58:55Z,2023-03-24T17:59:00Z,2.831384705564901e-05,0.0024674312334351245,0.0024391173863794755,0
2023-03-24T17:58:55Z,2023-03-24T17:59:00Z,1.3257636654264923e-05,0.0024565890431996517,0.0024433314065453867,0
2023-03-24T17:58:55Z,2023-03-24T17:59:00Z,6.138876674192592e-06,0.0024527644959431404,0.0024466256192689478,0
2023-03-24T17:58:55Z,2023-03-24T17:59:00Z,1.4791926775609057e-05,0.0024651847087966377,0.0024503927820210287,0
2023-03-24T17:58:55Z,2023-03-24T17:59:00Z,1.0905443497698925e-05,0.002462927544512541,0.002452022101014842,0
2023-03-24T17:58:55Z,2023-03-24T17:59:00Z,1.5966025989306264e-05,0.002472222186620841,0.0024562561606315345,0
2023-03-24T17:58:55Z,2023-03-24T17:59:00Z,3.5156330662590354e-05,0.002495631573878238,0.0024604752432156474,0
2023-03-24T17:58:55Z,2023-03-24T17:59:00Z,2.045044822062943e-05,0.002484283485342107,0.0024638330371214777,0
2023-03-24T17:58:55Z,2023-03-24T17:59:00Z,6.930949283698133e-07,0.002468556026322247,0.0024678629313938773,0
2023-03-24T17:58:55Z,2023-03-24T17:59:00Z,9.474737265546124e-06,0.0024811322653301316,0.0024716575280645855,0
2023-03-24T17:58:55Z,2023-03-24T17:59:00Z,3.559629407791712e-05,0.0024375967077824336,0.0024731930018603507,0
2023-03-24T17:58:55Z,2023-03-24T17:59:00Z,4.1149584932786976e-05,0.0024329854315444776,0.0024741350164772646,0
2023-03-24T17:58:55Z,2023-03-24T17:59:00Z,4.801927102566052e-05,0.0024244982480354704,0.002472517519061131,0
2023-03-24T17:58:55Z,2023-03-24T17:59:00Z,9.081540411846932e-05,0.0023789754172766566,0.002469790821395126,0
2023-03-24T17:58:55Z,2023-03-24T17:59:00Z,0.00012243845820637507,0.002344215501688872,0.002466653959895247,0
2023-03-24T17:58:55Z,2023-03-24T17:59:00Z,0.00015199884761765226,0.0023084338364067086,0.002460432684024361,0
2023-03-24T17:58:55Z,2023-03-24T17:59:00Z,0.00019531271586802415,0.0022555964770809597,0.002450909192948984,0
2023-03-24T17:58:55Z,2023-03-24T17:59:00Z,0.00021757551912955685,0.002222013712502648,0.002439589231632205,0
2023-03-24T17:58:55Z,2023-03-24T17:59:00Z,0.00025848303564556105,0.002167866523714509,0.00242634955936007,1
2023-03-24T17:58:55Z,2023-03-24T17:59:00Z,0.0003208688987355623,0.0020908197024559444,0.0024116886011915067,1
2023-03-24T17:58:55Z,2023-03-24T17:59:00Z,0.0003552020296969261,0.002038680448230291,0.0023938824779272173,1
2023-03-24T17:58:55Z,2023-03-24T17:59:00Z,0.0003746375106984121,0.0019958471543325123,0.0023704846650309244,1
2023-03-24T17:58:55Z,2023-03-24T17:59:00Z,0.0003915710001863497,0.0019523982213269341,0.002343969221513284,1
2023-03-24T17:58:55Z,2023-03-24T17:59:00Z,0.00041013216284358227,0.0019040636191516803,0.0023141957819952626,1
2023-03-24T17:58:55Z,2023-03-24T17:59:00Z,0.0004013390195156559,0.0018789046779451506,0.0022802436974608065,1
2023-03-24T17:58:55Z,2023-03-24T17:59:00Z,0.0004276942953668791,0.0018162856604570254,0.0022439799558239045,1
2023-03-24T17:58:55Z,2023-03-24T17:59:00Z,0.00041888138220642955,0.001788245364343907,0.0022071267465503365,1
2023-03-24T17:58:55Z,2023-03-24T17:59:00Z,0.00041608544210737747,0.0017494883916383895,0.002165573833745767,1
2023-03-24T17:58:55Z,2023-03-24T17:59:00Z,0.0004213617444811413,0.0017036276302997181,0.0021249893747808594,1
2023-03-24T17:58:55Z,2023-03-24T17:59:00Z,0.00041217443695523996,0.0016700963728314888,0.0020822708097867288,1
2023-03-24T17:58:55Z,2023-03-24T17:59:00Z,0.000376426450665194,0.0016607899455130504,0.0020372163961782444,1
2023-03-24T17:58:55Z,2023-03-24T17:59:00Z,0.00035231070426817567,0.0016406007516322455,0.001992911455900421,1
2023-03-24T17:58:55Z,2023-03-24T17:59:00Z,0.0003374791324040297,0.0016127182262354028,0.0019501973586394325,1
2023-03-24T17:58:55Z,2023-03-24T17:59:00Z,0.0003285186546179719,0.0015799391362230565,0.0019084577908410284,1
2023-03-24T17:58:55Z,2023-03-24T17:59:00Z,0.00027970808397045975,0.0015885698161927212,0.001868277900163181,1
2023-03-24T17:58:55Z,2023-03-24T17:59:00Z,0.00025272791709825206,0.0015754203220474546,0.0018281482391457066,1
2023-03-24T17:58:55Z,2023-03-24T17:59:00Z,0.00021989902679617136,0.0015720431681294235,0.001791942194925595,1
2023-03-24T17:58:55Z,2023-03-24T17:59:00Z,0.00020259453119702707,0.001557135202453037,0.0017597297336500641,1
2023-03-24T17:58:55Z,2023-03-24T17:59:00Z,0.0001934144563305409,0.0015371504473132192,0.00173056490364376,1
2023-03-24T17:58:55Z,2023-03-24T17:59:00Z,0.0001688406662861356,0.0015343047403651572,0.0017031454066512928,1
2023-03-24T17:58:55Z,2023-03-24T17:59:00Z,0.00015749180894275832,0.0015197006118326773,0.0016771924207754356,1
2023-03-24T17:58:55Z,2023-03-24T17:59:00Z,0.00014780161622389323,0.0015062808746273847,0.0016540824908512779,1
2023-03-24T17:58:55Z,2023-03-24T17:59:00Z,0.00013852695561082044,0.001493105281108428,0.0016316322367192484,1
2023-03-24T17:58:55Z,2023-03-24T17:59:00Z,0.00012572349402040195,0.0014865334435844937,0.0016122569376048957,1
2023-03-24T17:58:55Z,2023-03-24T17:59:00Z,0.00011632959026556785,0.0014774810921371105,0.0015938106824026784,1
2023-03-24T17:58:55Z,2023-03-24T17:59:00Z,9.801117794765472e-05,0.0014793648202016552,0.00157737599814931,1
2023-03-24T17:58:55Z,2023-03-24T17:59:00Z,9.359603098569908e-05,0.0014696458085284479,0.001563241839514147,1
2023-03-24T17:58:55Z,2023-03-24T17:59:00Z,9.126690947888739e-05,0.001460054207995895,0.0015513211174747823,1
2023-03-24T17:58:55Z,2023-03-24T17:59:00Z,9.809252648038916e-05,0.0014412820824328556,0.0015393746089132447,1
2023-03-24T17:58:55Z,2023-03-24T17:59:00Z,8.150170726177073e-05,0.001446588742674202,0.0015280904499359728,1
2023-03-24T17:58:55Z,2023-03-24T17:59:00Z,8.193947110428932e-05,0.0014354362198440243,0.0015173756909483136,1
2023-03-24T17:58:55Z,2023-03-24T17:59:00Z,8.611735713893358e-05,0.0014229239342125766,0.0015090412913515102,1
2023-03-24T17:58:55Z,2023-03-24T17:59:00Z,8.754450046950975e-05,0.001411925941110207,0.0014994704415797167,1
2023-03-24T17:58:55Z,2023-03-24T17:59:00Z,8.943473463821267e-05,0.001400504682701824,0.0014899394173400367,1
2023-03-24T17:58:55Z,2023-03-24T17:59:00Z,0.00010149272302892504,0.0013784393676224106,0.0014799320906513356,1
2023-03-24T17:58:55Z,2023-03-24T17:59:00Z,0.00010645781525600259,0.0013636848679108823,0.0014701426831668848,1
2023-03-24T17:58:55Z,2023-03-24T17:59:00Z,0.00014600804035285928,0.00131421520033335,0.0014602232406862093,1
2023-03-24T17:58:55Z,2023-03-24T17:59:00Z,0.0001590134672884594,0.0012905460313693577,0.001449559498657817,1
2023-03-24T17:58:55Z,2023-03-24T17:59:00Z,0.00014247687643595603,0.001294239784003153,0.001436716660439109,1
2023-03-24T17:58:55Z,2023-03-24T17:59:00Z,0.00010543381762711775,0.0013177994151083647,0.0014232332327354825,1
2023-03-24T17:58:55Z,2023-03-24T17:59:00Z,7.601062199594287e-05,0.0013347935171704598,0.0014108041391664027,1
2023-03-24T17:58:55Z,2023-03-24T17:59:00Z,2.0462096418819714e-05,0.001379796165967825,0.0014002582623866447,1
2023-03-24T17:58:55Z,2023-03-24T17:59:00Z,1.0586353088858427e-05,0.0014019266420400875,0.001391340288951229,1
2023-03-24T17:58:55Z,2023-03-24T17:59:00Z,4.587420460305065e-05,0.0014309914526646652,0.0013851172480616146,1
2023-03-24T17:58:55Z,2023-03-24T17:59:00Z,8.686310947237036e-05,0.0014677479096284625,0.0013808848001560922,1
2023-03-24T17:58:55Z,2023-03-24T17:59:00Z,0.00011959291425937737,0.0014986612922072676,0.0013790683779478902,1
2023-03-24T17:58:55Z,2023-03-24T17:59:00Z,0.00015032383931377338,0.0015310463314613893,0.0013807224921476159,1
2023-03-24T17:58:55Z,2023-03-24T17:59:00Z,0.00019383154043240715,0.0015778085669258394,0.0013839770264934322,0
2023-03-24T17:58:55Z,2023-03-24T17:59:00Z,0.00022128151696231045,0.0016112341754318282,0.0013899526584695177,0
2023-03-24T17:58:55Z,2023-03-24T17:59:00Z,0.0002604254253151723,0.0016600583733292688,0.0013996329480140965,0
2023-03-24T17:58:55Z,2023-03-24T17:59:00Z,0.0002860976928618969,0.0016981874055210949,0.001412089712659198,0
2023-03-24T17:58:55Z,2023-03-24T17:59:00Z,0.00031364159644138817,0.0017419534147648014,0.0014283118183234132,0
2023-03-24T17:58:55Z,2023-03-24T17:59:00Z,0.0003541743592302758,0.0018024704299223569,0.001448296070692081,0
2023-03-24T17:58:55Z,2023-03-24T17:59:00Z,0.0003840373902706663,0.0018559752451411172,0.0014719378548704509,0
2023-03-24T17:58:55Z,2023-03-24T17:59:00Z,0.00042042944880423634,0.0019228832555240002,0.0015024538067197639,0
2023-03-24T17:58:55Z,2023-03-24T17:59:00Z,0.0004618927433510476,0.0019996858759315462,0.0015377931325804986,0
2023-03-24T17:58:55Z,2023-03-24T17:59:00Z,0.000494188919860136,0.0020712722694106876,0.0015770833495505517,0
2023-03-24T17:58:55Z,2023-03-24T17:59:00Z,0.0005082068667715501,0.002127908120123551,0.0016197012533520007,0
2023-03-24T17:58:55Z,2023-03-24T17:59:00Z,0.0005164012457857421,0.002182132421152757,0.001665731175367015,0
2023-03-24T17:58:55Z,2023-03-24T17:59:00Z,0.0005265143884120181,0.002239002560913766,0.0017124881725017478,0
2023-03-24T17:58:55Z,2023-03-24T17:59:00Z,0.0005043512065820283,0.002265602240278318,0.0017612510336962896,0
2023-03-24T17:58:55Z,2023-03-24T17:59:00Z,0.000417492774693115,0.0022292445026549732,0.0018117517279618582,0
2023-03-24T17:58:55Z,2023-03-24T17:59:00Z,0.0003624930898617864,0.002224110713489261,0.0018616176236274744,0
2023-03-24T17:58:55Z,2023-03-24T17:59:00Z,0.00028315700048202677,0.0021904360747624827,0.001907279074280456,0
2023-03-24T17:58:55Z,2023-03-24T17:59:00Z,0.00025158160874490525,0.002202177206902103,0.0019505955981571979,0
2023-03-24T17:58:55Z,2023-03-24T17:59:00Z,0.000207326760530961,0.002196211577927949,0.001988884817396988,0
2023-03-24T17:58:55Z,2023-03-24T17:59:00Z,0.00017103785237796614,0.0021968566092418463,0.00202581875686388,0
2023-03-24T17:58:55Z,2023-03-24T17:59:00Z,0.0001542433561344354,0.002213571688285733,0.002059328332151298,0
2023-03-24T17:58:55Z,2023-03-24T17:59:00Z,0.00013034646065008268,0.0022208416180339273,0.0020904951573838446,0
2023-03-24T17:58:55Z,2023-03-24T17:59:00Z,9.50932979926814e-05,0.002215064597471584,0.0021199712994789026,0
2023-03-24T17:58:55Z,2023-03-24T17:59:00Z,8.558916033571916e-05,0.002231708659071595,0.0021461194987358757,0
2023-03-24T17:58:55Z,2023-03-24T17:59:00Z,8.08942046646552e-05,0.0022494567879211857,0.0021685625832565305,0
2023-03-24T17:58:55Z,2023-03-24T17:59:00Z,4.572623053433625e-05,0.002233590401512591,0.002187864170978255,0
2023-03-24T17:58:55Z,2023-03-24T17:59:00Z,1.6690752930416993e-05,0.0022201656059080243,0.0022034748529776074,0
2023-03-24T17:58:55Z,2023-03-24T17:59:00Z,7.229279150540013e-06,0.002220849015384516,0.002213619736233976,0
2023-03-24T17:58:55Z,2023-03-24T17:59:00Z,6.715511275212291e-06,0.0022261013403707185,0.002219385829095506,0
2023-03-24T17:58:55Z,2023-03-24T17:59:00Z,7.212217569559087e-06,0.0022145933986654318,0.002221805616234991,0
2023-03-24T17:58:55Z,2023-03-24T17:59:00Z,1.9498172769428276e-05,0.0022015011171816223,0.0022209992899510506,0
2023-03-24T17:58:55Z,2023-03-24T17:59:00Z,8.445362800918368e-06,0.0022093658745493266,0.002217811237350245,0
2023-03-24T17:58:55Z,2023-03-24T17:59:00Z,2.092856396108565e-05,0.002195148711797075,0.0022160772757581606,0
2023-03-24T17:58:55Z,2023-03-24T17:59:00Z,1.9530252911796348e-05,0.0021956254704126187,0.002215155723324415,0
2023-03-24T17:58:55Z,2023-03-24T17:59:00Z,3.136162091718197e-05,0.002184088642221895,0.002215450263139077,0
2023-03-24T17:58:55Z,2023-03-24T17:59:00Z,2.341078496914022e-05,0.002191629994639344,0.0022150407796084843,0
2023-03-24T17:58:55Z,2023-03-24T17:59:00Z,1.6827638784759104e-06,0.0022126003322483797,0.0022142830961268557,0
2023-03-24T17:58:55Z,2023-03-24T17:59:00Z,4.945834957262741e-06,0.002218902267671462,0.002213956432714199,0
2023-03-24T17:58:55Z,2023-03-24T17:59:00Z,2.1730070036017537e-05,0.002235625792997882,0.0022138957229618644,0
2023-03-24T17:58:55Z,2023-03-24T17:59:00Z,2.3591588970753134e-05,0.0022373661025349633,0.00221377451356421,0
2023-03-24T17:58:55Z,2023-03-24T17:59:00Z,3.314895843596795e-05,0.0022482085467205723,0.0022150595882846043,0
2023-03-24T17:58:55Z,2023-03-24T17:59:00Z,5.068362750870964e-05,0.0022660968060097745,0.002215413178501065,0
2023-03-24T17:58:55Z,2023-03-24T17:59:00Z,5.697804085464005e-05,0.002272313204280667,0.0022153351634260268,0
2023-03-24T17:58:55Z,2023-03-24T17:59:00Z,6.766531622754823e-05,0.0022850321299346483,0.0022173668137071,0
2023-03-24T17:58:55Z,2023-03-24T17:59:00Z,7.162415792244916e-05,0.0022922501965278396,0.0022206260386053904,0
2023-03-24T17:58:55Z,2023-03-24T17:59:00Z,6.807245855854939e-05,0.002292709941823323,0.0022246374832647735,0
2023-03-24T17:58:55Z,2023-03-24T17:59:00Z,8.151984107997688e-05,0.0023102916278545708,0.002228771786774594,0
2023-03-24T17:58:55Z,2023-03-24T17:59:00Z,8.239004962932051e-05,0.0023160441203512825,0.002233654070721962,0
2023-03-24T17:58:55Z,2023-03-24T17:59:00Z,7.050130251962322e-05,0.0023109547801586443,0.002240453477639021,0
2023-03-24T17:58:55Z,2023-03-24T17:59:00Z,6.638244764730792e-05,0.0023135033156489516,0.0022471208680016437,0
2023-03-24T17:58:55Z,2023-03-24T17:59:00Z,6.610247144887404e-05,0.0023204612187231154,0.0022543587472742413,0
2023-03-24T17:58:55Z,2023-03-24T17:59:00Z,8.201340009704895e-05,0.0023437395126985616,0.0022617261126015127,0
2023-03-24T17:58:55Z,2023-03-24T17:59:00Z,8.562188754976429e-05,0.002355871286182603,0.0022702493986328388,0
2023-03-24T17:58:55Z,2023-03-24T17:59:00Z,7.057789841746548e-05,0.0023503341419290054,0.00227975624351154,0
2023-03-24T17:58:55Z,2023-03-24T17:59:00Z,8.487028923738482e-05,0.0023735809673698137,0.002288710678132429,0
2023-03-24T17:58:55Z,2023-03-24T17:59:00Z,9.774810280686625e-05,0.0023946732730803916,0.0022969251702735253,0
2023-03-24T17:58:55Z,2023-03-24T17:59:00Z,0.00011774205387519261,0.0024232894225469635,0.002305547368671771,0
2023-03-24T17:58:55Z,2023-03-24T17:59:00Z,0.00010150327091399194,0.0024168823377448525,0.0023153790668308605,0
2023-03-24T17:58:55Z,2023-03-24T17:59:00Z,0.00012026919021537784,0.0024465908117853874,0.0023263216215700096,0
2023-03-24T17:58:55Z,2023-03-24T17:59:00Z,0.00011759337471054822,0.0024533390920140003,0.002335745717303452,0
2023-03-24T17:58:55Z,2023-03-24T17:59:00Z,0.0001105420672029532,0.0024571801349754503,0.002346638067772497,0
2023-03-24T17:58:55Z,2023-03-24T17:59:00Z,0.00010576295814166596,0.0024629202110441227,0.0023571572529024567,0
2023-03-24T17:58:55Z,2023-03-24T17:59:00Z,8.836609405271992e-05,0.0024558314681081524,0.0023674653740554325,0
2023-03-24T17:58:55Z,2023-03-24T17:59:00Z,8.4196147154074e-05,0.002462299663035806,0.002378103515881732,0
2023-03-24T17:58:55Z,2023-03-24T17:59:00Z,7.574783536684788e-05,0.002462947591264429,0.002387199755897581,0
2023-03-24T17:58:55Z,2023-03-24T17:59:00Z,2.994772190011933e-05,0.002426288449215483,0.0023963407273153636,0
2023-03-24T17:58:55Z,2023-03-24T17:59:00Z,4.682977616100913e-05,0.0024526700541704846,0.0024058402780094755,0
2023-03-24T17:58:55Z,2023-03-24T17:59:00Z,7.346235069589273e-05,0.0024863516995532763,0.0024128893488573836,0
2023-03-24T17:58:55Z,2023-03-24T17:59:00Z,7.003011249680832e-05,0.0024911825135696527,0.0024211524010728444,0
2023-03-24T17:58:55Z,2023-03-24T17:59:00Z,7.160334225997421e-05,0.002501669005011238,0.002430065662751264,0
2023-03-24T17:58:55Z,2023-03-24T17:59:00Z,6.032174241542851e-05,0.0024988443568783832,0.0024385226144629547,0
2023-03-24T17:58:55Z,2023-03-24T17:59:00Z,4.2249684960061606e-05,0.002490230728365656,0.0024479810434055943,0
2023-03-24T17:58:55Z,2023-03-24T17:59:00Z,6.54559065966895e-05,0.002521265911846569,0.0024558100052498796,0
2023-03-24T17:58:55Z,2023-03-24T17:59:00Z,5.9174708824228425e-05,0.002520957055029437,0.0024617823462052086,0
2023-03-24T17:58:55Z,2023-03-24T17:59:00Z,6.762744972670359e-05,0.0025355333265131377,0.002467905876786434,0
2023-03-24T17:58:55Z,2023-03-24T17:59:00Z,3.698226660339265e-05,0.002511392813220113,0.0024744105466167204,0
2023-03-24T17:58:55Z,2023-03-24T17:59:00Z,1.813145361865675e-05,0.002498100907405862,0.002479969453787205,0
2023-03-24T17:58:55Z,2023-03-24T17:59:00Z,7.2449749887086926e-06,0.0024908427863512958,0.002483597811362587,0
2023-03-24T17:58:55Z,2023-03-24T17:59:00Z,2.9517350653575358e-05,0.002515672710293063,0.0024861553596394878,0
2023-03-24T17:58:55Z,2023-03-24T17:59:00Z,4.737950792672689e-05,0.002535280028522913,0.0024879005205961863,0
2023-03-24T17:58:55Z,2023-03-24T17:59:00Z,3.9765974943152885e-05,0.0025314065731758956,0.0024916405982327427,0
2023-03-24T17:58:55Z,2023-03-24T17:59:00Z,1.9958439697504576e-05,0.002516160310773192,0.0024962018710756873,0
2023-03-24T17:58:55Z,2023-03-24T17:59:00Z,6.099974272176685e-06,0.0025065805317173303,0.0025004805574451536,0
2023-03-24T17:58:55Z,2023-03-24T17:59:00Z,7.05617584040091e-06,0.002513153724632911,0.0025060975487925102,0
2023-03-24T17:58:55Z,2023-03-24T17:59:00Z,1.3319596166714437e-05,0.002496147357472474,0.0025094669536391886,0
2023-03-24T17:58:55Z,2023-03-24T17:59:00Z,3.125593690513984e-05,0.0024798861433015257,0.0025111420802066656,0
2023-03-24T17:58:55Z,2023-03-24T17:59:00Z,1.8202629454754093e-05,0.002493249753495838,0.002511452382950592,0
2023-03-24T17:58:55Z,2023-03-24T17:59:00Z,9.608274356417718e-06,0.0025004826797373173,0.002510090954093735,0
2023-03-24T17:58:55Z,2023-03-24T17:59:00Z,7.585453661819105e-07,0.0025089827460161437,0.0025097412913823256,0
2023-03-24T17:58:55Z,2023-03-24T17:59:00Z,7.228297729211693e-06,0.0025176103360722664,0.0025103820383430547,0
2023-03-24T17:58:55Z,2023-03-24T17:59:00Z,5.282508555703742e-06,0.002514896849034357,0.0025096143404786534,0
2023-03-24T17:58:55Z,2023-03-24T17:59:00Z,3.2520811665869356e-07,0.0025090799624271714,0.00250940517054383,0
2023-03-24T17:58:55Z,2023-03-24T17:59:00Z,1.8175402910869214e-06,0.002509932930992493,0.002508115390701406,0
2023-03-24T17:58:55Z,2023-03-24T17:59:00Z,5.014940183907957e-06,0.0025029558973429394,0.0025079708375268473,0
2023-03-24T17:58:55Z,2023-03-24T17:59:00Z,1.593898706713469e-05,0.0024927713519338774,0.002508710339001012,0
2023-03-24T17:58:55Z,2023-03-24T17:59:00Z,8.284008887767154e-06,0.0025011833995502225,0.0025094674084379896,0
2023-03-24T17:58:55Z,2023-03-24T17:59:00Z,1.6914647193907225e-05,0.002491121426346633,0.0025080360735405404,0
2023-03-24T17:58:55Z,2023-03-24T17:59:00Z,2.6232430281347176e-05,0.0024796726039484,0.002505905034229747,0
2023-03-24T17:58:55Z,2023-03-24T17:59:00Z,4.044731353982983e-05,0.0024629398990130883,0.002503387212552918,0
2023-03-24T17:58:55Z,2023-03-24T17:59:00Z,3.0329219072383878e-05,0.0024707775118039846,0.0025011067308763684,0
2023-03-24T17:58:55Z,2023-03-24T17:59:00Z,2.67216820001334e-05,0.00247165750933222,0.0024983791913323534,0
2023-03-24T17:58:55Z,2023-03-24T17:59:00Z,2.191394555200619e-05,0.0024738167324785394,0.0024957306780305456,0
2023-03-24T17:58:55Z,2023-03-24T17:59:00Z,2.00119738046926e-05,0.002474188088717087,0.0024942000625217797,0
2023-03-24T17:58:55Z,2023-03-24T17:59:00Z,1.9978722999984457e-05,0.0024738420013453587,0.002493820724345343,0
2023-03-24T17:58:55Z,2023-03-24T17:59:00Z,2.389387242359743e-05,0.002468735497873074,0.0024926293702966715,0
2023-03-24T17:58:55Z,2023-03-24T17:59:00Z,5.816172483482859e-06,0.002485148155413691,0.002490964327897174,0
2023-03-24T17:58:55Z,2023-03-24T17:59:00Z,1.7251641572023184e-05,0.0025057005164602552,0.002488448874888232,0
2023-03-24T17:58:55Z,2023-03-24T17:59:00Z,2.712767268705672e-05,0.002513547661284128,0.002486419988597071,0
2023-03-24T17:58:55Z,2023-03-24T17:59:00Z,6.292778879861839e-05,0.002548773006609808,0.0024858452178111896,0
2023-03-24T17:58:55Z,2023-03-24T17:59:00Z,7.168104019878189e-05,0.002557805489188531,0.002486124448989749,0
2023-03-24T17:58:55Z,2023-03-24T17:59:00Z,8.496956842228608e-05,0.0025735215221381175,0.0024885519537158314,0
2023-03-24T17:58:55Z,2023-03-24T17:59:00Z,9.512250144869897e-05,0.00258710255465488,0.002491980053206181,0
2023-03-24T17:58:55Z,2023-03-24T17:59:00Z,8.765505499788544e-05,0.0025846819938418314,0.002497026938843946,0
2023-03-24T17:58:55Z,2023-03-24T17:59:00Z,0.00010682651824310855,0.0026092234042810955,0.002502396886037987,0
2023-03-24T17:58:55Z,2023-03-24T17:59:00Z,0.00010209461791782764,0.0026103390394242648,0.002508244421506437,0
2023-03-24T17:58:55Z,2023-03-24T17:59:00Z,0.00011036188054200933,0.00262670322706924,0.0025163413465272306,0
2023-03-24T17:58:55Z,2023-03-24T17:59:00Z,0.00012114931320341294,0.002646703106006342,0.002525553792802929,0
2023-03-24T17:58:55Z,2023-03-24T17:59:00Z,0.0001271690339475222,0.0026624681839545294,0.0025352991500070072,0
2023-03-24T17:58:55Z,2023-03-24T17:59:00Z,0.00013091155608287554,0.0026771510558820156,0.00254623949979914,0
2023-03-24T17:58:55Z,2023-03-24T17:59:00Z,0.00011651718247778073,0.0026745473979941704,0.0025580302155163897,0
2023-03-24T17:58:55Z,2023-03-24T17:59:00Z,0.00012144272908210007,0.0026921581300462976,0.0025707154009641975,0
2023-03-24T17:58:55Z,2023-03-24T17:59:00Z,0.00014034887116725877,0.002723608359422007,0.0025832594882547483,0
2023-03-24T17:58:55Z,2023-03-24T17:59:00Z,0.0001554183707686927,0.0027526417735342676,0.002597223402765575,0
2023-03-24T17:58:55Z,2023-03-24T17:59:00Z,0.00012701822073305814,0.0027391453862491526,0.0026121271655160944,0
2023-03-24T17:58:55Z,2023-03-24T17:59:00Z,0.00012960896620132188,0.002757169960284542,0.00262756099408322,0
2023-03-24T17:58:55Z,2023-03-24T17:59:00Z,0.00012289124314854554,0.00276455209504208,0.0026416608518935345,0
2023-03-24T17:58:55Z,2023-03-24T17:59:00Z,0.00010839947915159765,0.0027630851406498028,0.002654685661498205,0
2023-03-24T17:58:55Z,2023-03-24T17:59:00Z,9.632441804808406e-05,0.002763931742412136,0.002667607324364052,0
2023-03-24T17:58:55Z,2023-03-24T17:59:00Z,0.00010466193982092142,0.0027841169903419535,0.002679455050521032,0
2023-03-24T17:58:55Z,2023-03-24T17:59:00Z,0.00010470153986785746,0.0027952084146237186,0.002690506874755861,0
2023-03-24T17:58:55Z,2023-03-24T17:59:00Z,8.159466082565976e-05,0.002784566222862778,0.0027029715620371184,0
2023-03-24T17:58:55Z,2023-03-24T17:59:00Z,6.073118441325166e-05,0.0027753268095967844,0.0027145956251835327,0
2023-03-24T17:58:55Z,2023-03-24T17:59:00Z,4.4017832206335455e-05,0.002769502656354775,0.0027254848241484394,0
2023-03-24T17:58:55Z,2023-03-24T17:59:00Z,2.430394667776335e-05,0.0027590777447341745,0.002734773798056411,0
2023-03-24T17:58:55Z,2023-03-24T17:59:00Z,3.3263861644740756e-05,0.002775712631597929,0.002742448769953188,0
2023-03-24T17:58:55Z,2023-03-24T17:59:00Z,2.88499355967811e-05,0.002777336803098697,0.002748486867501916,0
2023-03-24T17:58:55Z,2023-03-24T17:59:00Z,2.5768234917809395e-05,0.00278041520090197,0.0027546469659841606,0
2023-03-24T17:58:55Z,2023-03-24T17:59:00Z,2.178334461460079e-05,0.0027828546484177943,0.0027610713038031935,0
2023-03-24T17:58:55Z,2023-03-24T17:59:00Z,8.779797332894145e-06,0.002775367168064567,0.002766587370731673,0
2023-03-24T17:58:55Z,2023-03-24T17:59:00Z,2.9840348486550542e-05,0.00280013061228046,0.0027702902637939094,0
2023-03-24T17:58:55Z,2023-03-24T17:59:00Z,1.7608234128508368e-05,0.002789318835080562,0.0027717106009520535,0
2023-03-24T17:58:55Z,2023-03-24T17:59:00Z,1.9447635897937732e-05,0.002794969813476948,0.0027755221775790104,0
2023-03-24T17:58:55Z,2023-03-24T17:59:00Z,3.555857527997664e-05,0.002813090057533738,0.0027775314822537614,0
2023-03-24T17:58:55Z,2023-03-24T17:59:00Z,2.9677651254918572e-05,0.002809110240910859,0.0027794325896559405,0
2023-03-24T17:58:55Z,2023-03-24T17:59:00Z,4.792338545276439e-06,0.002787350235506463,0.0027825578969611865,0
2023-03-24T17:58:55Z,2023-03-24T17:59:00Z,2.9052758539943862e-05,0.002756328794577413,0.002785381553117357,0
2023-03-24T17:58:55Z,2023-03-24T17:59:00Z,2.7987412422010756e-05,0.002757596218518128,0.0027855836309401386,0
2023-03-24T17:58:55Z,2023-03-24T17:59:00Z,2.632866606106128e-06,0.0027805207880811384,0.0027831536546872445,0
2023-03-24T17:58:55Z,2023-03-24T17:59:00Z,1.6910622666577342e-05,0.0027645574067491265,0.002781468029415704,0
2023-03-24T17:58:55Z,2023-03-24T17:59:00Z,3.5842886860083106e-05,0.002745949766210893,0.002781792653070976,0
2023-03-24T17:58:55Z,2023-03-24T17:59:00Z,4.9121357359139736e-05,0.002732362217611483,0.0027814835749706227,0
2023-03-24T17:58:55Z,2023-03-24T17:59:00Z,3.189202067975126e-05,0.0027487710556331666,0.002780663076312918,0
2023-03-24T17:58:55Z,2023-03-24T17:59:00Z,1.873039749973257e-05,0.002759223277939033,0.0027779536754387654,0
2023-03-24T17:58:55Z,2023-03-24T17:59:00Z,3.278847272949071e-05,0.0027433798434926787,0.0027761683162221694,0
2023-03-24T17:58:55Z,2023-03-24T17:59:00Z,1.237767430644146e-05,0.0027624661467305443,0.0027748438210369857,0
2023-03-24T17:58:55Z,2023-03-24T17:59:00Z,6.682281461518631e-06,0.0027790589271906845,0.002772376645729166,0
2023-03-24T17:58:55Z,2023-03-24T17:59:00Z,1.650657987029274e-05,0.0027880769117660823,0.0027715703318957896,0
2023-03-24T17:58:55Z,2023-03-24T17:59:00Z,1.2770689276938967e-05,0.0027830240408546177,0.0027702533515776787,0
2023-03-24T17:58:55Z,2023-03-24T17:59:00Z,7.4857273130580874e-06,0.0027626900040574657,0.0027701757313705238,0
2023-03-24T17:58:55Z,2023-03-24T17:59:00Z,1.8578795238609336e-06,0.002771287000105489,0.002769429120581628,0
2023-03-24T17:58:55Z,2023-03-24T17:59:00Z,2.086388043434943e-05,0.0027871429976737104,0.002766279117239361,0
2023-03-24T17:58:55Z,2023-03-24T17:59:00Z,2.7624880573884174e-05,0.0027915400452629096,0.0027639151646890255,0
2023-03-24T17:58:55Z,2023-03-24T17:59:00Z,2.81020487643089e-05,0.0027920042610887876,0.0027639022123244787,0
2023-03-24T17:58:55Z,2023-03-24T17:59:00Z,4.416261488639911e-07,0.002766544541641186,0.002766102915492322,0
2023-03-24T17:58:55Z,2023-03-24T17:59:00Z,1.849207103057438e-05,0.0027497613471224136,0.002768253418152988,0
2023-03-24T17:58:55Z,2023-03-24T17:59:00Z,6.637743749328927e-06,0.002760742159001162,0.002767379902750491,0
2023-03-24T17:58:55Z,2023-03-24T17:59:00Z,1.1202405399697406e-05,0.0027552527436241242,0.0027664551490238216,0
2023-03-24T17:58:55Z,2023-03-24T17:59:00Z,5.6073325850887305e-06,0.002772987006158302,0.002767379673573213,0
2023-03-24T17:58:55Z,2023-03-24T17:59:00Z,6.183066898175684e-06,0.002774993398347179,0.0027688103314490032,0
2023-03-24T17:58:55Z,2023-03-24T17:59:00Z,7.776140761722727e-06,0.0027625476875951017,0.0027703238283568244,0
2023-03-24T17:58:55Z,2023-03-24T17:59:00Z,4.398225583691559e-08,0.0027712654786264967,0.0027713094608823336,0
2023-03-24T17:58:55Z,2023-03-24T17:59:00Z,1.367320638715093e-05,0.0027861806575258862,0.0027725074511387353,0
2023-03-24T17:58:55Z,2023-03-24T17:59:00Z,1.6826654152507937e-05,0.00278988406353474,0.002773057409382232,0
2023-03-24T17:58:55Z,2023-03-24T17:59:00Z,1.090266343320304e-05,0.0027844051809613854,0.0027735025175281824,0
2023-03-24T17:58:55Z,2023-03-24T17:59:00Z,3.171549667017838e-05,0.002805330961183902,0.0027736154645137236,0
2023-03-24T17:58:55Z,2023-03-24T17:59:00Z,4.231246195200537e-05,0.002816014247722402,0.0027737017857703966,0
2023-03-24T17:58:55Z,2023-03-24T17:59:00Z,3.822240896458667e-05,0.002814589254555385,0.0027763668455907985,0
2023-03-24T17:58:55Z,2023-03-24T17:59:00Z,3.685613650159913e-05,0.0028160184350684548,0.0027791622985668557,0
2023-03-24T17:58:55Z,2023-03-24T17:59:00Z,3.347102423947087e-05,0.0028143487138614313,0.0027808776896219604,0
2023-03-24T17:58:55Z,2023-03-24T17:59:00Z,2.813624363838703e-05,0.002810543832623194,0.002782407588984807,0
2023-03-24T17:58:55Z,2023-03-24T17:59:00Z,3.4937115501033726e-06,0.0027872978288332006,0.0027838041172830973,0
2023-03-24T17:58:55Z,2023-03-24T17:59:00Z,1.972815313001008e-05,0.0028062822260994827,0.0027865540729694726,0
2023-03-24T17:58:55Z,2023-03-24T17:59:00Z,1.2975562231772996e-05,0.0028018756653081698,0.0027889001030763968,0
2023-03-24T17:58:55Z,2023-03-24T17:59:00Z,9.420299307253029e-06,0.0027823260579627885,0.0027917463572700416,0
2023-03-24T17:58:55Z,2023-03-24T17:59:00Z,1.1959557294426507e-05,0.0028066198471697213,0.002794660289875295,0
2023-03-24T17:58:55Z,2023-03-24T17:59:00Z,1.8371503706835456e-06,0.0027934068302423918,0.0027952439806130753,0
2023-03-24T17:58:55Z,2023-03-24T17:59:00Z,1.1008417521521114e-05,0.0028082290511860053,0.002797220633664484,0
2023-03-24T17:58:55Z,2023-03-24T17:59:00Z,6.427495467160611e-06,0.002792721834612779,0.0027991493300799394,0
2023-03-24T17:58:55Z,2023-03-24T17:59:00Z,1.0628337884396183e-05,0.0027908312154805125,0.0028014595533649087,0
2023-03-24T17:58:55Z,2023-03-24T17:59:00Z,1.2941955905568063e-05,0.002814810332838408,0.00280186837693284,0
2023-03-24T17:58:55Z,2023-03-24T17:59:00Z,7.807653617956933e-06,0.002809735227547407,0.00280192757392945,0
2023-03-24T17:58:55Z,2023-03-24T17:59:00Z,2.3611129925057463e-05,0.002780216765996707,0.0028038278959217643,0
2023-03-24T17:58:55Z,2023-03-24T17:59:00Z,9.893740771497496e-07,0.0028031137884923334,0.002804103162569483,0
2023-03-24T17:58:55Z,2023-03-24T17:59:00Z,1.3718493731259673e-05,0.0027881473262303677,0.0028018658199616274,0
2023-03-24T17:58:55Z,2023-03-24T17:59:00Z,3.1229955391801067e-06,0.0027980256077935065,0.0028011486033326866,0
2023-03-24T17:58:55Z,2023-03-24T17:59:00Z,1.2221403779200807e-05,0.002787185255251105,0.002799406659030306,0
2023-03-24T17:58:55Z,2023-03-24T17:59:00Z,1.1878565602586356e-06,0.002797198608340802,0.0027983864649010607,0
2023-03-24T17:58:55Z,2023-03-24T17:59:00Z,3.0328496531950577e-05,0.0028272550503472558,0.002796926553815305,0
2023-03-24T17:58:55Z,2023-03-24T17:59:00Z,2.3408501292739893e-05,0.0028209538538272703,0.0027975453525345305,0
2023-03-24T17:58:55Z,2023-03-24T17:59:00Z,1.4419185025744182e-05,0.0028132753390757606,0.0027988561540500164,0
2023-03-24T17:58:55Z,2023-03-24T17:59:00Z,1.989844045631895e-05,0.002819946981288779,0.00280004854083246,0
2023-03-24T17:58:55Z,2023-03-24T17:59:00Z,3.1342571318705194e-05,0.002833325442220726,0.002801982870902021,0
2023-03-24T17:58:55Z,2023-03-24T17:59:00Z,4.2205377365140025e-05,0.002845021194149602,0.002802815816784462,0
2023-03-24T17:58:55Z,2023-03-24T17:59:00Z,2.182506004831577e-05,0.0028271357900814236,0.002805310730033108,0
2023-03-24T17:58:55Z,2023-03-24T17:59:00Z,4.6754004527283476e-05,0.002854364243495616,0.0028076102389683324,0
2023-03-24T17:58:55Z,2023-03-24T17:59:00Z,4.504284389008229e-05,0.002854803955075205,0.0028097611111851228,0
2023-03-24T17:58:55Z,2023-03-24T17:59:00Z,4.84465690389433e-05,0.0028621784944750104,0.002813731925436067,0
2023-03-24T17:58:55Z,2023-03-24T17:59:00Z,6.894884914023132e-05,0.002885180375966098,0.0028162315268258666,0
2023-03-24T17:58:55Z,2023-03-24T17:59:00Z,4.9924284129632384e-05,0.002869433515138474,0.002819509231008842,0
2023-03-24T17:58:55Z,2023-03-24T17:59:00Z,5.7441599381545354e-05,0.0028835110560134743,0.002826069456631929,0
2023-03-24T17:58:55Z,2023-03-24T17:59:00Z,5.281368997752441e-05,0.002883028129524837,0.0028302144395473128,0
2023-03-24T17:58:55Z,2023-03-24T17:59:00Z,4.436108991115418e-05,0.002880535762569911,0.0028361746726587567,0
2023-03-24T17:58:55Z,2023-03-24T17:59:00Z,5.57710358823015e-05,0.0028972583661492665,0.002841487330266965,0
2023-03-24T17:58:55Z,2023-03-24T17:59:00Z,4.3791532001744796e-05,0.002891113268976135,0.0028473217369743902,0
2023-03-24T17:58:55Z,2023-03-24T17:59:00Z,1.6410094424215097e-05,0.002869985566261634,0.002853575471837419,0
2023-03-24T17:58:55Z,2023-03-24T17:59:00Z,8.90802061365983e-06,0.0028664746311153843,0.0028575666105017244,0
2023-03-24T17:58:55Z,2023-03-24T17:59:00Z,2.7562675516206413e-06,0.0028633873600804926,0.002860631092528872,0
2023-03-24T17:58:55Z,2023-03-24T17:59:00Z,1.4099954113779792e-05,0.0028780560023951283,0.0028639560482813485,0
2023-03-24T17:58:55Z,2023-03-24T17:59:00Z,3.272613875744679e-05,0.0028993972107132773,0.0028666710719558305,0
2023-03-24T17:58:55Z,2023-03-24T17:59:00Z,2.5809754512543925e-05,0.002895276486479275,0.002869466731966731,0
2023-03-24T17:58:55Z,2023-03-24T17:59:00Z,9.38319504267945e-06,0.0028822484280446397,0.0028728652330019602,0
2023-03-24T17:58:55Z,2023-03-24T17:59:00Z,1.645932674852876e-05,0.002893583353275355,0.0028771240265268263,0
2023-03-24T17:58:55Z,2023-03-24T17:59:00Z,2.3653035876310385e-05,0.0029025198239374505,0.00287886678806114,0
2023-03-24T17:58:55Z,2023-03-24T17:59:00Z,3.884221401764202e-05,0.002920132714466292,0.00288129050044865,0
2023-03-24T17:58:55Z,2023-03-24T17:59:00Z,4.789557871644071e-05,0.002931707412256493,0.002883811833540052,0
2023-03-24T17:58:55Z,2023-03-24T17:59:00Z,3.286851560694616e-05,0.0029188648703032606,0.0028859963546963145,0
2023-03-24T17:58:55Z,2023-03-24T17:59:00Z,4.11622362631453e-05,0.0029310507095293356,0.0028898884732661903,0
2023-03-24T17:58:55Z,2023-03-24T17:59:00Z,3.5977203292125726e-05,0.002928075289951428,0.002892098086659302,0
2023-03-24T17:58:55Z,2023-03-24T17:59:00Z,2.1572232618073325e-05,0.0029166717305276566,0.0028950994979095833,0
2023-03-24T17:58:55Z,2023-03-24T17:59:00Z,9.685122753997234e-06,0.002907755841124925,0.002898070718370928,0
2023-03-24T17:58:55Z,2023-03-24T17:59:00Z,8.816489148924089e-06,0.002908100542793501,0.002899284053644577,0
2023-03-24T17:58:55Z,2023-03-24T17:59:00Z,7.3788533938930374e-06,0.0028929453610099837,0.0029003242144038767,0
2023-03-24T17:58:55Z,2023-03-24T17:59:00Z,3.047363427524999e-05,0.0028722327661618685,0.0029027064004371185,0
2023-03-24T17:58:55Z,2023-03-24T17:59:00Z,2.107734781542055e-05,0.0028832834732401102,0.002904360821055531,0
2023-03-24T17:58:55Z,2023-03-24T17:59:00Z,1.2961813735811074e-05,0.002891951845199806,0.002904913658935617,0
2023-03-24T17:58:55Z,2023-03-24T17:59:00Z,1.3039620907701836e-05,0.00291827999677113,0.002905240375863428,0
2023-03-24T17:58:55Z,2023-03-24T17:59:00Z,8.37798266831516e-06,0.0029131530231871518,0.0029047750405188366,0
2023-03-24T17:58:55Z,2023-03-24T17:59:00Z,5.881468322756558e-07,0.0029068009067443525,0.002906212759912077,0
2023-03-24T17:58:55Z,2023-03-24T17:59:00Z,7.280643966966257e-06,0.0029154249410754504,0.002908144297108484,0
2023-03-24T17:58:55Z,2023-03-24T17:59:00Z,3.875430831446879e-06,0.0029128458250317437,0.002908970394200297,0
2023-03-24T17:58:55Z,2023-03-24T17:59:00Z,1.5181156543128682e-05,0.0029249581205645506,0.002909776964021422,0
2023-03-24T17:58:55Z,2023-03-24T17:59:00Z,2.8875642289595896e-06,0.0029122090976607218,0.002909321533431762,0
2023-03-24T17:58:55Z,2023-03-24T17:59:00Z,8.13069362215306e-08,0.0029089810096372373,0.002908899702701016,0
2023-03-24T17:58:55Z,2023-03-24T17:59:00Z,3.7361067320583648e-06,0.002904747610178799,0.0029084837169108574,0
2023-03-24T17:58:55Z,2023-03-24T17:59:00Z,1.1189168573649388e-05,0.002918293529241251,0.0029071043606676015,0
2023-03-24T17:58:55Z,2023-03-24T17:59:00Z,1.4927438221735024e-05,0.002890718942460077,0.002905646380681812,0
2023-03-24T17:58:55Z,2023-03-24T17:59:00Z,3.0234268708895055e-05,0.0028755134743925163,0.0029057477431014113,0
2023-03-24T17:58:55Z,2023-03-24T17:59:00Z,1.917259604139465e-05,0.0028855103408934636,0.0029046829369348583,0
2023-03-24T17:58:55Z,2023-03-24T17:59:00Z,2.9151811042787013e-05,0.00287349443411701,0.002902646245159797,0
2023-03-24T17:58:55Z,2023-03-24T17:59:00Z,4.7005320500064125e-05,0.0028551762359024504,0.0029021815564025145,0
2023-03-24T17:58:55Z,2023-03-24T17:59:00Z,2.052660513311537e-05,0.0028817338055165953,0.0029022604106497107,0
2023-03-24T17:58:55Z,2023-03-24T17:59:00Z,6.119282893526923e-07,0.002899891780026754,0.0029005037083161067,0
2023-03-24T17:58:55Z,2023-03-24T17:59:00Z,3.5299605021855453e-06,0.0028963351203337207,0.0028998650808359063,0
2023-03-24T17:58:55Z,2023-03-24T17:59:00Z,6.989911505311114e-06,0.0028917259057840714,0.0028987158172893825,0
2023-03-24T17:58:55Z,2023-03-24T17:59:00Z,1.9728048617255294e-05,0.0028779366497437876,0.002897664698361043,0
2023-03-24T17:58:55Z,2023-03-24T17:59:00Z,3.99386648658245e-05,0.002856783845935201,0.0028967225108010256,0
2023-03-24T17:58:55Z,2023-03-24T17:59:00Z,3.320205056964263e-05,0.002861177442023154,0.0028943794925927967,0
2023-03-24T17:58:55Z,2023-03-24T17:59:00Z,1.5802713010040857e-05,0.002875072905889222,0.002890875618899263,0
2023-03-24T17:58:55Z,2023-03-24T17:59:00Z,2.3723712444474743e-05,0.002863165614045951,0.0028868893264904255,0
2023-03-24T17:58:55Z,2023-03-24T17:59:00Z,1.401485421317298e-05,0.0028705534602915337,0.0028845683145047067,0
2023-03-24T17:58:55Z,2023-03-24T17:59:00Z,3.6135214283614363e-05,0.0029178400665638656,0.0028817048522802513,0
2023-03-24T17:58:55Z,2023-03-24T17:59:00Z,3.6614379937746546e-05,0.002916182097850044,0.0028795677179122973,0
2023-03-24T17:58:55Z,2023-03-24T17:59:00Z,3.753239899327229e-05,0.002917071775488233,0.0028795393764949606,0
2023-03-24T17:58:55Z,2023-03-24T17:59:00Z,2.230721733295334e-05,0.002903438041039787,0.0028811308237068336,0
2023-03-24T17:58:55Z,2023-03-24T17:59:00Z,1.4511567094527191e-05,0.002898239784619843,0.002883728217525316,0
2023-03-24T17:58:55Z,2023-03-24T17:59:00Z,2.9896217994181476e-05,0.002914744916778643,0.0028848486987844615,0
2023-03-24T17:58:55Z,2023-03-24T17:59:00Z,3.182503914371179e-05,0.0029182203223346,0.002886395283190888,0
2023-03-24T17:58:55Z,2023-03-24T17:59:00Z,6.7980889863310245e-06,0.002896916414731981,0.00289011832574565,0
2023-03-24T17:58:55Z,2023-03-24T17:59:00Z,8.87253888734018e-06,0.002901271271934116,0.0028923987330467756,0
2023-03-24T17:58:55Z,2023-03-24T17:59:00Z,2.4999555329710977e-05,0.002917212328045563,0.002892212772715852,0
2023-03-24T17:58:55Z,2023-03-24T17:59:00Z,3.205356695533748e-05,0.0029245748491462144,0.002892521282190877,0
2023-03-24T17:58:55Z,2023-03-24T17:59:00Z,4.741355709743768e-05,0.002941527740679658,0.0028941141835822203,0
2023-03-24T17:58:55Z,2023-03-24T17:59:00Z,5.076823121522023e-05,0.0029477973022600922,0.002897029071044872,0
2023-03-24T17:58:55Z,2023-03-24T17:59:00Z,3.0242213528861896e-05,0.0029325677779952625,0.0029023255644664006,0
2023-03-24T17:58:55Z,2023-03-24T17:59:00Z,3.2847206203479116e-05,0.0029405865119346885,0.0029077393057312093,0
2023-03-24T17:58:55Z,2023-03-24T17:59:00Z,4.242464010572374e-05,0.0029537573753435605,0.0029113327352378367,0
2023-03-24T17:58:55Z,2023-03-24T17:59:00Z,3.0102018590601014e-05,0.002946273559946484,0.002916171541355883,0
2023-03-24T17:58:55Z,2023-03-24T17:59:00Z,2.2112614266937575e-05,0.0029434844003135723,0.0029213717860466348,0
2023-03-24T17:58:55Z,2023-03-24T17:59:00Z,1.776482747579966e-05,0.002940913706858848,0.002923148879383048,0
2023-03-24T17:58:55Z,2023-03-24T17:59:00Z,1.678175860973059e-05,0.002941637031896749,0.0029248552732870185,0
2023-03-24T17:58:55Z,2023-03-24T17:59:00Z,1.1657222129814529e-05,0.0029380026161274966,0.002926345393997682,0
2023-03-24T17:58:55Z,2023-03-24T17:59:00Z,3.820430876893925e-06,0.0029249124000493482,0.002928732830926242,0
2023-03-24T17:58:55Z,2023-03-24T17:59:00Z,1.421586109042524e-06,0.002932639594004513,0.0029312180078954705,0
2023-03-24T17:58:55Z,2023-03-24T17:59:00Z,2.1552311137386024e-05,0.0029103011644625036,0.0029318534755998897,0
2023-03-24T17:58:55Z,2023-03-24T17:59:00Z,3.0242359717091386e-05,0.002902512320362168,0.0029327546800792595,0
2023-03-24T17:58:55Z,2023-03-24T17:59:00Z,3.627120061695018e-05,0.0028973200263204667,0.002933591226937417,0
2023-03-24T17:58:55Z,2023-03-24T17:59:00Z,3.782140241409115e-05,0.002895847390050079,0.00293366879246417,0
2023-03-24T17:58:55Z,2023-03-24T17:59:00Z,5.4434868458632605e-05,0.002877990655147719,0.0029324255236063516,0
2023-03-24T17:58:55Z,2023-03-24T17:59:00Z,4.3501909166601856e-05,0.0028871281482462413,0.002930630057412843,0
2023-03-24T17:58:55Z,2023-03-24T17:59:00Z,7.269702315860311e-05,0.002853961966408494,0.002926658989567097,0
2023-03-24T17:58:55Z,2023-03-24T17:59:00Z,6.619130898820715e-05,0.0028566758584530243,0.0029228671674412315,0
2023-03-24T17:58:55Z,2023-03-24T17:59:00Z,7.376205763342386e-05,0.0028441922465836343,0.002917954304217058,0
2023-03-24T17:58:55Z,2023-03-24T17:59:00Z,5.200729615917679e-05,0.0028607025922152774,0.002912709888374454,0
2023-03-24T17:58:55Z,2023-03-24T17:59:00Z,4.54909815178978e-05,0.002860371086309061,0.002905862067826959,0
2023-03-24T17:58:55Z,2023-03-24T17:59:00Z,4.300390939856796e-05,0.0028575099729451904,0.0029005138823437583,0
2023-03-24T17:58:55Z,2023-03-24T17:59:00Z,4.1584804260929014e-05,0.0028537344959575473,0.0028953193002184763,0
2023-03-24T17:58:55Z,2023-03-24T17:59:00Z,2.9263191894293283e-05,0.0028608433749545796,0.002890106566848873,0
2023-03-24T17:58:55Z,2023-03-24T17:59:00Z,9.18243606684837e-06,0.0028754302222858243,0.0028846126583526727,0
2023-03-24T17:58:55Z,2023-03-24T17:59:00Z,9.305937384872665e-06,0.002870484268394493,0.0028797902057793655,0
2023-03-24T17:58:55Z,2023-03-24T17:59:00Z,2.9992818028240584e-05,0.0028467047516409047,0.0028766975696691453,0
2023-03-24T17:58:55Z,2023-03-24T17:59:00Z,3.61812202515706e-05,0.0028366316415669485,0.002872812861818519,0
2023-03-24T17:58:55Z,2023-03-24T17:59:00Z,4.2539789754446593e-05,0.0028262982962627228,0.0028688380860171694,0
2023-03-24T17:58:55Z,2023-03-24T17:59:00Z,2.7737762447988326e-05,0.00283698278114448,0.002864720543592468,0
2023-03-24T17:58:55Z,2023-03-24T17:59:00Z,3.1837223720525016e-05,0.002828444461743334,0.002860281685463859,0
2023-03-24T17:58:55Z,2023-03-24T17:59:00Z,1.962375052667019e-05,0.002836978896880589,0.002856602647407259,0
2023-03-24T17:58:55Z,2023-03-24T17:59:00Z,1.4009424342646681e-06,0.0028549069527537495,0.002853506010319485,0
2023-03-24T17:58:55Z,2023-03-24T17:59:00Z,2.093061169719133e-05,0.00282944107041194,0.0028503716821091313,0
2023-03-24T17:58:55Z,2023-03-24T17:59:00Z,1.2740119787608885e-05,0.002837690623968101,0.00285043074375571,0
2023-03-24T17:58:55Z,2023-03-24T17:59:00Z,1.723716199970209e-05,0.00283149140750344,0.002848728569503142,0
2023-03-24T17:58:55Z,2023-03-24T17:59:00Z,8.461975253737982e-06,0.0028567841933434092,0.0028483222180896712,0
2023-03-24T17:58:55Z,2023-03-24T17:59:00Z,5.4123427230080845e-05,0.0029006199462752623,0.0028464965190451814,0
2023-03-24T17:58:55Z,2023-03-24T17:59:00Z,7.763140000764104e-05,0.0029239037382424696,0.0028462723382348286,0
2023-03-24T17:58:55Z,2023-03-24T17:59:00Z,8.122814410123488e-05,0.0029301948556691927,0.002848966711567958,0
2023-03-24T17:58:55Z,2023-03-24T17:59:00Z,7.905005936636404e-05,0.0029324023485771296,0.0028533522892107656,0
2023-03-24T17:58:55Z,2023-03-24T17:59:00Z,8.02450861731507e-05,0.0029379318429285793,0.0028576867567554286,0
2023-03-24T17:58:55Z,2023-03-24T17:59:00Z,8.593214376072635e-05,0.0029471796584093616,0.0028612475146486353,0
2023-03-24T17:58:55Z,2023-03-24T17:59:00Z,7.915347568497252e-05,0.0029446164637419885,0.002865462988057016,0
2023-03-24T17:58:55Z,2023-03-24T17:59:00Z,7.29518692996747e-05,0.0029446945390297187,0.002871742669730044,0
2023-03-24T17:58:55Z,2023-03-24T17:59:00Z,7.016888641279756e-05,0.0029486606075287817,0.002878491721115984,0
2023-03-24T17:58:55Z,2023-03-24T17:59:00Z,4.6244213008674474e-05,0.002932135699297596,0.0028858914862889217,0
2023-03-24T17:58:55Z,2023-03-24T17:59:00Z,2.9120749006287215e-05,0.002921992099444228,0.002892871350437941,0
2023-03-24T17:58:55Z,2023-03-24T17:59:00Z,2.4043403341375124e-05,0.002923395456126457,0.002899352052785082,0
2023-03-24T17:58:55Z,2023-03-24T17:59:00Z,2.6375362067886012e-05,0.0029310407400131955,0.0029046653779453094,0
2023-03-24T17:58:55Z,2023-03-24T17:59:00Z,1.881873933504098e-05,0.0029277646487411444,0.0029089459094061034,0
2023-03-24T17:58:55Z,2023-03-24T17:59:00Z,2.257033832511095e-05,0.002937866227081293,0.002915295888756182,0
2023-03-24T17:58:55Z,2023-03-24T17:59:00Z,1.7130403364583238e-05,0.0029380559186690807,0.0029209255153044974,0
2023-03-24T17:58:55Z,2023-03-24T17:59:00Z,1.2494041896916972e-05,0.00294006798342503,0.002927573941528113,0
2023-03-24T17:58:55Z,2023-03-24T17:59:00Z,1.0902051486455858e-05,0.0029217513728745114,0.0029326534243609673,0
2023-03-24T17:58:55Z,2023-03-24T17:59:00Z,2.9733725731108124e-05,0.00290538520095172,0.002935118926682828,0
2023-03-24T17:58:55Z,2023-03-24T17:59:00Z,6.238985607418196e-05,0.0028725945477731485,0.0029349844038473304,0
2023-03-24T17:58:55Z,2023-03-24T17:59:00Z,8.15696881372543e-05,0.0028518641122902344,0.0029334338004274887,0
2023-03-24T17:58:55Z,2023-03-24T17:59:00Z,8.370845480912617e-05,0.0028459873580681133,0.0029296958128772394,0
2023-03-24T17:58:55Z,2023-03-24T17:59:00Z,0.0001209573795428946,0.0028033592001694484,0.002924316579712343,0
2023-03-24T17:58:55Z,2023-03-24T17:59:00Z,0.00015235771602336527,0.0027656343449176495,0.0029179920609410147,0
2023-03-24T17:58:55Z,2023-03-24T17:59:00Z,0.00018099057348002195,0.0027281729084877096,0.0029091634819677316,0
2023-03-24T17:58:55Z,2023-03-24T17:59:00Z,0.000225666545656636,0.002672305674179091,0.002897972219835727,0
2023-03-24T17:58:55Z,2023-03-24T17:59:00Z,0.00022890803780918146,0.0026552837008364783,0.0028841917386456598,0
2023-03-24T17:58:55Z,2023-03-24T17:59:00Z,0.0002702497545597586,0.0025977026075159945,0.002867952362075753,0
2023-03-24T17:58:55Z,2023-03-24T17:59:00Z,0.00031705993259728777,0.002534223154565481,0.002851283087162769,0
2023-03-24T17:58:55Z,2023-03-24T17:59:00Z,0.0003471467718871371,0.0024837805122374782,0.0028309272841246153,0
2023-03-24T17:58:55Z,2023-03-24T17:59:00Z,0.0003308172221403974,0.0024753089628937355,0.002806126185034133,0
2023-03-24T17:58:55Z,2023-03-24T17:59:00Z,0.000323994113828848,0.002454383062673806,0.002778377176502654,0
2023-03-24T17:58:55Z,2023-03-24T17:59:00Z,0.0003349540166886051,0.0024145133308023266,0.0027494673474909317,0
2023-03-24T17:58:55Z,2023-03-24T17:59:00Z,0.0003314927369104082,0.002387745057080819,0.002719237793991227,0
2023-03-24T17:58:55Z,2023-03-24T17:59:00Z,0.0003367517668102205,0.0023496388613920872,0.0026863906282023078,0
2023-03-24T17:58:55Z,2023-03-24T17:59:00Z,0.0003233051441137759,0.002329710089351426,0.002653015233465202,0
2023-03-24T17:58:55Z,2023-03-24T17:59:00Z,0.00031281006142134735,0.002305471025821378,0.0026182810872427253,0
2023-03-24T17:58:55Z,2023-03-24T17:59:00Z,0.00026763403859054926,0.0023167167700008182,0.0025843508085913675,1
2023-03-24T17:58:55Z,2023-03-24T17:59:00Z,0.00023603092414967554,0.0023141703165373883,0.002550201240687064,1
2023-03-24T17:58:55Z,2023-03-24T17:59:00Z,0.0002076514099824023,0.0023094704189504556,0.002517121828932858,1
2023-03-24T17:58:55Z,2023-03-24T17:59:00Z,0.000173604387923756,0.0023129431357820983,0.0024865475237058543,1
2023-03-24T17:58:55Z,2023-03-24T17:59:00Z,0.00013020440124154745,0.0023278328770913567,0.002458037278332904,1
2023-03-24T17:58:55Z,2023-03-24T17:59:00Z,9.927344353881156e-05,0.0023328119739999924,0.002432085417538804,1
2023-03-24T17:58:55Z,2023-03-24T17:59:00Z,6.362443540211624e-05,0.0023469314323187043,0.0024105558677208205,1
2023-03-24T17:58:55Z,2023-03-24T17:59:00Z,2.646931254775319e-05,0.002363932072245787,0.0023904013847935402,1
2023-03-24T17:58:55Z,2023-03-24T17:59:00Z,2.7129120287642996e-05,0.002401857306631352,0.002374728186343709,1
2023-03-24T17:58:55Z,2023-03-24T17:59:00Z,8.315319664241793e-05,0.0024472381903411465,0.0023640849936987286,1
2023-03-24T17:58:55Z,2023-03-24T17:59:00Z,0.00010709713355494185,0.0024660619269032875,0.0023589647933483456,1
2023-03-24T17:58:55Z,2023-03-24T17:59:00Z,0.00012950534161806047,0.0024867157116818693,0.002357210370063809,1
2023-03-24T17:58:55Z,2023-03-24T17:59:00Z,0.0001415407069317474,0.0024994810060098988,0.0023579402990781513,1
2023-03-24T17:58:55Z,2023-03-24T17:59:00Z,0.00011834136270531858,0.0024807943105884414,0.002362452947883123,1
2023-03-24T17:58:55Z,2023-03-24T17:59:00Z,0.00010445805910839524,0.0024738945037995853,0.00236943644469119,1
2023-03-24T17:58:55Z,2023-03-24T17:59:00Z,9.820416530113493e-05,0.002475837825567097,0.0023776336602659622,1
2023-03-24T17:58:55Z,2023-03-24T17:59:00Z,8.624147159115147e-05,0.002472886657760124,0.0023866451861689723,1
2023-03-24T17:58:55Z,2023-03-24T17:59:00Z,4.625102548905203e-05,0.002443544136642132,0.00239729311115308,1
2023-03-24T17:58:55Z,2023-03-24T17:59:00Z,8.704990779049952e-06,0.0024157587199170865,0.0024070537291380366,1
2023-03-24T17:58:55Z,2023-03-24T17:59:00Z,2.4914247457800357e-05,0.0023902253454367826,0.002415139592894583,1
2023-03-24T17:58:55Z,2023-03-24T17:59:00Z,6.387276755462877e-05,0.0023579098441503686,0.0024217826117049973,1
2023-03-24T17:58:55Z,2023-03-24T17:59:00Z,0.00010076720035710534,0.0023258455494513095,0.002426612749808415,1
2023-03-24T17:58:55Z,2023-03-24T17:59:00Z,0.00010082057151089303,0.0023276719887387106,0.0024284925602496036,1
2023-03-24T17:58:55Z,2023-03-24T17:59:00Z,7.968202422839379e-05,0.002348375134486917,0.002428057158715311,1
2023-03-24T17:58:55Z,2023-03-24T17:59:00Z,2.122551637455828e-05,0.002405627927117003,0.0024268534434915613,0
2023-03-24T17:58:55Z,2023-03-24T17:59:00Z,3.521516176390859e-05,0.00246109629664554,0.0024258811348816314,0
2023-03-24T17:58:55Z,2023-03-24T17:59:00Z,4.565981886482705e-05,0.002471776617526812,0.002426116798661985,0
2023-03-24T17:58:55Z,2023-03-24T17:59:00Z,7.274584320566364e-05,0.0024997287735116732,0.0024269829303060096,0
2023-03-24T17:58:55Z,2023-03-24T17:59:00Z,0.00010143123317202197,0.0025287713316420016,0.0024273400984699796,0
2023-03-24T17:58:55Z,2023-03-24T17:59:00Z,8.919532172329105e-05,0.0025173487365576334,0.0024281534148343424,0
2023-03-24T17:58:55Z,2023-03-24T17:59:00Z,6.782885572436574e-05,0.0024978129159107148,0.002429984060186349,0
2023-03-24T17:58:55Z,2023-03-24T17:59:00Z,6.266292387613597e-05,0.0024949316356855595,0.0024322687118094235,0
2023-03-24T17:58:55Z,2023-03-24T17:59:00Z,5.9789177928702784e-05,0.0024935527904950713,0.0024337636125663685,0
2023-03-24T17:58:55Z,2023-03-24T17:59:00Z,3.6840277052234676e-05,0.0024717972527510076,0.002434956975698773,0
2023-03-24T17:58:55Z,2023-03-24T17:59:00Z,3.4075548568320273e-05,0.0024703241575630276,0.0024362486089947073,0
2023-03-24T17:58:55Z,2023-03-24T17:59:00Z,2.064163376319303e-05,0.0024586560625147053,0.0024380144287515122,0
2023-03-24T17:58:55Z,2023-03-24T17:59:00Z,9.841311696888802e-06,0.002451266080301272,0.002441424768604383,0
2023-03-24T17:58:55Z,2023-03-24T17:59:00Z,2.6312354656873004e-05,0.0024720140430786264,0.0024457016884217534,1
2023-03-24T17:58:55Z,2023-03-24T17:59:00Z,1.55947446852313e-05,0.002467131197866416,0.0024515364531811847,1
2023-03-24T17:58:55Z,2023-03-24T17:59:00Z,1.4551218337544893e-05,0.0024461207656953474,0.0024606719840328923,1
2023-03-24T17:58:55Z,2023-03-24T17:59:00Z,3.606009569810881e-05,0.002433328088905265,0.0024693881846033737,1
2023-03-24T17:58:55Z,2023-03-24T17:59:00Z,6.400990780635728e-05,0.0024114873787475432,0.0024754972865539005,1
2023-03-24T17:58:55Z,2023-03-24T17:59:00Z,6.657044992573269e-05,0.0024106580967399346,0.0024772285466656673,1
2023-03-24T17:58:55Z,2023-03-24T17:59:00Z,8.362586752052367e-05,0.0023905021217765186,0.0024741279892970423,1
2023-03-24T17:58:55Z,2023-03-24T17:59:00Z,9.962093249430131e-05,0.002370687149253561,0.0024703080817478624,1
2023-03-24T17:58:55Z,2023-03-24T17:59:00Z,8.3911726466684e-05,0.0023795696895477316,0.0024634814160144156,1
2023-03-24T17:58:55Z,2023-03-24T17:59:00Z,0.00011249469455755024,0.002341106460057588,0.002453601154615138,1
2023-03-24T17:58:55Z,2023-03-24T17:59:00Z,0.00013883907823929306,0.0023061508859377263,0.0024449899641770193,1
2023-03-24T17:58:55Z,2023-03-24T17:59:00Z,0.00016375935480986755,0.002271436455876331,0.0024351958106861985,1
2023-03-24T17:58:55Z,2023-03-24T17:59:00Z,0.00020458827531704468,0.0022188087385099143,0.002423397013826959,1
2023-03-24T17:58:55Z,2023-03-24T17:59:00Z,0.00022767014075869606,0.002181844602154592,0.002409514742913288,1
2023-03-24T17:58:55Z,2023-03-24T17:59:00Z,0.00023259648200741083,0.0021611064787658086,0.0023937029607732194,1
2023-03-24T17:58:55Z,2023-03-24T17:59:00Z,0.00022685710448345229,0.00214881588407674,0.002375672988560192,1
2023-03-24T17:58:55Z,2023-03-24T17:59:00Z,0.00021958497978307942,0.0021374911597928066,0.002357076139575886,1
2023-03-24T17:58:55Z,2023-03-24T17:59:00Z,0.000201900950452603,0.00213627205185925,0.0023381730023118528,1
2023-03-24T17:58:55Z,2023-03-24T17:59:00Z,0.00017591523427142736,0.0021413500878350615,0.002317265322106489,1
2023-03-24T17:58:55Z,2023-03-24T17:59:00Z,0.00016057263474728457,0.0021360139907337567,0.0022965866254810413,1
2023-03-24T17:58:55Z,2023-03-24T17:59:00Z,0.000156265032627537,0.0021212734254872365,0.0022775384581147735,1
2023-03-24T17:58:55Z,2023-03-24T17:59:00Z,0.00013848760279268173,0.0021204687241863722,0.002258956326979054,1
2023-03-24T17:58:55Z,2023-03-24T17:59:00Z,0.00013528887015571128,0.0021055290847445734,0.0022408179549002847,1
2023-03-24T17:58:55Z,2023-03-24T17:59:00Z,0.00013884352544954242,0.0020838375936661447,0.002222681119115687,1
2023-03-24T17:58:55Z,2023-03-24T17:59:00Z,0.00016029530337007296,0.002044575000931118,0.002204870304301191,1
2023-03-24T17:58:55Z,2023-03-24T17:59:00Z,0.00015290311140628244,0.0020340390956706945,0.002186942207076977,1
2023-03-24T17:58:55Z,2023-03-24T17:59:00Z,0.00013153409190181297,0.0020344709471366257,0.0021660050390384386,1
2023-03-24T17:58:55Z,2023-03-24T17:59:00Z,0.00010898122378402708,0.0020378321049802305,0.0021468133287642576,1
2023-03-24T17:58:55Z,2023-03-24T17:59:00Z,9.081966642241618e-05,0.002039013666166773,0.002129833332589189,1
2023-03-24T17:58:55Z,2023-03-24T17:59:00Z,9.780589643351234e-05,0.0020174271642246703,0.0021152330606581827,1
2023-03-24T17:58:55Z,2023-03-24T17:59:00Z,7.752540994236017e-05,0.002026470458694376,0.0021039958686367363,1
2023-03-24T17:58:55Z,2023-03-24T17:59:00Z,6.282853630542283e-05,0.0020308912424606934,0.0020937197787661162,1
2023-03-24T17:58:55Z,2023-03-24T17:59:00Z,6.88954631132303e-05,0.0020164095643984215,0.0020853050275116518,1
2023-03-24T17:58:55Z,2023-03-24T17:59:00Z,5.185835727875747e-05,0.0020260763801318916,0.002077934737410649,1
2023-03-24T17:58:55Z,2023-03-24T17:59:00Z,3.385500973973957e-05,0.00203651212795876,0.0020703671376984998,1
2023-03-24T17:58:55Z,2023-03-24T17:59:00Z,3.801940830173642e-05,0.0020254604999138037,0.00206347990821554,1
2023-03-24T17:58:55Z,2023-03-24T17:59:00Z,3.597455684426973e-05,0.0020209529788790016,0.0020569275357232714,1
2023-03-24T17:58:55Z,2023-03-24T17:59:00Z,4.261463217057832e-05,0.0020074033103764455,0.002050017942547024,1
2023-03-24T17:58:55Z,2023-03-24T17:59:00Z,5.9336266671413795e-05,0.0019844116479625956,0.0020437479146340094,1
2023-03-24T17:58:55Z,2023-03-24T17:59:00Z,5.913073816056274e-05,0.0019775505881103263,0.002036681326270889,1
2023-03-24T17:58:55Z,2023-03-24T17:59:00Z,5.404506429004677e-05,0.001975066422181969,0.0020291114864720156,1
2023-03-24T17:58:55Z,2023-03-24T17:59:00Z,6.277318831940468e-05,0.001959695360305372,0.0020224685486247766,1
2023-03-24T17:58:55Z,2023-03-24T17:59:00Z,7.230439201413147e-05,0.0019458198704388233,0.002018124262452955,1
2023-03-24T17:58:55Z,2023-03-24T17:59:00Z,8.57962270379071e-05,0.001927681551954715,0.002013477778992622,1
2023-03-24T17:58:55Z,2023-03-24T17:59:00Z,8.823893576055046e-05,0.001919698150938459,0.0020079370866990095,1
2023-03-24T17:58:55Z,2023-03-24T17:59:00Z,7.837333877301297e-05,0.0019226793383619017,0.0020010526771349147,1
2023-03-24T17:58:55Z,2023-03-24T17:59:00Z,9.002783526344425e-05,0.0019035676221697008,0.001993595457433145,1
2023-03-24T17:58:55Z,2023-03-24T17:59:00Z,8.751326062478543e-05,0.0019001604576919368,0.001987673718316722,1
2023-03-24T17:58:55Z,2023-03-24T17:59:00Z,6.315484272565852e-05,0.0019168374483082714,0.00197999229103393,1
2023-03-24T17:58:55Z,2023-03-24T17:59:00Z,5.7473145332851165e-05,0.0019143484716530317,0.001971821616985883,1
2023-03-24T17:58:55Z,2023-03-24T17:59:00Z,5.507451525797475e-05,0.0019105238444722737,0.0019655983597302485,1
2023-03-24T17:58:55Z,2023-03-24T17:59:00Z,6.5597907404817e-05,0.0018930174580455027,0.0019586153654503197,1
2023-03-24T17:58:55Z,2023-03-24T17:59:00Z,6.820309760553257e-05,0.0018825380001268816,0.0019507410977324142,1
2023-03-24T17:58:55Z,2023-03-24T17:59:00Z,6.805367006345545e-05,0.00187440973755219,0.0019424634076156454,1
2023-03-24T17:58:55Z,2023-03-24T17:59:00Z,5.989163702289652e-05,0.0018739208344207415,0.001933812471443638,1
2023-03-24T17:58:55Z,2023-03-24T17:59:00Z,4.725550551573144e-05,0.0018782448676263905,0.001925500373142122,1
2023-03-24T17:58:55Z,2023-03-24T17:59:00Z,2.5610384868422417e-05,0.0018929843124273337,0.001918594697295756,1
2023-03-24T17:58:55Z,2023-03-24T17:59:00Z,2.8331547604642984e-05,0.0018840565421608673,0.0019123880897655102,1
2023-03-24T17:58:55Z,2023-03-24T17:59:00Z,3.701297144298389e-05,0.0018702449864628616,0.0019072579579058454,1
2023-03-24T17:58:55Z,2023-03-24T17:59:00Z,2.701067641599033e-05,0.0018755198553558237,0.001902530531771814,1
2023-03-24T17:58:55Z,2023-03-24T17:59:00Z,6.615425270359906e-07,0.0018971455589962803,0.0018978071015233163,1
2023-03-24T17:58:55Z,2023-03-24T17:59:00Z,7.313957070385077e-06,0.0019018609525562706,0.0018945469954858856,1
2023-03-24T17:58:55Z,2023-03-24T17:59:00Z,3.0006875070284853e-06,0.001890136770982471,0.0018931374584894994,1
2023-03-24T17:58:55Z,2023-03-24T17:59:00Z,1.973513824724319e-05,0.0018721011711294042,0.0018918363093766474,1
2023-03-24T17:58:55Z,2023-03-24T17:59:00Z,3.158689064202422e-05,0.0018594099905354213,0.0018909968811774455,1
2023-03-24T17:58:55Z,2023-03-24T17:59:00Z,2.8736651866686407e-05,0.0018605065239006007,0.001889243175767287,1
2023-03-24T17:58:55Z,2023-03-24T17:59:00Z,3.169038637791102e-05,0.0018539635732785732,0.0018856539596564842,1
2023-03-24T17:58:55Z,2023-03-24T17:59:00Z,1.514117489711999e-05,0.001867147663024837,0.001882288837921957,1
2023-03-24T17:58:55Z,2023-03-24T17:59:00Z,2.538867949395361e-06,0.0018762149530229554,0.0018787538209723508,1
2023-03-24T17:58:55Z,2023-03-24T17:59:00Z,1.2669399501616992e-05,0.0018898063582851762,0.0018771369587835592,1
2023-03-24T17:58:55Z,2023-03-24T17:59:00Z,2.463756652379e-05,0.001901379334863354,0.001876741768339564,1
2023-03-24T17:58:55Z,2023-03-24T17:59:00Z,2.6373177895608292e-05,0.0019040772350309837,0.0018777040571353754,1
2023-03-24T17:58:55Z,2023-03-24T17:59:00Z,2.3101009824569958e-05,0.0019025212232376086,0.0018794202134130387,1
2023-03-24T17:58:55Z,2023-03-24T17:59:00Z,3.134521707153404e-05,0.00191237995344736,0.001881034736375826,1
2023-03-24T17:58:55Z,2023-03-24T17:59:00Z,3.2348448038659744e-05,0.001913979241340128,0.0018816307933014682,1
2023-03-24T17:58:55Z,2023-03-24T17:59:00Z,2.9715479463820462e-05,0.0019131164859706943,0.0018834010065068739,1
2023-03-24T17:58:55Z,2023-03-24T17:59:00Z,2.399673467060894e-05,0.001910131132107312,0.0018861343974367032,1
2023-03-24T17:58:55Z,2023-03-24T17:59:00Z,1.6849449991541412e-05,0.001905333636841674,0.0018884841868501325,1
2023-03-24T17:58:55Z,2023-03-24T17:59:00Z,3.535883881375249e-06,0.0018857599012881967,0.001889295785169572,1
2023-03-24T17:58:55Z,2023-03-24T17:59:00Z,3.5281924030202035e-06,0.0018859846355343895,0.0018895128279374097,1
2023-03-24T17:58:55Z,2023-03-24T17:59:00Z,1.1097203213852273e-06,0.0018903489939029027,0.0018892392735815175,1
2023-03-24T17:58:55Z,2023-03-24T17:59:00Z,9.901391600056512e-06,0.0018802055985067726,0.0018901069901068291,1
2023-03-24T17:58:55Z,2023-03-24T17:59:00Z,1.312178126218911e-05,0.0019051624590794858,0.0018920406778172966,1
2023-03-24T17:58:55Z,2023-03-24T17:59:00Z,1.627526874120144e-05,0.001909547138721384,0.0018932718699801825,1
2023-03-24T17:58:55Z,2023-03-24T17:59:00Z,5.279293344807824e-06,0.0018911925069979316,0.0018964718003427394,0
2023-03-24T17:58:55Z,2023-03-24T17:59:00Z,2.882412740198067e-05,0.0019279458949757542,0.0018991217675737736,0
2023-03-24T17:58:55Z,2023-03-24T17:59:00Z,6.567806847455004e-05,0.0019657359331717596,0.0019000578646972096,0
2023-03-24T17:58:55Z,2023-03-24T17:59:00Z,0.00010537827570738698,0.002007819861447758,0.0019024415857403709,0
2023-03-24T17:58:55Z,2023-03-24T17:59:00Z,0.00014801713842032237,0.0020544810115549683,0.001906463873134646,0
2023-03-24T17:58:55Z,2023-03-24T17:59:00Z,0.00019577525185522464,0.002108723039140919,0.0019129477872856944,0
2023-03-24T17:58:55Z,2023-03-24T17:59:00Z,0.00022808208216803616,0.0021505273562235656,0.0019224452740555294,0
2023-03-24T17:58:55Z,2023-03-24T17:59:00Z,0.00025763236311330314,0.00219234908002468,0.001934716716911377,0
2023-03-24T17:58:55Z,2023-03-24T17:59:00Z,0.0002866540016782798,0.0022361549757698713,0.0019495009740915915,0
2023-03-24T17:58:55Z,2023-03-24T17:59:00Z,0.0003126263899811397,0.0022795794012011057,0.001966953011219966,0
2023-03-24T17:58:55Z,2023-03-24T17:59:00Z,0.0003437547135694656,0.0023310842150183414,0.001987329501448876,0
2023-03-24T17:58:55Z,2023-03-24T17:59:00Z,0.0003826940254585574,0.0023934138871798977,0.0020107198617213403,0
2023-03-24T17:58:55Z,2023-03-24T17:59:00Z,0.00039275363948778133,0.0024313062708172556,0.0020385526313294743,0
2023-03-24T17:58:55Z,2023-03-24T17:59:00Z,0.0004312366404110252,0.0025015035999683436,0.0020702669595573184,0
2023-03-24T17:58:55Z,2023-03-24T17:59:00Z,0.00045381837117473064,0.0025578951605391962,0.0021040767893644656,0
2023-03-24T17:58:55Z,2023-03-24T17:59:00Z,0.000453252406906403,0.002596160321362217,0.002142907914455814,0
2023-03-24T17:58:55Z,2023-03-24T17:59:00Z,0.0004624400271860552,0.0026461437354831007,0.0021837037082970455,0
2023-03-24T17:58:55Z,2023-03-24T17:59:00Z,0.0004671777887986419,0.0026937948210107397,0.0022266170322120978,0
2023-03-24T17:58:55Z,2023-03-24T17:59:00Z,0.00045914479070541204,0.002732946274697833,0.002273801483992421,0
2023-03-24T17:58:55Z,2023-03-24T17:59:00Z,0.0004267920350643894,0.002748459076933997,0.0023216670418696075,0
2023-03-24T17:58:55Z,2023-03-24T17:59:00Z,0.0003755796171384788,0.0027451973053534656,0.002369617688214987,0
2023-03-24T17:58:55Z,2023-03-24T17:59:00Z,0.00032494785282297274,0.0027408554920058496,0.002415907639182877,0
2023-03-24T17:58:55Z,2023-03-24T17:59:00Z,0.00030600560009663323,0.0027650830076419164,0.002459077407545283,0
2023-03-24T17:58:55Z,2023-03-24T17:59:00Z,0.0002781518228318321,0.002776737508681173,0.002498585685849341,0
2023-03-24T17:58:55Z,2023-03-24T17:59:00Z,0.00023915603114869942,0.0027761514452116875,0.002536995414062988,0
2023-03-24T17:58:55Z,2023-03-24T17:59:00Z,0.0002042247528183925,0.0027777444436724117,0.002573519690854019,0
2023-03-24T17:58:55Z,2023-03-24T17:59:00Z,0.00017097033720795806,0.0027782398074020906,0.0026072694701941325,0
2023-03-24T17:58:55Z,2023-03-24T17:59:00Z,0.00012554100528039446,0.0027639457906289836,0.002638404785348589,0
2023-03-24T17:58:55Z,2023-03-24T17:59:00Z,9.704902301824886e-05,0.0027634010328908224,0.0026663520098725736,0
2023-03-24T17:58:55Z,2023-03-24T17:59:00Z,9.236056221900105e-05,0.0027818708160571425,0.0026895102538381415,0
2023-03-24T17:58:55Z,2023-03-24T17:59:00Z,9.259413958662274e-05,0.002802860316054362,0.002710266176467739,0
2023-03-24T17:58:55Z,2023-03-24T17:59:00Z,6.251175891848438e-05,0.0027903008863917737,0.0027277891274732893,0
2023-03-24T17:58:55Z,2023-03-24T17:59:00Z,4.689074376262956e-05,0.0027899901934556165,0.002743099449692987,0
2023-03-24T17:58:55Z,2023-03-24T17:59:00Z,1.787269754438634e-05,0.002773105932551721,0.0027552332350073345,0
2023-03-24T17:58:55Z,2023-03-24T17:59:00Z,7.406375137331521e-07,0.0027649642761443495,0.0027642236386306164,0
2023-03-24T17:58:55Z,2023-03-24T17:59:00Z,3.6831572822562143e-06,0.0027654974258196716,0.002769180583101928,0
2023-03-24T17:58:55Z,2023-03-24T17:59:00Z,6.985365946661146e-06,0.0027641963422456737,0.002771181708192335,0
2023-03-24T17:58:55Z,2023-03-24T17:59:00Z,1.694490954958069e-05,0.0027891915145472706,0.00277224660499769,0
2023-03-24T17:58:55Z,2023-03-24T17:59:00Z,8.660964498715881e-06,0.0027820950093021685,0.0027734340448034526,0
2023-03-24T17:58:55Z,2023-03-24T17:59:00Z,3.3544269486215396e-06,0.002779809473160913,0.0027764550462122915,0
2023-03-24T17:58:55Z,2023-03-24T17:59:00Z,6.931576221630691e-06,0.002784449872537688,0.0027775182963160573,0
2023-03-24T17:58:55Z,2023-03-24T17:59:00Z,8.45517213413343e-07,0.0027785558113094548,0.0027777102940960414,0
2023-03-24T17:58:55Z,2023-03-24T17:59:00Z,1.781054915027955e-05,0.0027604183966536363,0.002778228945803916,0
2023-03-24T17:58:55Z,2023-03-24T17:59:00Z,2.6859395222110852e-05,0.0027514202610591206,0.0027782796562812314,0
2023-03-24T17:58:55Z,2023-03-24T17:59:00Z,3.284427939727677e-05,0.002744321538712176,0.002777165818109453,0
2023-03-24T17:58:55Z,2023-03-24T17:59:00Z,2.828188905645455e-05,0.0027481010834548825,0.002776382972511337,0
2023-03-24T17:58:55Z,2023-03-24T17:59:00Z,4.352402903432884e-05,0.0027316664750908423,0.002775190504125171,0
2023-03-24T17:58:55Z,2023-03-24T17:59:00Z,3.185205401786632e-05,0.002741227841819664,0.0027730798958375304,0
2023-03-24T17:58:55Z,2023-03-24T17:59:00Z,3.183782841847385e-05,0.0027367924523588358,0.0027686302807773096,0
2023-03-24T17:58:55Z,2023-03-24T17:59:00Z,2.7891452742230365e-05,0.002737671762749323,0.0027655632154915534,0
2023-03-24T17:58:55Z,2023-03-24T17:59:00Z,4.79973154916425e-05,0.002714241041181362,0.0027622383566730047,0
2023-03-24T17:58:55Z,2023-03-24T17:59:00Z,4.389288192745448e-05,0.0027161308391329,0.0027600237210603546,0
2023-03-24T17:58:55Z,2023-03-24T17:59:00Z,5.3084542180159826e-05,0.002703768976695008,0.0027568535188751677,0
2023-03-24T17:58:55Z,2023-03-24T17:59:00Z,2.6937834106465202e-05,0.0027268302731007794,0.0027537681072072446,0
2023-03-24T17:58:55Z,2023-03-24T17:59:00Z,2.9583570566125723e-05,0.002720407826294202,0.002749991396860328,0
2023-03-24T17:58:55Z,2023-03-24T17:59:00Z,4.5825819799324985e-05,0.0027002679994705975,0.0027460938192699225,0
2023-03-24T17:58:55Z,2023-03-24T17:59:00Z,9.904771636366164e-06,0.0027323335986955584,0.0027422383703319246,0
2023-03-24T17:58:55Z,2023-03-24T17:59:00Z,7.855839645970995e-06,0.0027294111885803087,0.0027372670282262796,0
2023-03-24T17:58:55Z,2023-03-24T17:59:00Z,6.882353195714584e-06,0.0027408921143068613,0.0027340097611111467,0
2023-03-24T17:58:55Z,2023-03-24T17:59:00Z,8.714998420106083e-06,0.002739653220610681,0.002730938222190575,0
2023-03-24T17:58:55Z,2023-03-24T17:59:00Z,2.8371622915196546e-05,0.002758089452459098,0.0027297178295439014,0
2023-03-24T17:58:55Z,2023-03-24T17:59:00Z,1.479332063357994e-05,0.002743775710149454,0.002728982389515874,0
2023-03-24T17:58:55Z,2023-03-24T17:59:00Z,4.226872490849937e-06,0.0027256160116342068,0.0027298428841250567,0
2023-03-24T17:58:55Z,2023-03-24T17:59:00Z,5.878539131477702e-06,0.002735451087424945,0.0027295725482934675,0
2023-03-24T17:58:55Z,2023-03-24T17:59:00Z,2.6860839597384317e-05,0.002702333554730043,0.0027291943943274274,0
2023-03-24T17:58:55Z,2023-03-24T17:59:00Z,2.3949056154881198e-05,0.0027048842910228762,0.0027288333471777574,0
2023-03-24T17:58:55Z,2023-03-24T17:59:00Z,2.805899471727e-05,0.002698620671358688,0.002726679666075958,0
2023-03-24T17:58:55Z,2023-03-24T17:59:00Z,2.780560020800406e-05,0.0026968248488850512,0.0027246304490930553,0
2023-03-24T17:58:55Z,2023-03-24T17:59:00Z,2.0932088441115958e-05,0.002702722087538022,0.0027236541759791378,0
2023-03-24T17:58:55Z,2023-03-24T17:59:00Z,2.5769103599267325e-05,0.00269667844798938,0.0027224475515886474,0
2023-03-24T17:58:55Z,2023-03-24T17:59:00Z,2.268224462082403e-05,0.0026996998763955116,0.0027223821210163356,0
2023-03-24T17:58:55Z,2023-03-24T17:59:00Z,7.881470735734454e-05,0.002641682924589529,0.0027204976319468734,0
2023-03-24T17:58:55Z,2023-03-24T17:59:00Z,0.00015748790040103064,0.0025617154846771743,0.002719203385078205,0
2023-03-24T17:58:55Z,2023-03-24T17:59:00Z,0.00015953259291838886,0.0025560092249797494,0.0027155418178981382,0
2023-03-24T17:58:55Z,2023-03-24T17:59:00Z,0.0001446982400981774,0.002560179945673812,0.0027048781857719893,0
2023-03-24T17:58:55Z,2023-03-24T17:59:00Z,0.00015629082987163876,0.0025377497331753158,0.0026940405630469545,0
2023-03-24T17:58:55Z,2023-03-24T17:59:00Z,0.00014479775312941246,0.0025379482993779763,0.002682746052507389,0
2023-03-24T17:58:55Z,2023-03-24T17:59:00Z,0.00013966341354483157,0.002530463670997847,0.0026701270845426784,0
2023-03-24T17:58:55Z,2023-03-24T17:59:00Z,0.00014542066237724924,0.0025109476000978593,0.0026563682624751086,0
2023-03-24T17:58:55Z,2023-03-24T17:59:00Z,0.00013557758498896873,0.0025074586750391645,0.0026430362600281332,0
2023-03-24T17:58:55Z,2023-03-24T17:59:00Z,0.0001491829722593983,0.002480436512047713,0.0026296194843071115,0
2023-03-24T17:58:55Z,2023-03-24T17:59:00Z,0.00015103754101983584,0.002464332417513164,0.0026153699585329997,0
2023-03-24T17:58:55Z,2023-03-24T17:59:00Z,0.00014079698157779767,0.0024607044117875565,0.002601501393365354,0
2023-03-24T17:58:55Z,2023-03-24T17:59:00Z,0.00011471822495350264,0.0024717486763174944,0.002586466901270997,0
2023-03-24T17:58:55Z,2023-03-24T17:59:00Z,0.00010396418226975464,0.002467632952778047,0.0025715971350478016,0
2023-03-24T17:58:55Z,2023-03-24T17:59:00Z,8.04214964127809e-05,0.0024771083778495485,0.0025575298742623294,0
2023-03-24T17:58:55Z,2023-03-24T17:59:00Z,9.077454036166346e-05,0.0024520622629781675,0.002542836803339831,0
2023-03-24T17:58:55Z,2023-03-24T17:59:00Z,8.03925300985023e-05,0.002448721143857589,0.0025291136739560914,0
2023-03-24T17:58:55Z,2023-03-24T17:59:00Z,5.709357550509348e-05,0.0024565427476124137,0.0025136363231175072,0
2023-03-24T17:58:55Z,2023-03-24T17:59:00Z,5.8602467255831295e-05,0.00244297374456593,0.0025015762118217612,0
2023-03-24T17:58:55Z,2023-03-24T17:59:00Z,7.055139131319178e-05,0.0024244515244420217,0.0024950029157552135,0
2023-03-24T17:58:55Z,2023-03-24T17:59:00Z,6.51810074268084e-05,0.0024227571908025415,0.00248793819822935,0
2023-03-24T17:58:55Z,2023-03-24T17:59:00Z,6.853659756417057e-05,0.0024109185743381926,0.002479455171902363,0
2023-03-24T17:58:55Z,2023-03-24T17:59:00Z,5.3422205048800873e-05,0.0024188459329552636,0.0024722681380040645,0
2023-03-24T17:58:55Z,2023-03-24T17:59:00Z,5.317493250814797e-05,0.0024111538476809303,0.0024643287801890783,0
2023-03-24T17:58:55Z,2023-03-24T17:59:00Z,5.921453859663358e-05,0.002398138132964783,0.0024573526715614166,0
2023-03-24T17:58:55Z,2023-03-24T17:59:00Z,8.414197119630158e-05,0.002366973590839057,0.0024511155620353586,0
2023-03-24T17:58:55Z,2023-03-24T17:59:00Z,8.18444123164121e-05,0.0023624386158392977,0.0024442830281557098,0
2023-03-24T17:58:55Z,2023-03-24T17:59:00Z,8.039267708835358e-05,0.002356798918491815,0.0024371915955801685,0
2023-03-24T17:58:55Z,2023-03-24T17:59:00Z,6.459071170637851e-05,0.002366232521269174,0.0024308232329755524,0
2023-03-24T17:58:55Z,2023-03-24T17:59:00Z,5.954535382542191e-05,0.002364783785819147,0.0024243291396445687,0
2023-03-24T17:58:55Z,2023-03-24T17:59:00Z,4.6576660284947374e-05,0.002371157719669101,0.002417734379954048,0
2023-03-24T17:58:55Z,2023-03-24T17:59:00Z,4.3602831298672484e-05,0.0023677034757204445,0.002411306307019117,0
2023-03-24T17:58:55Z,2023-03-24T17:59:00Z,3.229590645014661e-05,0.0023723884844326923,0.002404684390882839,0
2023-03-24T17:58:55Z,2023-03-24T17:59:00Z,2.195614421247709e-05,0.002377455822466754,0.002399411966679231,0
2023-03-24T17:58:55Z,2023-03-24T17:59:00Z,2.663965161060419e-07,0.002394907571981281,0.002394641175465175,0
2023-03-24T17:58:55Z,2023-03-24T17:59:00Z,1.9377457502794005e-05,0.0024090757001463655,0.0023896982426435715,0
2023-03-24T17:58:55Z,2023-03-24T17:59:00Z,3.761176300433322e-05,0.0024243058698613642,0.002386694106857031,0
2023-03-24T17:58:55Z,2023-03-24T17:59:00Z,5.019928758824999e-05,0.0024359324054268024,0.0023857331178385524,0
2023-03-24T17:58:55Z,2023-03-24T17:59:00Z,7.590017214977431e-05,0.0024617300824295034,0.002385829910279729,0
2023-03-24T17:58:55Z,2023-03-24T17:59:00Z,0.00010443168585188732,0.0024918249605746542,0.002387393274722767,0
2023-03-24T17:58:55Z,2023-03-24T17:59:00Z,0.00012145005580103604,0.002511523589865943,0.002390073534064907,0
2023-03-24T17:58:55Z,2023-03-24T17:59:00Z,0.00015487477624985405,0.0025499902548706188,0.0023951154786207647,0
2023-03-24T17:58:55Z,2023-03-24T17:59:00Z,0.0001846804270490567,0.002586882496726144,0.0024022020696770874,0
2023-03-24T17:58:55Z,2023-03-24T17:59:00Z,0.0002020107841449112,0.002615651395323971,0.00241364061117906,0
2023-03-24T17:58:55Z,2023-03-24T17:59:00Z,0.00018380485230795216,0.00261147320604244,0.002427668353734488,0
2023-03-24T17:58:55Z,2023-03-24T17:59:00Z,0.00017111117805614822,0.0026149578115926457,0.0024438466335364975,0
2023-03-24T17:58:55Z,2023-03-24T17:59:00Z,0.00014467671342047878,0.0026038508897553055,0.0024591741763348267,0
2023-03-24T17:58:55Z,2023-03-24T17:59:00Z,8.489492302071917e-06,0.0024832995452477424,0.0024748100529456704,0
2023-03-24T17:58:55Z,2023-03-24T17:59:00Z,0.0001280982105864351,0.002361255165489623,0.002489353376076058,0
2023-03-24T17:58:55Z,2023-03-24T17:59:00Z,0.00024039979122502178,0.0022561783391964923,0.002496578130421514,0
2023-03-24T17:58:55Z,2023-03-24T17:59:00Z,0.00023630353163436087,0.0022595787663532113,0.002495882297987572,0
2023-03-24T17:58:55Z,2023-03-24T17:59:00Z,0.00030359249410973977,0.0021847099611734416,0.0024883024552831813,0
2023-03-24T17:58:55Z,2023-03-24T17:59:00Z,0.00038643173558129207,0.0020934126693501346,0.0024798444049314266,0
2023-03-24T17:58:55Z,2023-03-24T17:59:00Z,0.0003945490569130447,0.0020712724893325743,0.002465821546245619,0
2023-03-24T17:58:55Z,2023-03-24T17:59:00Z,0.00042188971528088525,0.002023251005932782,0.002445140721213667,0
2023-03-24T17:58:55Z,2023-03-24T17:59:00Z,0.00041469797170502233,0.0020076515047527553,0.0024223494764577776,0
2023-03-24T17:58:55Z,2023-03-24T17:59:00Z,0.00046239000274500824,0.0019325545314317245,0.0023949445341767328,0
2023-03-24T17:58:55Z,2023-03-24T17:59:00Z,0.0004685768723238055,0.0018961068208640586,0.002364683693187864,0
2023-03-24T17:58:55Z,2023-03-24T17:59:00Z,0.0004850829444791294,0.0018434151825565963,0.0023284981270357257,0
2023-03-24T17:58:55Z,2023-03-24T17:59:00Z,0.0004476499158189058,0.0018399804965914099,0.0022876304124103157,0
2023-03-24T17:58:55Z,2023-03-24T17:59:00Z,0.00041561110403167344,0.0018255526012430454,0.002241163705274719,0
2023-03-24T17:58:55Z,2023-03-24T17:59:00Z,0.0003825843177305832,0.0018100999563733502,0.0021926842741039334,0
2023-03-24T17:58:55Z,2023-03-24T17:59:00Z,0.0003482807049340051,0.0017952835313699666,0.0021435642363039718,0
2023-03-24T17:58:55Z,2023-03-24T17:59:00Z,0.0003089436660254092,0.001784316954327356,0.0020932606203527652,0
2023-03-24T17:58:55Z,2023-03-24T17:59:00Z,0.000253483882492588,0.001789241277961094,0.002042725160453682,0
2023-03-24T17:58:55Z,2023-03-24T17:59:00Z,0.0002077883211702681,0.0017912504273508896,0.0019990387485211577,0
2023-03-24T17:58:55Z,2023-03-24T17:59:00Z,0.00015853768638662553,0.0018047501941639988,0.0019632878805506244,0
2023-03-24T17:58:55Z,2023-03-24T17:59:00Z,0.00013214174356497013,0.0018020881424953043,0.0019342298860602744,0
2023-03-24T17:58:55Z,2023-03-24T17:59:00Z,7.11804532183564e-05,0.0018346226470800921,0.0019058031002984486,0
2023-03-24T17:58:55Z,2023-03-24T17:59:00Z,3.6555368780352574e-05,0.0018453338678507123,0.0018818892366310649,0
2023-03-24T17:58:55Z,2023-03-24T17:59:00Z,2.536223859826714e-05,0.0018403526216409201,0.0018657148602391873,0
2023-03-24T17:58:55Z,2023-03-24T17:59:00Z,6.38105048947075e-05,0.0019154042012912785,0.001851593696396571,0
2023-03-24T17:58:55Z,2023-03-24T17:59:00Z,0.0001273843816993409,0.0019675469290776704,0.0018401625473783295,0
2023-03-24T17:58:55Z,2023-03-24T17:59:00Z,0.00020023491900371046,0.002034632009915698,0.0018343970909119873,0
2023-03-24T17:58:55Z,2023-03-24T17:59:00Z,0.0001886208641085868,0.002025204979873446,0.0018365841157648591,0
2023-03-24T17:58:55Z,2023-03-24T17:59:00Z,0.00025065048689332193,0.0020958924269739083,0.0018452419400805864,0
2023-03-24T17:58:55Z,2023-03-24T17:59:00Z,0.00032219932506709955,0.0021788031274799892,0.0018566038024128897,0
2023-03-24T17:58:55Z,2023-03-24T17:59:00Z,0.0003329908714368511,0.002205589169498647,0.0018725982980617958,0
2023-03-24T17:58:55Z,2023-03-24T17:59:00Z,0.00037532985941757116,0.002270006315369176,0.0018946764559516047,0
2023-03-24T17:58:55Z,2023-03-24T17:59:00Z,0.00037515515414793753,0.0022945496859198733,0.0019193945317719358,0
2023-03-24T17:58:55Z,2023-03-24T17:59:00Z,0.0004590937903888436,0.0024081584961607298,0.0019490647057718862,0
2023-03-24T17:58:55Z,2023-03-24T17:59:00Z,0.000508091507599067,0.0024890457590954853,0.0019809542514964184,0
2023-03-24T17:58:55Z,2023-03-24T17:59:00Z,0.000529895551254989,0.002549532128888885,0.002019636577633896,0
2023-03-24T17:58:55Z,2023-03-24T17:59:00Z,0.000478029062453499,0.002541277848321432,0.002063248785867933,0
2023-03-24T17:58:55Z,2023-03-24T17:59:00Z,0.0004453270306922718,0.0025551246874805102,0.0021097976567882384,0
2023-03-24T17:58:55Z,2023-03-24T17:59:00Z,0.00039020762335552177,0.002546204636757893,0.0021559970134023714,0
2023-03-24T17:58:55Z,2023-03-24T17:59:00Z,0.000340610973857534,0.0025416393647849315,0.0022010283909273975,0
2023-03-24T17:58:55Z,2023-03-24T17:59:00Z,0.0002727258638533783,0.0025175586778374746,0.0022448328139840963,0
2023-03-24T17:58:55Z,2023-03-24T17:59:00Z,0.00021035144575443044,0.0024990146811850276,0.002288663235430597,0
2023-03-24T17:58:55Z,2023-03-24T17:59:00Z,0.00017704916843313623,0.0025033470586478704,0.002326297890214734,0
2023-03-24T17:58:55Z,2023-03-24T17:59:00Z,0.0001342304372283277,0.0024937450619497716,0.002359514624721444,0
2023-03-24T17:58:55Z,2023-03-24T17:59:00Z,0.0001050554123351575,0.0024938647276023626,0.002388809315267205,0
2023-03-24T17:58:55Z,2023-03-24T17:59:00Z,7.69843870342202e-05,0.0024950774574311954,0.002418093070396975,0
2023-03-24T17:58:55Z,2023-03-24T17:59:00Z,1.641264190069009e-05,0.002459378981086944,0.0024429663391862537,0
2023-03-24T17:58:55Z,2023-03-24T17:59:00Z,3.745266722548525e-05,0.0024252808175827187,0.002462733484808204,0
2023-03-24T17:58:55Z,2023-03-24T17:59:00Z,2.2083637001846235e-05,0.0024565117110306265,0.0024785953480324727,0
2023-03-24T17:58:55Z,2023-03-24T17:59:00Z,2.0172943036636786e-05,0.002468127061384182,0.002488300004420819,0
2023-03-24T17:58:55Z,2023-03-24T17:59:00Z,2.778692116836741e-05,0.0024706357098218737,0.002498422630990241,0
2023-03-24T17:58:55Z,2023-03-24T17:59:00Z,4.1894197596012255e-05,0.0024602764687206946,0.002502170666316707,0
2023-03-24T17:58:55Z,2023-03-24T17:59:00Z,2.727853213118584e-05,0.0024737415061059204,0.0025010200382371063,0
2023-03-24T17:58:55Z,2023-03-24T17:59:00Z,1.5227829727472528e-05,0.0024802137297491216,0.002495441559476594,0
2023-03-24T17:58:55Z,2023-03-24T17:59:00Z,7.485380486798796e-05,0.002416366733220137,0.002491220538088125,0
2023-03-24T17:58:55Z,2023-03-24T17:59:00Z,9.124183036609331e-05,0.0023952967728638197,0.002486538603229913,0
2023-03-24T17:58:55Z,2023-03-24T17:59:00Z,7.945242225222606e-05,0.0023989713120065774,0.0024784237342588035,0
2023-03-24T17:58:55Z,2023-03-24T17:59:00Z,8.030388735684024e-05,0.0023889734349068934,0.0024692773222637337,0
2023-03-24T17:58:55Z,2023-03-24T17:59:00Z,8.461021267869078e-05,0.002377255399220612,0.0024618656118993026,0
2023-03-24T17:58:55Z,2023-03-24T17:59:00Z,8.766707238129588e-05,0.0023673209616256233,0.002454988034006919,0
2023-03-24T17:58:55Z,2023-03-24T17:59:00Z,6.273169640216457e-05,0.0023843756088905515,0.002447107305292716,0
2023-03-24T17:58:55Z,2023-03-24T17:59:00Z,7.236335180327942e-05,0.002366842447219177,0.0024392057990224566,0
2023-03-24T17:58:55Z,2023-03-24T17:59:00Z,7.486882619510372e-05,0.002357493902907865,0.0024323627291029685,0
2023-03-24T17:58:55Z,2023-03-24T17:59:00Z,8.437116994605264e-05,0.002339976871018664,0.0024243480409647166,0
2023-03-24T17:58:55Z,2023-03-24T17:59:00Z,8.054870042294117e-05,0.0023374315231555836,0.0024179802235785247,0
2023-03-24T17:58:55Z,2023-03-24T17:59:00Z,6.246193583184147e-05,0.0023501867910864296,0.002412648726918271,0
2023-03-24T17:58:55Z,2023-03-24T17:59:00Z,6.218517166609212e-05,0.002343021043509989,0.002405206215176081,0
2023-03-24T17:58:55Z,2023-03-24T17:59:00Z,5.37019260242271e-05,0.0023441330222582443,0.0023978349482824714,0
2023-03-24T17:58:55Z,2023-03-24T17:59:00Z,3.0028455865679492e-05,0.002359830575772299,0.0023898590316379785,0
2023-03-24T17:58:55Z,2023-03-24T17:59:00Z,2.4194096282559134e-05,0.0023584059699515163,0.0023826000662340754,0
2023-03-24T17:58:55Z,2023-03-24T17:59:00Z,8.125508469938782e-06,0.0023673551246182855,0.0023754806330882243,0
2023-03-24T17:58:55Z,2023-03-24T17:59:00Z,6.469567613928305e-05,0.002432563324240157,0.002367867648100874,0
2023-03-24T17:58:55Z,2023-03-24T17:59:00Z,6.73627510917995e-05,0.0024321671736550576,0.002364804422563258,0
2023-03-24T17:58:55Z,2023-03-24T17:59:00Z,5.784458081905565e-05,0.0024249781628433347,0.002367133582024279,0
2023-03-24T17:58:55Z,2023-03-24T17:59:00Z,5.787399995416456e-05,0.0024270823233314737,0.002369208323377309,0
2023-03-24T17:58:55Z,2023-03-24T17:59:00Z,6.120036348362034e-05,0.0024326589823569574,0.002371458618873337,0
2023-03-24T17:58:55Z,2023-03-24T17:59:00Z,5.641905396045529e-05,0.002430991855590721,0.0023745728016302658,0
2023-03-24T17:58:55Z,2023-03-24T17:59:00Z,6.961005515424825e-05,0.0024482664830802222,0.002378656427925974,0
2023-03-24T17:58:55Z,2023-03-24T17:59:00Z,0.00012162703409531123,0.002503196977440046,0.002381569943344735,0
2023-03-24T17:58:55Z,2023-03-24T17:59:00Z,0.00014723427346310415,0.002533893219049154,0.00238665894558605,0
2023-03-24T17:58:55Z,2023-03-24T17:59:00Z,0.00012641455280639445,0.0025221799405507057,0.0023957653877443113,0
2023-03-24T17:58:55Z,2023-03-24T17:59:00Z,0.0001238475573166033,0.00253173271681282,0.002407885159496217,0
2023-03-24T17:58:55Z,2023-03-24T17:59:00Z,0.00011995495949644998,0.002539386895079862,0.002419431935583412,0
2023-03-24T17:58:55Z,2023-03-24T17:59:00Z,0.00012109294327153266,0.0025518714992128436,0.002430778555941311,0
2023-03-24T17:58:55Z,2023-03-24T17:59:00Z,0.00013744227677157375,0.0025804936984360023,0.0024430514216644285,0
2023-03-24T17:58:55Z,2023-03-24T17:59:00Z,0.0001250610993429168,0.002581096175817008,0.002456035076474091,0
2023-03-24T17:58:55Z,2023-03-24T17:59:00Z,0.000132227138552959,0.0026020536601935314,0.0024698265216405724,0
2023-03-24T17:58:55Z,2023-03-24T17:59:00Z,0.00014680017430822355,0.002630544833815389,0.0024837446595071654,0
2023-03-24T17:58:55Z,2023-03-24T17:59:00Z,0.00012447438739940798,0.0026228877053800265,0.0024984133179806185,0
2023-03-24T17:58:55Z,2023-03-24T17:59:00Z,0.00012425700919047045,0.002635044171519541,0.0025107871623290708,0
2023-03-24T17:58:55Z,2023-03-24T17:59:00Z,0.00012039584894199627,0.002643103044503877,0.002522707195561881,0
2023-03-24T17:58:55Z,2023-03-24T17:59:00Z,0.00011714111973299638,0.00265297744083714,0.002535836321104144,0
2023-03-24T17:58:55Z,2023-03-24T17:59:00Z,9.878741268213318e-05,0.002648125028859552,0.002549337616177419,0
2023-03-24T17:58:55Z,2023-03-24T17:59:00Z,8.766322118891005e-05,0.002650770741021341,0.002563107519832431,0
2023-03-24T17:58:55Z,2023-03-24T17:59:00Z,6.383514366272835e-05,0.0026405134868244607,0.0025766783431617323,0
2023-03-24T17:58:55Z,2023-03-24T17:59:00Z,7.532335653863236e-05,0.0026646582158216846,0.0025893348592830523,0
2023-03-24T17:58:55Z,2023-03-24T17:59:00Z,4.8659191329657354e-05,0.0026465763324492356,0.002597917141119578,0
2023-03-24T17:58:55Z,2023-03-24T17:59:00Z,2.6335064850280254e-05,0.0026324250182681416,0.0026060899534178614,0
2023-03-24T17:58:55Z,2023-03-24T17:59:00Z,6.330966875702903e-06,0.002607533761035817,0.0026138647279115197,0
2023-03-24T17:58:55Z,2023-03-24T17:59:00Z,9.976348142882226e-06,0.002610181648609595,0.002620157996752477,0
2023-03-24T17:58:55Z,2023-03-24T17:59:00Z,1.0944689887006174e-05,0.002613472485987718,0.002624417175874724,0
2023-03-24T17:58:55Z,2023-03-24T17:59:00Z,4.162364866414038e-05,0.0025864379115478806,0.002628061560212021,0
2023-03-24T17:58:55Z,2023-03-24T17:59:00Z,2.2892691847167714e-05,0.002607230042586836,0.0026301227344340036,0
2023-03-24T17:58:55Z,2023-03-24T17:59:00Z,3.841498052014605e-05,0.002592041612397037,0.002630456592917183,0
2023-03-24T17:58:55Z,2023-03-24T17:59:00Z,5.884496670854845e-05,0.0025719351501082162,0.0026307801168167647,0
2023-03-24T17:58:55Z,2023-03-24T17:59:00Z,4.757369878419801e-05,0.0025807999666939197,0.0026283736654781177,0
2023-03-24T17:58:55Z,2023-03-24T17:59:00Z,5.799558742604176e-05,0.002567193543347588,0.0026251891307736298,0
2023-03-24T17:58:55Z,2023-03-24T17:59:00Z,6.486154755688768e-05,0.0025569373204151406,0.0026217988679720283,0
2023-03-24T17:58:55Z,2023-03-24T17:59:00Z,7.955046046730389e-05,0.0025375040636824563,0.0026170545241497602,0
2023-03-24T17:58:55Z,2023-03-24T17:59:00Z,8.688931866030836e-05,0.0025241626979630766,0.002611052016623385,0
2023-03-24T17:58:55Z,2023-03-24T17:59:00Z,8.744845736420159e-05,0.0025166897489356153,0.002604138206299817,0
2023-03-24T17:58:55Z,2023-03-24T17:59:00Z,0.00010662713304269555,0.0024895980705659797,0.0025962252036086752,0
2023-03-24T17:58:55Z,2023-03-24T17:59:00Z,0.00011218362268404416,0.002476302597306578,0.002588486219990622,0
2023-03-24T17:58:55Z,2023-03-24T17:59:00Z,0.00011285554475247775,0.002464689416159663,0.002577544960912141,0
2023-03-24T17:58:55Z,2023-03-24T17:59:00Z,0.00010047375937449234,0.0024664290930912322,0.0025669028524657246,0
2023-03-24T17:58:55Z,2023-03-24T17:59:00Z,0.00011532155143733442,0.0024410978258966104,0.002556419377333945,0
2023-03-24T17:58:55Z,2023-03-24T17:59:00Z,0.00011055958715490725,0.002437040748432501,0.0025476003355874082,0
2023-03-24T17:58:55Z,2023-03-24T17:59:00Z,0.00010084350341830637,0.0024361890932495405,0.002537032596667847,0
2023-03-24T17:58:55Z,2023-03-24T17:59:00Z,7.493977253691594e-05,0.0024510658405337295,0.0025260056130706455,0
2023-03-24T17:58:55Z,2023-03-24T17:59:00Z,6.62452306370632e-05,0.002450369831289936,0.0025166150619269994,0
2023-03-24T17:58:55Z,2023-03-24T17:59:00Z,6.009876018307119e-05,0.002446756039115609,0.0025068547992986804,0
2023-03-24T17:58:55Z,2023-03-24T17:59:00Z,5.416805481358797e-05,0.0024438322581658983,0.0024980003129794863,0
2023-03-24T17:58:55Z,2023-03-24T17:59:00Z,3.628658389939364e-05,0.0024538900346430547,0.0024901766185424484,0
2023-03-24T17:58:55Z,2023-03-24T17:59:00Z,2.2805382606051316e-05,0.002458810754153396,0.0024816161367594474,0
2023-03-24T17:58:55Z,2023-03-24T17:59:00Z,1.0030846236783186e-05,0.002464503821228631,0.002474534667465414,0
2023-03-24T17:58:55Z,2023-03-24T17:59:00Z,2.3701923418171893e-05,0.002444699833655883,0.0024684017570740548,0
2023-03-24T17:58:55Z,2023-03-24T17:59:00Z,2.5940041365456103e-05,0.0024378992005552346,0.0024638392419206907,0
2023-03-24T17:58:55Z,2023-03-24T17:59:00Z,5.483099877605672e-05,0.0024040418141254346,0.0024588728129014913,0
2023-03-24T17:58:55Z,2023-03-24T17:59:00Z,5.9820851229801415e-05,0.002394127552397916,0.0024539484036277173,0
2023-03-24T17:58:55Z,2023-03-24T17:59:00Z,6.50147471518989e-05,0.0023835863904482844,0.0024486011376001833,0
2023-03-24T17:58:55Z,2023-03-24T17:59:00Z,7.75026498256665e-05,0.0023659625474677253,0.002443465197293392,0
2023-03-24T17:58:55Z,2023-03-24T17:59:00Z,8.738996597640672e-05,0.002351006292210024,0.002438396258186431,0
2023-03-24T17:58:55Z,2023-03-24T17:59:00Z,9.654463443912326e-05,0.0023355724646458385,0.0024321170990849617,0
2023-03-24T17:58:55Z,2023-03-24T17:59:00Z,8.555329136293892e-05,0.002340933086866611,0.00242648637822955,0
2023-03-24T17:58:55Z,2023-03-24T17:59:00Z,8.683140213706919e-05,0.0023333132083558144,0.0024201446104928836,0
2023-03-24T17:58:55Z,2023-03-24T17:59:00Z,7.970985841291526e-05,0.002334481251681035,0.0024141911100939504,0
2023-03-24T17:58:55Z,2023-03-24T17:59:00Z,8.160047549990706e-05,0.002325231095082924,0.002406831570582831,0
2023-03-24T17:58:55Z,2023-03-24T17:59:00Z,8.319323688848112e-05,0.0023163952974687933,0.0023995885343572744,0
2023-03-24T17:58:55Z,2023-03-24T17:59:00Z,7.206866719810471e-05,0.0023199245581571265,0.0023919932253552312,0
2023-03-24T17:58:55Z,2023-03-24T17:59:00Z,6.891670128737499e-05,0.0023151117140242875,0.0023840284153116625,0
2023-03-24T17:58:55Z,2023-03-24T17:59:00Z,6.41861181709274e-05,0.0023114694548603647,0.002375655573031292,0
2023-03-24T17:58:55Z,2023-03-24T17:59:00Z,4.7433716307487654e-05,0.002319240666715735,0.0023666743830232225,0
2023-03-24T17:58:55Z,2023-03-24T17:59:00Z,4.841998378197782e-05,0.002308689751343228,0.002357109735125206,0
2023-03-24T17:58:55Z,2023-03-24T17:59:00Z,1.8791035386204157e-05,0.002330477501805243,0.002349268537191447,0
2023-03-24T17:58:55Z,2023-03-24T17:59:00Z,1.918868636899577e-05,0.0023220042602467004,0.002341192946615696,0
2023-03-24T17:58:55Z,2023-03-24T17:59:00Z,6.395040484652708e-06,0.0023302001366110317,0.0023365951770956844,0
2023-03-24T17:58:55Z,2023-03-24T17:59:00Z,1.1742914983719349e-08,0.0023320992142512173,0.0023320874713362335,0
2023-03-24T17:58:55Z,2023-03-24T17:59:00Z,1.367141836018139e-06,0.0023301179723074234,0.0023287508304714053,0
2023-03-24T17:58:55Z,2023-03-24T17:59:00Z,1.4704792445870574e-05,0.002341339164591244,0.0023266343721453733,0
2023-03-24T17:58:55Z,2023-03-24T17:59:00Z,4.7378650180794884e-05,0.002372707502332256,0.002325328852151461,0
2023-03-24T17:58:55Z,2023-03-24T17:59:00Z,8.426971504733264e-05,0.002409958985945381,0.0023256892708980485,0
2023-03-24T17:58:55Z,2023-03-24T17:59:00Z,0.0001220294038106781,0.0024497045756753295,0.0023276751718646514,0
2023-03-24T17:58:55Z,2023-03-24T17:59:00Z,0.0001613164202654829,0.0024937819532294824,0.0023324655329639995,0
2023-03-24T17:58:55Z,2023-03-24T17:59:00Z,0.0002015337216921425,0.0025412007124057854,0.002339666990713643,0
2023-03-24T17:58:55Z,2023-03-24T17:59:00Z,0.00023405261114158764,0.0025842540304893903,0.0023502014193478027,0
2023-03-24T17:58:55Z,2023-03-24T17:59:00Z,0.00025056731715278856,0.0026148190749341535,0.002364251757781365,0
2023-03-24T17:58:55Z,2023-03-24T17:59:00Z,0.00025688442434745277,0.0026376567741495842,0.0023807723498021315,0
2023-03-24T17:58:55Z,2023-03-24T17:59:00Z,0.00023556802085050515,0.0026350720807095033,0.002399504059858998,0
2023-03-24T17:58:55Z,2023-03-24T17:59:00Z,0.00022214477001944368,0.0026420355373340176,0.002419890767314574,1
2023-03-24T17:58:55Z,2023-03-24T17:59:00Z,0.00017696729439650944,0.002616597525085694,0.0024396302306891847,1
2023-03-24T17:58:55Z,2023-03-24T17:59:00Z,0.00011172762964033233,0.002572191971953941,0.0024604643423136088,1
2023-03-24T17:58:55Z,2023-03-24T17:59:00Z,5.270659496106134e-05,0.0025310534387296985,0.002478346843768637,1
2023-03-24T17:58:55Z,2023-03-24T17:59:00Z,1.1791291194306226e-05,0.0024821922845560335,0.0024939835757503397,1
2023-03-24T17:58:55Z,2023-03-24T17:59:00Z,7.044149891427586e-05,0.0024360954082184804,0.0025065369071327562,1
2023-03-24T17:58:55Z,2023-03-24T17:59:00Z,0.00010930648020849578,0.002406611243818312,0.0025159177240268076,1
2023-03-24T17:58:55Z,2023-03-24T17:59:00Z,0.0001431239679595647,0.0023794173458116835,0.0025225413137712482,1
2023-03-24T17:58:55Z,2023-03-24T17:59:00Z,0.0001983158466327701,0.0023283049720901703,0.0025266208187229404,1
2023-03-24T17:58:55Z,2023-03-24T17:59:00Z,0.00023670524479614888,0.0022903349391442556,0.0025270401839404045,1
2023-03-24T17:58:55Z,2023-03-24T17:59:00Z,0.0002546892562635193,0.0022672475518109346,0.002521936808074454,1
2023-03-24T17:58:55Z,2023-03-24T17:59:00Z,0.0002624965844410356,0.002249479621350226,0.0025119762057912616,1
2023-03-24T17:58:55Z,2023-03-24T17:59:00Z,0.00030789082385943196,0.00218992698184317,0.002497817805702602,1
2023-03-24T17:58:55Z,2023-03-24T17:59:00Z,0.0003342297518007975,0.0021453554857108325,0.00247958523751163,1
2023-03-24T17:58:55Z,2023-03-24T17:59:00Z,0.00035341211672475356,0.0021015276802464878,0.0024549397969712413,1
2023-03-24T17:58:55Z,2023-03-24T17:59:00Z,0.0003621237337405889,0.0020634745889041945,0.0024255983226447834,1
2023-03-24T17:58:55Z,2023-03-24T17:59:00Z,0.0003697179740366585,0.0020223722802391814,0.00239209025427584,1
2023-03-24T17:58:55Z,2023-03-24T17:59:00Z,0.00036473248090386837,0.00199163293013414,0.0023563654110380083,1
2023-03-24T17:58:55Z,2023-03-24T17:59:00Z,0.00029621219242812824,0.0020214242650414527,0.002317636457469581,1
2023-03-24T17:58:55Z,2023-03-24T17:59:00Z,0.0002315365093322301,0.002047039660952879,0.002278576170285109,1
2023-03-24T17:58:55Z,2023-03-24T17:59:00Z,0.00018564367260106521,0.002058509516002013,0.002244153188603078,1
2023-03-24T17:58:55Z,2023-03-24T17:59:00Z,0.000164876220341842,0.002049026107150185,0.002213902327492027,1
2023-03-24T17:58:55Z,2023-03-24T17:59:00Z,0.00014259928665889907,0.0020448228677985014,0.0021874221544574005,1
2023-03-24T17:58:55Z,2023-03-24T17:59:00Z,0.00011168304056233345,0.002051547282578299,0.0021632303231406322,1
2023-03-24T17:58:55Z,2023-03-24T17:59:00Z,9.822612009682255e-05,0.0020423924295425717,0.0021406185496393943,1
2023-03-24T17:58:55Z,2023-03-24T17:59:00Z,8.600192925131093e-05,0.002034124741435997,0.0021201266706873077,1
2023-03-24T17:58:55Z,2023-03-24T17:59:00Z,5.580479008855622e-05,0.0020464523466895263,0.0021022571367780825,1
2023-03-24T17:58:55Z,2023-03-24T17:59:00Z,4.135545969734082e-05,0.002044888539723976,0.0020862439994213168,1
2023-03-24T17:58:55Z,2023-03-24T17:59:00Z,2.5765565473798938e-05,0.0020466787336274298,0.0020724442991012287,1
2023-03-24T17:58:55Z,2023-03-24T17:59:00Z,2.5091272811807088e-05,0.002084748629311395,0.002059657356499588,1
2023-03-24T17:58:55Z,2023-03-24T17:59:00Z,4.42727292659182e-05,0.0020949770702520226,0.0020507043409861044,1
2023-03-24T17:58:55Z,2023-03-24T17:59:00Z,4.940103516478745e-05,0.002096317447625927,0.0020469164124611396,1
2023-03-24T17:58:55Z,2023-03-24T17:59:00Z,3.936446378230733e-05,0.0020858714631187924,0.002046506999336485,1
2023-03-24T17:58:55Z,2023-03-24T17:59:00Z,3.592652915707182e-05,0.0020844862071636655,0.0020485596780065937,1
2023-03-24T17:58:55Z,2023-03-24T17:59:00Z,3.383018877556841e-05,0.0020863585657121377,0.0020525283769365693,1
2023-03-24T17:58:55Z,2023-03-24T17:59:00Z,3.101739697841926e-05,0.002089349103729334,0.002058331706750915,1
2023-03-24T17:58:55Z,2023-03-24T17:59:00Z,3.098080335646458e-05,0.0020933709038992968,0.002062390100542832,1
2023-03-24T17:58:55Z,2023-03-24T17:59:00Z,3.656719569869026e-05,0.002101601636415051,0.002065034440716361,1
2023-03-24T17:58:55Z,2023-03-24T17:59:00Z,2.5428261978360962e-05,0.0020926415394383023,0.0020672132774599413,1
2023-03-24T17:58:55Z,2023-03-24T17:59:00Z,1.741340724878979e-05,0.002087912655287785,0.002070499248038995,1
2023-03-24T17:58:55Z,2023-03-24T17:59:00Z,2.122808172377649e-05,0.002094715996740259,0.0020734879150164824,1
2023-03-24T17:58:55Z,2023-03-24T17:59:00Z,1.1615011553718028e-05,0.0020873757623645433,0.0020757607508108252,1
2023-03-24T17:58:55Z,2023-03-24T17:59:00Z,1.9117862793656317e-05,0.0020599131109670247,0.002079030973760681,1
2023-03-24T17:58:55Z,2023-03-24T17:59:00Z,2.6970523882574333e-05,0.002055388638686141,0.002082359162568715,1
2023-03-24T17:58:55Z,2023-03-24T17:59:00Z,3.731041246608259e-05,0.002045890047869976,0.0020832004603360587,1
2023-03-24T17:58:55Z,2023-03-24T17:59:00Z,3.9238571761040456e-05,0.0020446181447601537,0.002083856716521194,1
2023-03-24T17:58:55Z,2023-03-24T17:59:00Z,4.2372236025175255e-05,0.002041435187636178,0.0020838074236613534,1
2023-03-24T17:58:55Z,2023-03-24T17:59:00Z,4.8969495325774156e-05,0.0020323297730511264,0.0020812992683769006,1
2023-03-24T17:58:55Z,2023-03-24T17:59:00Z,2.766405080622354e-05,0.0020502888499071867,0.00207795290071341,1
2023-03-24T17:58:55Z,2023-03-24T17:59:00Z,3.181275925073779e-05,0.0020421409118017474,0.002073953671052485,1
2023-03-24T17:58:55Z,2023-03-24T17:59:00Z,2.456605245778438e-05,0.002047163705268976,0.0020717297577267603,1
2023-03-24T17:58:55Z,2023-03-24T17:59:00Z,4.4519183096868205e-05,0.002024563993669772,0.00206908317676664,1
2023-03-24T17:58:55Z,2023-03-24T17:59:00Z,6.916564092353467e-05,0.001997467857065408,0.0020666334979889426,1
2023-03-24T17:58:55Z,2023-03-24T17:59:00Z,9.56966496538556e-05,0.001966887778956364,0.0020625844286102195,1
2023-03-24T17:58:55Z,2023-03-24T17:59:00Z,0.00010454404841674352,0.0019520464397663581,0.0020565904881831016,1
2023-03-24T17:58:55Z,2023-03-24T17:59:00Z,0.00011390729625658448,0.001934263575835349,0.0020481708720919336,1
2023-03-24T17:58:55Z,2023-03-24T17:59:00Z,0.00010171883763864767,0.0019376648407237894,0.002039383678362437,1
2023-03-24T17:58:55Z,2023-03-24T17:59:00Z,8.010296987709734e-05,0.0019496776410195629,0.00202978061089666,1
2023-03-24T17:58:55Z,2023-03-24T17:59:00Z,6.189679726092837e-05,0.001958068116384702,0.0020199649136456305,1
2023-03-24T17:58:55Z,2023-03-24T17:59:00Z,5.755431701223333e-05,0.0019538044640493362,0.0020113587810615696,1
2023-03-24T17:58:55Z,2023-03-24T17:59:00Z,4.519308978233197e-05,0.0019598003791178424,0.0020049934689001744,1
2023-03-24T17:58:55Z,2023-03-24T17:59:00Z,4.447175564563366e-05,0.0019541727023397407,0.0019986444579853744,1
2023-03-24T17:58:55Z,2023-03-24T17:59:00Z,3.589513829326072e-05,0.0019573687153951053,0.001993263853688366,1
2023-03-24T17:58:55Z,2023-03-24T17:59:00Z,3.53486832949672e-05,0.001952262330242123,0.00198761101353709,1
2023-03-24T17:58:55Z,2023-03-24T17:59:00Z,2.773155830142768e-05,0.0019546253007205953,0.001982356859022023,1
2023-03-24T17:58:55Z,2023-03-24T17:59:00Z,3.3084581905094487e-06,0.0019740441856559506,0.00197735264384646,1
2023-03-24T17:58:55Z,2023-03-24T17:59:00Z,4.937373470717023e-07,0.0019708799346752266,0.0019713736720222983,1
2023-03-24T17:58:55Z,2023-03-24T17:59:00Z,1.3731086672138116e-05,0.001980848713310324,0.0019671176266381858,1
2023-03-24T17:58:55Z,2023-03-24T17:59:00Z,2.112368706821922e-05,0.0019834735780442955,0.0019623498909760763,1
2023-03-24T17:58:55Z,2023-03-24T17:59:00Z,2.2311559799809925e-05,0.001981929245753421,0.001959617685953611,1
2023-03-24T17:58:55Z,2023-03-24T17:59:00Z,3.803996014904373e-05,0.001996783003663835,0.0019587430435147914,1
2023-03-24T17:58:55Z,2023-03-24T17:59:00Z,3.685887263350654e-05,0.001996542007823114,0.0019596831351896076,1
2023-03-24T17:58:55Z,2023-03-24T17:59:00Z,3.6539115597796455e-05,0.0019990182860309966,0.0019624791704332,1
2023-03-24T17:58:55Z,2023-03-24T17:59:00Z,2.9546837236545803e-05,0.001995918409668981,0.0019663715724324354,1
2023-03-24T17:58:55Z,2023-03-24T17:59:00Z,3.7633524205500646e-05,0.0020078396869696365,0.001970206162764136,1
2023-03-24T17:58:55Z,2023-03-24T17:59:00Z,3.195182499846679e-05,0.0020050480358031913,0.0019730962108047245,1
2023-03-24T17:58:55Z,2023-03-24T17:59:00Z,2.4497593411050393e-05,0.002000704527377333,0.0019762069339662827,1
2023-03-24T17:58:55Z,2023-03-24T17:59:00Z,2.0372645188525707e-05,0.0019997823023894246,0.001979409657200899,1
2023-03-24T17:58:55Z,2023-03-24T17:59:00Z,1.7973563592065065e-05,0.001999939730059182,0.001981966166467117,1
2023-03-24T17:58:55Z,2023-03-24T17:59:00Z,1.689723523786704e-05,0.0020017140017080893,0.0019848167664702223,1
2023-03-24T17:58:55Z,2023-03-24T17:59:00Z,1.7235401359078344e-05,0.0020047128562458052,0.001987477454886727,1
2023-03-24T17:58:55Z,2023-03-24T17:59:00Z,2.0626954358851646e-05,0.002011195138712202,0.00199056818435335,1
2023-03-24T17:58:55Z,2023-03-24T17:59:00Z,1.2646139572258536e-05,0.001981052517001417,0.0019936986565736755,1
2023-03-24T17:58:55Z,2023-03-24T17:59:00Z,2.292631743353382e-05,0.0019730942737061575,0.0019960205911396913,1
2023-03-24T17:58:55Z,2023-03-24T17:59:00Z,3.3075909545967654e-05,0.0019635804679891105,0.001996656377535078,1
2023-03-24T17:58:55Z,2023-03-24T17:59:00Z,1.1610153928854044e-05,0.0019845615711309634,0.0019961717250598175,1
2023-03-24T17:58:55Z,2023-03-24T17:59:00Z,1.008224152285837e-05,0.0019848461641585103,0.0019949284056813687,1
2023-03-24T17:58:55Z,2023-03-24T17:59:00Z,5.6910343559290685e-06,0.001989401891661536,0.001995092926017465,1
2023-03-24T17:58:55Z,2023-03-24T17:59:00Z,2.804458987492025e-06,0.00199154241456089,0.001994346873548382,1
2023-03-24T17:58:55Z,2023-03-24T17:59:00Z,1.431858815123142e-05,0.001979582028137052,0.0019939006162882833,1
2023-03-24T17:58:55Z,2023-03-24T17:59:00Z,1.6251805377204276e-05,0.0019771815689441975,0.0019934333743214017,1
2023-03-24T17:58:55Z,2023-03-24T17:59:00Z,2.8156526120698758e-05,0.0019642558243549574,0.001992412350475656,1
2023-03-24T17:58:55Z,2023-03-24T17:59:00Z,2.1480111965943398e-05,0.0019690161061331228,0.001990496218099066,1
2023-03-24T17:58:55Z,2023-03-24T17:59:00Z,1.673814077564513e-05,0.0019712085641079066,0.0019879467048835517,1
2023-03-24T17:58:55Z,2023-03-24T17:59:00Z,1.4423195340452534e-05,0.002000389373896241,0.0019859661785557887,1
2023-03-24T17:58:55Z,2023-03-24T17:59:00Z,1.4601745806164593e-06,0.001982720145332577,0.0019841803199131935,1
2023-03-24T17:58:55Z,2023-03-24T17:59:00Z,6.995006243337102e-06,0.0019912034288963472,0.00198420842265301,1
2023-03-24T17:58:55Z,2023-03-24T17:59:00Z,1.7881959708057355e-05,0.002000903266337598,0.0019830213066295405,1
2023-03-24T17:58:55Z,2023-03-24T17:59:00Z,1.6712320245662778e-05,0.001998889287665862,0.001982176967420199,1
2023-03-24T17:58:55Z,2023-03-24T17:59:00Z,7.210263703801532e-06,0.001988743989100588,0.0019815337253967866,1
2023-03-24T17:58:55Z,2023-03-24T17:59:00Z,1.998944977011155e-06,0.001980649578586303,0.0019826485235633143,1
2023-03-24T17:58:55Z,2023-03-24T17:59:00Z,1.637572224190637e-05,0.00196725090853356,0.001983626630775466,1
2023-03-24T17:58:55Z,2023-03-24T17:59:00Z,1.5077012186805443e-05,0.0019696164380009853,0.0019846934501877907,1
2023-03-24T17:58:55Z,2023-03-24T17:59:00Z,1.612661464684079e-05,0.001967484919128612,0.001983611533775453,1
2023-03-24T17:58:55Z,2023-03-24T17:59:00Z,1.3158755896479617e-05,0.001969500919994128,0.0019826596758906077,1
2023-03-24T17:58:55Z,2023-03-24T17:59:00Z,7.262973669999295e-06,0.0019740268914373005,0.0019812898651073,1
2023-03-24T17:58:55Z,2023-03-24T17:59:00Z,6.041479345796595e-06,0.0019738707923510805,0.001979912271696877,1
2023-03-24T17:58:55Z,2023-03-24T17:59:00Z,1.3520011976452754e-05,0.00196604506367669,0.0019795650756531426,1
2023-03-24T17:58:55Z,2023-03-24T17:59:00Z,1.9131521608659833e-05,0.0019602266305074134,0.0019793581521160733,1
2023-03-24T17:58:55Z,2023-03-24T17:59:00Z,4.1583174671427046e-05,0.001937886804902254,0.001979469979573681,1
2023-03-24T17:58:55Z,2023-03-24T17:59:00Z,5.236921278259062e-05,0.0019265514245644841,0.0019789206373470748,1
2023-03-24T17:58:55Z,2023-03-24T17:59:00Z,5.8678650394940104e-05,0.001918159377001781,0.001976838027396721,1
2023-03-24T17:58:55Z,2023-03-24T17:59:00Z,6.459648644408411e-05,0.0019076266691194024,0.0019722231555634865,1
2023-03-24T17:58:55Z,2023-03-24T17:59:00Z,5.7486715750134764e-05,0.0019107013917926768,0.0019681881075428115,1
2023-03-24T17:58:55Z,2023-03-24T17:59:00Z,5.4850105351636654e-05,0.0019081144547051158,0.0019629645600567525,1
2023-03-24T17:58:55Z,2023-03-24T17:59:00Z,6.605088207760367e-05,0.0018912760608200913,0.001957326942897695,1
2023-03-24T17:58:55Z,2023-03-24T17:59:00Z,7.6906875872855e-05,0.0018747466399647934,0.0019516535158376484,1
2023-03-24T17:58:55Z,2023-03-24T17:59:00Z,7.097723716961452e-05,0.0018745845331505028,0.0019455617703201173,1
2023-03-24T17:58:55Z,2023-03-24T17:59:00Z,8.45151003130611e-05,0.001854427736343212,0.001938942836656273,1
2023-03-24T17:58:55Z,2023-03-24T17:59:00Z,8.279157921385486e-05,0.001850359608980977,0.0019331511881948318,1
2023-03-24T17:58:55Z,2023-03-24T17:59:00Z,8.425799180588668e-05,0.0018416939025353346,0.0019259518943412213,1
2023-03-24T17:58:55Z,2023-03-24T17:59:00Z,8.700155309562026e-05,0.0018316300093613738,0.001918631562456994,1
2023-03-24T17:58:55Z,2023-03-24T17:59:00Z,7.850558280390039e-05,0.001832138041061919,0.0019106436238658193,1
2023-03-24T17:58:55Z,2023-03-24T17:59:00Z,8.007467874575412e-05,0.0018216691399903198,0.001901743818736074,1
2023-03-24T17:58:55Z,2023-03-24T17:59:00Z,8.245891002081184e-05,0.0018104266117596895,0.0018928855217805014,1
2023-03-24T17:58:55Z,2023-03-24T17:59:00Z,7.602161078574198e-05,0.0018078404157643613,0.0018838620265501033,1
2023-03-24T17:58:55Z,2023-03-24T17:59:00Z,7.482090077167163e-05,0.001799678624606699,0.0018744995253783705,1
2023-03-24T17:58:55Z,2023-03-24T17:59:00Z,7.72939342384535e-05,0.0017890776918187989,0.0018663716260572524,1
2023-03-24T17:58:55Z,2023-03-24T17:59:00Z,8.387153096591307e-05,0.0017745705450939776,0.0018584420760598907,1
2023-03-24T17:58:55Z,2023-03-24T17:59:00Z,9.740077177777134e-05,0.001752973698958183,0.0018503744707359542,1
2023-03-24T17:58:55Z,2023-03-24T17:59:00Z,0.0001025088013125832,0.001739549661671782,0.0018420584629843652,1
2023-03-24T17:58:55Z,2023-03-24T17:59:00Z,0.00010099929373449707,0.0017312011884477124,0.0018322004821822095,1
2023-03-24T17:58:55Z,2023-03-24T17:59:00Z,8.140903125501979e-05,0.0017402561513626062,0.001821665182617626,1
2023-03-24T17:58:55Z,2023-03-24T17:59:00Z,7.576602786198237e-05,0.00173589447523237,0.0018116605030943523,1
2023-03-24T17:58:55Z,2023-03-24T17:59:00Z,6.334112711465362e-05,0.001739913720442062,0.0018032548475567156,1
2023-03-24T17:58:55Z,2023-03-24T17:59:00Z,6.448847632870816e-05,0.0017300982426081241,0.0017945867189368323,1
2023-03-24T17:58:55Z,2023-03-24T17:59:00Z,6.419306939688856e-05,0.0017232365235461218,0.0017874295929430103,1
2023-03-24T17:58:55Z,2023-03-24T17:59:00Z,6.025886227233588e-05,0.0017196543952723712,0.001779913257544707,1
2023-03-24T17:58:55Z,2023-03-24T17:59:00Z,3.548336207119269e-05,0.0017370263092866887,0.0017725096713578814,1
2023-03-24T17:58:55Z,2023-03-24T17:59:00Z,3.5796297684623094e-05,0.0017297148977926955,0.0017655111954773186,1
2023-03-24T17:58:55Z,2023-03-24T17:59:00Z,3.1478716314518266e-05,0.0017280879959268485,0.0017595667122413667,1
2023-03-24T17:58:55Z,2023-03-24T17:59:00Z,3.722652779901306e-05,0.0017165930443050021,0.0017538195721040152,1
2023-03-24T17:58:55Z,2023-03-24T17:59:00Z,3.668214418227583e-05,0.0017119912644321868,0.0017486734086144626,1
2023-03-24T17:58:55Z,2023-03-24T17:59:00Z,3.432967710751333e-05,0.0017086407707907394,0.0017429704478982527,1
2023-03-24T17:58:55Z,2023-03-24T17:59:00Z,5.195514613132797e-05,0.0016855348417560178,0.0017374899878873458,1
2023-03-24T17:58:55Z,2023-03-24T17:59:00Z,2.5700355939005295e-05,0.0017067623243840866,0.0017324626803230918,1
2023-03-24T17:58:55Z,2023-03-24T17:59:00Z,3.810756254318294e-05,0.0016887903863212865,0.0017268979488644694,1
2023-03-24T17:58:55Z,2023-03-24T17:59:00Z,2.5429620371263898e-05,0.0016985801175823246,0.0017240097379535885,1
2023-03-24T17:58:55Z,2023-03-24T17:59:00Z,3.665693750004844e-05,0.001684180345744134,0.0017208372832441825,1
2023-03-24T17:58:55Z,2023-03-24T17:59:00Z,3.803155471402862e-05,0.001680766911601067,0.0017187984663150956,1
2023-03-24T17:58:55Z,2023-03-24T17:59:00Z,4.0968024673305884e-05,0.0016743257037906353,0.0017152937284639412,1
2023-03-24T17:58:55Z,2023-03-24T17:59:00Z,5.318039477504935e-05,0.0016586678609619354,0.0017118482557369847,1
2023-03-24T17:58:55Z,2023-03-24T17:59:00Z,5.8540225565194065e-05,0.0016492087791310766,0.0017077490046962707,1
2023-03-24T17:58:55Z,2023-03-24T17:59:00Z,5.3584392551772305e-05,0.0016497002132916116,0.001703284605843384,1
2023-03-24T17:58:55Z,2023-03-24T17:59:00Z,6.359235691846604e-05,0.0016350655148989774,0.0016986578718174434,1
2023-03-24T17:58:55Z,2023-03-24T17:59:00Z,6.191334673938355e-05,0.0016323723887042626,0.001694285735443646,1
2023-03-24T17:58:55Z,2023-03-24T17:59:00Z,7.271847537837386e-05,0.0016151947104160404,0.0016879131857944142,1
2023-03-24T17:58:55Z,2023-03-24T17:59:00Z,8.247156249875046e-05,0.0015993577164776366,0.001681829278976387,1
2023-03-24T17:58:55Z,2023-03-24T17:59:00Z,8.411342796463164e-05,0.0015906600206673299,0.0016747734486319615,1
2023-03-24T17:58:55Z,2023-03-24T17:59:00Z,8.58722781750291e-05,0.0015815739624677222,0.0016674462406427513,1
2023-03-24T17:58:55Z,2023-03-24T17:59:00Z,6.869673615919353e-05,0.0015911663017482542,0.0016598630379074477,1
2023-03-24T17:58:55Z,2023-03-24T17:59:00Z,6.705986992292488e-05,0.0015848614924643342,0.001651921362387259,1
2023-03-24T17:58:55Z,2023-03-24T17:59:00Z,9.146921472143557e-05,0.0015545541139153382,0.0016460233286367738,1
2023-03-24T17:58:55Z,2023-03-24T17:59:00Z,0.0001072072356496155,0.0015311972909921737,0.0016384045266417892,1
2023-03-24T17:58:55Z,2023-03-24T17:59:00Z,0.0001219302425363607,0.0015080845170800568,0.0016300147596164175,1
2023-03-24T17:58:55Z,2023-03-24T17:59:00Z,0.00014107098176206864,0.0014784823511924644,0.001619553332954533,1
2023-03-24T17:58:55Z,2023-03-24T17:59:00Z,0.00016138404032533648,0.0014471633033376918,0.0016085473436630283,1
2023-03-24T17:58:55Z,2023-03-24T17:59:00Z,0.00019663429952743996,0.0013992702591100507,0.0015959045586374906,1
2023-03-24T17:58:55Z,2023-03-24T17:59:00Z,0.00023620615696439752,0.0013455007516447843,0.0015817069086091818,1
2023-03-24T17:58:55Z,2023-03-24T17:59:00Z,0.0002925991001785002,0.0012728954583149385,0.0015654945584934387,1
2023-03-24T17:58:55Z,2023-03-24T17:59:00Z,0.0003051066862030686,0.001241406120572477,0.0015465128067755456,1
2023-03-24T17:58:55Z,2023-03-24T17:59:00Z,0.0003293267133970938,0.0011936357961924097,0.0015229625095895035,1
2023-03-24T17:58:55Z,2023-03-24T17:59:00Z,0.0003357157169778843,0.001162643080466213,0.0014983587974440973,1
2023-03-24T17:58:55Z,2023-03-24T17:59:00Z,0.0003103264105459294,0.001160611349866177,0.0014709377604121064,1
2023-03-24T17:58:55Z,2023-03-24T17:59:00Z,0.0002628399738110827,0.0011798133097291597,0.0014426532835402424,1
2023-03-24T17:58:55Z,2023-03-24T17:59:00Z,0.00021940939615396299,0.001195822239473063,0.001415231635627026,1
2023-03-24T17:58:55Z,2023-03-24T17:59:00Z,0.0001648320740515589,0.0012247216421418315,0.0013895537161933904,1
2023-03-24T17:58:55Z,2023-03-24T17:59:00Z,0.00012055847781778078,0.0012448857556884433,0.001365444233506224,1
2023-03-24T17:58:55Z,2023-03-24T17:59:00Z,8.004245234857136e-05,0.0012624989899322513,0.0013425414422808227,1
2023-03-24T17:58:55Z,2023-03-24T17:59:00Z,4.174579666354301e-05,0.0012795471620687866,0.0013212929587323296,0
2023-03-24T17:58:55Z,2023-03-24T17:59:00Z,5.321353774561267e-07,0.0013025073781059305,0.0013030395134833866,0
2023-03-24T17:58:55Z,2023-03-24T17:59:00Z,3.397023645745141e-05,0.0013212816168831263,0.0012873113804256749,0
2023-03-24T17:58:55Z,2023-03-24T17:59:00Z,7.839291872535018e-05,0.0013528557279651422,0.001274462809239792,0
2023-03-24T17:58:55Z,2023-03-24T17:59:00Z,0.00012425133164067795,0.0013888890949861363,0.0012646377633454583,0
2023-03-24T17:58:55Z,2023-03-24T17:59:00Z,0.00016777181385866464,0.0014265153537433386,0.001258743539884674,0
2023-03-24T17:58:55Z,2023-03-24T17:59:00Z,0.00020143302951181985,0.0014595277466387493,0.0012580947171269294,0
2023-03-24T17:58:55Z,2023-03-24T17:59:00Z,0.00023474729236017838,0.0014979054221182675,0.0012631581297580892,0
2023-03-24T17:58:55Z,2023-03-24T17:59:00Z,0.0002718644573511367,0.0015466871051294639,0.0012748226477783272,0
2023-03-24T17:58:55Z,2023-03-24T17:59:00Z,0.0003125094102644271,0.001603363264389366,0.001290853854124939,0
2023-03-24T17:58:55Z,2023-03-24T17:59:00Z,0.00034091109999083154,0.0016538306609243365,0.001312919560933505,0
2023-03-24T17:58:55Z,2023-03-24T17:59:00Z,0.00037563387649604935,0.0017160984489247514,0.001340464572428702,0
2023-03-24T17:58:55Z,2023-03-24T17:59:00Z,0.00046884266195041323,0.0018401334413202504,0.0013712907793698372,0
2023-03-24T17:58:55Z,2023-03-24T17:59:00Z,0.0006288320340397291,0.0020336406346092907,0.0014048086005695615,0
2023-03-24T17:58:55Z,2023-03-24T17:59:00Z,0.0007936908837660943,0.002238768934451105,0.0014450780506850107,0
2023-03-24T17:58:55Z,2023-03-24T17:59:00Z,0.0008262455808216163,0.0023218810685358433,0.001495635487714227,0
2023-03-24T17:58:55Z,2023-03-24T17:59:00Z,0.0007345704476251708,0.002292323634012064,0.0015577531863868932,0
2023-03-24T17:58:55Z,2023-03-24T17:59:00Z,0.0006182119291807757,0.0022421764954803935,0.0016239645662996178,0
2023-03-24T17:58:55Z,2023-03-24T17:59:00Z,0.0005240778157084734,0.002211340911504546,0.0016872630957960725,0
2023-03-24T17:58:55Z,2023-03-24T17:59:00Z,0.00045959852642561195,0.0022055909420575885,0.0017459924156319766,0
2023-03-24T17:58:55Z,2023-03-24T17:59:00Z,0.0003884140249134772,0.0021900351464592925,0.0018016211215458153,0
2023-03-24T17:58:55Z,2023-03-24T17:59:00Z,0.00032026441257551955,0.0021751814850021127,0.0018549170724265931,0
2023-03-24T17:58:55Z,2023-03-24T17:59:00Z,0.00027409741939152265,0.002179086120035188,0.0019049887006436655,0
2023-03-24T17:58:55Z,2023-03-24T17:59:00Z,0.00021894622111478862,0.0021707265549621275,0.0019517803338473388,0
2023-03-24T17:58:55Z,2023-03-24T17:59:00Z,0.00017597917488792808,0.0021727319070725445,0.0019967527321846164,0
2023-03-24T17:58:55Z,2023-03-24T17:59:00Z,0.0001335628461524756,0.002172366899139833,0.0020388040529873575,0
2023-03-24T17:58:55Z,2023-03-24T17:59:00Z,0.00011023208063142042,0.0021881639337402205,0.0020779318531088,0
2023-03-24T17:58:55Z,2023-03-24T17:59:00Z,8.318315365397596e-05,0.00219667773393468,0.002113494580280704,0
2023-03-24T17:58:55Z,2023-03-24T17:59:00Z,5.7403698351066786e-05,0.0022042941081827643,0.0021468904098316975,0
2023-03-24T17:58:55Z,2023-03-24T17:59:00Z,3.4106128536303456e-05,0.002211032743681121,0.0021769266151448175,0
2023-03-24T17:58:55Z,2023-03-24T17:59:00Z,7.9079891812453e-06,0.00220759464600497,0.0021996866568237245,0
2023-03-24T17:58:55Z,2023-03-24T17:59:00Z,9.742583275562048e-06,0.0022010310803651516,0.0022107736636407136,0
2023-03-24T17:58:55Z,2023-03-24T17:59:00Z,7.668324336744265e-06,0.002216493594949575,0.0022088252706128305,0
2023-03-24T17:58:55Z,2023-03-24T17:59:00Z,2.1555905706405632e-05,0.0022228280520585676,0.002201272146352162,0
2023-03-24T17:58:55Z,2023-03-24T17:59:00Z,3.0448547306086062e-05,0.0022269813162168425,0.0021965327689107564,0
2023-03-24T17:58:55Z,2023-03-24T17:59:00Z,4.3462396483575326e-05,0.002238785887680468,0.0021953234911968925,0
2023-03-24T17:58:55Z,2023-03-24T17:59:00Z,3.8740853431666264e-05,0.0022350418699230773,0.002196301016491411,0
2023-03-24T17:58:55Z,2023-03-24T17:59:00Z,4.563478132900336e-05,0.0022440104819218443,0.002198375700592841,0
2023-03-24T17:58:55Z,2023-03-24T17:59:00Z,4.4650383181597374e-05,0.002245839003990925,0.0022011886208093277,0
2023-03-24T17:58:55Z,2023-03-24T17:59:00Z,3.2590528856475415e-05,0.002238080961973286,0.0022054904331168107,0
2023-03-24T17:58:55Z,2023-03-24T17:59:00Z,2.2625980217194815e-05,0.0022322884685812396,0.0022096624883640448,0
2023-03-24T17:58:55Z,2023-03-24T17:59:00Z,3.8563869926548904e-05,0.0022524360087287907,0.002213872138802242,0
2023-03-24T17:58:55Z,2023-03-24T17:59:00Z,3.9280402171866166e-05,0.002256874826068402,0.0022175944238965357,0
2023-03-24T17:58:55Z,2023-03-24T17:59:00Z,5.341436609740489e-05,0.00227601310934325,0.002222598743245845,0
2023-03-24T17:58:55Z,2023-03-24T17:59:00Z,8.019713014822136e-05,0.002307090304164578,0.0022268931740163566,0
2023-03-24T17:58:55Z,2023-03-24T17:59:00Z,8.973015013361745e-05,0.0023215817851130094,0.002231851634979392,0
2023-03-24T17:58:55Z,2023-03-24T17:59:00Z,9.149217959116733e-05,0.002329768576819423,0.0022382763972282555,0
2023-03-24T17:58:55Z,2023-03-24T17:59:00Z,9.140670385788564e-05,0.002336592416175634,0.0022451857123177484,0
2023-03-24T17:58:55Z,2023-03-24T17:59:00Z,0.00011282004501818755,0.0023656416280118395,0.002252821582993652,0
2023-03-24T17:58:55Z,2023-03-24T17:59:00Z,0.00010439950541815722,0.002365693671899964,0.0022612941664818067,0
2023-03-24T17:58:55Z,2023-03-24T17:59:00Z,0.00010235978349204707,0.0023729757020402456,0.0022706159185481986,0
2023-03-24T17:58:55Z,2023-03-24T17:59:00Z,9.433150485904608e-05,0.0023738765246473317,0.0022795450197882856,0
2023-03-24T17:58:55Z,2023-03-24T17:59:00Z,9.918322015645869e-05,0.0023878528890587075,0.002288669668902249,0
2023-03-24T17:58:55Z,2023-03-24T17:59:00Z,0.0001191633355501669,0.0024162761692628444,0.0022971128337126775,0
2023-03-24T17:58:55Z,2023-03-24T17:59:00Z,0.00015279380602087507,0.0024594573284295296,0.0023066635224086546,0
2023-03-24T17:58:55Z,2023-03-24T17:59:00Z,0.00016380482451223153,0.0024812349523796987,0.002317430127867467,0
2023-03-24T17:58:55Z,2023-03-24T17:59:00Z,0.00015994184831700413,0.0024907231214618838,0.0023307812731448796,0
2023-03-24T17:58:55Z,2023-03-24T17:59:00Z,0.00014652596051039062,0.002492504358055671,0.0023459783975452804,0
2023-03-24T17:58:55Z,2023-03-24T17:59:00Z,0.00014698776409077406,0.002509118327441095,0.002362130563350321,0
2023-03-24T17:58:55Z,2023-03-24T17:59:00Z,0.00013814982415100846,0.002515284659334259,0.0023771348351832506,0
2023-03-24T17:58:55Z,2023-03-24T17:59:00Z,0.00010011455039791312,0.0024930146044169574,0.0023929000540190443,0
2023-03-24T17:58:55Z,2023-03-24T17:59:00Z,7.672901567257976e-05,0.002484583541566062,0.002407854525893482,0
2023-03-24T17:58:55Z,2023-03-24T17:59:00Z,2.3699729909702413e-06,0.0024171048216682857,0.002419474794659256,0
2023-03-24T17:58:55Z,2023-03-24T17:59:00Z,3.244947503818407e-05,0.002397212929399388,0.002429662404437572,0
2023-03-24T17:58:55Z,2023-03-24T17:59:00Z,5.894176284926191e-05,0.0023761791568913636,0.0024351209197406255,0
2023-03-24T17:58:55Z,2023-03-24T17:59:00Z,6.618392661450305e-05,0.002372725775202607,0.00243890970181711,0
2023-03-24T17:58:55Z,2023-03-24T17:59:00Z,2.7370451643954092e-05,0.0024121978457281265,0.0024395682973720806,0
2023-03-24T17:58:55Z,2023-03-24T17:59:00Z,4.3768634075675664e-05,0.00239623916975282,0.0024400078038284956,0
2023-03-24T17:58:55Z,2023-03-24T17:59:00Z,1.9083319134324903e-05,0.002461542506943313,0.002442459187808988,0
2023-03-24T17:58:55Z,2023-03-24T17:59:00Z,1.4598921344814025e-08,0.0024438714520494263,0.0024438568531280815,0
2023-03-24T17:58:55Z,2023-03-24T17:59:00Z,1.0970760032213717e-05,0.0024374916942136553,0.002448462454245869,0
2023-03-24T17:58:55Z,2023-03-24T17:59:00Z,3.2473258685444904e-05,0.0024826604181054754,0.0024501871594200305,0
2023-03-24T17:58:55Z,2023-03-24T17:59:00Z,3.377050468902909e-05,0.002415043802592509,0.002448814307281538,0
2023-03-24T17:58:55Z,2023-03-24T17:59:00Z,3.06618491840065e-05,0.002418241549705393,0.0024489033988893995,0
2023-03-24T17:58:55Z,2023-03-24T17:59:00Z,2.9315029787966608e-05,0.0024148584116720963,0.002444173441460063,0
2023-03-24T17:58:55Z,2023-03-24T17:59:00Z,2.682743065094209e-06,0.0024422147590032655,0.0024395320159381713,0
2023-03-24T17:58:55Z,2023-03-24T17:59:00Z,1.179805536474397e-05,0.002445438826567352,0.0024336407712026082,0
2023-03-24T17:58:55Z,2023-03-24T17:59:00Z,6.776544771321374e-06,0.0024358504472032426,0.002429073902431921,0
2023-03-24T17:58:55Z,2023-03-24T17:59:00Z,5.119820885500677e-05,0.002374902207461314,0.002426100416316321,0
2023-03-24T17:58:55Z,2023-03-24T17:59:00Z,4.0248582929981735e-05,0.0023828060149886634,0.002423054597918645,0
2023-03-24T17:58:55Z,2023-03-24T17:59:00Z,5.069138733008582e-05,0.002369725547200623,0.0024204169345307088,0
2023-03-24T17:58:55Z,2023-03-24T17:59:00Z,7.365720217468539e-05,0.0023458593002053532,0.0024195165023800386,0
2023-03-24T17:58:55Z,2023-03-24T17:59:00Z,9.625688874980148e-05,0.002322856263024566,0.0024191131517743675,0
2023-03-24T17:58:55Z,2023-03-24T17:59:00Z,7.213562864133828e-05,0.0023452983684457006,0.002417433997087039,0
2023-03-24T17:58:55Z,2023-03-24T17:59:00Z,7.377158656489543e-05,0.002338078561603171,0.0024118501481680665,0
2023-03-24T17:58:55Z,2023-03-24T17:59:00Z,6.59630111918344e-05,0.0023427033368945372,0.0024086663480863716,0
2023-03-24T17:58:55Z,2023-03-24T17:59:00Z,6.352091368420345e-05,0.002337428937818409,0.0024009498515026127,0
2023-03-24T17:58:55Z,2023-03-24T17:59:00Z,4.2132129728662555e-05,0.00235249471457677,0.0023946268443054324,0
2023-03-24T17:58:55Z,2023-03-24T17:59:00Z,5.1526832015601036e-05,0.0023368460900151282,0.0023883729220307293,0
2023-03-24T17:58:55Z,2023-03-24T17:59:00Z,2.849852446687104e-05,0.002351739041093314,0.002380237565560185,0
2023-03-24T17:58:55Z,2023-03-24T17:59:00Z,7.994897972348619e-05,0.002295401228800613,0.002375350208524099,0
2023-03-24T17:58:55Z,2023-03-24T17:59:00Z,5.6337246599011664e-05,0.0023148565551368325,0.002371193801735844,0
2023-03-24T17:58:55Z,2023-03-24T17:59:00Z,0.00011840443604069434,0.002245323291765682,0.0023637277278063763,0
2023-03-24T17:58:55Z,2023-03-24T17:59:00Z,0.00010992802011842778,0.0022458398199462965,0.0023557678400647243,0
2023-03-24T17:58:55Z,2023-03-24T17:59:00Z,0.00011472553005193419,0.002228535089087686,0.00234326061913962,0
2023-03-24T17:58:55Z,2023-03-24T17:59:00Z,0.00012988368970656564,0.0022015012652294953,0.002331384954936061,0
2023-03-24T17:58:55Z,2023-03-24T17:59:00Z,8.896026332878013e-05,0.002233276746708929,0.002322237010037709,0
2023-03-24T17:58:55Z,2023-03-24T17:59:00Z,8.252505072690571e-05,0.0022283804124508554,0.002310905463177761,0
2023-03-24T17:58:55Z,2023-03-24T17:59:00Z,7.442294302942168e-05,0.0022279544701176083,0.00230237741314703,0
2023-03-24T17:58:55Z,2023-03-24T17:59:00Z,7.747832029055988e-05,0.002217556662371814,0.002295034982662374,0
2023-03-24T17:58:55Z,2023-03-24T17:59:00Z,7.665762455999698e-05,0.002212445996045692,0.002289103620605689,0
2023-03-24T17:58:55Z,2023-03-24T17:59:00Z,5.3385703856222416e-05,0.002227734060119849,0.0022811197639760715,0
2023-03-24T17:58:55Z,2023-03-24T17:59:00Z,4.5566322315517514e-05,0.0022277014063132117,0.0022732677286287292,0
2023-03-24T17:58:55Z,2023-03-24T17:59:00Z,3.8837022186908893e-05,0.002227245126643402,0.002266082148830311,0
2023-03-24T17:58:55Z,2023-03-24T17:59:00Z,3.087174632807228e-05,0.0022283524317831638,0.002259224178111236,0
2023-03-24T17:58:55Z,2023-03-24T17:59:00Z,2.7595225604576737e-05,0.0022238008532608237,0.0022513960788654004,0
2023-03-24T17:58:55Z,2023-03-24T17:59:00Z,3.3906501694218934e-05,0.002210708723531684,0.0022446152252259028,0
2023-03-24T17:58:55Z,2023-03-24T17:59:00Z,3.781851911749748e-05,0.002198800569368875,0.0022366190884863723,0
2023-03-24T17:58:55Z,2023-03-24T17:59:00Z,1.001678925159101e-05,0.002221309017655473,0.002231325806907064,0
2023-03-24T17:58:55Z,2023-03-24T17:59:00Z,1.403349416442259e-05,0.002210038813632144,0.0022240723077965666,0
2023-03-24T17:58:55Z,2023-03-24T17:59:00Z,7.1700714439136386e-06,0.002215401344220765,0.0022225714156646785,0
2023-03-24T17:58:55Z,2023-03-24T17:59:00Z,2.229014959420324e-05,0.0021980437031758407,0.002220333852770044,0
2023-03-24T17:58:55Z,2023-03-24T17:59:00Z,1.8150211633440137e-05,0.002201362782082421,0.002219512993715861,0
2023-03-24T17:58:55Z,2023-03-24T17:59:00Z,2.923081557315273e-05,0.0021900660805143552,0.002219296896087508,0
2023-03-24T17:58:55Z,2023-03-24T17:59:00Z,2.063506550350775e-06,0.002215238766748,0.002217302273298351,0
2023-03-24T17:58:55Z,2023-03-24T17:59:00Z,1.1566061689706475e-05,0.0022033415658626134,0.00221490762755232,0
2023-03-24T17:58:55Z,2023-03-24T17:59:00Z,3.85705160238373e-06,0.002217969947694103,0.0022141128960917193,0
2023-03-24T17:58:55Z,2023-03-24T17:59:00Z,8.122136659166786e-06,0.0022213465892190615,0.0022132244525598947,0
2023-03-24T17:58:55Z,2023-03-24T17:59:00Z,5.880973967726773e-05,0.002272379439215188,0.00221356969953792,0
2023-03-24T17:58:55Z,2023-03-24T17:59:00Z,5.897291420511874e-05,0.0022721433968117396,0.002213170482606621,0
2023-03-24T17:58:55Z,2023-03-24T17:59:00Z,4.4764918364918055e-05,0.0022607277780279126,0.0022159628596629946,0
2023-03-24T17:58:55Z,2023-03-24T17:59:00Z,5.260991973804778e-05,0.0022713789212865636,0.002218769001548516,0
2023-03-24T17:58:55Z,2023-03-24T17:59:00Z,5.5437004690539384e-05,0.002276229465379352,0.0022207924606888127,0
2023-03-24T17:58:55Z,2023-03-24T17:59:00Z,5.628629156220408e-05,0.002280052381502625,0.002223766089940421,0
2023-03-24T17:58:55Z,2023-03-24T17:59:00Z,7.053517696772047e-05,0.002298396313273621,0.0022278611363059004,0
2023-03-24T17:58:55Z,2023-03-24T17:59:00Z,8.062838175215909e-05,0.002313567756316419,0.00223293937456426,0
2023-03-24T17:58:55Z,2023-03-24T17:59:00Z,7.153716246231703e-05,0.002309294493002711,0.002237757330540394,0
2023-03-24T17:58:55Z,2023-03-24T17:59:00Z,6.0234625104114026e-05,0.0023044625145622753,0.0022442278894581613,0
2023-03-24T17:58:55Z,2023-03-24T17:59:00Z,5.6223191880700775e-05,0.0023063194031377335,0.0022500962112570327,0
2023-03-24T17:58:55Z,2023-03-24T17:59:00Z,5.8907387118642233e-05,0.0023156547740873275,0.0022567473869686853,0
2023-03-24T17:58:55Z,2023-03-24T17:59:00Z,7.563056097748422e-05,0.0023389377367621263,0.002263307175784642,0
2023-03-24T17:58:55Z,2023-03-24T17:59:00Z,5.182211763764483e-05,0.0023229785867705977,0.002271156469132953,0
2023-03-24T17:58:55Z,2023-03-24T17:59:00Z,7.1993170789843e-05,0.002350880825548679,0.002278887654758836,0
2023-03-24T17:58:55Z,2023-03-24T17:59:00Z,8.131622376632069e-05,0.002367681192331905,0.0022863649685655844,0
2023-03-24T17:58:55Z,2023-03-24T17:59:00Z,8.360073719773306e-05,0.002378272635629229,0.0022946718984314957,0
2023-03-24T17:58:55Z,2023-03-24T17:59:00Z,8.112330188823078e-05,0.0023849411130142796,0.002303817811126049,0
2023-03-24T17:58:55Z,2023-03-24T17:59:00Z,7.99234913908967e-05,0.002390359627292823,0.0023104361359019263,0
2023-03-24T17:58:55Z,2023-03-24T17:59:00Z,8.453926355118848e-05,0.002402025256715773,0.0023174859931645846,0
2023-03-24T17:58:55Z,2023-03-24T17:59:00Z,7.876759221519007e-05,0.002404355575958832,0.0023255879837436417,0
2023-03-24T17:58:55Z,2023-03-24T17:59:00Z,5.455110690242952e-05,0.002388304486610397,0.0023337533797079674,0
2023-03-24T17:58:55Z,2023-03-24T17:59:00Z,4.9219979717449614e-05,0.0023909812413366346,0.002341761261619185,0
2023-03-24T17:58:55Z,2023-03-24T17:59:00Z,5.215263198596592e-05,0.0024006796501743863,0.0023485270181884204,0
2023-03-24T17:58:55Z,2023-03-24T17:59:00Z,1.402846163196152e-05,0.0023402851145603973,0.002354313576192359,0
2023-03-24T17:58:55Z,2023-03-24T17:59:00Z,2.1480437235476928e-05,0.002338277632323005,0.002359758069558482,0
2023-03-24T17:58:55Z,2023-03-24T17:59:00Z,1.2458989342681477e-05,0.0023492359940631554,0.002361694983405837,0
2023-03-24T17:58:55Z,2023-03-24T17:59:00Z,3.3202376762250276e-05,0.0023306060515036328,0.002363808428265883,0
2023-03-24T17:58:55Z,2023-03-24T17:59:00Z,3.290147169765804e-05,0.0023335892435010636,0.0023664907151987216,0
2023-03-24T17:58:55Z,2023-03-24T17:59:00Z,4.015283406777785e-05,0.0023272723359694628,0.0023674251700372406,0
2023-03-24T17:58:55Z,2023-03-24T17:59:00Z,3.790191078028096e-05,0.0023291889784281435,0.0023670908892084244,0
2023-03-24T17:58:55Z,2023-03-24T17:59:00Z,5.865834203443209e-05,0.002308700906498921,0.002367359248533353,0
2023-03-24T17:58:55Z,2023-03-24T17:59:00Z,6.051959872713014e-05,0.0023054839093611897,0.00236600350808832,0
2023-03-24T17:58:55Z,2023-03-24T17:59:00Z,6.286428122293831e-05,0.00229945295900082,0.0023623172402237585,0
2023-03-24T17:58:55Z,2023-03-24T17:59:00Z,5.878239569041431e-05,0.002298985549141592,0.0023577679448320062,0
2023-03-24T17:58:55Z,2023-03-24T17:59:00Z,5.218703692935452e-05,0.0023002378982768103,0.0023524249352061648,0
2023-03-24T17:58:55Z,2023-03-24T17:59:00Z,4.426693825332773e-05,0.0023024471170683854,0.002346714055321713,0
2023-03-24T17:58:55Z,2023-03-24T17:59:00Z,2.5772478229010506e-05,0.0023145798671902673,0.002340352345419278,0