sTime,eTime,Change,Value,Mean_last_19,real_label
2023-03-24T17:58:55Z,2023-03-24T17:59:00Z,None,2.6434818347242377,None,1
2023-03-24T17:58:55Z,2023-03-24T17:59:00Z,None,2.6467651472760725,None,0
2023-03-24T17:58:55Z,2023-03-24T17:59:00Z,None,2.645067621759166,None,0
2023-03-24T17:58:55Z,2023-03-24T17:59:00Z,None,2.6436101168654775,None,0
2023-03-24T17:58:55Z,2023-03-24T17:59:00Z,None,2.6439511734733303,None,0
2023-03-24T17:58:55Z,2023-03-24T17:59:00Z,None,2.651162792691674,None,0
2023-03-24T17:58:55Z,2023-03-24T17:59:00Z,None,2.6405043292058434,None,0
2023-03-24T17:58:55Z,2023-03-24T17:59:00Z,None,2.6255892820102296,None,0
2023-03-24T17:58:55Z,2023-03-24T17:59:00Z,None,2.61630408192782,None,0
2023-03-24T17:58:55Z,2023-03-24T17:59:00Z,None,2.6173117146834106,None,0
2023-03-24T17:58:55Z,2023-03-24T17:59:00Z,None,2.6104270129456637,None,0
2023-03-24T17:58:55Z,2023-03-24T17:59:00Z,None,2.6122310524462407,None,0
2023-03-24T17:58:55Z,2023-03-24T17:59:00Z,None,2.6129115880239135,None,0
2023-03-24T17:58:55Z,2023-03-24T17:59:00Z,None,2.608898350254535,None,0
2023-03-24T17:58:55Z,2023-03-24T17:59:00Z,None,2.6077920724584738,None,0
2023-03-24T17:58:55Z,2023-03-24T17:59:00Z,None,2.6085352141649083,None,0
2023-03-24T17:58:55Z,2023-03-24T17:59:00Z,None,2.6127545408916353,None,0
2023-03-24T17:58:55Z,2023-03-24T17:59:00Z,None,2.611519631768263,None,0
2023-03-24T17:58:55Z,2023-03-24T17:59:00Z,None,2.6095734010575633,None,0
2023-03-24T17:58:55Z,2023-03-24T17:59:00Z,0.010589567847637316,2.614900296461857,2.625489864309494,0
2023-03-24T17:58:55Z,2023-03-24T17:59:00Z,0.004728092436526055,2.618877970002597,2.623606062439123,0
2023-03-24T17:58:55Z,2023-03-24T17:59:00Z,0.017722843677370648,2.6041129492720736,2.6218357929494442,0
2023-03-24T17:58:55Z,2023-03-24T17:59:00Z,0.015382020128811735,2.60499879216749,2.6203808122963017,0
2023-03-24T17:58:55Z,2023-03-24T17:59:00Z,0.01984496173183281,2.5983415634759464,2.618186525207779,0
2023-03-24T17:58:55Z,2023-03-24T17:59:00Z,0.008381235468053472,2.607641268556068,2.6160225040241216,0
2023-03-24T17:58:55Z,2023-03-24T17:59:00Z,0.010584864039009823,2.602503127250905,2.6130879912899148,0
2023-03-24T17:58:55Z,2023-03-24T17:59:00Z,0.009118033838285466,2.602144231859975,2.6112622656982603,0
2023-03-24T17:58:55Z,2023-03-24T17:59:00Z,0.0019119213068510277,2.6080677802381134,2.6099797015449644,0
2023-03-24T17:58:55Z,2023-03-24T17:59:00Z,0.00905746548751063,2.6001355777203514,2.609193043207862,0
2023-03-24T17:58:55Z,2023-03-24T17:59:00Z,0.022483571355957466,2.586195919938277,2.6086794912942346,0
2023-03-24T17:58:55Z,2023-03-24T17:59:00Z,0.041421218283069994,2.5666865266097587,2.6081077448928287,0
2023-03-24T17:58:55Z,2023-03-24T17:59:00Z,0.05662603432794944,2.550035314314436,2.6066613486423855,0
2023-03-24T17:58:55Z,2023-03-24T17:59:00Z,0.06221509812349346,2.5418781915514397,2.604093289674933,0
2023-03-24T17:58:55Z,2023-03-24T17:59:00Z,0.06147265352528786,2.5393504674863063,2.600823121011594,0
2023-03-24T17:58:55Z,2023-03-24T17:59:00Z,0.0626343783184069,2.534526860420574,2.597161238738981,0
2023-03-24T17:58:55Z,2023-03-24T17:59:00Z,0.07268529917230193,2.520632342528979,2.593317641701281,0
2023-03-24T17:58:55Z,2023-03-24T17:59:00Z,0.0821488496181102,2.5068228098347785,2.5889716594528887,0
2023-03-24T17:58:55Z,2023-03-24T17:59:00Z,0.09513293183577076,2.4887894337704908,2.5839223656062615,0
2023-03-24T17:58:55Z,2023-03-24T17:59:00Z,0.10123676550195837,2.47697723392526,2.578213999427218,0
2023-03-24T17:58:55Z,2023-03-24T17:59:00Z,0.11194349967873407,2.459264340710075,2.571207840388809,0
2023-03-24T17:58:55Z,2023-03-24T17:59:00Z,0.11249755737750045,2.45082690878479,2.5633244661622903,0
2023-03-24T17:58:55Z,2023-03-24T17:59:00Z,0.11281293347957577,2.4424643877626036,2.5552773212421793,0
2023-03-24T17:58:55Z,2023-03-24T17:59:00Z,0.1115867544539082,2.435125462155899,2.5467122166098073,0
2023-03-24T17:58:55Z,2023-03-24T17:59:00Z,0.10909802079447539,2.428954352720146,2.5380523735146214,0
2023-03-24T17:58:55Z,2023-03-24T17:59:00Z,0.11086977562025568,2.4175983864276898,2.5284681620479454,0
2023-03-24T17:58:55Z,2023-03-24T17:59:00Z,0.12407090051765612,2.394755662945247,2.5188265634629032,0
2023-03-24T17:58:55Z,2023-03-24T17:59:00Z,0.1331498344733384,2.3754241820211046,2.508574016494443,0
2023-03-24T17:58:55Z,2023-03-24T17:59:00Z,0.13345642216671516,2.363266921144791,2.496723343311506,0
2023-03-24T17:58:55Z,2023-03-24T17:59:00Z,0.12730400928108798,2.356935367602681,2.484239376883769,0
2023-03-24T17:58:55Z,2023-03-24T17:59:00Z,0.12474466410989526,2.3471097683964586,2.471854432506354,0
2023-03-24T17:58:55Z,2023-03-24T17:59:00Z,0.11775562442135357,2.34244596591794,2.4602015903392935,0
2023-03-24T17:58:55Z,2023-03-24T17:59:00Z,0.1108316962690652,2.338096252630341,2.448927948899406,0
2023-03-24T17:58:55Z,2023-03-24T17:59:00Z,0.10591974900239087,2.331928631806265,2.437848380808656,0
2023-03-24T17:58:55Z,2023-03-24T17:59:00Z,0.10126239957019356,2.3254051915242426,2.426667591094436,0
2023-03-24T17:58:55Z,2023-03-24T17:59:00Z,0.09369587507345933,2.321716258875737,2.4154121339491965,0
2023-03-24T17:58:55Z,2023-03-24T17:59:00Z,0.0881417327888947,2.316424448326705,2.4045661811156,0
2023-03-24T17:58:55Z,2023-03-24T17:59:00Z,0.09399855614381725,2.3002839276962805,2.394282483840098,0
2023-03-24T17:58:55Z,2023-03-24T17:59:00Z,0.09618850293570125,2.288518148379742,2.3847066513154433,0
2023-03-24T17:58:55Z,2023-03-24T17:59:00Z,0.09335399507086439,2.28153636145408,2.3748903565249444,0
2023-03-24T17:58:55Z,2023-03-24T17:59:00Z,0.0936613650947713,2.2717430918562656,2.365404456951037,0
2023-03-24T17:58:55Z,2023-03-24T17:59:00Z,0.09307195712911032,2.262927469414665,2.355999426543775,0
2023-03-24T17:58:55Z,2023-03-24T17:59:00Z,0.09738062966420369,2.2491342804403303,2.346514910104534,0
2023-03-24T17:58:55Z,2023-03-24T17:59:00Z,0.09211925176508817,2.244829103187155,2.336948354952243,0
2023-03-24T17:58:55Z,2023-03-24T17:59:00Z,0.09085391725676217,2.2361044336799356,2.326958350936698,0
2023-03-24T17:58:55Z,2023-03-24T17:59:00Z,0.0868585671687816,2.2305014902545537,2.3173600574233353,0
2023-03-24T17:58:55Z,2023-03-24T17:59:00Z,0.07812300985291021,2.230423090389019,2.308546100241929,0
2023-03-24T17:58:55Z,2023-03-24T17:59:00Z,0.06872840225050592,2.2317664373377255,2.3004948395882314,0
2023-03-24T17:58:55Z,2023-03-24T17:59:00Z,0.0630884066430597,2.230026220125407,2.2931146267684666,0
2023-03-24T17:58:55Z,2023-03-24T17:59:00Z,0.05751023843848424,2.2286505588708176,2.286160797309302,0
2023-03-24T17:58:55Z,2023-03-24T17:59:00Z,0.04491923993737679,2.234736915801312,2.2796561557386887,0
2023-03-24T17:58:55Z,2023-03-24T17:59:00Z,0.04854340461365103,2.2247907840668644,2.2733341886805154,0
2023-03-24T17:58:55Z,2023-03-24T17:59:00Z,0.04145447277104486,2.2261375305300795,2.2675920033011243,0
2023-03-24T17:58:55Z,2023-03-24T17:59:00Z,0.03201693933420868,2.229622961314727,2.2616399006489356,0
2023-03-24T17:58:55Z,2023-03-24T17:59:00Z,0.019661157630039394,2.236463872963665,2.2561250305937044,0
2023-03-24T17:58:55Z,2023-03-24T17:59:00Z,0.012057828430183992,2.238950907854575,2.251008736284759,0
2023-03-24T17:58:55Z,2023-03-24T17:59:00Z,0.009098491058152636,2.2374679910397712,2.246566482097924,0
2023-03-24T17:58:55Z,2023-03-24T17:59:00Z,0.003288895056238861,2.239870197050479,2.2431590921067177,0
2023-03-24T17:58:55Z,2023-03-24T17:59:00Z,0.005986746579752289,2.2343362256747445,2.240322972254497,0
2023-03-24T17:58:55Z,2023-03-24T17:59:00Z,0.0013070016920675442,2.2367011836511184,2.238008185343186,0
2023-03-24T17:58:55Z,2023-03-24T17:59:00Z,0.005820201078839737,2.2301098250320397,2.2359300261108794,0
2023-03-24T17:58:55Z,2023-03-24T17:59:00Z,0.0111700375521262,2.2233029726830003,2.2344730102351265,0
2023-03-24T17:58:55Z,2023-03-24T17:59:00Z,0.010942945504113233,2.222473150541664,2.233416096045777,0
2023-03-24T17:58:55Z,2023-03-24T17:59:00Z,0.01830339402601311,2.213916805880644,2.2322201999066573,0
2023-03-24T17:58:55Z,2023-03-24T17:59:00Z,0.022845239401971362,2.2086176669970046,2.231462906398976,0
2023-03-24T17:58:55Z,2023-03-24T17:59:00Z,0.024596237776024044,2.205945297268846,2.23054153504487,0
2023-03-24T17:58:55Z,2023-03-24T17:59:00Z,0.02511873955946209,2.20421138307474,2.229330122634202,0
2023-03-24T17:58:55Z,2023-03-24T17:59:00Z,0.027622900065300104,2.200272714787298,2.227895614852598,0
2023-03-24T17:58:55Z,2023-03-24T17:59:00Z,0.031031177274753574,2.1954302799639187,2.2264614572386723,0
2023-03-24T17:58:55Z,2023-03-24T17:59:00Z,0.027495478980199106,2.197389431364944,2.224884910345143,0
2023-03-24T17:58:55Z,2023-03-24T17:59:00Z,0.023409423285887243,2.1992917850682896,2.222701208354177,0
2023-03-24T17:58:55Z,2023-03-24T17:59:00Z,0.014396094889667754,2.20678281609218,2.221178910981848,0
2023-03-24T17:58:55Z,2023-03-24T17:59:00Z,0.005599349131798714,2.214088131546616,2.219687480678415,0
2023-03-24T17:58:55Z,2023-03-24T17:59:00Z,0.0032965034684715455,2.2217150871900784,2.218418583721607,0
2023-03-24T17:58:55Z,2023-03-24T17:59:00Z,0.0057096696324943075,2.2228851566087093,2.217175486976215,0
2023-03-24T17:58:55Z,2023-03-24T17:59:00Z,0.004054680466944571,2.220272621850688,2.2162179413837433,0
2023-03-24T17:58:55Z,2023-03-24T17:59:00Z,0.014632541694031165,2.2300403256093824,2.215407783915351,0
2023-03-24T17:58:55Z,2023-03-24T17:59:00Z,0.019224597219453354,2.2335436269570383,2.214319029737585,0
2023-03-24T17:58:55Z,2023-03-24T17:59:00Z,0.03338488345982693,2.2474652520826695,2.2140803686228425,0
2023-03-24T17:58:55Z,2023-03-24T17:59:00Z,0.05104535827724188,2.2649503070837462,2.2139049488065043,0
2023-03-24T17:58:55Z,2023-03-24T17:59:00Z,0.06493209089357244,2.2798012300917785,2.214869139198206,0
2023-03-24T17:58:55Z,2023-03-24T17:59:00Z,0.07123481480838167,2.288417694806629,2.2171828799982474,0
2023-03-24T17:58:55Z,2023-03-24T17:59:00Z,0.08082715782184335,2.3011949311284305,2.220367773306587,0
2023-03-24T17:58:55Z,2023-03-24T17:59:00Z,0.08952772819874166,2.314034439778995,2.2245067115802533,0
2023-03-24T17:58:55Z,2023-03-24T17:59:00Z,0.09606909809440456,2.3257189910152922,2.2296498929208877,0
2023-03-24T17:58:55Z,2023-03-24T17:59:00Z,0.10682643943400416,2.3424812847165666,2.2356548452825624,0
2023-03-24T17:58:55Z,2023-03-24T17:59:00Z,0.11693607507819381,2.359341343024121,2.242405267945927,0
2023-03-24T17:58:55Z,2023-03-24T17:59:00Z,0.13319806685023172,2.3835038109033406,2.250305744053109,0
2023-03-24T17:58:55Z,2023-03-24T17:59:00Z,0.14113221358072403,2.4005441278038444,2.2594119142231204,0
2023-03-24T17:58:55Z,2023-03-24T17:59:00Z,0.14320945530630702,2.41296105728156,2.269751601975253,0
2023-03-24T17:58:55Z,2023-03-24T17:59:00Z,0.15551504715294096,2.4364473348357247,2.2809322876827838,0
2023-03-24T17:58:55Z,2023-03-24T17:59:00Z,0.15644914961302803,2.448835784028555,2.292386634415527,0
2023-03-24T17:58:55Z,2023-03-24T17:59:00Z,0.15490705372250346,2.4596469772096476,2.304739923487144,0
2023-03-24T17:58:55Z,2023-03-24T17:59:00Z,0.14457889820411296,2.4619366381822836,2.3173577399781706,0
2023-03-24T17:58:55Z,2023-03-24T17:59:00Z,0.13725769056244363,2.467768865018444,2.3305111744560003,0
2023-03-24T17:58:55Z,2023-03-24T17:59:00Z,0.13069238798731808,2.474629341128407,2.343936953141089,0
2023-03-24T17:58:55Z,2023-03-24T17:59:00Z,0.12953004243338695,2.486674136652757,2.35714409421937,0
2023-03-24T17:58:55Z,2023-03-24T17:59:00Z,0.13339250229510746,2.503930247301776,2.3705377450066685,0
2023-03-24T17:58:55Z,2023-03-24T17:59:00Z,0.13100544850109364,2.514832575983878,2.3838271274827845,0
2023-03-24T17:58:55Z,2023-03-24T17:59:00Z,0.12657436645243703,2.523678157280668,2.397103790828231,0
2023-03-24T17:58:55Z,2023-03-24T17:59:00Z,0.12617576705326128,2.536336854875498,2.4101610878222366,0
2023-03-24T17:58:55Z,2023-03-24T17:59:00Z,0.12245050563573034,2.545681619150969,2.4232311135152385,0
2023-03-24T17:58:55Z,2023-03-24T17:59:00Z,0.1217838592396947,2.558078412963104,2.436294553723409,0
2023-03-24T17:58:55Z,2023-03-24T17:59:00Z,0.11424778511043909,2.5634116265767353,2.449163841466296,0
2023-03-24T17:58:55Z,2023-03-24T17:59:00Z,0.10523134710771398,2.5673040453488887,2.4620726982411747,0
2023-03-24T17:58:55Z,2023-03-24T17:59:00Z,0.10845005680341391,2.582796662925709,2.474346606122295,0
2023-03-24T17:58:55Z,2023-03-24T17:59:00Z,0.1087677160427778,2.59466780562756,2.4859000895847823,0
2023-03-24T17:58:55Z,2023-03-24T17:59:00Z,0.10018203560406258,2.5971539503011987,2.496971914697136,0
2023-03-24T17:58:55Z,2023-03-24T17:59:00Z,0.10417864092651508,2.6119352043916355,2.5077565634651204,0
2023-03-24T17:58:55Z,2023-03-24T17:59:00Z,0.10160647530421762,2.6195959772704285,2.517989501966211,0
2023-03-24T17:58:55Z,2023-03-24T17:59:00Z,0.09427214633985281,2.622010974392503,2.5277388280526503,0
2023-03-24T17:58:55Z,2023-03-24T17:59:00Z,0.10544819267021577,2.6426736981251926,2.537225505454977,0
2023-03-24T17:58:55Z,2023-03-24T17:59:00Z,0.10220810202191011,2.6484538295426017,2.5462457275206916,0
2023-03-24T17:58:55Z,2023-03-24T17:59:00Z,0.09092139697836377,2.6472080722736613,2.5562866752952975,0
2023-03-24T17:58:55Z,2023-03-24T17:59:00Z,0.08050938148428122,2.646834110364254,2.5663247288799726,0
2023-03-24T17:58:55Z,2023-03-24T17:59:00Z,0.07534043157873027,2.651252867744551,2.5759124361658206,0
2023-03-24T17:58:55Z,2023-03-24T17:59:00Z,0.07364991975762747,2.6584601322407533,2.584810212483126,0
2023-03-24T17:58:55Z,2023-03-24T17:59:00Z,0.07174011032744154,2.664734912835166,2.5929948025077243,0
2023-03-24T17:58:55Z,2023-03-24T17:59:00Z,0.08342949016078283,2.6844036013494446,2.6009741111886617,0
2023-03-24T17:58:55Z,2023-03-24T17:59:00Z,0.09259305237440785,2.7014036499827636,2.6088105976083558,0
2023-03-24T17:58:55Z,2023-03-24T17:59:00Z,0.10440651635361409,2.7214430443216338,2.6170365279680197,0
2023-03-24T17:58:55Z,2023-03-24T17:59:00Z,0.11477883218513041,2.7404665840882503,2.62568775190312,0
2023-03-24T17:58:55Z,2023-03-24T17:59:00Z,0.12210258130206286,2.756866146058434,2.634763564756371,0
2023-03-24T17:58:55Z,2023-03-24T17:59:00Z,0.13345792191471384,2.7780578731995025,2.6445999512847886,0
2023-03-24T17:58:55Z,2023-03-24T17:59:00Z,0.14677682704776807,2.801908006149754,2.655131179101986,0
2023-03-24T17:58:55Z,2023-03-24T17:59:00Z,0.1501099428642383,2.8160889669814346,2.6659790241171963,0
2023-03-24T17:58:55Z,2023-03-24T17:59:00Z,0.15637744061727776,2.833869809207929,2.6774923685906513,0
2023-03-24T17:58:55Z,2023-03-24T17:59:00Z,0.15907496608683536,2.848730391159722,2.689655425072887,0
2023-03-24T17:58:55Z,2023-03-24T17:59:00Z,0.16474097002580956,2.866726095366268,2.7019851253404585,0
2023-03-24T17:58:55Z,2023-03-24T17:59:00Z,0.16699302060094956,2.8817078356019246,2.714714815000975,0
2023-03-24T17:58:55Z,2023-03-24T17:59:00Z,0.16187830250387547,2.890188402003393,2.7283100994995175,0
2023-03-24T17:58:55Z,2023-03-24T17:59:00Z,0.16066293102438456,2.9022527048281646,2.74158977380378,0
2023-03-24T17:58:55Z,2023-03-24T17:59:00Z,0.1620114408021469,2.9170309130759713,2.7550194722738244,0
2023-03-24T17:58:55Z,2023-03-24T17:59:00Z,0.15319276840090845,2.922381386927761,2.7691886185268526,0
2023-03-24T17:58:55Z,2023-03-24T17:59:00Z,0.1549043005714963,2.939103852582333,2.7841995520108367,0
2023-03-24T17:58:55Z,2023-03-24T17:59:00Z,0.1619725175125959,2.961234765033611,2.799262247521015,0
2023-03-24T17:58:55Z,2023-03-24T17:59:00Z,0.15284916157527695,2.9677027268930467,2.8148535653177698,0
2023-03-24T17:58:55Z,2023-03-24T17:59:00Z,0.1390250667999382,2.9703508461287322,2.831325779328794,0
2023-03-24T17:58:55Z,2023-03-24T17:59:00Z,0.12016308806606846,2.96722770770284,2.8470646196367717,0
2023-03-24T17:58:55Z,2023-03-24T17:59:00Z,0.1024566700779066,2.9644628006116767,2.86200613053377,0
2023-03-24T17:58:55Z,2023-03-24T17:59:00Z,0.08725324900257503,2.9629140830575236,2.8756608340549485,0
2023-03-24T17:58:55Z,2023-03-24T17:59:00Z,0.07739083826788562,2.965495906574136,2.8881050683062504,0
2023-03-24T17:58:55Z,2023-03-24T17:59:00Z,0.07577228358172938,2.9753244594990402,2.899552175917311,0
2023-03-24T17:58:55Z,2023-03-24T17:59:00Z,0.06806211814443408,2.978027518138113,2.9099653999936788,0
2023-03-24T17:58:55Z,2023-03-24T17:59:00Z,0.059034354836302594,2.978634002238275,2.9195996474019723,0
2023-03-24T17:58:55Z,2023-03-24T17:59:00Z,0.05203949839895605,2.9806357319763,2.928596233577344,0
2023-03-24T17:58:55Z,2023-03-24T17:59:00Z,0.04603453209822472,2.982673220843921,2.9366386887456963,0
2023-03-24T17:58:55Z,2023-03-24T17:59:00Z,0.037810411365363006,2.981777174600869,2.943966763235506,0
2023-03-24T17:58:55Z,2023-03-24T17:59:00Z,0.03515363313139819,2.985561903337885,2.950408270206487,0
2023-03-24T17:58:55Z,2023-03-24T17:59:00Z,0.026089275948987023,2.9820569538776374,2.9559676779286503,0
2023-03-24T17:58:55Z,2023-03-24T17:59:00Z,0.01772341648794029,2.9789896222685073,2.961266205780567,0
2023-03-24T17:58:55Z,2023-03-24T17:59:00Z,0.016859252389311852,2.982559027561516,2.965699775172204,0
2023-03-24T17:58:55Z,2023-03-24T17:59:00Z,0.014937055598468696,2.9840789812813693,2.9691419256829006,0
2023-03-24T17:58:55Z,2023-03-24T17:59:00Z,0.01893606512545709,2.991421193065788,2.972485127940331,0
2023-03-24T17:58:55Z,2023-03-24T17:59:00Z,0.02670835791195536,3.0016921041133444,2.974983746201389,0
2023-03-24T17:58:55Z,2023-03-24T17:59:00Z,0.027214119277477966,3.0038748892584324,2.9766607699809544,0
2023-03-24T17:58:55Z,2023-03-24T17:59:00Z,0.02968740466046027,3.0082364733758755,2.9785490687154152,0
2023-03-24T17:58:55Z,2023-03-24T17:59:00Z,0.030745837888699334,3.011157353444654,2.9804115155559545,0
2023-03-24T17:58:55Z,2023-03-24T17:59:00Z,0.03713359539813821,3.019823375713705,2.982689780315567,0
2023-03-24T17:58:55Z,2023-03-24T17:59:00Z,0.043535585549584255,3.0288195076892053,2.985283922139621,0
2023-03-24T17:58:55Z,2023-03-24T17:59:00Z,0.04854325004470539,3.0369887995541145,2.988445549509409,0
2023-03-24T17:58:55Z,2023-03-24T17:59:00Z,0.05302654790457906,3.0449900752537147,2.9919635273491356,0
2023-03-24T17:58:55Z,2023-03-24T17:59:00Z,0.0548163445036538,3.0502056685225156,2.995389324018862,0
2023-03-24T17:58:55Z,2023-03-24T17:59:00Z,0.05671617650963201,3.055825642590472,2.99910946608084,0
2023-03-24T17:58:55Z,2023-03-24T17:59:00Z,0.058148400937928724,3.061234070701226,3.0030856697632973,0
2023-03-24T17:58:55Z,2023-03-24T17:59:00Z,0.05440719162575691,3.061670078645397,3.0072628870196403,0
2023-03-24T17:58:55Z,2023-03-24T17:59:00Z,0.04476133395676296,3.056388712635142,3.011627378678379,0
2023-03-24T17:58:55Z,2023-03-24T17:59:00Z,0.05050199615777906,3.066567869505299,3.01606587334752,0
2023-03-24T17:58:55Z,2023-03-24T17:59:00Z,0.05257234033792768,3.072573036424184,3.020000696086256,0
2023-03-24T17:58:55Z,2023-03-24T17:59:00Z,0.053354087633422864,3.0780498345878824,3.0246957469544595,0
2023-03-24T17:58:55Z,2023-03-24T17:59:00Z,0.04802914772243794,3.077923973241102,3.029894825518664,0
2023-03-24T17:58:55Z,2023-03-24T17:59:00Z,0.03763323324106915,3.0728331035945313,3.035199870353462,0
2023-03-24T17:58:55Z,2023-03-24T17:59:00Z,0.03553697223111074,3.075950453249002,3.0404134810178913,0
2023-03-24T17:58:55Z,2023-03-24T17:59:00Z,0.03710057396190214,3.082036938898057,3.044936364936155,0
2023-03-24T17:58:55Z,2023-03-24T17:59:00Z,0.03565299191805682,3.0847148206950825,3.0490618287770257,0
2023-03-24T17:58:55Z,2023-03-24T17:59:00Z,0.03103225909262397,3.084436423960739,3.053404164868115,0
2023-03-24T17:58:55Z,2023-03-24T17:59:00Z,0.02698502524232227,3.0846379871837275,3.0576529619414052,0
2023-03-24T17:58:55Z,2023-03-24T17:59:00Z,0.023248327156355497,3.084972348570876,3.0617240214145207,0
2023-03-24T17:58:55Z,2023-03-24T17:59:00Z,0.024822195356635213,3.0901470285194907,3.0653248331628555,0
2023-03-24T17:58:55Z,2023-03-24T17:59:00Z,0.02398648162151229,3.0924309170555713,3.068444435434059,0
2023-03-24T17:58:55Z,2023-03-24T17:59:00Z,0.019209404633113714,3.090607075009694,3.07139767037658,0
2023-03-24T17:58:55Z,2023-03-24T17:59:00Z,0.01791889568710392,3.091952168386009,3.0740332726989053,0
2023-03-24T17:58:55Z,2023-03-24T17:59:00Z,0.017190914807875046,3.093468710089401,3.076277795281526,0
2023-03-24T17:58:55Z,2023-03-24T17:59:00Z,0.018283465621230288,3.09656829011362,3.0782848244923895,0
2023-03-24T17:58:55Z,2023-03-24T17:59:00Z,0.017614208520197572,3.0976898463119302,3.0800756377917327,0
2023-03-24T17:58:55Z,2023-03-24T17:59:00Z,0.01823977856779102,3.100254205885536,3.0820144273177448,0
2023-03-24T17:58:55Z,2023-03-24T17:59:00Z,0.013739608283032112,3.0980485430272653,3.084308934744233,0
2023-03-24T17:58:55Z,2023-03-24T17:59:00Z,0.012300695195166966,3.0984810930716358,3.086180397876469,0
2023-03-24T17:58:55Z,2023-03-24T17:59:00Z,0.007346210212957782,3.0949419140118204,3.0875957037988626,0
2023-03-24T17:58:55Z,2023-03-24T17:59:00Z,0.004984849074523456,3.0937156227891496,3.088730773714626,0
2023-03-24T17:58:55Z,2023-03-24T17:59:00Z,0.011980310433546748,3.1016565253021016,3.089676214868555,0
2023-03-24T17:58:55Z,2023-03-24T17:59:00Z,0.008400525095181521,3.099236879918993,3.0908363548238116,0
2023-03-24T17:58:55Z,2023-03-24T17:59:00Z,0.0045236878453565055,3.0967881577832292,3.0922644699378727,0
2023-03-24T17:58:55Z,2023-03-24T17:59:00Z,0.005209774554599367,3.098429796771413,3.093220022216814,0
2023-03-24T17:58:55Z,2023-03-24T17:59:00Z,0.00844274424124336,3.102333507407398,3.0938907631661547,0
2023-03-24T17:58:55Z,2023-03-24T17:59:00Z,0.008975643272728373,3.1036438160394764,3.094668172766748,0
2023-03-24T17:58:55Z,2023-03-24T17:59:00Z,0.011592928225958588,3.107244185449577,3.0956512572236186,0
2023-03-24T17:58:55Z,2023-03-24T17:59:00Z,0.012940531289239665,3.1096290922611143,3.0966885609718746,0
2023-03-24T17:58:55Z,2023-03-24T17:59:00Z,0.013600830077152182,3.111239233100698,3.097638403023546,0
2023-03-24T17:58:55Z,2023-03-24T17:59:00Z,0.012476635318801943,3.111070492520433,3.098593857201631,0
2023-03-24T17:58:55Z,2023-03-24T17:59:00Z,0.014382523641853329,3.114122611848541,3.0997400882066874,0
2023-03-24T17:58:55Z,2023-03-24T17:59:00Z,0.015028946134830079,3.115831163460096,3.100802217325266,0
2023-03-24T17:58:55Z,2023-03-24T17:59:00Z,0.006839469677387022,3.108789125989272,3.101949656311885,0
2023-03-24T17:58:55Z,2023-03-24T17:59:00Z,0.00017696433220359964,3.1031967802744487,3.103019815942245,0
2023-03-24T17:58:55Z,2023-03-24T17:59:00Z,0.00031759671469844264,3.103318845876288,3.1036364425909864,0
2023-03-24T17:58:55Z,2023-03-24T17:59:00Z,0.0033043834489721036,3.100495535496954,3.103799918945926,0
2023-03-24T17:58:55Z,2023-03-24T17:59:00Z,0.005796896145097374,3.0982958174035518,3.104092713548649,0
2023-03-24T17:58:55Z,2023-03-24T17:59:00Z,0.007403008561957858,3.0968016184547644,3.1042046270167223,0
2023-03-24T17:58:55Z,2023-03-24T17:59:00Z,0.011175896957647868,3.093215058025282,3.10439095498293,0
2023-03-24T17:58:55Z,2023-03-24T17:59:00Z,0.00715846301022216,3.097403936176353,3.104562399186575,0
2023-03-24T17:58:55Z,2023-03-24T17:59:00Z,0.010001256885120213,3.094092171897187,3.104093428782307,0
2023-03-24T17:58:55Z,2023-03-24T17:59:00Z,0.008392400955520518,3.0955991976188626,3.103991598574383,0
2023-03-24T17:58:55Z,2023-03-24T17:59:00Z,0.009720254204160561,3.094121567376553,3.1038418215807138,0
2023-03-24T17:58:55Z,2023-03-24T17:59:00Z,0.014900994643247678,3.0887835714289906,3.1036845660722383,0
2023-03-24T17:58:55Z,2023-03-24T17:59:00Z,0.019678264698839598,3.0835500824827964,3.103228347181636,0
2023-03-24T17:58:55Z,2023-03-24T17:59:00Z,0.015132795504690932,3.0872699825319185,3.1024027780366095,0
2023-03-24T17:58:55Z,2023-03-24T17:59:00Z,0.0198457404247927,3.0812406985581067,3.1010864389828994,0
2023-03-24T17:58:55Z,2023-03-24T17:59:00Z,0.020595980035964523,3.079248286184202,3.0998442662201664,0
2023-03-24T17:58:55Z,2023-03-24T17:59:00Z,0.023896372825735313,3.074281308142065,3.0981776809678,0
2023-03-24T17:58:55Z,2023-03-24T17:59:00Z,0.024379239702989164,3.072030540912798,3.096409780615787,0
2023-03-24T17:58:55Z,2023-03-24T17:59:00Z,0.02590098265223384,3.0682953922020824,3.094196374854316,0
2023-03-24T17:58:55Z,2023-03-24T17:59:00Z,0.02855251119854252,3.063210495736479,3.0917630069350217,0
2023-03-24T17:58:55Z,2023-03-24T17:59:00Z,0.025350181151424067,3.0641631739065316,3.0895133550579557,0
2023-03-24T17:58:55Z,2023-03-24T17:59:00Z,0.02875827000231368,3.0585336248035326,3.0872918948058463,0
2023-03-24T17:58:55Z,2023-03-24T17:59:00Z,0.02762012846394235,3.0574964512324727,3.085116579696415,0
2023-03-24T17:58:55Z,2023-03-24T17:59:00Z,0.027993006046612923,3.054792356389057,3.08278536243567,0
2023-03-24T17:58:55Z,2023-03-24T17:59:00Z,0.03007396960149533,3.0504447613802257,3.080518730981721,0
2023-03-24T17:58:55Z,2023-03-24T17:59:00Z,0.03347946124988699,3.0447054218392946,3.0781848830891816,0
2023-03-24T17:58:55Z,2023-03-24T17:59:00Z,0.03726891829925982,3.03853983719853,3.07580875549779,0
2023-03-24T17:58:55Z,2023-03-24T17:59:00Z,0.03617099129420254,3.0367100689626394,3.072881060256842,0
2023-03-24T17:58:55Z,2023-03-24T17:59:00Z,0.033747267886306886,3.036047551553943,3.06979481944025,0
2023-03-24T17:58:55Z,2023-03-24T17:59:00Z,0.026376157698901892,3.040147043482669,3.066523201181571,0
2023-03-24T17:58:55Z,2023-03-24T17:59:00Z,0.02128758192596969,3.042009285043234,3.063296866969204,0
2023-03-24T17:58:55Z,2023-03-24T17:59:00Z,0.032191694127121195,3.0284031435117313,3.0605948376388525,0
2023-03-24T17:58:55Z,2023-03-24T17:59:00Z,0.03843046518042037,3.0198565503784565,3.058287015558877,0
2023-03-24T17:58:55Z,2023-03-24T17:59:00Z,0.03931403277029322,3.015702602843018,3.055016635613311,0
2023-03-24T17:58:55Z,2023-03-24T17:59:00Z,0.036328049152812625,3.015278356006073,3.0516064051588856,0
2023-03-24T17:58:55Z,2023-03-24T17:59:00Z,0.03639367871006893,3.01168241070764,3.048076089417709,0
2023-03-24T17:58:55Z,2023-03-24T17:59:00Z,0.03933819635278191,3.005459951279594,3.0447981476323758,0
2023-03-24T17:58:55Z,2023-03-24T17:59:00Z,0.04006431414163547,3.001381159590454,3.0414454737320895,0
2023-03-24T17:58:55Z,2023-03-24T17:59:00Z,0.036470689233524034,3.001483926669539,3.037954615903063,0
2023-03-24T17:58:55Z,2023-03-24T17:59:00Z,0.03801216069998192,2.9965074920838566,3.0345196527838385,0
2023-03-24T17:58:55Z,2023-03-24T17:59:00Z,0.03711719081069198,2.993920281571091,3.031037472381783,0
2023-03-24T17:58:55Z,2023-03-24T17:59:00Z,0.030636596650808645,2.99695497946877,3.027591576119579,0
2023-03-24T17:58:55Z,2023-03-24T17:59:00Z,0.02525142877806008,2.998808137915887,3.024059566693947,0
2023-03-24T17:58:55Z,2023-03-24T17:59:00Z,0.021535978406161504,2.999310400681103,3.0208463790872644,0
2023-03-24T17:58:55Z,2023-03-24T17:59:00Z,0.014043135550133812,3.003934542233556,3.0179776777836897,0
2023-03-24T17:58:55Z,2023-03-24T17:59:00Z,0.012702639664198934,3.0027530924995913,3.0154557321637903,0
2023-03-24T17:58:55Z,2023-03-24T17:59:00Z,0.010273999364105446,3.0032592164127423,3.0135332157768477,0
2023-03-24T17:58:55Z,2023-03-24T17:59:00Z,0.005630673684279941,3.0060160434001757,3.0116467170844556,0
2023-03-24T17:58:55Z,2023-03-24T17:59:00Z,0.007618014376031823,3.0022071285339127,3.0098251429099445,0
2023-03-24T17:58:55Z,2023-03-24T17:59:00Z,0.007599509664674375,3.000329466574021,3.0079289762386954,0
2023-03-24T17:58:55Z,2023-03-24T17:59:00Z,0.00745939875731727,2.9982583465641928,3.00571774532151,0
2023-03-24T17:58:55Z,2023-03-24T17:59:00Z,0.006650242157284492,2.9975078544454647,3.0041580966027492,0
2023-03-24T17:58:55Z,2023-03-24T17:59:00Z,0.011520437364602731,2.991437759026242,3.002958196390845,0
2023-03-24T17:58:55Z,2023-03-24T17:59:00Z,0.009733636724722938,2.992213740310703,3.001947377035426,0
2023-03-24T17:58:55Z,2023-03-24T17:59:00Z,0.013272076911993391,2.987350822513442,3.0006228994254354,0
2023-03-24T17:58:55Z,2023-03-24T17:59:00Z,0.01504654349414114,2.984494763131464,2.999541306625605,0
2023-03-24T17:58:55Z,2023-03-24T17:59:00Z,0.016107450640278742,2.982427793276096,2.9985352439163746,0
2023-03-24T17:58:55Z,2023-03-24T17:59:00Z,0.013934156837759115,2.983662953942005,2.9975971107797643,0
2023-03-24T17:58:55Z,2023-03-24T17:59:00Z,0.015186622677124006,2.9813518140252264,2.9965384367023504,0
2023-03-24T17:58:55Z,2023-03-24T17:59:00Z,0.01571977590991347,2.980105075340112,2.9958248512500254,0
2023-03-24T17:58:55Z,2023-03-24T17:59:00Z,0.0160856523370696,2.9790409507159628,2.9951266030530324,0
2023-03-24T17:58:55Z,2023-03-24T17:59:00Z,0.012663131597031363,2.981527365671076,2.9941904972681073,0
2023-03-24T17:58:55Z,2023-03-24T17:59:00Z,0.0028216731910806203,2.9902706470103646,2.9930923202014452,0
2023-03-24T17:58:55Z,2023-03-24T17:59:00Z,0.00044918369880431186,2.9925535575108038,2.9921043738119995,0
2023-03-24T17:58:55Z,2023-03-24T17:59:00Z,0.0018137337366908035,2.9931590022585124,2.9913452685218216,0
2023-03-24T17:58:55Z,2023-03-24T17:59:00Z,0.003829212610751309,2.9946078402998624,2.990778627689111,0
2023-03-24T17:58:55Z,2023-03-24T17:59:00Z,0.003176765237570045,2.993394269918113,2.990217504680543,0
2023-03-24T17:58:55Z,2023-03-24T17:59:00Z,0.004797928456083067,2.994381644075498,2.989583715619415,0
2023-03-24T17:58:55Z,2023-03-24T17:59:00Z,0.010292267804352218,2.9993863801673335,2.9890941123629813,0
2023-03-24T17:58:55Z,2023-03-24T17:59:00Z,0.011944288086445543,3.0007079658661757,2.98876367777973,0
2023-03-24T17:58:55Z,2023-03-24T17:59:00Z,0.016100558621940486,3.0049269049351777,2.988826346313237,0
2023-03-24T17:58:55Z,2023-03-24T17:59:00Z,0.016050035595272405,3.0050541658763272,2.989004130281055,0
2023-03-24T17:58:55Z,2023-03-24T17:59:00Z,0.01688391053524363,3.0066374378112393,2.9897535272759956,0
2023-03-24T17:58:55Z,2023-03-24T17:59:00Z,0.011116486210538401,3.0015833704624026,2.9904668842518642,0
2023-03-24T17:58:55Z,2023-03-24T17:59:00Z,0.012140493555220733,3.00367885643474,2.991538362879519,0
2023-03-24T17:58:55Z,2023-03-24T17:59:00Z,0.011442198615859045,3.0039299285693195,2.9924877299534605,0
2023-03-24T17:58:55Z,2023-03-24T17:59:00Z,0.010850228540511875,3.004518573113897,2.993668344573385,0
2023-03-24T17:58:55Z,2023-03-24T17:59:00Z,0.011119484131863366,3.0059137717400994,2.994794287608236,0
2023-03-24T17:58:55Z,2023-03-24T17:59:00Z,0.006110382526793856,3.0021917123066224,2.9960813297798286,0
2023-03-24T17:58:55Z,2023-03-24T17:59:00Z,0.004276663480053955,3.001791809726549,2.997515146246495,0
2023-03-24T17:58:55Z,2023-03-24T17:59:00Z,0.0031257728648559358,2.9956755268033417,2.9988012996681976,0
2023-03-24T17:58:55Z,2023-03-24T17:59:00Z,0.001555764576077312,2.998371337539647,2.9999271021157243,0
2023-03-24T17:58:55Z,2023-03-24T17:59:00Z,0.0015539622738591774,2.9986734109414748,3.000227373215334,0
2023-03-24T17:58:55Z,2023-03-24T17:59:00Z,0.0028014000543867823,2.99774918316255,3.0005505832169366,0
2023-03-24T17:58:55Z,2023-03-24T17:59:00Z,0.0006910431801769867,3.0001658960747015,3.0008569392548785,0
2023-03-24T17:58:55Z,2023-03-24T17:59:00Z,0.004253611442838867,3.005285069745645,3.001031458302806,0
2023-03-24T17:58:55Z,2023-03-24T17:59:00Z,0.010025905179396055,3.011433564935346,3.00140765975595,0
2023-03-24T17:58:55Z,2023-03-24T17:59:00Z,0.00867670284099864,3.0106901084675126,3.002013405626514,0
2023-03-24T17:58:55Z,2023-03-24T17:59:00Z,0.011180805914611902,3.0138634995837927,3.002682693669181,0
2023-03-24T17:58:55Z,2023-03-24T17:59:00Z,0.009382318435238624,3.0126195755822716,3.003237257147033,0
2023-03-24T17:58:55Z,2023-03-24T17:59:00Z,0.010170651059592473,3.0139043856871037,3.0037337346275113,0
2023-03-24T17:58:55Z,2023-03-24T17:59:00Z,0.028293008237054718,3.0324470434037853,3.0041540351667306,0
2023-03-24T17:58:55Z,2023-03-24T17:59:00Z,0.043023927897866354,3.047581682391034,3.0045577544931676,0
2023-03-24T17:58:55Z,2023-03-24T17:59:00Z,0.04898438911420655,3.055256792104118,3.0062724029899113,0
2023-03-24T17:58:55Z,2023-03-24T17:59:00Z,0.048858735820400234,3.0575701846967718,3.0087114488763715,0
2023-03-24T17:58:55Z,2023-03-24T17:59:00Z,0.046514778904171106,3.058077720199143,3.011562941294972,0
2023-03-24T17:58:55Z,2023-03-24T17:59:00Z,0.046314823090281454,3.0608250761398574,3.014510253049576,0
2023-03-24T17:58:55Z,2023-03-24T17:59:00Z,0.04365918153865245,3.061067431724842,3.0174082501861896,0
2023-03-24T17:58:55Z,2023-03-24T17:59:00Z,0.04140627738629021,3.062071936674326,3.020665659288036,0
2023-03-24T17:58:55Z,2023-03-24T17:59:00Z,0.04196376524360934,3.0659225146426614,3.023958749399052,0
2023-03-24T17:58:55Z,2023-03-24T17:59:00Z,0.03955427241192888,3.0672017112482584,3.0276474388363295,0
2023-03-24T17:58:55Z,2023-03-24T17:59:00Z,0.02847723361526544,3.0598775156239846,3.031400282008719,0
2023-03-24T17:58:55Z,2023-03-24T17:59:00Z,0.020902810809623418,3.0561102206131636,3.03520740980354,0
2023-03-24T17:58:55Z,2023-03-24T17:59:00Z,0.013547639313052695,3.0522066231422276,3.038658983829175,0
2023-03-24T17:58:55Z,2023-03-24T17:59:00Z,0.0006247924275206707,3.042391794286611,3.0417670018590903,0
2023-03-24T17:58:55Z,2023-03-24T17:59:00Z,0.004273742148849902,3.0401000126767164,3.0443737548255663,0
2023-03-24T17:58:55Z,2023-03-24T17:59:00Z,0.00880954379589971,3.0372841126602923,3.046093656456192,0
2023-03-24T17:58:55Z,2023-03-24T17:59:00Z,0.01920225148030097,3.028525288543069,3.04772754002337,0
2023-03-24T17:58:55Z,2023-03-24T17:59:00Z,0.023934766138487884,3.0250939190557995,3.0490286851942874,0
2023-03-24T17:58:55Z,2023-03-24T17:59:00Z,0.023538029508464398,3.026374306405867,3.0499123359143314,0
2023-03-24T17:58:55Z,2023-03-24T17:59:00Z,0.01536137030239626,3.0351726063546405,3.0505339766570367,0
2023-03-24T17:58:55Z,2023-03-24T17:59:00Z,0.013971568820045022,3.0362250335593295,3.0501966023793745,0
2023-03-24T17:58:55Z,2023-03-24T17:59:00Z,0.011378327189420556,3.0381288820768213,3.049507209266242,0
2023-03-24T17:58:55Z,2023-03-24T17:59:00Z,0.007743983846023372,3.0407059055010635,3.048449889347087,0
2023-03-24T17:58:55Z,2023-03-24T17:59:00Z,0.0033526561806693778,3.044017160798642,3.0473698169793115,0
2023-03-24T17:58:55Z,2023-03-24T17:59:00Z,0.004137720997228644,3.05054243715998,3.046404716162751,0
2023-03-24T17:58:55Z,2023-03-24T17:59:00Z,0.008819408432922948,3.0542903515211623,3.0454709430882394,0
2023-03-24T17:58:55Z,2023-03-24T17:59:00Z,0.009615104771350413,3.05450132593932,3.0448862211679697,0
2023-03-24T17:58:55Z,2023-03-24T17:59:00Z,0.014626828153129434,3.0590807390348123,3.044453910881683,0
2023-03-24T17:58:55Z,2023-03-24T17:59:00Z,0.014953467380509178,3.058772867778673,3.043819400398164,0
2023-03-24T17:58:55Z,2023-03-24T17:59:00Z,0.0186356552505349,3.0620038905257294,3.0433682352751945,0
2023-03-24T17:58:55Z,2023-03-24T17:59:00Z,0.01783010561591869,3.0611369715663734,3.0433068659504547,0
2023-03-24T17:58:55Z,2023-03-24T17:59:00Z,0.010181038169370993,3.0538153302260795,3.0436342920567085,0
2023-03-24T17:58:55Z,2023-03-24T17:59:00Z,0.005785429852878998,3.0499158523775955,3.0441304225247166,0
2023-03-24T17:58:55Z,2023-03-24T17:59:00Z,0.002116924390907826,3.04688198780115,3.0447650634102423,0
2023-03-24T17:58:55Z,2023-03-24T17:59:00Z,0.0032426652573538384,3.0420677225807156,3.0453103878380694,0
2023-03-24T17:58:55Z,2023-03-24T17:59:00Z,0.003143854273199853,3.042699748850473,3.045843603123673,0
2023-03-24T17:58:55Z,2023-03-24T17:59:00Z,0.00028751279636507476,3.046883473366574,3.046595960570209,0
2023-03-24T17:58:55Z,2023-03-24T17:59:00Z,0.005474626476393851,3.0420994357490745,3.0475740622254683,0
2023-03-24T17:58:55Z,2023-03-24T17:59:00Z,0.005708358963513405,3.0430051014264388,3.048713460389952,0
2023-03-24T17:58:55Z,2023-03-24T17:59:00Z,0.011119277819311879,3.0379790064258865,3.0490982842451984,0
2023-03-24T17:58:55Z,2023-03-24T17:59:00Z,0.018881617536047113,3.030593337146213,3.04947495468226,0
2023-03-24T17:58:55Z,2023-03-24T17:59:00Z,0.018701983078801998,3.0307646451784063,3.0494666282572083,0
2023-03-24T17:58:55Z,2023-03-24T17:59:00Z,0.00845235843503822,3.0404524604691225,3.0489048189041608,0
2023-03-24T17:58:55Z,2023-03-24T17:59:00Z,0.0032518380830137694,3.044916729953356,3.04816856803637,0
2023-03-24T17:58:55Z,2023-03-24T17:59:00Z,0.0086670722082558,3.056275085984023,3.047608013775767,0
2023-03-24T17:58:55Z,2023-03-24T17:59:00Z,0.00627480807127867,3.0533620650932782,3.0470872570219996,0
2023-03-24T17:58:55Z,2023-03-24T17:59:00Z,0.002579264671779047,3.044606534574927,3.047185799246706,0
2023-03-24T17:58:55Z,2023-03-24T17:59:00Z,0.004885429098825167,3.0419826660400178,3.046868095138843,0
2023-03-24T17:58:55Z,2023-03-24T17:59:00Z,0.004698477210712593,3.0413825994168104,3.046081076627523,0
2023-03-24T17:58:55Z,2023-03-24T17:59:00Z,0.0033154859872199793,3.041653300391097,3.044968786378317,0
2023-03-24T17:58:55Z,2023-03-24T17:59:00Z,0.003490506039828034,3.040380815219069,3.043871321258897,0
2023-03-24T17:58:55Z,2023-03-24T17:59:00Z,0.005025790325082102,3.0381698626096494,3.0431956529347315,0
2023-03-24T17:58:55Z,2023-03-24T17:59:00Z,0.002245473908346618,3.0404204547397997,3.0426659286481463,0
2023-03-24T17:58:55Z,2023-03-24T17:59:00Z,0.0015252220247128356,3.0437071437177754,3.0421819216930626,0
2023-03-24T17:58:55Z,2023-03-24T17:59:00Z,0.005569550951120217,3.0476599577641323,3.042090406813012,0
2023-03-24T17:58:55Z,2023-03-24T17:59:00Z,0.004517034226456218,3.046663407420985,3.042146373194529,0
2023-03-24T17:58:55Z,2023-03-24T17:59:00Z,0.004998380382555734,3.0471878915991706,3.042189511216615,0
2023-03-24T17:58:55Z,2023-03-24T17:59:00Z,0.00034334774919075883,3.042786412947579,3.042443065198388,0
2023-03-24T17:58:55Z,2023-03-24T17:59:00Z,0.00524590362037225,3.0374295388098345,3.0426754424302067,0
2023-03-24T17:58:55Z,2023-03-24T17:59:00Z,0.008767990651259439,3.0341745299190412,3.0429425205703007,0
2023-03-24T17:58:55Z,2023-03-24T17:59:00Z,0.009341890951695575,3.033980418599917,3.0433223095516126,0
2023-03-24T17:58:55Z,2023-03-24T17:59:00Z,0.01460530005570071,3.028906447537058,3.043511747592759,0
2023-03-24T17:58:55Z,2023-03-24T17:59:00Z,0.015806651981456366,3.0273455377296807,3.043152189711137,0
2023-03-24T17:58:55Z,2023-03-24T17:59:00Z,0.02042791633585539,3.0218348132410426,3.042262729576898,0
2023-03-24T17:58:55Z,2023-03-24T17:59:00Z,0.021175993227093848,3.0194795392245632,3.040655532451657,0
2023-03-24T17:58:55Z,2023-03-24T17:59:00Z,0.02100562948125395,3.0178983889786117,3.0389040184598657,0
2023-03-24T17:58:55Z,2023-03-24T17:59:00Z,0.020793186341306225,3.016714887932429,3.037508074273735,0
2023-03-24T17:58:55Z,2023-03-24T17:59:00Z,0.023393637517905574,3.012776421363528,3.0361700588814338,0
2023-03-24T17:58:55Z,2023-03-24T17:59:00Z,0.022669910331018173,3.012129720134617,3.0347996304656353,0
2023-03-24T17:58:55Z,2023-03-24T17:59:00Z,0.021074780269433102,3.0121205791391152,3.0331953594085483,0
2023-03-24T17:58:55Z,2023-03-24T17:59:00Z,0.017618222569248054,3.0140076315568303,3.0316258541260783,0
2023-03-24T17:58:55Z,2023-03-24T17:59:00Z,0.01815529055553622,3.0120233811555126,3.030178671711049,0
2023-03-24T17:58:55Z,2023-03-24T17:59:00Z,0.012019142806014571,3.0166921498393138,3.0287112926453283,0
2023-03-24T17:58:55Z,2023-03-24T17:59:00Z,0.004274074001346939,3.022677009612745,3.026951083614092,0
2023-03-24T17:58:55Z,2023-03-24T17:59:00Z,0.0015697911020913224,3.026800440942582,3.025230649840491,0
2023-03-24T17:58:55Z,2023-03-24T17:59:00Z,0.005826674104867813,3.0297247462893453,3.0238980721844775,0
2023-03-24T17:58:55Z,2023-03-24T17:59:00Z,0.012222096281634176,3.034987532318523,3.022765436036889,0
2023-03-24T17:58:55Z,2023-03-24T17:59:00Z,0.015256681232669767,3.037296469121879,3.0220397878892094,0
2023-03-24T17:58:55Z,2023-03-24T17:59:00Z,0.01751648194762323,3.039420602809537,3.021904120861914,0
2023-03-24T17:58:55Z,2023-03-24T17:59:00Z,0.01273707081836939,3.034814632747108,3.0220775619287386,0
2023-03-24T17:58:55Z,2023-03-24T17:59:00Z,0.01421955745017689,3.0365993518350054,3.0223797943848285,0
2023-03-24T17:58:55Z,2023-03-24T17:59:00Z,0.014665592583726905,3.0373736194802246,3.0227080268964976,0
2023-03-24T17:58:55Z,2023-03-24T17:59:00Z,0.01411216639707824,3.0373342940772052,3.023222127680127,0
2023-03-24T17:58:55Z,2023-03-24T17:59:00Z,0.015846371294490957,3.039931765987906,3.024085394693415,0
2023-03-24T17:58:55Z,2023-03-24T17:59:00Z,0.01373513661856185,3.0388124621371237,3.025077325518562,0
2023-03-24T17:58:55Z,2023-03-24T17:59:00Z,0.011322459832495912,3.037623861851574,3.026301402019078,0
2023-03-24T17:58:55Z,2023-03-24T17:59:00Z,0.007377107656325155,3.0349061526867755,3.0275290450304504,0
2023-03-24T17:58:55Z,2023-03-24T17:59:00Z,0.0008264141846456852,3.029735872575543,3.0289094583908973,0
2023-03-24T17:58:55Z,2023-03-24T17:59:00Z,0.0022411335953154143,3.0279336821595906,3.030174815754906,0
2023-03-24T17:58:55Z,2023-03-24T17:59:00Z,0.006617187850114004,3.0245362553179267,3.0311534431680407,0
2023-03-24T17:58:55Z,2023-03-24T17:59:00Z,0.006687740310094892,3.0252393723358773,3.031927112645972,0
2023-03-24T17:58:55Z,2023-03-24T17:59:00Z,0.011558366786765806,3.021063905534896,3.0326222723216616,0
2023-03-24T17:58:55Z,2023-03-24T17:59:00Z,0.014536950824187933,3.018560167191727,3.033097118015915,0
2023-03-24T17:58:55Z,2023-03-24T17:59:00Z,0.01778433592664541,3.0152231651960557,3.033007501122701,0
2023-03-24T17:58:55Z,2023-03-24T17:59:00Z,0.017229803916051445,3.0153199042204912,3.0325497081365427,0
2023-03-24T17:58:55Z,2023-03-24T17:59:00Z,0.021426428722962854,3.010317636019508,3.0317440647424707,0
2023-03-24T17:58:55Z,2023-03-24T17:59:00Z,0.030694014358322086,2.9999574043787023,3.0306514187370244,0
2023-03-24T17:58:55Z,2023-03-24T17:59:00Z,0.029199366916280223,2.9999532277595016,3.029152594675782,0
2023-03-24T17:58:55Z,2023-03-24T17:59:00Z,0.03378800177422381,2.9931721929887343,3.026960194762958,0
2023-03-24T17:58:55Z,2023-03-24T17:59:00Z,0.034467067259357,2.9905563827820676,3.0250234500414246,0
2023-03-24T17:58:55Z,2023-03-24T17:59:00Z,0.031340350566180675,2.99127047953934,3.0226108301055206,0
2023-03-24T17:58:55Z,2023-03-24T17:59:00Z,0.032770524910811005,2.987239347600367,3.020009872511178,0
2023-03-24T17:58:55Z,2023-03-24T17:59:00Z,0.03956680358306475,2.9778839681204543,3.017450771703519,0
2023-03-24T17:58:55Z,2023-03-24T17:59:00Z,0.04164032717692567,2.9728830879495076,3.0145234151264333,0
2023-03-24T17:58:55Z,2023-03-24T17:59:00Z,0.04894946676946832,2.9621890320227053,3.0111384987921737,0
2023-03-24T17:58:55Z,2023-03-24T17:59:00Z,0.040389607974471886,2.9671521811564756,3.0075417891309475,0
2023-03-24T17:58:55Z,2023-03-24T17:59:00Z,0.02967572368764948,2.973826225406406,3.0035019490940553,0
2023-03-24T17:58:55Z,2023-03-24T17:59:00Z,0.022977079583489157,2.9770479977650623,3.0000250773485515,0
2023-03-24T17:58:55Z,2023-03-24T17:59:00Z,0.021300029713176016,2.9757190778157545,2.9970191075289305,0
2023-03-24T17:58:55Z,2023-03-24T17:59:00Z,0.02022364856518255,2.974157222433033,2.9943808709982154,0
2023-03-24T17:58:55Z,2023-03-24T17:59:00Z,0.017268419818381897,2.9743613237064936,2.9916297435248755,0
2023-03-24T17:58:55Z,2023-03-24T17:59:00Z,0.014557479040508081,2.974466337645375,2.989023816685883,0
2023-03-24T17:58:55Z,2023-03-24T17:59:00Z,0.01590131259645755,2.9706670127846904,2.986568325381148,0
2023-03-24T17:58:55Z,2023-03-24T17:59:00Z,0.016863024188570552,2.9674410329953176,2.984304057183888,0
2023-03-24T17:58:55Z,2023-03-24T17:59:00Z,0.019452973442412702,2.962370367550597,2.9818233409930097,0
2023-03-24T17:58:55Z,2023-03-24T17:59:00Z,0.024368563922882558,2.9550727435687834,2.979441307491666,0
2023-03-24T17:58:55Z,2023-03-24T17:59:00Z,0.020059521090061594,2.957293617688932,2.9773531387789935,0
2023-03-24T17:58:55Z,2023-03-24T17:59:00Z,0.014777258058517262,2.9600825204876586,2.974859778546176,0
2023-03-24T17:58:55Z,2023-03-24T17:59:00Z,0.014834878889588676,2.9580316454732647,2.9728665243628534,0
2023-03-24T17:58:55Z,2023-03-24T17:59:00Z,0.008831511708621509,2.9623420203045425,2.971173532013164,0
2023-03-24T17:58:55Z,2023-03-24T17:59:00Z,0.006195272890482606,2.9631316572301216,2.9693269301206042,0
2023-03-24T17:58:55Z,2023-03-24T17:59:00Z,0.004411557297488766,2.963532187973347,2.9679437452708357,0
2023-03-24T17:58:55Z,2023-03-24T17:59:00Z,0.006505237177587997,2.9606189352660075,2.9671241724435955,0
2023-03-24T17:58:55Z,2023-03-24T17:59:00Z,0.0018672918724647047,2.964737386128011,2.9666046780004756,0
2023-03-24T17:58:55Z,2023-03-24T17:59:00Z,0.0024302388469621405,2.968947689249843,2.966517450402881,0
2023-03-24T17:58:55Z,2023-03-24T17:59:00Z,0.002070934931920565,2.968454230055443,2.9663832951235225,0
2023-03-24T17:58:55Z,2023-03-24T17:59:00Z,0.003766563211792473,2.969878828548839,2.9661122653370464,0
2023-03-24T17:58:55Z,2023-03-24T17:59:00Z,0.0011452133532543485,2.966780047150878,2.9656348337976235,0
2023-03-24T17:58:55Z,2023-03-24T17:59:00Z,0.0016186714796151414,2.966929046984632,2.965310375505017,0
2023-03-24T17:58:55Z,2023-03-24T17:59:00Z,0.0009851634813866639,2.9639153689523994,2.964900532433786,0
2023-03-24T17:58:55Z,2023-03-24T17:59:00Z,0.0019530609565960866,2.9625345672148637,2.96448762817146,0
2023-03-24T17:58:55Z,2023-03-24T17:59:00Z,1.5675164196427005e-05,2.963917138408269,2.9639014632440728,0
2023-03-24T17:58:55Z,2023-03-24T17:59:00Z,0.003770134179486906,2.9596795265329288,2.9634496607124157,0
2023-03-24T17:58:55Z,2023-03-24T17:59:00Z,0.008021351163449264,2.955232537627464,2.9632538887909132,0
2023-03-24T17:58:55Z,2023-03-24T17:59:00Z,0.011458697578447197,2.9516457000448177,2.963104397623265,0
2023-03-24T17:58:55Z,2023-03-24T17:59:00Z,0.014182474834367298,2.948930800236602,2.9631132750709694,0
2023-03-24T17:58:55Z,2023-03-24T17:59:00Z,0.014656870653730891,2.948142631214788,2.9627995018685187,0
2023-03-24T17:58:55Z,2023-03-24T17:59:00Z,0.01506077568009534,2.9471191861744757,2.962179961854571,0
2023-03-24T17:58:55Z,2023-03-24T17:59:00Z,0.015637622103101823,2.9459929500704423,2.961630572173544,0
2023-03-24T17:58:55Z,2023-03-24T17:59:00Z,0.015627721907750747,2.9451571372585676,2.9607848591663184,0
2023-03-24T17:58:55Z,2023-03-24T17:59:00Z,0.017990643066995826,2.9418420657015627,2.9598327087685585,0
2023-03-24T17:58:55Z,2023-03-24T17:59:00Z,0.021866236713072418,2.9369456359046646,2.958811872617737,0
2023-03-24T17:58:55Z,2023-03-24T17:59:00Z,0.016514532856115594,2.9412541803413745,2.95776871319749,0
2023-03-24T17:58:55Z,2023-03-24T17:59:00Z,0.019044931146499078,2.9371797959274724,2.9562247270739714,0
2023-03-24T17:58:55Z,2023-03-24T17:59:00Z,0.023425745994767322,2.931260452806511,2.9546861988012783,0
2023-03-24T17:58:55Z,2023-03-24T17:59:00Z,0.022194792581653022,2.9307539376569602,2.9529487302386133,0
2023-03-24T17:58:55Z,2023-03-24T17:59:00Z,0.020433112552923127,2.930370152366672,2.950803264919595,0
2023-03-24T17:58:55Z,2023-03-24T17:59:00Z,0.021062073055711394,2.927739741336444,2.9488018143921555,0
2023-03-24T17:58:55Z,2023-03-24T17:59:00Z,0.02192312066641744,2.92484764402474,2.9467707646911574,0
2023-03-24T17:58:55Z,2023-03-24T17:59:00Z,0.020878300763519597,2.9238827068378628,2.9447610076013824,0
2023-03-24T17:58:55Z,2023-03-24T17:59:00Z,0.01966343919184199,2.9230038504545335,2.9426672896463755,0
2023-03-24T17:58:55Z,2023-03-24T17:59:00Z,0.01534014632039371,2.925103008238737,2.9404431545591305,0
2023-03-24T17:58:55Z,2023-03-24T17:59:00Z,0.01281464922948361,2.925590967769736,2.9384056169992196,0
2023-03-24T17:58:55Z,2023-03-24T17:59:00Z,0.009534718186742008,2.9271970360686597,2.9367317542554017,0
2023-03-24T17:58:55Z,2023-03-24T17:59:00Z,0.008203768379221543,2.9270805007497867,2.935284269129008,0
2023-03-24T17:58:55Z,2023-03-24T17:59:00Z,0.009081663737762646,2.924995174048582,2.9340768377863444,0
2023-03-24T17:58:55Z,2023-03-24T17:59:00Z,0.004436402747948431,2.92847031667923,2.9329067194271783,0
2023-03-24T17:58:55Z,2023-03-24T17:59:00Z,0.0004509423789782474,2.9321285500213845,2.9316776076424063,0
2023-03-24T17:58:55Z,2023-03-24T17:59:00Z,0.0011869154945629568,2.9318910435041237,2.9307041280095607,0
2023-03-24T17:58:55Z,2023-03-24T17:59:00Z,0.0054774668998440745,2.935457784507339,2.929980317607495,0
2023-03-24T17:58:55Z,2023-03-24T17:59:00Z,0.0026652870753189895,2.9320927701162898,2.929427483040971,0
2023-03-24T17:58:55Z,2023-03-24T17:59:00Z,0.004663439744672537,2.924681384885336,2.9293448246300087,0
2023-03-24T17:58:55Z,2023-03-24T17:59:00Z,0.005410481213711904,2.92342537618157,2.9288358573952817,0
2023-03-24T17:58:55Z,2023-03-24T17:59:00Z,0.00654887139541005,2.921592629830864,2.928141501226274,0
2023-03-24T17:58:55Z,2023-03-24T17:59:00Z,0.005270746214259603,2.9224354729772952,2.927706219191555,0
2023-03-24T17:58:55Z,2023-03-24T17:59:00Z,0.0018458934906493418,2.925351364155011,2.9271972576456604,0
2023-03-24T17:58:55Z,2023-03-24T17:59:00Z,0.002114017015539371,2.9246424251084897,2.926756442124029,0
2023-03-24T17:58:55Z,2023-03-24T17:59:00Z,0.0010158806940743226,2.925607873808764,2.926623754502838,0
2023-03-24T17:58:55Z,2023-03-24T17:59:00Z,0.0013922392868668254,2.9280045927388016,2.926612353451935,0
2023-03-24T17:58:55Z,2023-03-24T17:59:00Z,0.002639543756038254,2.9293477398174677,2.9267081960614294,0
2023-03-24T17:58:55Z,2023-03-24T17:59:00Z,0.0001547325020547774,2.9271407475792772,2.9269860150772224,0
2023-03-24T17:58:55Z,2023-03-24T17:59:00Z,0.000854972759289474,2.9263668607389732,2.9272218334982627,0
2023-03-24T17:58:55Z,2023-03-24T17:59:00Z,0.002486787477096186,2.9248211448994743,2.9273079323765705,0
2023-03-24T17:58:55Z,2023-03-24T17:59:00Z,0.00563309488979602,2.9216287166351256,2.9272618115249216,0
2023-03-24T17:58:55Z,2023-03-24T17:59:00Z,0.007442145987130555,2.919694145768329,2.9271362917554598,0
2023-03-24T17:58:55Z,2023-03-24T17:59:00Z,0.007255169888269908,2.919694096455331,2.926949266343601,0
2023-03-24T17:58:55Z,2023-03-24T17:59:00Z,0.009030902063252189,2.9174307992297432,2.9264617012929954,0
2023-03-24T17:58:55Z,2023-03-24T17:59:00Z,0.011240156096936182,2.914530742220167,2.9257708983171034,0
2023-03-24T17:58:55Z,2023-03-24T17:59:00Z,0.01256383393015792,2.912403717482813,2.924967551412971,0
2023-03-24T17:58:55Z,2023-03-24T17:59:00Z,0.01613340107037109,2.907671536882202,2.923804937952573,0
2023-03-24T17:58:55Z,2023-03-24T17:59:00Z,0.01907707260207614,2.903634029093081,2.9227111016951572,0
2023-03-24T17:58:55Z,2023-03-24T17:59:00Z,0.021126187333652346,2.9006399228057758,2.921766110139428,0
2023-03-24T17:58:55Z,2023-03-24T17:59:00Z,0.013880038059691291,2.9067865527970427,2.920666590856734,0
2023-03-24T17:58:55Z,2023-03-24T17:59:00Z,0.00980999540961136,2.909692556167951,2.9195025515775623,0
2023-03-24T17:58:55Z,2023-03-24T17:59:00Z,0.006157469008668315,2.9124756981144353,2.9186331671231036,0
2023-03-24T17:58:55Z,2023-03-24T17:59:00Z,0.0033622478073200845,2.9144009855387254,2.9177632333460455,0
2023-03-24T17:58:55Z,2023-03-24T17:59:00Z,0.007039432223892916,2.9100478718447045,2.9170873040685974,0
2023-03-24T17:58:55Z,2023-03-24T17:59:00Z,0.003970574195456766,2.9124941249692498,2.9164646991647065,0
2023-03-24T17:58:55Z,2023-03-24T17:59:00Z,0.00791002449138034,2.9075570790680985,2.915467103559479,0
2023-03-24T17:58:55Z,2023-03-24T17:59:00Z,0.0074941834428323695,2.9070366081806345,2.914530791623467,0
2023-03-24T17:58:55Z,2023-03-24T17:59:00Z,0.009896143636527466,2.9035466664029848,2.913442810039512,0
2023-03-24T17:58:55Z,2023-03-24T17:59:00Z,0.013285099467885253,2.8990838076517194,2.9123689071196046,0
2023-03-24T17:58:55Z,2023-03-24T17:59:00Z,0.01383282632577032,2.897354165321807,2.911186991647577,0
2023-03-24T17:58:55Z,2023-03-24T17:59:00Z,0.01184281813552257,2.898091678568533,2.9099344967040555,0
2023-03-24T17:58:55Z,2023-03-24T17:59:00Z,0.00847112020510643,2.9002222664741417,2.908693386679248,0
2023-03-24T17:58:55Z,2023-03-24T17:59:00Z,0.005177223237872841,2.9023160291143313,2.907493252352204,0
2023-03-24T17:58:55Z,2023-03-24T17:59:00Z,0.004140648867487329,2.9023965738871826,2.90653722275467,0
2023-03-24T17:58:55Z,2023-03-24T17:59:00Z,0.002458864627492563,2.9033997629546313,2.905858627582124,0
2023-03-24T17:58:55Z,2023-03-24T17:59:00Z,0.006167831204631824,2.8991348439555127,2.9053026751601445,0
2023-03-24T17:58:55Z,2023-03-24T17:59:00Z,0.006622092618788766,2.8984432617676017,2.9050653543863905,0
2023-03-24T17:58:55Z,2023-03-24T17:59:00Z,0.002047145344619583,2.9027682543119067,2.9048153996565262,0
2023-03-24T17:58:55Z,2023-03-24T17:59:00Z,0.0014919068938881175,2.9061852698260706,2.9046933629321825,0
2023-03-24T17:58:55Z,2023-03-24T17:59:00Z,0.0013104256067792974,2.903159698520674,2.904470124127453,0
2023-03-24T17:58:55Z,2023-03-24T17:59:00Z,0.0009391392252746655,2.9052144141115113,2.9042752748862366,0
2023-03-24T17:58:55Z,2023-03-24T17:59:00Z,0.008813876285904243,2.9125715956391547,2.9037577193532504,0
2023-03-24T17:58:55Z,2023-03-24T17:59:00Z,0.013756785549607464,2.917004139823568,2.9032473542739607,0
2023-03-24T17:58:55Z,2023-03-24T17:59:00Z,0.019805645856037835,2.9231932070074684,2.9033875611514306,0
2023-03-24T17:58:55Z,2023-03-24T17:59:00Z,0.024364496985977535,2.928002614518203,2.9036381175322257,0
2023-03-24T17:58:55Z,2023-03-24T17:59:00Z,0.0272658350129249,2.9317726263195603,2.9045067913066354,0
2023-03-24T17:58:55Z,2023-03-24T17:59:00Z,0.0274817659654909,2.9331533354019914,2.9056715694365005,0
2023-03-24T17:58:55Z,2023-03-24T17:59:00Z,0.02719571242135599,2.9344353907421104,2.9072396783207544,0
2023-03-24T17:58:55Z,2023-03-24T17:59:00Z,0.024859406246165783,2.9339918361086017,2.909132429862436,0
2023-03-24T17:58:55Z,2023-03-24T17:59:00Z,0.022447995721576408,2.9336404936629177,2.9111924979413413,0
2023-03-24T17:58:55Z,2023-03-24T17:59:00Z,0.021907367068372263,2.935094318206385,2.913186951138013,0
2023-03-24T17:58:55Z,2023-03-24T17:59:00Z,0.01918254023478161,2.9342260595499483,2.9150435193151667,0
2023-03-24T17:58:55Z,2023-03-24T17:59:00Z,0.021708872946159197,2.9385734083219957,2.9168645353758365,0
2023-03-24T17:58:55Z,2023-03-24T17:59:00Z,0.01978790811413944,2.938420748249018,2.9186328401348787,0
2023-03-24T17:58:55Z,2023-03-24T17:59:00Z,0.015235025941052083,2.9358219574852287,2.9205869315441766,0
2023-03-24T17:58:55Z,2023-03-24T17:59:00Z,0.0127678511968492,2.9355373329795538,2.9227694817827046,0
2023-03-24T17:58:55Z,2023-03-24T17:59:00Z,0.008068634433747057,2.932914710422987,2.92484607598924,0
2023-03-24T17:58:55Z,2023-03-24T17:59:00Z,0.009242473017482933,2.9359090533771477,2.9266665803596648,0
2023-03-24T17:58:55Z,2023-03-24T17:59:00Z,0.014327039954963983,2.9424785892366794,2.9281515492817154,0
2023-03-24T17:58:55Z,2023-03-24T17:59:00Z,0.01186700623873449,2.9418379641235877,2.929970957884853,0
2023-03-24T17:58:55Z,2023-03-24T17:59:00Z,0.009313454225616802,2.9413546440618674,2.9320411898362506,0
2023-03-24T17:58:55Z,2023-03-24T17:59:00Z,0.007126990923162602,2.9407940901196596,2.933667099196497,0
2023-03-24T17:58:55Z,2023-03-24T17:59:00Z,0.003492698663945859,2.9385126036514597,2.935019904987514,0
2023-03-24T17:58:55Z,2023-03-24T17:59:00Z,0.006243125910242675,2.942240857737323,2.9359977318270802,0
2023-03-24T17:58:55Z,2023-03-24T17:59:00Z,0.012218609572353323,2.9488002296846147,2.9365816201122614,0
2023-03-24T17:58:55Z,2023-03-24T17:59:00Z,0.01261925381530693,2.949782442339666,2.937163188524359,1
2023-03-24T17:58:55Z,2023-03-24T17:59:00Z,0.015032082121826829,2.9530645425507758,2.938032460428949,1
2023-03-24T17:58:55Z,2023-03-24T17:59:00Z,0.020000413395270922,2.958885487801862,2.938885074406591,1
2023-03-24T17:58:55Z,2023-03-24T17:59:00Z,0.022550828774227316,2.9624954979831615,2.939944669208934,1
2023-03-24T17:58:55Z,2023-03-24T17:59:00Z,0.026522992105342702,2.967870160988663,2.94134716888332,1
2023-03-24T17:58:55Z,2023-03-24T17:59:00Z,0.02936974613919041,2.972239202787887,2.9428694566486966,1
2023-03-24T17:58:55Z,2023-03-24T17:59:00Z,0.03661387655522752,2.981352449950519,2.9447385733952913,1
2023-03-24T17:58:55Z,2023-03-24T17:59:00Z,0.04423692937632229,2.9908458246863856,2.9466088953100633,1
2023-03-24T17:58:55Z,2023-03-24T17:59:00Z,0.04797426734240018,2.996968257191436,2.948993989849036,1
2023-03-24T17:58:55Z,2023-03-24T17:59:00Z,0.0518321547941083,3.0038830261543197,2.9520508713602114,1
2023-03-24T17:58:55Z,2023-03-24T17:59:00Z,0.05594660543099872,3.011410305914092,2.9554637004830933,1
2023-03-24T17:58:55Z,2023-03-24T17:59:00Z,0.05720229843418689,3.016608683124576,2.9594063846903893,1
2023-03-24T17:58:55Z,2023-03-24T17:59:00Z,0.058745304880911675,3.0223462036011317,2.96360089872022,1
2023-03-24T17:58:55Z,2023-03-24T17:59:00Z,0.05586125432281008,3.0235804915923574,2.9677192372695473,1
2023-03-24T17:58:55Z,2023-03-24T17:59:00Z,0.04487259947216504,3.017064516712687,2.972191917240522,1
2023-03-24T17:58:55Z,2023-03-24T17:59:00Z,0.03690986095359916,3.013669880834704,2.976760019881105,1
2023-03-24T17:58:55Z,2023-03-24T17:59:00Z,0.02997316144886497,3.0109704272518045,2.9809972658029396,1
2023-03-24T17:58:55Z,2023-03-24T17:59:00Z,0.02687841329825158,3.0120510833891494,2.985172670090898,1
2023-03-24T17:58:55Z,2023-03-24T17:59:00Z,0.027466517332682905,3.016457496841052,2.988990979508369,1
2023-03-24T17:58:55Z,2023-03-24T17:59:00Z,0.032864488962435434,3.0253694047877233,2.992504915825288,1
2023-03-24T17:58:55Z,2023-03-24T17:59:00Z,0.03589853349616723,3.032107619015976,2.996209085519809,1
2023-03-24T17:58:55Z,2023-03-24T17:59:00Z,0.03773161196709207,3.0379576342778423,3.00022602231075,1
2023-03-24T17:58:55Z,2023-03-24T17:59:00Z,0.04538949876649179,3.049683417255804,3.0042939184893123,1
2023-03-24T17:58:55Z,2023-03-24T17:59:00Z,0.049857012416385516,3.0583432718109584,3.008486259394573,1
2023-03-24T17:58:55Z,2023-03-24T17:59:00Z,0.054393921519941824,3.0674253618182448,3.013031440298303,1
2023-03-24T17:58:55Z,2023-03-24T17:59:00Z,0.05764652365091161,3.075461523339385,3.0178149996884733,1
2023-03-24T17:58:55Z,2023-03-24T17:59:00Z,0.05464602449051359,3.0772428526160827,3.022596828125569,1
2023-03-24T17:58:55Z,2023-03-24T17:59:00Z,0.05071925878808203,3.0780169590610402,3.027297700272958,1
2023-03-24T17:58:55Z,2023-03-24T17:59:00Z,0.051894167430285965,3.083651567449057,3.0317574000187713,1
2023-03-24T17:58:55Z,2023-03-24T17:59:00Z,0.051951333986548054,3.0878272858334705,3.0358759518469225,1
2023-03-24T17:58:55Z,2023-03-24T17:59:00Z,0.05664881448185932,3.096538169747391,3.0398893552655317,1
2023-03-24T17:58:55Z,2023-03-24T17:59:00Z,0.06498939537245896,3.108835339677374,3.043845944304915,1
2023-03-24T17:58:55Z,2023-03-24T17:59:00Z,0.060544956985745024,3.1085126771876745,3.0479677202019295,1
2023-03-24T17:58:55Z,2023-03-24T17:59:00Z,0.06600710286232259,3.1187112035134192,3.0527041006510967,1
2023-03-24T17:58:55Z,2023-03-24T17:59:00Z,0.06698181189303298,3.1247663659038514,3.0577845540108184,1
2023-03-24T17:58:55Z,2023-03-24T17:59:00Z,0.06420730808044928,3.1278274911289743,3.063620183048525,1
2023-03-24T17:58:55Z,2023-03-24T17:59:00Z,0.05982855562718825,3.1297707352674937,3.0699421796403055,1
2023-03-24T17:58:55Z,2023-03-24T17:59:00Z,0.054946808102814604,3.1313210103953324,3.076374202292518,1
2023-03-24T17:58:55Z,2023-03-24T17:59:00Z,0.046804033916056476,3.1294734161211544,3.082669382205098,1
2023-03-24T17:58:55Z,2023-03-24T17:59:00Z,0.04223249394372752,3.130788076460359,3.0885555825166313,1
2023-03-24T17:58:55Z,2023-03-24T17:59:00Z,0.040614562252331954,3.134579355719251,3.093964793466919,1
2023-03-24T17:58:55Z,2023-03-24T17:59:00Z,0.03982672225197037,3.138948762506807,3.0991220402548367,1
2023-03-24T17:58:55Z,2023-03-24T17:59:00Z,0.0378414704387211,3.141679951719306,3.103838481280585,1
2023-03-24T17:58:55Z,2023-03-24T17:59:00Z,0.041403496735580525,3.1497200608326006,3.10831656409702,1
2023-03-24T17:58:55Z,2023-03-24T17:59:00Z,0.04093025659853122,3.1533720756900547,3.1124418190915235,1
2023-03-24T17:58:55Z,2023-03-24T17:59:00Z,0.04358757947962877,3.1601548728763307,3.116567293396702,1
2023-03-24T17:58:55Z,2023-03-24T17:59:00Z,0.04688694627949541,3.1676836409580855,3.12079669467859,1
2023-03-24T17:58:55Z,2023-03-24T17:59:00Z,0.045904311852258406,3.171264223965031,3.1253599121127724,1
2023-03-24T17:58:55Z,2023-03-24T17:59:00Z,0.04554038205268407,3.175568742693736,3.130028360641052,1
2023-03-24T17:58:55Z,2023-03-24T17:59:00Z,0.04741207787750534,3.182075823970311,3.1346637460928055,1
2023-03-24T17:58:55Z,2023-03-24T17:59:00Z,0.04873127087352902,3.187785604352242,3.139054333478713,1
2023-03-24T17:58:55Z,2023-03-24T17:59:00Z,0.049815543879371926,3.1929387931521367,3.1431232492727648,1
2023-03-24T17:58:55Z,2023-03-24T17:59:00Z,0.04607947610199359,3.193606776883901,3.1475273007819076,1
2023-03-24T17:58:55Z,2023-03-24T17:59:00Z,0.04252431356236874,3.1941753693242054,3.1516510557618367,1
2023-03-24T17:58:55Z,2023-03-24T17:59:00Z,0.04650421831971663,3.2019797413582225,3.155475523038506,1
2023-03-24T17:58:55Z,2023-03-24T17:59:00Z,0.04519564302927792,3.2043571593008524,3.1591615162715745,1
2023-03-24T17:58:55Z,2023-03-24T17:59:00Z,0.043373355555265114,3.206546483276324,3.163173127721059,1
2023-03-24T17:58:55Z,2023-03-24T17:59:00Z,0.03845660538598272,3.2056872969351264,3.1672306915491437,1
2023-03-24T17:58:55Z,2023-03-24T17:59:00Z,0.030707864394557305,3.2022203930078774,3.17151252861332,1
2023-03-24T17:58:55Z,2023-03-24T17:59:00Z,0.019902703317104642,3.195576299734578,3.1756735964174734,1
2023-03-24T17:58:55Z,2023-03-24T17:59:00Z,0.009010267258322546,3.1884416990807196,3.179431431822397,1
2023-03-24T17:58:55Z,2023-03-24T17:59:00Z,0.00033037868671659254,3.1829077847995455,3.182577406112829,0
2023-03-24T17:58:55Z,2023-03-24T17:59:00Z,0.01112551164109954,3.174049769325141,3.1851752809662406,0
2023-03-24T17:58:55Z,2023-03-24T17:59:00Z,0.017673364124979773,3.169345679283869,3.187019043408849,0
2023-03-24T17:58:55Z,2023-03-24T17:59:00Z,0.023202599058699036,3.164965205107655,3.188167804166354,0
2023-03-24T17:58:55Z,2023-03-24T17:59:00Z,0.028681203588662996,3.1599972009336654,3.1886784045223284,0
2023-03-24T17:58:55Z,2023-03-24T17:59:00Z,0.03628582585885809,3.1522415544495574,3.1885273803084155,0
2023-03-24T17:58:55Z,2023-03-24T17:59:00Z,0.04458413164894237,3.1433173029355084,3.1879014345844507,0
2023-03-24T17:58:55Z,2023-03-24T17:59:00Z,0.051353324618609086,3.1352521550633874,3.1866054796819965,0
2023-03-24T17:58:55Z,2023-03-24T17:59:00Z,0.05388340697687699,3.130568821536519,3.184452228513396,0
2023-03-24T17:58:55Z,2023-03-24T17:59:00Z,0.053771964323605204,3.1277617392292982,3.1815337035529034,0
2023-03-24T17:58:55Z,2023-03-24T17:59:00Z,0.05517531309857038,3.1228933920312434,3.1780687051298138,0
2023-03-24T17:58:55Z,2023-03-24T17:59:00Z,0.05576562856711842,3.1186450189152177,3.174410647482336,0
2023-03-24T17:58:55Z,2023-03-24T17:59:00Z,0.054368808220928155,3.116081729411799,3.170450537632727,0
2023-03-24T17:58:55Z,2023-03-24T17:59:00Z,0.0477869438901517,3.1180338869401862,3.165820830830338,0
2023-03-24T17:58:55Z,2023-03-24T17:59:00Z,0.05274314077050857,3.1081734995104378,3.1609166402809463,0
2023-03-24T17:58:55Z,2023-03-24T17:59:00Z,0.0536529010982858,3.1023463727195417,3.1559992738178275,0
2023-03-24T17:58:55Z,2023-03-24T17:59:00Z,0.05947214477018958,3.0911096958573774,3.150581840627567,0
2023-03-24T17:58:55Z,2023-03-24T17:59:00Z,0.0608600343589174,3.084173249585964,3.1450332839448816,0
2023-03-24T17:58:55Z,2023-03-24T17:59:00Z,0.06583942336329907,3.073390160366183,3.139229583729482,0
2023-03-24T17:58:55Z,2023-03-24T17:59:00Z,0.0686465296800094,3.064790362410875,3.1334368920908844,0
2023-03-24T17:58:55Z,2023-03-24T17:59:00Z,0.07287601261854837,3.0544765670038156,3.127352579622364,0
2023-03-24T17:58:55Z,2023-03-24T17:59:00Z,0.07780315888164768,3.0434794536899235,3.121282612571571,0
2023-03-24T17:58:55Z,2023-03-24T17:59:00Z,0.07177529270526328,3.0431257025174165,3.11490099522268,0
2023-03-24T17:58:55Z,2023-03-24T17:59:00Z,0.07542967788541066,3.032722108925173,3.1081517868105837,0
2023-03-24T17:58:55Z,2023-03-24T17:59:00Z,0.07639137652479189,3.025267549262667,3.1016589257874587,0
2023-03-24T17:58:55Z,2023-03-24T17:59:00Z,0.07841590099926377,3.0166030555923955,3.0950189565916593,0
2023-03-24T17:58:55Z,2023-03-24T17:59:00Z,0.07573990705289457,3.0127207298902734,3.088460636943168,0
2023-03-24T17:58:55Z,2023-03-24T17:59:00Z,0.07602995616293429,3.0058390641429567,3.081869020305891,0
2023-03-24T17:58:55Z,2023-03-24T17:59:00Z,0.08309247695224542,2.9922294271510763,3.0753219041033217,0
2023-03-24T17:58:55Z,2023-03-24T17:59:00Z,0.08010602914398834,2.988442393010092,3.0685484221540804,0
2023-03-24T17:58:55Z,2023-03-24T17:59:00Z,0.08409623174296899,2.977193081251102,3.061289312994071,0
2023-03-24T17:58:55Z,2023-03-24T17:59:00Z,0.08016004024508527,2.973895793532034,3.0540558337771193,0
2023-03-24T17:58:55Z,2023-03-24T17:59:00Z,0.08294267086512175,2.9633971269030703,3.046339797768192,0
2023-03-24T17:58:55Z,2023-03-24T17:59:00Z,0.07904266966108864,2.9592894562510947,3.0383321259121834,0
2023-03-24T17:58:55Z,2023-03-24T17:59:00Z,0.06454683735797984,2.965742156742684,3.0302889941006637,0
2023-03-24T17:58:55Z,2023-03-24T17:59:00Z,0.060631359281500874,2.961710028348693,3.0223413876301937,0
2023-03-24T17:58:55Z,2023-03-24T17:59:00Z,0.05232866389531132,2.963047860450733,3.015376524346044,0
2023-03-24T17:58:55Z,2023-03-24T17:59:00Z,0.047847770710030435,2.960725241345054,3.0085730120550847,0
2023-03-24T17:58:55Z,2023-03-24T17:59:00Z,0.03768727097657587,2.9647556133054285,3.0024428842820043,0
2023-03-24T17:58:55Z,2023-03-24T17:59:00Z,0.03331247592878883,2.9633490127384476,2.9966614886672365,0
2023-03-24T17:58:55Z,2023-03-24T17:59:00Z,0.027664677451673114,2.964012313787875,2.9916769912395482,0
2023-03-24T17:58:55Z,2023-03-24T17:59:00Z,0.025544766393655216,2.961680533681922,2.9872253000755773,0
2023-03-24T17:58:55Z,2023-03-24T17:59:00Z,0.024567801510229526,2.958262310302596,2.9828301118128255,0
2023-03-24T17:58:55Z,2023-03-24T17:59:00Z,0.012476745876113693,2.966406611756531,2.9788833576326446,0
2023-03-24T17:58:55Z,2023-03-24T17:59:00Z,0.010299535963800288,2.964861308393284,2.9751608443570845,0
2023-03-24T17:58:55Z,2023-03-24T17:59:00Z,0.00529364169932478,2.967078511333545,2.97237215303287,0
2023-03-24T17:58:55Z,2023-03-24T17:59:00Z,0.00023179659722405432,2.9699450928802618,2.9697132962830377,0
2023-03-24T17:58:55Z,2023-03-24T17:59:00Z,0.004228823634743417,2.9717887558728133,2.96755993223807,0
2023-03-24T17:58:55Z,2023-03-24T17:59:00Z,0.005520561782114797,2.9718424754495842,2.9663219136674694,0
2023-03-24T17:58:55Z,2023-03-24T17:59:00Z,0.00502358373597156,2.9704202953402583,2.9653967116042868,0
2023-03-24T17:58:55Z,2023-03-24T17:59:00Z,0.00473383244097203,2.969833288167397,2.965099455726425,0
2023-03-24T17:58:55Z,2023-03-24T17:59:00Z,0.00761294673443258,2.9725193192279815,2.964906372493549,0
2023-03-24T17:58:55Z,2023-03-24T17:59:00Z,0.006494835722584913,2.9717587727308183,2.9652639370082334,0
2023-03-24T17:58:55Z,2023-03-24T17:59:00Z,2.891525323089894e-05,2.9660278446490693,2.9659989293958384,0
2023-03-24T17:58:55Z,2023-03-24T17:59:00Z,0.0003323835055808466,2.966000802334043,2.966333185839624,0
2023-03-24T17:58:55Z,2023-03-24T17:59:00Z,0.0026062512671294336,2.963966813255848,2.9665730645229775,0
2023-03-24T17:58:55Z,2023-03-24T17:59:00Z,0.0047035237824530896,2.9714406406322817,2.9667371168498287,0
2023-03-24T17:58:55Z,2023-03-24T17:59:00Z,0.006806799432263144,2.9737240036104695,2.9669172041782064,0
2023-03-24T17:58:55Z,2023-03-24T17:59:00Z,0.0071331977347766085,2.97442179232003,2.9672885945852534,0
2023-03-24T17:58:55Z,2023-03-24T17:59:00Z,0.011344461485102375,2.9792094444521346,2.9678649829670323,0
2023-03-24T17:58:55Z,2023-03-24T17:59:00Z,0.016270766626593325,2.984714053956523,2.96844328732993,0
2023-03-24T17:58:55Z,2023-03-24T17:59:00Z,0.02290333228463526,2.992320447990688,2.9694171157060527,0
2023-03-24T17:58:55Z,2023-03-24T17:59:00Z,0.024817472567680632,2.995704129587841,2.97088665702016,0
2023-03-24T17:58:55Z,2023-03-24T17:59:00Z,0.028077877525913397,3.000404192114637,2.9723263145887238,0
2023-03-24T17:58:55Z,2023-03-24T17:59:00Z,0.029475235143217482,3.0035150397983057,2.974039804655088,0
2023-03-24T17:58:55Z,2023-03-24T17:59:00Z,0.03077117171696342,3.006662403082112,2.9758912313651487,0
2023-03-24T17:58:55Z,2023-03-24T17:59:00Z,0.03098979613886721,3.008746024555019,2.9777562284161516,0
2023-03-24T17:58:55Z,2023-03-24T17:59:00Z,0.030129462912036775,3.0098231161731492,2.9796936532611125,0
2023-03-24T17:58:55Z,2023-03-24T17:59:00Z,0.02956815068358498,3.011312001117221,2.981743850433636,0
2023-03-24T17:58:55Z,2023-03-24T17:59:00Z,0.025251449265471848,3.0091843453009357,2.983932896035464,0
2023-03-24T17:58:55Z,2023-03-24T17:59:00Z,0.02178154747178862,3.0080188164489092,2.9862372689771206,0
2023-03-24T17:58:55Z,2023-03-24T17:59:00Z,0.01824688462212487,3.006521099492187,2.9882742148700623,0
2023-03-24T17:58:55Z,2023-03-24T17:59:00Z,0.013010598410983398,3.003299260154274,2.9902886617432904,0
2023-03-24T17:58:55Z,2023-03-24T17:59:00Z,0.014695089528822258,3.0072333765411745,2.9925382870123522,0
2023-03-24T17:58:55Z,2023-03-24T17:59:00Z,0.020264719754657712,3.014875143312578,2.9946104235579205,0
2023-03-24T17:58:55Z,2023-03-24T17:59:00Z,0.023049498496135357,3.0200636200143514,2.997014121518216,0
2023-03-24T17:58:55Z,2023-03-24T17:59:00Z,0.03157152432029209,3.0309986737651915,2.9994271494448994,0
2023-03-24T17:58:55Z,2023-03-24T17:59:00Z,0.03910767916695601,3.0411092517454046,3.0020015725784486,0
2023-03-24T17:58:55Z,2023-03-24T17:59:00Z,0.0422647757767014,3.047409508435436,3.0051447326587346,0
2023-03-24T17:58:55Z,2023-03-24T17:59:00Z,0.051117819800317044,3.059701430642012,3.008583610841695,0
2023-03-24T17:58:55Z,2023-03-24T17:59:00Z,0.059878560977431494,3.0719452526235096,3.012066691646078,0
2023-03-24T17:58:55Z,2023-03-24T17:59:00Z,0.0606966455685507,3.076506725139703,3.0158100795711524,0
2023-03-24T17:58:55Z,2023-03-24T17:59:00Z,0.05653783827092962,3.076583535788508,3.0200456975175785,0
2023-03-24T17:58:55Z,2023-03-24T17:59:00Z,0.06246457847909603,3.086738194498067,3.024273616018971,0
2023-03-24T17:58:55Z,2023-03-24T17:59:00Z,0.06430203046588545,3.092635007373201,3.0283329769073157,1
2023-03-24T17:58:55Z,2023-03-24T17:59:00Z,0.06718558030189481,3.0999672122878743,3.0327816319859795,1
2023-03-24T17:58:55Z,2023-03-24T17:59:00Z,0.06480493867276316,3.1022470697041973,3.037442131031434,1
2023-03-24T17:58:55Z,2023-03-24T17:59:00Z,0.06373972270756223,3.106189859078703,3.0424501363711407,1
2023-03-24T17:58:55Z,2023-03-24T17:59:00Z,0.06573726746854458,3.1132393520945176,3.047502084625973,1
2023-03-24T17:58:55Z,2023-03-24T17:59:00Z,0.059296106625031264,3.1121873864608807,3.0528912798358494,1
2023-03-24T17:58:55Z,2023-03-24T17:59:00Z,0.05723265055498494,3.115969515704479,3.058736865149494,1
2023-03-24T17:58:55Z,2023-03-24T17:59:00Z,0.05083882368483161,3.115446038110364,3.0646072144255325,1
2023-03-24T17:58:55Z,2023-03-24T17:59:00Z,0.04096622309933151,3.111832896166542,3.0708666730672105,1
2023-03-24T17:58:55Z,2023-03-24T17:59:00Z,0.03336866469851074,3.110247152297343,3.076878487598832,1
2023-03-24T17:58:55Z,2023-03-24T17:59:00Z,0.03073622427825118,3.1130012537023033,3.082265029424052,1
2023-03-24T17:58:55Z,2023-03-24T17:59:00Z,0.020106796334492305,3.107382021996488,3.0872752256619957,1
2023-03-24T17:58:55Z,2023-03-24T17:59:00Z,0.008760783884283807,3.1005917084316748,3.091830924547391,1
2023-03-24T17:58:55Z,2023-03-24T17:59:00Z,0.004355384178097665,3.0998681292949937,3.095512745116896,1
2023-03-24T17:58:55Z,2023-03-24T17:59:00Z,0.007637820768162662,3.090829491015191,3.0984673117833537,1
2023-03-24T17:58:55Z,2023-03-24T17:59:00Z,0.02172116941653357,3.078977625625319,3.1006987950418528,1
2023-03-24T17:58:55Z,2023-03-24T17:59:00Z,0.03330361371649193,3.0684443056804547,3.1017479193969466,1
2023-03-24T17:58:55Z,2023-03-24T17:59:00Z,0.03417721610284907,3.067707975543298,3.101885191646147,1
2023-03-24T17:58:55Z,2023-03-24T17:59:00Z,0.0353021112560743,3.0661309009396254,3.1014330121956997,1
2023-03-24T17:58:55Z,2023-03-24T17:59:00Z,0.04237026684215417,3.0580055109671695,3.1003757778093237,1
2023-03-24T17:58:55Z,2023-03-24T17:59:00Z,0.04378101463707562,3.0551223128148273,3.098903327451903,1
2023-03-24T17:58:55Z,2023-03-24T17:59:00Z,0.051542844397535426,3.0450292774254395,3.096572121822975,1
2023-03-24T17:58:55Z,2023-03-24T17:59:00Z,0.05684117297720581,3.0371129067963594,3.093954079773565,1
2023-03-24T17:58:55Z,2023-03-24T17:59:00Z,0.06324110409929284,3.027315165582425,3.0905562696817177,1
2023-03-24T17:58:55Z,2023-03-24T17:59:00Z,0.06708121660694921,3.019245806113759,3.0863270227207082,1
2023-03-24T17:58:55Z,2023-03-24T17:59:00Z,0.06577220337515755,3.0158396959634146,3.081611899338572,1
2023-03-24T17:58:55Z,2023-03-24T17:59:00Z,0.06789464133144607,3.008343718585419,3.0762383599168652,1
2023-03-24T17:58:55Z,2023-03-24T17:59:00Z,0.06741117814700281,3.003293496095032,3.0707046742420347,1
2023-03-24T17:58:55Z,2023-03-24T17:59:00Z,0.06493092409107737,3.0000243513964513,3.0649552754875287,1
2023-03-24T17:58:55Z,2023-03-24T17:59:00Z,0.06079102224154287,2.9982223834569677,3.0590134056985105,1
2023-03-24T17:58:55Z,2023-03-24T17:59:00Z,0.0553612380211943,2.997375673104769,3.0527369111259635,1
2023-03-24T17:58:55Z,2023-03-24T17:59:00Z,0.048491289940477245,2.9981811968221797,3.046672486762657,1
2023-03-24T17:58:55Z,2023-03-24T17:59:00Z,0.051516563832985085,2.989421698744844,3.040938262577829,1
2023-03-24T17:58:55Z,2023-03-24T17:59:00Z,0.04512019133543044,2.990168797216131,3.0352889885515615,1
2023-03-24T17:58:55Z,2023-03-24T17:59:00Z,0.03746100406680952,2.9921942182475103,3.02965522231432,1
2023-03-24T17:58:55Z,2023-03-24T17:59:00Z,0.0323948261629452,2.992326572350864,3.024721398513809,1
2023-03-24T17:58:55Z,2023-03-24T17:59:00Z,0.03248333793133806,2.9880019446139743,3.0204852825453123,1
2023-03-24T17:58:55Z,2023-03-24T17:59:00Z,0.030884920743881494,2.985412506068518,3.0162974268123994,1
2023-03-24T17:58:55Z,2023-03-24T17:59:00Z,0.02496338114644736,2.9869935480923044,3.011956929238752,1
2023-03-24T17:58:55Z,2023-03-24T17:59:00Z,0.02297112774044452,2.9849528567817156,3.00792398452216,1
2023-03-24T17:58:55Z,2023-03-24T17:59:00Z,0.01590071840801688,2.9882383347406702,3.004139053148687,1
2023-03-24T17:58:55Z,2023-03-24T17:59:00Z,0.013061646102231705,2.987739828121804,3.0008014742240356,1
2023-03-24T17:58:55Z,2023-03-24T17:59:00Z,0.007024953944696932,2.991061266276245,2.9980862202209417,1
2023-03-24T17:58:55Z,2023-03-24T17:59:00Z,0.004140512730916868,2.9917470776311017,2.9958875903620186,1
2023-03-24T17:58:55Z,2023-03-24T17:59:00Z,0.001964977980885685,2.992356804612382,2.9943217825932678,1
2023-03-24T17:58:55Z,2023-03-24T17:59:00Z,0.002682252392643303,2.995665556189671,2.9929833037970277,1
2023-03-24T17:58:55Z,2023-03-24T17:59:00Z,0.005818154797299968,2.9979132967069373,2.9920951419096373,1
2023-03-24T17:58:55Z,2023-03-24T17:59:00Z,0.011590025856069719,3.0032613933265204,2.9916713674704507,1
2023-03-24T17:58:55Z,2023-03-24T17:59:00Z,0.019673381464806017,3.011227468119172,2.991554086654366,1
2023-03-24T17:58:55Z,2023-03-24T17:59:00Z,0.014549237166005646,3.0063832688131247,2.991834031647119,1
2023-03-24T17:58:55Z,2023-03-24T17:59:00Z,0.020547521401296454,3.0131510972158826,2.992603575814586,1
2023-03-24T17:58:55Z,2023-03-24T17:59:00Z,0.022987403748105706,3.016046650228855,2.9930592464807493,1
2023-03-24T17:58:55Z,2023-03-24T17:59:00Z,0.021173111477710727,3.0155506578735176,2.994377546395807,1
2023-03-24T17:58:55Z,2023-03-24T17:59:00Z,0.014489085794320289,3.0103042906908346,2.9958152048965143,1
2023-03-24T17:58:55Z,2023-03-24T17:59:00Z,0.012201189837610649,3.0093139747133475,2.997112784875737,1
2023-03-24T17:58:55Z,2023-03-24T17:59:00Z,0.007048836262459002,3.005160383268194,2.998111547005735,1
2023-03-24T17:58:55Z,2023-03-24T17:59:00Z,0.00044127206877941916,2.999736820746702,2.9992955486779227,1
2023-03-24T17:58:55Z,2023-03-24T17:59:00Z,0.0002018502613907458,3.000594503228184,3.0003926529667932,1
2023-03-24T17:58:55Z,2023-03-24T17:59:00Z,0.0003710834588868117,3.000729529099817,3.001100612558704,1
2023-03-24T17:58:55Z,2023-03-24T17:59:00Z,0.005274873663760005,2.9966947192530817,3.0019695929168417,1
2023-03-24T17:58:55Z,2023-03-24T17:59:00Z,0.01191409652083264,2.990749451638184,3.0026635481590165,1
2023-03-24T17:58:55Z,2023-03-24T17:59:00Z,0.01771696190763672,2.985444080203117,3.0031610421107535,1
2023-03-24T17:58:55Z,2023-03-24T17:59:00Z,0.023783638127278905,2.979360080948027,3.003143719075306,1
2023-03-24T17:58:55Z,2023-03-24T17:59:00Z,0.026884857912586213,2.975908694638943,3.002793552551529,1
2023-03-24T17:58:55Z,2023-03-24T17:59:00Z,0.028132695436962507,2.9739388169109917,3.002071512347954,1
2023-03-24T17:58:55Z,2023-03-24T17:59:00Z,0.02735353618880154,2.9736203727396675,3.000973908928469,1
2023-03-24T17:58:55Z,2023-03-24T17:59:00Z,0.02723906981951707,2.972402923564733,2.99964199338425,1
2023-03-24T17:58:55Z,2023-03-24T17:59:00Z,0.027740571043577855,2.9702546989747356,2.9979952700183135,1
2023-03-24T17:58:55Z,2023-03-24T17:59:00Z,0.021319558189259347,2.974518792687141,2.9958383508764004,1
2023-03-24T17:58:55Z,2023-03-24T17:59:00Z,0.021512593956164672,2.9723186141514355,2.9938312081076,1
2023-03-24T17:58:55Z,2023-03-24T17:59:00Z,0.020223730945315932,2.9714612380217997,2.9916849689671157,1
2023-03-24T17:58:55Z,2023-03-24T17:59:00Z,0.009077928042524164,2.9801777055869563,2.9892556336294804,1
2023-03-24T17:58:55Z,2023-03-24T17:59:00Z,0.0004174026608465553,2.9872236240763432,2.9868062214154967,1
2023-03-24T17:58:55Z,2023-03-24T17:59:00Z,0.003736851512546213,2.9888693737556045,2.9851325222430583,1
2023-03-24T17:58:55Z,2023-03-24T17:59:00Z,0.004544647311930827,2.9884499278529337,2.983905280541003,1
2023-03-24T17:58:55Z,2023-03-24T17:59:00Z,0.017959606154388297,3.0009598306113583,2.98300022445697,1
2023-03-24T17:58:55Z,2023-03-24T17:59:00Z,0.0244772550199972,3.0068504298717578,2.9823731748517606,1
2023-03-24T17:58:55Z,2023-03-24T17:59:00Z,0.02460533464661907,3.0069988054641117,2.9823934708174926,1
2023-03-24T17:58:55Z,2023-03-24T17:59:00Z,0.023737888538269747,3.006471409398648,2.9827335208603785,1
2023-03-24T17:58:55Z,2023-03-24T17:59:00Z,0.024439635271795712,3.0077456053661202,2.9833059700943245,1
2023-03-24T17:58:55Z,2023-03-24T17:59:00Z,0.02767676976016853,3.011856181952297,2.9841794121921286,1
2023-03-24T17:58:55Z,2023-03-24T17:59:00Z,0.04073465839215329,3.026153044204448,2.9854183858122947,1
2023-03-24T17:58:55Z,2023-03-24T17:59:00Z,0.0459530952510776,3.033176820008054,2.9872237247569764,1
2023-03-24T17:58:55Z,2023-03-24T17:59:00Z,0.050984232874692115,3.040999310385308,2.990015077510616,0
2023-03-24T17:58:55Z,2023-03-24T17:59:00Z,0.0559148830376186,3.0492209607202936,2.993306077682675,0
2023-03-24T17:58:55Z,2023-03-24T17:59:00Z,0.05761000612455325,3.0546593581208747,2.9970493519963215,0
2023-03-24T17:58:55Z,2023-03-24T17:59:00Z,0.06106032064406852,3.0623773413712545,3.001317020727186,0
2023-03-24T17:58:55Z,2023-03-24T17:59:00Z,0.06462221259974132,3.0706283810572677,3.0060061684575263,0
2023-03-24T17:58:55Z,2023-03-24T17:59:00Z,0.06373241617891967,3.0746196151188974,3.0108871989399777,0
2023-03-24T17:58:55Z,2023-03-24T17:59:00Z,0.06061032023245394,3.0769591728894223,3.0163488526569684,0
2023-03-24T17:58:55Z,2023-03-24T17:59:00Z,0.06215019360066654,3.084230067207474,3.0220798736068075,0
2023-03-24T17:58:55Z,2023-03-24T17:59:00Z,0.06320324387222032,3.0906598656624977,3.0274566217902774,0
2023-03-24T17:58:55Z,2023-03-24T17:59:00Z,0.06494746744061608,3.0977933360715117,3.0328458686308957,0
2023-03-24T17:58:55Z,2023-03-24T17:59:00Z,0.06454270797474271,3.103043603933799,3.0385008959590563,0
2023-03-24T17:58:55Z,2023-03-24T17:59:00Z,0.06362936522872298,3.1082048949777006,3.0445755297489776,0
2023-03-24T17:58:55Z,2023-03-24T17:59:00Z,0.0660738502116649,3.1163207007007783,3.0502468504891134,0
2023-03-24T17:58:55Z,2023-03-24T17:59:00Z,0.06947383317664313,3.1253514872827535,3.0558776541061103,0
2023-03-24T17:58:55Z,2023-03-24T17:59:00Z,0.07128051299513505,3.1332316057255047,3.0619510927303697,0
2023-03-24T17:58:55Z,2023-03-24T17:59:00Z,0.07050228037440487,3.1390578218761136,3.0685555415017087,0
2023-03-24T17:58:55Z,2023-03-24T17:59:00Z,0.07019942167251703,3.1457264076386364,3.0755269859661194,0
2023-03-24T17:58:55Z,2023-03-24T17:59:00Z,0.0665795332489969,3.149173276988661,3.082593743739664,0
2023-03-24T17:58:55Z,2023-03-24T17:59:00Z,0.06716709608078908,3.1564038044556857,3.0892367083748966,0
2023-03-24T17:58:55Z,2023-03-24T17:59:00Z,0.06512998128304259,3.160810937267973,3.0956809559849305,0
2023-03-24T17:58:55Z,2023-03-24T17:59:00Z,0.06282351833875133,3.1649158351053694,3.102092316766618,0
2023-03-24T17:58:55Z,2023-03-24T17:59:00Z,0.0633640409256766,3.171655800833833,3.1082917599081563,0
2023-03-24T17:58:55Z,2023-03-24T17:59:00Z,0.06355192732768256,3.17796904706831,3.1144171197406276,0
2023-03-24T17:58:55Z,2023-03-24T17:59:00Z,0.054133252672459165,3.174621397938786,3.120488145266327,0
2023-03-24T17:58:55Z,2023-03-24T17:59:00Z,0.05654793660095869,3.182999452201232,3.1264515156002735,0
2023-03-24T17:58:55Z,2023-03-24T17:59:00Z,0.05891221301798355,3.1909193832193616,3.132007170201378,0
2023-03-24T17:58:55Z,2023-03-24T17:59:00Z,0.060930537402993146,3.1988288342328053,3.137898296829812,0
2023-03-24T17:58:55Z,2023-03-24T17:59:00Z,0.048889503818255964,3.1927149848709506,3.1438254810526947,0
2023-03-24T17:58:55Z,2023-03-24T17:59:00Z,0.04159914341188076,3.1914340116073703,3.1498348681954895,0
2023-03-24T17:58:55Z,2023-03-24T17:59:00Z,0.035660689476106455,3.190768982604899,3.1551082931287926,0
2023-03-24T17:58:55Z,2023-03-24T17:59:00Z,0.028651089779257344,3.1886699611121365,3.160018871332879,0
2023-03-24T17:58:55Z,2023-03-24T17:59:00Z,0.01981152024824029,3.1844172853381867,3.1646057650899464,0
2023-03-24T17:58:55Z,2023-03-24T17:59:00Z,0.009763157766712993,3.178388326212845,3.168625168446132,0
2023-03-24T17:58:55Z,2023-03-24T17:59:00Z,0.0015506590189731106,3.173457260690408,3.171906601671435,0
2023-03-24T17:58:55Z,2023-03-24T17:59:00Z,0.007899654234691855,3.1665156541304835,3.1744153083651754,0
2023-03-24T17:58:55Z,2023-03-24T17:59:00Z,0.01377370792274446,3.162552680376559,3.1763263882993034,0
2023-03-24T17:58:55Z,2023-03-24T17:59:00Z,0.01790040111744773,3.1595809453202914,3.177481346437739,1
2023-03-24T17:58:55Z,2023-03-24T17:59:00Z,0.018174012174391407,3.160050634451564,3.1782246466259556,1
2023-03-24T17:58:55Z,2023-03-24T17:59:00Z,0.018026767742857608,3.1603743867089094,3.178401154451767,1
2023-03-24T17:58:55Z,2023-03-24T17:59:00Z,0.02150664947977665,3.1568522659266343,3.178358915406411,1
2023-03-24T17:58:55Z,2023-03-24T17:59:00Z,0.025167418513093676,3.1529391942046248,3.1781066127177184,1
2023-03-24T17:58:55Z,2023-03-24T17:59:00Z,0.02676070823769905,3.1505234858740643,3.1772841941117633,1
2023-03-24T17:58:55Z,2023-03-24T17:59:00Z,0.02497633246643982,3.1509173142640075,3.1758936467304473,1
2023-03-24T17:58:55Z,2023-03-24T17:59:00Z,0.027282471956405985,3.1472724018815565,3.1745548738379625,1
2023-03-24T17:58:55Z,2023-03-24T17:59:00Z,0.02305786734644233,3.149714665495008,3.17277253284145,1
2023-03-24T17:58:55Z,2023-03-24T17:59:00Z,0.021635113228297254,3.148712587316608,3.1703477005449052,1
2023-03-24T17:58:55Z,2023-03-24T17:59:00Z,0.018990525532089908,3.148628610082938,3.167619135615028,1
2023-03-24T17:58:55Z,2023-03-24T17:59:00Z,0.016443958908535894,3.148730599064584,3.16517455797312,1
2023-03-24T17:58:55Z,2023-03-24T17:59:00Z,0.012457928002315377,3.150338552108336,3.1627964801106514,1
2023-03-24T17:58:55Z,2023-03-24T17:59:00Z,0.006952091414045736,3.153508922944366,3.1604610143584115,1
2023-03-24T17:58:55Z,2023-03-24T17:59:00Z,0.004367174902367932,3.1539643167336107,3.1583314916359786,1
2023-03-24T17:58:55Z,2023-03-24T17:59:00Z,4.746395196741915e-05,3.156661824343845,3.1566143603918775,1
2023-03-24T17:58:55Z,2023-03-24T17:59:00Z,0.0018141654427417109,3.1534433055336226,3.1552574709763643,1
2023-03-24T17:58:55Z,2023-03-24T17:59:00Z,0.0006157256420249446,3.153708665537308,3.154324391179333,1
2023-03-24T17:58:55Z,2023-03-24T17:59:00Z,0.00014801617485504792,3.153450133415763,3.1535981495906182,1
2023-03-24T17:58:55Z,2023-03-24T17:59:00Z,0.0014760857241906677,3.154582901157073,3.1531068154328823,1
2023-03-24T17:58:55Z,2023-03-24T17:59:00Z,4.988305465358778e-05,3.1528160978261734,3.15276621477152,1
2023-03-24T17:58:55Z,2023-03-24T17:59:00Z,0.00275677261823315,3.149705679192481,3.152462451810714,1
2023-03-24T17:58:55Z,2023-03-24T17:59:00Z,0.011280967370100647,3.140761579502684,3.1520425468727846,1
2023-03-24T17:58:55Z,2023-03-24T17:59:00Z,0.0159444553659136,3.135701058910529,3.1516455142764426,1
2023-03-24T17:58:55Z,2023-03-24T17:59:00Z,0.019179526442037798,3.131789453684297,3.150968980126335,0
2023-03-24T17:58:55Z,2023-03-24T17:59:00Z,0.024208913702998824,3.1259365982586953,3.150145511961694,0
2023-03-24T17:58:55Z,2023-03-24T17:59:00Z,0.02834937976980889,3.12073347327079,3.149082853040599,0
2023-03-24T17:58:55Z,2023-03-24T17:59:00Z,0.0324349832831099,3.1154625473339967,3.1478975306171066,0
2023-03-24T17:58:55Z,2023-03-24T17:59:00Z,0.03614326738136464,3.110144197001063,3.1462874643824277,0
2023-03-24T17:58:55Z,2023-03-24T17:59:00Z,0.03295655047978219,3.1114836894591673,3.1444402399389495,0
2023-03-24T17:58:55Z,2023-03-24T17:59:00Z,0.028804243649413586,3.113497973340543,3.1423022169899566,0
2023-03-24T17:58:55Z,2023-03-24T17:59:00Z,0.033148379434701614,3.1070845647993988,3.1402329442341004,0
2023-03-24T17:58:55Z,2023-03-24T17:59:00Z,0.03880885225885766,3.0993773931548096,3.1381862454136673,0
2023-03-24T17:58:55Z,2023-03-24T17:59:00Z,0.03877188755209815,3.096835226853515,3.1356071144056132,0
2023-03-24T17:58:55Z,2023-03-24T17:59:00Z,0.04164320395901955,3.090931303581105,3.1325745075401246,0
2023-03-24T17:58:55Z,2023-03-24T17:59:00Z,0.044236739216020116,3.08501406846353,3.12925080767955,0
2023-03-24T17:58:55Z,2023-03-24T17:59:00Z,0.045797500665400115,3.0799804180167882,3.1257779186821883,0
2023-03-24T17:58:55Z,2023-03-24T17:59:00Z,0.04865668653343169,3.0733048656446584,3.12196155217809,0
2023-03-24T17:58:55Z,2023-03-24T17:59:00Z,0.05028159136471766,3.067598309957873,3.1178799013225906,0
2023-03-24T17:58:55Z,2023-03-24T17:59:00Z,0.04611126488510342,3.067253190020131,3.1133644549052346,0
2023-03-24T17:58:55Z,2023-03-24T17:59:00Z,0.04151876755700279,3.0671113657999927,3.1086301333569955,0
2023-03-24T17:58:55Z,2023-03-24T17:59:00Z,0.04095369399267401,3.063095745521413,3.104049439514087,0
2023-03-24T17:58:55Z,2023-03-24T17:59:00Z,0.03869461012392916,3.0612631508511203,3.0999577609750495,0
2023-03-24T17:58:55Z,2023-03-24T17:59:00Z,0.03429116822177525,3.061632964231656,3.0959241324534315,0
2023-03-24T17:58:55Z,2023-03-24T17:59:00Z,0.02913049231381626,3.062875512204439,3.092006004518255,0
2023-03-24T17:58:55Z,2023-03-24T17:59:00Z,0.02966415802306477,3.0587694223825768,3.0884335804056415,0
2023-03-24T17:58:55Z,2023-03-24T17:59:00Z,0.03280628274121877,3.05241296649407,3.085219249235289,0
2023-03-24T17:58:55Z,2023-03-24T17:59:00Z,0.02327576030277001,3.0587938708796623,3.0820696311824323,0
2023-03-24T17:58:55Z,2023-03-24T17:59:00Z,0.027453217850081035,3.051409122748629,3.07886234059871,0
2023-03-24T17:58:55Z,2023-03-24T17:59:00Z,0.026109033947019356,3.049826094508385,3.0759351284554044,0
2023-03-24T17:58:55Z,2023-03-24T17:59:00Z,0.021787898103522885,3.0506978497634423,3.072485747866965,0
2023-03-24T17:58:55Z,2023-03-24T17:59:00Z,0.014067987963182649,3.0552367337765034,3.069304721739686,0
2023-03-24T17:58:55Z,2023-03-24T17:59:00Z,0.010418946509541005,3.0561813561528473,3.0666003026623883,0
2023-03-24T17:58:55Z,2023-03-24T17:59:00Z,0.007111182598591892,3.0571780926706293,3.0642892752692212,0
2023-03-24T17:58:55Z,2023-03-24T17:59:00Z,0.001584757685381799,3.063943480319699,3.0623587226343174,0
2023-03-24T17:58:55Z,2023-03-24T17:59:00Z,0.008989674305818873,3.069801953840531,3.060812279534712,0
2023-03-24T17:58:55Z,2023-03-24T17:59:00Z,0.015993337702718158,3.075914676254259,3.0599213385515407,0
2023-03-24T17:58:55Z,2023-03-24T17:59:00Z,0.01949669254059927,3.0792234248807997,3.0597267323402004,0
2023-03-24T17:58:55Z,2023-03-24T17:59:00Z,0.030287200690960248,3.0904759533809596,3.0601887526899993,0
2023-03-24T17:58:55Z,2023-03-24T17:59:00Z,0.03653289423363626,3.0973866599714506,3.0608537657378143,0
2023-03-24T17:58:55Z,2023-03-24T17:59:00Z,0.04467421502231339,3.106826013403515,3.0621517983812017,0
2023-03-24T17:58:55Z,2023-03-24T17:59:00Z,0.04820957016894223,3.112266419352923,3.064056849183981,0
2023-03-24T17:58:55Z,2023-03-24T17:59:00Z,0.051559834612016076,3.1181479539377968,3.0665881193257807,0
2023-03-24T17:58:55Z,2023-03-24T17:59:00Z,0.06112374846904567,3.1305248375237853,3.0694010890547396,0
2023-03-24T17:58:55Z,2023-03-24T17:59:00Z,0.06362948097431964,3.136101261236468,3.0724717802621484,0
2023-03-24T17:58:55Z,2023-03-24T17:59:00Z,0.06628820930955515,3.1427464015239934,3.0764581922144383,0
2023-03-24T17:58:55Z,2023-03-24T17:59:00Z,0.0630064911284336,3.1441140330507826,3.081107541922349,0
2023-03-24T17:58:55Z,2023-03-24T17:59:00Z,0.062136067615437884,3.147907639018028,3.08577157140259,0
2023-03-24T17:58:55Z,2023-03-24T17:59:00Z,0.057848635618458655,3.1487704798156124,3.0909218441971538,0
2023-03-24T17:58:55Z,2023-03-24T17:59:00Z,0.054635208148590575,3.151006027040725,3.0963708188921344,0
2023-03-24T17:58:55Z,2023-03-24T17:59:00Z,0.0497548138189563,3.151574112158433,3.1018192983394766,0
2023-03-24T17:58:55Z,2023-03-24T17:59:00Z,0.055466609399810185,3.1626064240317437,3.1071398146319336,0
2023-03-24T17:58:55Z,2023-03-24T17:59:00Z,0.05865366551131901,3.171093077699118,3.112439412187799,0
2023-03-24T17:58:55Z,2023-03-24T17:59:00Z,0.05914412553355941,3.177440667241421,3.1182965417078616,0
2023-03-24T17:58:55Z,2023-03-24T17:59:00Z,0.060239140346737496,3.184488437464567,3.1242492971178293,0
2023-03-24T17:58:55Z,2023-03-24T17:59:00Z,0.05352860035867213,3.1837578259987733,3.130229225640101,0
2023-03-24T17:58:55Z,2023-03-24T17:59:00Z,0.047290078434918836,3.1835511796978144,3.1362611012628956,0
2023-03-24T17:58:55Z,2023-03-24T17:59:00Z,0.04059265424719216,3.182661222238864,3.142068567991672,0
2023-03-24T17:58:55Z,2023-03-24T17:59:00Z,0.03500949613246984,3.182248910030634,3.147239413898164,0
2023-03-24T17:58:55Z,2023-03-24T17:59:00Z,0.027551204303789767,3.179528093883477,3.151976889579687,0
2023-03-24T17:58:55Z,2023-03-24T17:59:00Z,0.021566164831816614,3.1777332153352327,3.156167050503416,0
2023-03-24T17:58:55Z,2023-03-24T17:59:00Z,0.01491772172357031,3.174821531923128,3.1599038101995576,0
2023-03-24T17:58:55Z,2023-03-24T17:59:00Z,0.008354415305404927,3.17156851780482,3.163214102499415,0
2023-03-24T17:58:55Z,2023-03-24T17:59:00Z,0.0003609722680328886,3.1653140576980126,3.1656750299660454,0
2023-03-24T17:58:55Z,2023-03-24T17:59:00Z,0.0030435488004769695,3.164601884308255,3.167645433108732,0
2023-03-24T17:58:55Z,2023-03-24T17:59:00Z,0.005202849114919417,3.1636963426701468,3.168899191785066,0
2023-03-24T17:58:55Z,2023-03-24T17:59:00Z,0.007001947379122964,3.1630354583646914,3.1700374057438143,0
2023-03-24T17:58:55Z,2023-03-24T17:59:00Z,0.005960843771745328,3.164953712174965,3.1709145559467102,0
2023-03-24T17:58:55Z,2023-03-24T17:59:00Z,0.00811357560190773,3.1635934791530844,3.171707054754992,0
2023-03-24T17:58:55Z,2023-03-24T17:59:00Z,0.009498720163708452,3.16298320598763,3.1724819261513386,0
2023-03-24T17:58:55Z,2023-03-24T17:59:00Z,0.009686066620112399,3.1634636021420404,3.1731496687621528,0
2023-03-24T17:58:55Z,2023-03-24T17:59:00Z,0.007018803772919746,3.166151797320116,3.1731706010930356,0
2023-03-24T17:58:55Z,2023-03-24T17:59:00Z,0.005259703612530142,3.167487037727334,3.1727467413398642,0
2023-03-24T17:58:55Z,2023-03-24T17:59:00Z,0.0008318986554569641,3.1712876832443344,3.1721195818997914,0
2023-03-24T17:58:55Z,2023-03-24T17:59:00Z,0.0028245628190792793,3.173999622511247,3.1711750596921675,0
2023-03-24T17:58:55Z,2023-03-24T17:59:00Z,0.0050318578011459,3.175514131784734,3.170482273983588,0
2023-03-24T17:58:55Z,2023-03-24T17:59:00Z,0.0058518224395944785,3.175803454357262,3.1699516319176677,0
2023-03-24T17:58:55Z,2023-03-24T17:59:00Z,0.007647176211472484,3.177201747548355,3.1695545713368825,0
2023-03-24T17:58:55Z,2023-03-24T17:59:00Z,0.0086476775690989,3.1778441680352385,3.1691964904661396,0
2023-03-24T17:58:55Z,2023-03-24T17:59:00Z,0.004750310290411175,3.173817559293488,3.169067249003077,0
2023-03-24T17:58:55Z,2023-03-24T17:59:00Z,0.0020935456949162656,3.1711669587368823,3.169073413041966,0
2023-03-24T17:58:55Z,2023-03-24T17:59:00Z,2.0423767179256203e-05,3.168997213017585,3.1690176367847642,0
2023-03-24T17:58:55Z,2023-03-24T17:59:00Z,0.0018856287807760275,3.167109699166881,3.168995327947657,0
2023-03-24T17:58:55Z,2023-03-24T17:59:00Z,0.002725029096078302,3.1664749185915544,3.1691999476876327,0
2023-03-24T17:58:55Z,2023-03-24T17:59:00Z,0.005344281098695447,3.1639949896366386,3.169339270735334,0
2023-03-24T17:58:55Z,2023-03-24T17:59:00Z,0.01219367262526827,3.1572999634390326,3.169493636064301,0
2023-03-24T17:58:55Z,2023-03-24T17:59:00Z,0.011912725832676774,3.1576342175245107,3.1695469433571875,0
2023-03-24T17:58:55Z,2023-03-24T17:59:00Z,0.014007336573262474,3.1551143985208174,3.16912173509408,0
2023-03-24T17:58:55Z,2023-03-24T17:59:00Z,0.013303623261724518,3.155487041741879,3.1687906650036037,0
2023-03-24T17:58:55Z,2023-03-24T17:59:00Z,0.019793580778083797,3.1485599282551413,3.168353509033225,0
2023-03-24T17:58:55Z,2023-03-24T17:59:00Z,0.027387174688820792,3.140523192099951,3.167910366788772,0
2023-03-24T17:58:55Z,2023-03-24T17:59:00Z,0.0312780827863306,3.1356549579432755,3.166933040729606,0
2023-03-24T17:58:55Z,2023-03-24T17:59:00Z,0.033499450435650946,3.1319355988702116,3.1654350493058625,0
2023-03-24T17:58:55Z,2023-03-24T17:59:00Z,0.028436662190478135,3.135018791265326,3.163455453455804,0
2023-03-24T17:58:55Z,2023-03-24T17:59:00Z,0.02740416381133981,3.1337143994421846,3.1611185632535244,0
2023-03-24T17:58:55Z,2023-03-24T17:59:00Z,0.030520278387434097,3.128348543726123,3.1588688221135572,0
2023-03-24T17:58:55Z,2023-03-24T17:59:00Z,0.038175874647846886,3.118354666637095,3.156530541284942,0
2023-03-24T17:58:55Z,2023-03-24T17:59:00Z,0.03975699905295116,3.114059475352978,3.153816474405929,0
2023-03-24T17:58:55Z,2023-03-24T17:59:00Z,0.04142905235440564,3.109082449751627,3.1505115021060326,0
2023-03-24T17:58:55Z,2023-03-24T17:59:00Z,0.04053618079788368,3.106655427755898,3.147191608553782,0
2023-03-24T17:58:55Z,2023-03-24T17:59:00Z,0.041677660987470055,3.102064808178242,3.143742469165712,0
2023-03-24T17:58:55Z,2023-03-24T17:59:00Z,0.04496559163628211,3.0953134450148916,3.1402790366511737,0
2023-03-24T17:58:55Z,2023-03-24T17:59:00Z,0.045789356655249414,3.090876074941,3.136665431596249,0
2023-03-24T17:58:55Z,2023-03-24T17:59:00Z,0.04724121115064639,3.0854708052468993,3.1327120163975457,0
2023-03-24T17:58:55Z,2023-03-24T17:59:00Z,0.04495743213797443,3.083692422332036,3.1286498544700105,0
2023-03-24T17:58:55Z,2023-03-24T17:59:00Z,0.043560162175054096,3.0810991835065047,3.124659345681559,0
2023-03-24T17:58:55Z,2023-03-24T17:59:00Z,0.04013093922030242,3.0804205289505626,3.120551468170865,0
2023-03-24T17:58:55Z,2023-03-24T17:59:00Z,0.03914488267118754,3.0772946291099936,3.116439511781181,0
2023-03-24T17:58:55Z,2023-03-24T17:59:00Z,0.03509185977529805,3.077177290184143,3.1122691499594413,0
2023-03-24T17:58:55Z,2023-03-24T17:59:00Z,0.03173751420843107,3.076572452465169,3.1083099666736,0
2023-03-24T17:58:55Z,2023-03-24T17:59:00Z,0.0291493283100821,3.0756414215904178,3.1047907499005,0
2023-03-24T17:58:55Z,2023-03-24T17:59:00Z,0.0369078289459317,3.0646005595391177,3.1015083884850494,0
2023-03-24T17:58:55Z,2023-03-24T17:59:00Z,0.04543240478676136,3.052948529404966,3.098380934191727,0
2023-03-24T17:58:55Z,2023-03-24T17:59:00Z,0.051238885971642834,3.0432299242352956,3.0944688102069384,0
2023-03-24T17:58:55Z,2023-03-24T17:59:00Z,0.04836390184280415,3.0416179155842884,3.0899818174270925,0
2023-03-24T17:58:55Z,2023-03-24T17:59:00Z,0.040126071888662906,3.045126933344495,3.0852530052331577,0
2023-03-24T17:58:55Z,2023-03-24T17:59:00Z,0.028934294071835343,3.0520555583250553,3.0809898523968906,0
2023-03-24T17:58:55Z,2023-03-24T17:59:00Z,0.017280967016747528,3.059879299713005,3.0771602667297526,0
2023-03-24T17:58:55Z,2023-03-24T17:59:00Z,0.00582025399687236,3.0681718520980708,3.073992106094943,0
2023-03-24T17:58:55Z,2023-03-24T17:59:00Z,0.004407293004990986,3.0758007253197737,3.0713934323147827,0
2023-03-24T17:58:55Z,2023-03-24T17:59:00Z,0.011228622444586112,3.080739112754914,3.069510490310328,0
2023-03-24T17:58:55Z,2023-03-24T17:59:00Z,0.019712336379171802,3.0881387867064376,3.068426450327266,0
2023-03-24T17:58:55Z,2023-03-24T17:59:00Z,0.02532377125020524,3.093187057011578,3.067863285761373,0
2023-03-24T17:58:55Z,2023-03-24T17:59:00Z,0.036118959663020256,3.1041304666165894,3.068011506953569,0
2023-03-24T17:58:55Z,2023-03-24T17:59:00Z,0.03882613236623422,3.107365119024222,3.068538986657988,0
2023-03-24T17:58:55Z,2023-03-24T17:59:00Z,0.04142185647660224,3.1112403588629283,3.069818502386326,0
2023-03-24T17:58:55Z,2023-03-24T17:59:00Z,0.0419882837267993,3.113303707783884,3.071315424057085,0
2023-03-24T17:58:55Z,2023-03-24T17:59:00Z,0.04106468508037109,3.1142659830126194,3.0732012979322483,0
2023-03-24T17:58:55Z,2023-03-24T17:59:00Z,0.042613105921365246,3.117821427053599,3.0752083211322336,0
2023-03-24T17:58:55Z,2023-03-24T17:59:00Z,0.04235567911770355,3.1196580852803515,3.077302406162648,0
2023-03-24T17:58:55Z,2023-03-24T17:59:00Z,0.04178480411225127,3.1214305439117425,3.079645739799491,0
2023-03-24T17:58:55Z,2023-03-24T17:59:00Z,0.042697798756968997,3.1254022899865284,3.0827044912295594,0
2023-03-24T17:58:55Z,2023-03-24T17:59:00Z,0.039502542293257115,3.126011589884304,3.086509047591047,0
2023-03-24T17:58:55Z,2023-03-24T17:59:00Z,0.03420069255080538,3.125274871572476,3.0910741790216707,0
2023-03-24T17:58:55Z,2023-03-24T17:59:00Z,0.02911050185128561,3.1248732183340686,3.095762716482783,0
2023-03-24T17:58:55Z,2023-03-24T17:59:00Z,0.024955769350388568,3.12517114906806,3.1002153797176715,0
2023-03-24T17:58:55Z,2023-03-24T17:59:00Z,0.02090061924346287,3.12516142451719,3.1042608052737273,0
2023-03-24T17:58:55Z,2023-03-24T17:59:00Z,0.015679134962625962,3.123567265200523,3.107888130237897,0
2023-03-24T17:58:55Z,2023-03-24T17:59:00Z,0.014753337716973292,3.125807555311488,3.1110542175945146,0
2023-03-24T17:58:55Z,2023-03-24T17:59:00Z,0.016544177350896305,3.1302520916054526,3.1137079142545563,0
2023-03-24T17:58:55Z,2023-03-24T17:59:00Z,0.016605983481458253,3.1328177001002686,3.1162117166188104,0
2023-03-24T17:58:55Z,2023-03-24T17:59:00Z,0.018177655378605717,3.136729000047362,3.1185513446687563,0
2023-03-24T17:58:55Z,2023-03-24T17:59:00Z,0.014290496020600507,3.135043543083173,3.1207530470625726,0
2023-03-24T17:58:55Z,2023-03-24T17:59:00Z,0.011998566112224829,3.13456264280984,3.122564076697615,0
2023-03-24T17:58:55Z,2023-03-24T17:59:00Z,0.009670285808398127,3.1337720527315103,3.124101766923112,0
2023-03-24T17:58:55Z,2023-03-24T17:59:00Z,0.009394313983613678,3.134791763348221,3.1253974493646073,0
2023-03-24T17:58:55Z,2023-03-24T17:59:00Z,0.011392325166794226,3.1379269048062692,3.126534579639475,0
2023-03-24T17:58:55Z,2023-03-24T17:59:00Z,0.012452618573977503,3.140127519343208,3.1276749007692306,0
2023-03-24T17:58:55Z,2023-03-24T17:59:00Z,0.009831502695333505,3.138623374450824,3.1287918717554906,0
2023-03-24T17:58:55Z,2023-03-24T17:59:00Z,0.008689118063216927,3.1386181805999773,3.1299290625367604,0
2023-03-24T17:58:55Z,2023-03-24T17:59:00Z,0.0015982010307973304,3.132482420819729,3.1308842197889315,0
2023-03-24T17:58:55Z,2023-03-24T17:59:00Z,0.000626300455845552,3.1322447363899686,3.131618435934123,0
2023-03-24T17:58:55Z,2023-03-24T17:59:00Z,0.0031153562139807356,3.128862570327666,3.1319779265416465,0
2023-03-24T17:58:55Z,2023-03-24T17:59:00Z,0.012109079583492832,3.120256061670237,3.1323651412537297,0
2023-03-24T17:58:55Z,2023-03-24T17:59:00Z,0.014710026682672961,3.1178767452373677,3.1325867719200406,0
2023-03-24T17:58:55Z,2023-03-24T17:59:00Z,0.017456908540351534,3.114856802968699,3.1323137115090507,0
2023-03-24T17:58:55Z,2023-03-24T17:59:00Z,0.014443937807093743,3.117465069297522,3.131909007104616,0
2023-03-24T17:58:55Z,2023-03-24T17:59:00Z,0.014069889496669763,3.1173552030395113,3.131425092536181,0
2023-03-24T17:58:55Z,2023-03-24T17:59:00Z,0.014577834430845371,3.1163837866601156,3.130961621090961,0
2023-03-24T17:58:55Z,2023-03-24T17:59:00Z,0.007876834075402073,3.1223682932063395,3.1302451272817415,0
2023-03-24T17:58:55Z,2023-03-24T17:59:00Z,0.0038983978567244115,3.125433734233898,3.129332132090622,0
2023-03-24T17:58:55Z,2023-03-24T17:59:00Z,0.003375291165352401,3.1251590238785463,3.1285343150438987,0
2023-03-24T17:58:55Z,2023-03-24T17:59:00Z,0.0021252137652560954,3.1258752230092384,3.1280004367744945,0
2023-03-24T17:58:55Z,2023-03-24T17:59:00Z,0.003796693190746936,3.131274706691281,3.127478013500534,0
2023-03-24T17:58:55Z,2023-03-24T17:59:00Z,0.010729793815744681,3.13776909455393,3.1270393007381854,0
2023-03-24T17:58:55Z,2023-03-24T17:59:00Z,0.020264431096049584,3.1471083397977386,3.126843908701689,0
2023-03-24T17:58:55Z,2023-03-24T17:59:00Z,0.017098817580494696,3.1439339590459423,3.1268351414654476,0
2023-03-24T17:58:55Z,2023-03-24T17:59:00Z,0.016771910640945187,3.1439948754649785,3.1272229648240333,0
2023-03-24T17:58:55Z,2023-03-24T17:59:00Z,0.01756226958895679,3.1450802668904965,3.1275179973015397,0
2023-03-24T17:58:55Z,2023-03-24T17:59:00Z,0.016094140810154922,3.1439108433819722,3.1278167025718173,0
2023-03-24T17:58:55Z,2023-03-24T17:59:00Z,0.018648173508717836,3.1471647564177996,3.1285165829090817,0
2023-03-24T17:58:55Z,2023-03-24T17:59:00Z,0.017423875040770476,3.146588575004964,3.1291646999641936,0
2023-03-24T17:58:55Z,2023-03-24T17:59:00Z,0.014416127419890845,3.144597615500203,3.130181488080312,0
2023-03-24T17:58:55Z,2023-03-24T17:59:00Z,0.007839988896009231,3.139484394383806,3.1316444054877968,0
2023-03-24T17:58:55Z,2023-03-24T17:59:00Z,0.009092427778230938,3.142221326058407,3.133128898280176,0
2023-03-24T17:58:55Z,2023-03-24T17:59:00Z,0.004472940372418854,3.138970038175657,3.134497097803238,0
2023-03-24T17:58:55Z,2023-03-24T17:59:00Z,0.000999687778800773,3.1348727576222637,3.1358724454010645,0
2023-03-24T17:58:55Z,2023-03-24T17:59:00Z,0.001519148122159475,3.1355541214531355,3.137073269575295,0
2023-03-24T17:58:55Z,2023-03-24T17:59:00Z,0.002526255980831671,3.135574178647916,3.1381004346287478,0
2023-03-24T17:58:55Z,2023-03-24T17:59:00Z,0.004238072949453553,3.134594907693005,3.1388329806424586,0
2023-03-24T17:58:55Z,2023-03-24T17:59:00Z,0.0050046454035448384,3.134391693261915,3.1393963386654598,0
2023-03-24T17:58:55Z,2023-03-24T17:59:00Z,0.0023652779034204485,3.1375552765295094,3.13992055443293,0
2023-03-24T17:58:55Z,2023-03-24T17:59:00Z,0.003227902650883241,3.1371657890183067,3.14039369166919,0
2023-03-24T17:58:55Z,2023-03-24T17:59:00Z,0.004047809870848074,3.13669480234491,3.140742612215758,0
2023-03-24T17:58:55Z,2023-03-24T17:59:00Z,0.0008977484890486664,3.1398113467525075,3.140709095241556,0
2023-03-24T17:58:55Z,2023-03-24T17:59:00Z,0.002545337702681394,3.1375852276803844,3.140130565383066,0
2023-03-24T17:58:55Z,2023-03-24T17:59:00Z,0.001695497221109843,3.1382060341456546,3.1399015313667644,0
2023-03-24T17:58:55Z,2023-03-24T17:59:00Z,0.002008132380160177,3.137537307443015,3.1395454398231752,0
2023-03-24T17:58:55Z,2023-03-24T17:59:00Z,0.007720331837222094,3.131443206166795,3.1391635380040173,0
2023-03-24T17:58:55Z,2023-03-24T17:59:00Z,0.009370165689928545,3.1294392869841468,3.1388094526740753,0
2023-03-24T17:58:55Z,2023-03-24T17:59:00Z,0.010246770884096534,3.1276892623315895,3.137936033215686,0
2023-03-24T17:58:55Z,2023-03-24T17:59:00Z,0.014533300650510839,3.122449994341796,3.136983294992307,0
2023-03-24T17:58:55Z,2023-03-24T17:59:00Z,0.01378750467607981,3.1222564373624158,3.1360439420384956,0
2023-03-24T17:58:55Z,2023-03-24T17:59:00Z,0.0144940936885396,3.1206034927920667,3.1350975864806063,0
2023-03-24T17:58:55Z,2023-03-24T17:59:00Z,0.013516436435093482,3.120471989562402,3.1339884259974955,0
2023-03-24T17:58:55Z,2023-03-24T17:59:00Z,0.013954153118830082,3.119013909246244,3.132968062365074,0
2023-03-24T17:58:55Z,2023-03-24T17:59:00Z,0.013190788455817337,3.118977231239264,3.132168019695081,0
2023-03-24T17:58:55Z,2023-03-24T17:59:00Z,0.006296747104593159,3.1249523719123276,3.1312491190169207,0
2023-03-24T17:58:55Z,2023-03-24T17:59:00Z,0.0022398186977472534,3.1280872476853596,3.130327066383107,0
2023-03-24T17:58:55Z,2023-03-24T17:59:00Z,0.0034201377684559553,3.1263712321823913,3.1297913699508473,0
2023-03-24T17:58:55Z,2023-03-24T17:59:00Z,0.0007109305689994017,3.1287301924053725,3.129441122974372,0
2023-03-24T17:58:55Z,2023-03-24T17:59:00Z,0.0017732048379981435,3.1305929920153077,3.1288197871773096,0
2023-03-24T17:58:55Z,2023-03-24T17:59:00Z,0.007011583414313627,3.135362726335349,3.1283511429210353,0
2023-03-24T17:58:55Z,2023-03-24T17:59:00Z,0.007199429765035514,3.1352115832233154,3.12801215345828,0
2023-03-24T17:58:55Z,2023-03-24T17:59:00Z,0.011837988871752803,3.139602996751302,3.127765007879549,0
2023-03-24T17:58:55Z,2023-03-24T17:59:00Z,0.015860936674364723,3.14349407541741,3.1276331387430454,0
2023-03-24T17:58:55Z,2023-03-24T17:59:00Z,0.02295605395754219,3.1506668017342343,3.127710747776692,0
2023-03-24T17:58:55Z,2023-03-24T17:59:00Z,0.028340552028026433,3.1563822313588514,3.128041679330825,0
2023-03-24T17:58:55Z,2023-03-24T17:59:00Z,0.027916109469906747,3.1570257663322563,3.1291096568623495,0
2023-03-24T17:58:55Z,2023-03-24T17:59:00Z,0.0313800520838341,3.161986539189223,3.1306064871053887,0
2023-03-24T17:58:55Z,2023-03-24T17:59:00Z,0.03422599563616924,3.166462288519373,3.1322362928832037,0
2023-03-24T17:58:55Z,2023-03-24T17:59:00Z,0.031551760335640555,3.16598452793259,3.1344327675969494,0
2023-03-24T17:58:55Z,2023-03-24T17:59:00Z,0.032154456955711286,3.169043105172492,3.1368886482167806,0
2023-03-24T17:58:55Z,2023-03-24T17:59:00Z,0.035008635541211586,3.1744184523769103,3.1394098168356988,0
2023-03-24T17:58:55Z,2023-03-24T17:59:00Z,0.030997724524564507,3.1731059366719347,3.1421082121473702,0
2023-03-24T17:58:55Z,2023-03-24T17:59:00Z,0.02781008011629371,3.17299632243759,3.145186242321296,0
2023-03-24T17:58:55Z,2023-03-24T17:59:00Z,0.01649018475254138,3.164683577375653,3.148193392623112,0
2023-03-24T17:58:55Z,2023-03-24T17:59:00Z,0.013842021994069587,3.164704522979696,3.1508625009856264,0
2023-03-24T17:58:55Z,2023-03-24T17:59:00Z,0.012624512539636257,3.165520142952501,3.1528956304128646,0
2023-03-24T17:58:55Z,2023-03-24T17:59:00Z,0.006628683628395304,3.161653941307777,3.1550252576793816,0
2023-03-24T17:58:55Z,2023-03-24T17:59:00Z,0.0046647297124673415,3.1617338735333558,3.1570691438208884,0
2023-03-24T17:58:55Z,2023-03-24T17:59:00Z,0.007910434839558889,3.1667051869544736,3.1587947521149147,0
2023-03-24T17:58:55Z,2023-03-24T17:59:00Z,0.008134091683049238,3.168393907531186,3.160259815848137,0
2023-03-24T17:58:55Z,2023-03-24T17:59:00Z,0.0029783879271532143,3.1649878484270215,3.1620094604998683,0
2023-03-24T17:58:55Z,2023-03-24T17:59:00Z,0.006608806638422671,3.157000148904772,3.1636089555431948,0
2023-03-24T17:58:55Z,2023-03-24T17:59:00Z,0.008683054888783293,3.156119999154946,3.164803054043729,0
2023-03-24T17:58:55Z,2023-03-24T17:59:00Z,0.008197822559127488,3.156957084105187,3.1651549066643145,0
2023-03-24T17:58:55Z,2023-03-24T17:59:00Z,0.010082869878405898,3.155057468330136,3.1651403382085417,0
2023-03-24T17:58:55Z,2023-03-24T17:59:00Z,0.013909920916575835,3.1512266016126844,3.1651365225292603,0
2023-03-24T17:58:55Z,2023-03-24T17:59:00Z,0.012026429223375157,3.1527251449248244,3.1647515741481995,0
2023-03-24T17:58:55Z,2023-03-24T17:59:00Z,0.014520978071644208,3.1493841690261837,3.163905147097828,0
2023-03-24T17:58:55Z,2023-03-24T17:59:00Z,0.012119028711648383,3.151049485996859,3.1631685147085076,0
2023-03-24T17:58:55Z,2023-03-24T17:59:00Z,0.007586923642406429,3.154489427946862,3.1620763515892683,0
2023-03-24T17:58:55Z,2023-03-24T17:59:00Z,0.0020109386385969152,3.1587671370406687,3.1607780756792656,0
2023-03-24T17:58:55Z,2023-03-24T17:59:00Z,0.006828135749762154,3.152915689444777,3.159743825194539,0
2023-03-24T17:58:55Z,2023-03-24T17:59:00Z,0.0020573534276961958,3.156895961467014,3.15895331489471,0
2023-03-24T17:58:55Z,2023-03-24T17:59:00Z,0.0029011244199335096,3.1612006677629285,3.158299543342995,0
2023-03-24T17:58:55Z,2023-03-24T17:59:00Z,0.0002352685891970907,3.157630465780871,3.157865734370068,0
2023-03-24T17:58:55Z,2023-03-24T17:59:00Z,0.00018480497239226068,3.157440958553811,3.157625763526203,0
2023-03-24T17:58:55Z,2023-03-24T17:59:00Z,0.0012729375216697925,3.1561292995863717,3.1574022371080415,0
2023-03-24T17:58:55Z,2023-03-24T17:59:00Z,0.004060230183212443,3.1531035116481876,3.1571637418314,0
2023-03-24T17:58:55Z,2023-03-24T17:59:00Z,0.0016532299644955728,3.154922962568677,3.156576192533173,0
2023-03-24T17:58:55Z,2023-03-24T17:59:00Z,0.008967430578433078,3.146759295516795,3.155726726095228,0
2023-03-24T17:58:55Z,2023-03-24T17:59:00Z,0.0018175675973299832,3.1533499981724344,3.1551675657697644,0
2023-03-24T17:58:55Z,2023-03-24T17:59:00Z,0.0007256952063365851,3.1538729342640957,3.1545986294704322,0
2023-03-24T17:58:55Z,2023-03-24T17:59:00Z,0.005745123360424209,3.160189863887384,3.15444474052696,0
2023-03-24T17:58:55Z,2023-03-24T17:59:00Z,0.012483686895816692,3.1667570857649374,3.1542733988691207,0
2023-03-24T17:58:55Z,2023-03-24T17:59:00Z,0.015148361779869113,3.169706893735504,3.154558531955635,0
2023-03-24T17:58:55Z,2023-03-24T17:59:00Z,0.02254250048177875,3.1779638371125385,3.1554213366307597,0
2023-03-24T17:58:55Z,2023-03-24T17:59:00Z,0.030809941691910314,3.1871747088121527,3.1563647671202424,0
2023-03-24T17:58:55Z,2023-03-24T17:59:00Z,0.0325607877760592,3.190513314234432,3.1579525264583728,0
2023-03-24T17:58:55Z,2023-03-24T17:59:00Z,0.033568406303468024,3.193527889584913,3.159959483281445,0
2023-03-24T17:58:55Z,2023-03-24T17:59:00Z,0.03514332247275753,3.1971041327701784,3.161960810297421,0
2023-03-24T17:58:55Z,2023-03-24T17:59:00Z,0.03370969729448037,3.1976016605110265,3.163891963216546,0
2023-03-24T17:58:55Z,2023-03-24T17:59:00Z,0.03787804671855666,3.2042249234531806,3.166346876734624,0
2023-03-24T17:58:55Z,2023-03-24T17:59:00Z,0.04426621908475603,3.2128745235440475,3.1686083044592914,0
2023-03-24T17:58:55Z,2023-03-24T17:59:00Z,0.0495697241192925,3.22056826500582,3.1709985408865276,0
2023-03-24T17:58:55Z,2023-03-24T17:59:00Z,0.056286124611529154,3.230353779818233,3.174067655206704,0
2023-03-24T17:58:55Z,2023-03-24T17:59:00Z,0.06392150866367263,3.241496236451044,3.177574727787371,0
2023-03-24T17:58:55Z,2023-03-24T17:59:00Z,0.06828415809276978,3.249982468115244,3.1816983100224743,0
2023-03-24T17:58:55Z,2023-03-24T17:59:00Z,0.05828080342634667,3.2448898203823124,3.1866090169559658,0
2023-03-24T17:58:55Z,2023-03-24T17:59:00Z,0.04411964592733453,3.2360097465247764,3.191890100597442,0
2023-03-24T17:58:55Z,2023-03-24T17:59:00Z,0.038483042498432596,3.2358248389217366,3.197341796423304,0
2023-03-24T17:58:55Z,2023-03-24T17:59:00Z,0.02839680695368063,3.2303308116187814,3.201934004665101,0
2023-03-24T17:58:55Z,2023-03-24T17:59:00Z,0.019295863507932776,3.2257827517651254,3.2064868882571926,0
2023-03-24T17:58:55Z,2023-03-24T17:59:00Z,0.015965835253242133,3.226349442828845,3.210383607575603,0
2023-03-24T17:58:55Z,2023-03-24T17:59:00Z,0.005779432492046155,3.219442243734327,3.2136628112422807,0
2023-03-24T17:58:55Z,2023-03-24T17:59:00Z,0.010345084763760504,3.2271547042890045,3.216809619525244,0
2023-03-24T17:58:55Z,2023-03-24T17:59:00Z,0.004905287736808539,3.224019263185485,3.2191139754486766,0
2023-03-24T17:58:55Z,2023-03-24T17:59:00Z,0.0026207805587263877,3.223955866867228,3.2213350863085015,0
2023-03-24T17:58:55Z,2023-03-24T17:59:00Z,0.006661704908437649,3.229858232825331,3.2231965279168935,0
2023-03-24T17:58:55Z,2023-03-24T17:59:00Z,0.005008903414745358,3.229895874513989,3.224886971099244,0
2023-03-24T17:58:55Z,2023-03-24T17:59:00Z,0.00589469533262621,3.232601338657157,3.2267066433245306,0
2023-03-24T17:58:55Z,2023-03-24T17:59:00Z,0.00219892296585833,3.230699689290553,3.2285007663246947,0
2023-03-24T17:58:55Z,2023-03-24T17:59:00Z,0.003924160328861781,3.234001394164889,3.230077233836027,0
2023-03-24T17:58:55Z,2023-03-24T17:59:00Z,0.0015896076033317108,3.2326571284252754,3.2310675208219437,0
2023-03-24T17:58:55Z,2023-03-24T17:59:00Z,0.002781518472596556,3.2345953242478225,3.231813805775226,0
2023-03-24T17:58:55Z,2023-03-24T17:59:00Z,0.005715922372656834,3.2376576919593845,3.2319417695867276,0
2023-03-24T17:58:55Z,2023-03-24T17:59:00Z,0.006392745683268419,3.237951131258706,3.2315583855754375,0
2023-03-24T17:58:55Z,2023-03-24T17:59:00Z,0.003372025825691072,3.234245701614692,3.230873675789001,0
2023-03-24T17:58:55Z,2023-03-24T17:59:00Z,0.004938840041387227,3.235427033101299,3.230488193059912,0
2023-03-24T17:58:55Z,2023-03-24T17:59:00Z,0.0056811700089474115,3.2360713605738542,3.230390190564907,0
2023-03-24T17:58:55Z,2023-03-24T17:59:00Z,0.00800965285396682,3.2383777430955165,3.2303680902415497,0
2023-03-24T17:58:55Z,2023-03-24T17:59:00Z,0.010770739377121696,3.2414577490050647,3.230687009627943,0
2023-03-24T17:58:55Z,2023-03-24T17:59:00Z,0.011666713540654072,3.243053444909174,3.23138673136852,0
2023-03-24T17:58:55Z,2023-03-24T17:59:00Z,0.006306204777398516,3.2385322864890416,3.232226081711643,0
2023-03-24T17:58:55Z,2023-03-24T17:59:00Z,0.012169707130422314,3.245707522240668,3.2335378151102456,0
2023-03-24T17:58:55Z,2023-03-24T17:59:00Z,0.015771326266283303,3.249941229276531,3.2341699030102475,0
2023-03-24T17:58:55Z,2023-03-24T17:59:00Z,0.01890464355644106,3.254279449847532,3.235374806291091,0
2023-03-24T17:58:55Z,2023-03-24T17:59:00Z,0.024696492348875942,3.261514929884928,3.2368184375360523,0
2023-03-24T17:58:55Z,2023-03-24T17:59:00Z,0.026639379595518875,3.2648145514105824,3.2381751718150635,0
2023-03-24T17:58:55Z,2023-03-24T17:59:00Z,0.025171168711678682,3.265102954714017,3.239931786002338,0
2023-03-24T17:58:55Z,2023-03-24T17:59:00Z,0.02244080872206977,3.2641622176551532,3.2417214089330835,0
2023-03-24T17:58:55Z,2023-03-24T17:59:00Z,0.014906504743684046,3.258539206200294,3.24363270145661,0
2023-03-24T17:58:55Z,2023-03-24T17:59:00Z,0.019993516534266398,3.265301819295891,3.2453083027616247,0
2023-03-24T17:58:55Z,2023-03-24T17:59:00Z,0.017374300845494517,3.264120496816843,3.2467461959713484,0
2023-03-24T17:58:55Z,2023-03-24T17:59:00Z,0.013446271003737742,3.2618983833666446,3.248452112362907,0
2023-03-24T17:58:55Z,2023-03-24T17:59:00Z,0.017244169476327453,3.2671664376646494,3.249922268188322,0
2023-03-24T17:58:55Z,2023-03-24T17:59:00Z,0.016412254842039786,3.2676649259252466,3.251252671083207,0
2023-03-24T17:58:55Z,2023-03-24T17:59:00Z,0.013984250949738541,3.2670658518134985,3.25308160086376,0
2023-03-24T17:58:55Z,2023-03-24T17:59:00Z,0.016211670223613694,3.2710842651331484,3.2548725949095347,0
2023-03-24T17:58:55Z,2023-03-24T17:59:00Z,0.011445827423600896,3.2680403385131163,3.2565945110895154,0
2023-03-24T17:58:55Z,2023-03-24T17:59:00Z,0.016181460150512805,3.2745930002421186,3.258411540091606,0
2023-03-24T17:58:55Z,2023-03-24T17:59:00Z,0.0095903355444249,3.2694786861642555,3.2598883506198306,0
2023-03-24T17:58:55Z,2023-03-24T17:59:00Z,0.008290572591649337,3.2699311207299773,3.261640548138328,0
2023-03-24T17:58:55Z,2023-03-24T17:59:00Z,0.00470269109066912,3.268062483655398,3.263359792564729,0
2023-03-24T17:58:55Z,2023-03-24T17:59:00Z,0.0019849422000115524,3.2666904902363685,3.264705548036357,0
2023-03-24T17:58:55Z,2023-03-24T17:59:00Z,0.003890519713179774,3.269602804103919,3.265712284390739,0
2023-03-24T17:58:55Z,2023-03-24T17:59:00Z,0.0006211822282486956,3.2670229688628116,3.266401786634563,0
2023-03-24T17:58:55Z,2023-03-24T17:59:00Z,0.003146659964503584,3.269997772944566,3.2668511129800626,0
2023-03-24T17:58:55Z,2023-03-24T17:59:00Z,0.0033605815538413353,3.2703343843923607,3.2669738028385193,0
2023-03-24T17:58:55Z,2023-03-24T17:59:00Z,0.006779719835622089,3.274025457020283,3.267245737184661,0
2023-03-24T17:58:55Z,2023-03-24T17:59:00Z,0.005344660976585924,3.272933296313314,3.267588635336728,0
2023-03-24T17:58:55Z,2023-03-24T17:59:00Z,0.0042130472400812025,3.2726620298445868,3.2684489826045056,0
2023-03-24T17:58:55Z,2023-03-24T17:59:00Z,0.0008862605858941386,3.2697592141358123,3.268872953549918,0
2023-03-24T17:58:55Z,2023-03-24T17:59:00Z,0.011370976677132827,3.257976506485438,3.2693474831625706,0
2023-03-24T17:58:55Z,2023-03-24T17:59:00Z,0.014925511395091018,3.2548586845879885,3.2697841959830796,0
2023-03-24T17:58:55Z,2023-03-24T17:59:00Z,0.028226967776073142,3.2410466764748276,3.2692736442509007,0
2023-03-24T17:58:55Z,2023-03-24T17:59:00Z,0.03945726652659376,3.229104919872237,3.268562186398831,0
2023-03-24T17:58:55Z,2023-03-24T17:59:00Z,0.04421541537935969,3.2229012612784342,3.267116676657794,0
2023-03-24T17:58:55Z,2023-03-24T17:59:00Z,0.043782991117067294,3.221001499692898,3.2647844908099652,0
2023-03-24T17:58:55Z,2023-03-24T17:59:00Z,0.04100102654778981,3.2212757377491377,3.2622767642969275,0
2023-03-24T17:58:55Z,2023-03-24T17:59:00Z,0.04191822728103922,3.2173812314298207,3.25929945871086,0
2023-03-24T17:58:55Z,2023-03-24T17:59:00Z,0.034357423903823125,3.222264093228419,3.256621517132242,0
2023-03-24T17:58:55Z,2023-03-24T17:59:00Z,0.03126215199991478,3.222439926837874,3.253702078837789,0
2023-03-24T17:58:55Z,2023-03-24T17:59:00Z,0.02733888310131727,3.2238188407127506,3.251157723814068,0
2023-03-24T17:58:55Z,2023-03-24T17:59:00Z,0.02812565821463986,3.2205737009661783,3.248699359180818,0
2023-03-24T17:58:55Z,2023-03-24T17:59:00Z,0.022733209271629473,3.223422596387457,3.2461558056590865,0
2023-03-24T17:58:55Z,2023-03-24T17:59:00Z,0.013568265831964688,3.2300070249439754,3.24357529077594,0
2023-03-24T17:58:55Z,2023-03-24T17:59:00Z,0.007582278677163767,3.233405502290048,3.240987780967212,1
2023-03-24T17:58:55Z,2023-03-24T17:59:00Z,0.005567377784958527,3.2331799943240096,3.238747372108968,1
2023-03-24T17:58:55Z,2023-03-24T17:59:00Z,6.49317211456335e-05,3.236425776236143,3.2364907079572887,1
2023-03-24T17:58:55Z,2023-03-24T17:59:00Z,0.0022342339177825465,3.2365164250978875,3.234282191180105,1
2023-03-24T17:58:55Z,2023-03-24T17:59:00Z,0.005733820696772529,3.2380028866764086,3.232269065979636,1
2023-03-24T17:58:55Z,2023-03-24T17:59:00Z,0.0045550667817644275,3.2349773111481825,3.230422244366418,1
2023-03-24T17:58:55Z,2023-03-24T17:59:00Z,0.006409507086500454,3.235722105907972,3.2293125988214717,1
2023-03-24T17:58:55Z,2023-03-24T17:59:00Z,0.015729753207702757,3.243937831282519,3.2282080780748164,1
2023-03-24T17:58:55Z,2023-03-24T17:59:00Z,0.015687176430909222,3.243599445029789,3.22791226859888,1
2023-03-24T17:58:55Z,2023-03-24T17:59:00Z,0.013966353721356128,3.2427026729541404,3.2287363192327843,1
2023-03-24T17:58:55Z,2023-03-24T17:59:00Z,0.018334603926347448,3.248220822256429,3.2298862183300816,1
2023-03-24T17:58:55Z,2023-03-24T17:59:00Z,0.009785064040409353,3.240876903107227,3.2310918390668175,1
2023-03-24T17:58:55Z,2023-03-24T17:59:00Z,0.004092034359137298,3.2366808225652486,3.2325887882061113,1
2023-03-24T17:58:55Z,2023-03-24T17:59:00Z,0.0026887135019082464,3.236582816801209,3.233894103299301,1
2023-03-24T17:58:55Z,2023-03-24T17:59:00Z,0.0013511910535659588,3.236046223760468,3.234695032706902,1
2023-03-24T17:58:55Z,2023-03-24T17:59:00Z,0.001059300232483018,3.2365400490484593,3.2354807488159762,1
2023-03-24T17:58:55Z,2023-03-24T17:59:00Z,0.0013920218195462297,3.2375520696937294,3.236160047874183,1
2023-03-24T17:58:55Z,2023-03-24T17:59:00Z,0.006466690677866538,3.2305803765342205,3.237047067212087,1
2023-03-24T17:58:55Z,2023-03-24T17:59:00Z,0.00908541992089651,3.228746618030428,3.2378320379513243,1
2023-03-24T17:58:55Z,2023-03-24T17:59:00Z,0.010918398532898,3.2269454922845515,3.2378638908174495,1
2023-03-24T17:58:55Z,2023-03-24T17:59:00Z,0.020074586756863244,3.217530477157274,3.2376050639141374,1
2023-03-24T17:58:55Z,2023-03-24T17:59:00Z,0.018863206859840886,3.2183954958298817,3.2372587026897226,1
2023-03-24T17:58:55Z,2023-03-24T17:59:00Z,0.018362585288330013,3.217846378563678,3.236208963852008,1
2023-03-24T17:58:55Z,2023-03-24T17:59:00Z,0.01786922801290025,3.2173330175464407,3.235202245559341,1
2023-03-24T17:58:55Z,2023-03-24T17:59:00Z,0.008618310311771626,3.2254641292413067,3.2340824395530783,1
2023-03-24T17:58:55Z,2023-03-24T17:59:00Z,0.008377260935839015,3.2247249400838087,3.2331022010196477,1
2023-03-24T17:58:55Z,2023-03-24T17:59:00Z,0.006914037576041032,3.225618275851015,3.232532313427056,1
2023-03-24T17:58:55Z,2023-03-24T17:59:00Z,0.0028142861352451476,3.228650644447438,3.2314649305826832,1
2023-03-24T17:58:55Z,2023-03-24T17:59:00Z,0.010866498719501738,3.2195994780199158,3.2304659767394175,1
2023-03-24T17:58:55Z,2023-03-24T17:59:00Z,0.009134826686243436,3.2205504818028015,3.229685308489045,1
2023-03-24T17:58:55Z,2023-03-24T17:59:00Z,0.0034112059213593504,3.2246840278878794,3.228095233809239,1
2023-03-24T17:58:55Z,2023-03-24T17:59:00Z,0.008998307505079683,3.2179676806761357,3.2269659881812154,1
2023-03-24T17:58:55Z,2023-03-24T17:59:00Z,0.005968971429350933,3.2203305281586774,3.2262994995880283,1
2023-03-24T17:58:55Z,2023-03-24T17:59:00Z,0.00856642176134459,3.2166989035975124,3.225265325358857,1
2023-03-24T17:58:55Z,2023-03-24T17:59:00Z,0.013831605568602967,3.210560625590155,3.224392231158758,1
2023-03-24T17:58:55Z,2023-03-24T17:59:00Z,0.018118168387899036,3.2051717769124726,3.2232899453003716,1
2023-03-24T17:58:55Z,2023-03-24T17:59:00Z,0.023058177125571344,3.1987322435023797,3.221790420627951,1
2023-03-24T17:58:55Z,2023-03-24T17:59:00Z,0.03381240536520247,3.186566426394873,3.2203788317600757,1
2023-03-24T17:58:55Z,2023-03-24T17:59:00Z,0.047027062224414884,3.1716843042841028,3.2187113665085176,1
2023-03-24T17:58:55Z,2023-03-24T17:59:00Z,0.05460381986042773,3.1618642652097746,3.2164680850702023,1
2023-03-24T17:58:55Z,2023-03-24T17:59:00Z,0.06581584491436754,3.14810523055177,3.2139210754661374,1
2023-03-24T17:58:55Z,2023-03-24T17:59:00Z,0.07872141087675155,3.1320590406660465,3.210780451542798,1
2023-03-24T17:58:55Z,2023-03-24T17:59:00Z,0.09093405579018432,3.11597188752973,3.2069059433199145,1
2023-03-24T17:58:55Z,2023-03-24T17:59:00Z,0.1028353122773491,3.0993331878825434,3.2021685001598925,1
2023-03-24T17:58:55Z,2023-03-24T17:59:00Z,0.11736734996768972,3.0787182478748933,3.196085597842583,1
2023-03-24T17:58:55Z,2023-03-24T17:59:00Z,0.12886792990478657,3.0602514594821706,3.189119389386957,1
2023-03-24T17:58:55Z,2023-03-24T17:59:00Z,0.13700010774365445,3.0439581689779622,3.1809582767216167,1
2023-03-24T17:58:55Z,2023-03-24T17:59:00Z,0.14510448005510534,3.0264982863906633,3.1716027664457687,1
2023-03-24T17:58:55Z,2023-03-24T17:59:00Z,0.15639949436866063,3.0054454215747777,3.1618449159434383,1
2023-03-24T17:58:55Z,2023-03-24T17:59:00Z,0.16829289353743748,2.982771344883104,3.1510642384205414,1
2023-03-24T17:58:55Z,2023-03-24T17:59:00Z,0.1786162988478579,2.960268016999733,3.1388843158475908,1
2023-03-24T17:58:55Z,2023-03-24T17:59:00Z,0.18797107943125368,2.937846773316725,3.1258178527479785,1
2023-03-24T17:58:55Z,2023-03-24T17:59:00Z,0.19696738601284292,2.9144025494485275,3.1113699354613704,1
2023-03-24T17:58:55Z,2023-03-24T17:59:00Z,0.204782614036084,2.8910955364096873,3.0958781504457713,1
2023-03-24T17:58:55Z,2023-03-24T17:59:00Z,0.2120481331462618,2.8673767908471963,3.079424923993458,1
2023-03-24T17:58:55Z,2023-03-24T17:59:00Z,0.22008222478994677,2.841894019175579,3.0619762439655256,1
2023-03-24T17:58:55Z,2023-03-24T17:59:00Z,0.22786781948807855,2.8156997882188257,3.0435676077069043,1
2023-03-24T17:58:55Z,2023-03-24T17:59:00Z,0.22239809730647897,2.8020210433326866,3.0244191406391656,1
2023-03-24T17:58:55Z,2023-03-24T17:59:00Z,0.18196177917520817,2.8226804439047752,3.0046422230799834,1
2023-03-24T17:58:55Z,2023-03-24T17:59:00Z,0.1529528809641909,2.83169805201151,2.984650932975701,1
2023-03-24T17:58:55Z,2023-03-24T17:59:00Z,0.12977855398869265,2.8367932241732867,2.9665717781619794,1
2023-03-24T17:58:55Z,2023-03-24T17:59:00Z,0.11014203234933584,2.8397430242207244,2.9498850565700603,1
2023-03-24T17:58:55Z,2023-03-24T17:59:00Z,0.09597291100883165,2.838402219819204,2.9343751308280357,1
2023-03-24T17:58:55Z,2023-03-24T17:59:00Z,0.08402897138372989,2.835924483685316,2.919953455069046,1
2023-03-24T17:58:55Z,2023-03-24T17:59:00Z,0.07493815660187453,2.8316644080196327,2.9066025646215072,1
2023-03-24T17:58:55Z,2023-03-24T17:59:00Z,0.06754487992684055,2.826595074928175,2.8941399548550155,1
2023-03-24T17:58:55Z,2023-03-24T17:59:00Z,0.06411575235838818,2.8182301046656093,2.8823458570239975,1
2023-03-24T17:58:55Z,2023-03-24T17:59:00Z,0.05881690861958955,2.8124232144342702,2.87124012305386,1
2023-03-24T17:58:55Z,2023-03-24T17:59:00Z,0.05369223016450153,2.807147041949959,2.8608392721144607,1
2023-03-24T17:58:55Z,2023-03-24T17:59:00Z,0.048628773177401996,2.802746713912123,2.851375487089525,1
2023-03-24T17:58:55Z,2023-03-24T17:59:00Z,0.04550337322697917,2.797365393026448,2.842868766253427,1
2023-03-24T17:58:55Z,2023-03-24T17:59:00Z,0.038555774310192525,2.796807433087423,2.8353632073976156,1
2023-03-24T17:58:55Z,2023-03-24T17:59:00Z,0.03028166088286932,2.7985794822690755,2.828861143151945,1
2023-03-24T17:58:55Z,2023-03-24T17:59:00Z,0.02644576119289388,2.797177153996703,2.823622915189597,1
2023-03-24T17:58:55Z,2023-03-24T17:59:00Z,0.028264885108555404,2.7915359573822567,2.819800842490812,1
2023-03-24T17:58:55Z,2023-03-24T17:59:00Z,0.027864313107418326,2.789452259095679,2.8173165722030973,1
2023-03-24T17:58:55Z,2023-03-24T17:59:00Z,0.035570113159356875,2.780404023997264,2.815974137156621,1
2023-03-24T17:58:55Z,2023-03-24T17:59:00Z,0.0418804996528328,2.7733953717128434,2.8152758713656763,1
2023-03-24T17:58:55Z,2023-03-24T17:59:00Z,0.05184909232134638,2.7610780890494677,2.812927181370814,1
2023-03-24T17:58:55Z,2023-03-24T17:59:00Z,0.06379587480709548,2.7458922687693486,2.809688143576444,1
2023-03-24T17:58:55Z,2023-03-24T17:59:00Z,0.07258046668111584,2.7329012804995605,2.8054817471806763,1
2023-03-24T17:58:55Z,2023-03-24T17:59:00Z,0.10508188034907873,2.695185935973188,2.8002678163222665,1
2023-03-24T17:58:55Z,2023-03-24T17:59:00Z,0.0840701253987044,2.7103365276280265,2.794406653026731,1
2023-03-24T17:58:55Z,2023-03-24T17:59:00Z,0.05847361791423822,2.7281142269062633,2.7865878448205015,1
2023-03-24T17:58:55Z,2023-03-24T17:59:00Z,0.035550402022960004,2.7442970049980073,2.7798474070209673,0
2023-03-24T17:58:55Z,2023-03-24T17:59:00Z,0.010042650156982358,2.764333598640546,2.7743762487975285,0
2023-03-24T17:58:55Z,2023-03-24T17:59:00Z,0.018676270601694966,2.788945124973245,2.77026885437155,0
2023-03-24T17:58:55Z,2023-03-24T17:59:00Z,0.04035689351702754,2.8079541025667045,2.767597209049677,0
2023-03-24T17:58:55Z,2023-03-24T17:59:00Z,0.05486210565541594,2.821448097095275,2.766585991439859,0
2023-03-24T17:58:55Z,2023-03-24T17:59:00Z,0.0724167571978307,2.839292048007389,2.7668752908095584,0
2023-03-24T17:58:55Z,2023-03-24T17:59:00Z,0.09342380378009185,2.861637022593474,2.7682132188133823,0
2023-03-24T17:58:55Z,2023-03-24T17:59:00Z,0.11240340120329106,2.8829768764011154,2.7705734751978244,0
2023-03-24T17:58:55Z,2023-03-24T17:59:00Z,0.12962364011812388,2.9037003120006375,2.7740766718825136,0
2023-03-24T17:58:55Z,2023-03-24T17:59:00Z,0.14795169325588597,2.9267950163830894,2.7788433231272034,0
2023-03-24T17:58:55Z,2023-03-24T17:59:00Z,0.16175288090318451,2.946827557064742,2.7850746761615577,0
2023-03-24T17:58:55Z,2023-03-24T17:59:00Z,0.17440505443938648,2.9671098837835777,2.792704829344191,0
2023-03-24T17:58:55Z,2023-03-24T17:59:00Z,0.18661999130878337,2.988570572490057,2.8019505811812735,0
2023-03-24T17:58:55Z,2023-03-24T17:59:00Z,0.19562792837701792,3.0083404268955545,2.8127124985185366,0
2023-03-24T17:58:55Z,2023-03-24T17:59:00Z,0.20369057703969684,3.029041546860488,2.825350969820791,0
2023-03-24T17:58:55Z,2023-03-24T17:59:00Z,0.20303147556365886,3.042962898613684,2.839931423050025,0
2023-03-24T17:58:55Z,2023-03-24T17:59:00Z,0.1993439577575966,3.0557276178276735,2.856383660070077,0
2023-03-24T17:58:55Z,2023-03-24T17:59:00Z,0.19752698485311493,3.0732315872921085,2.8757046024389936,0
2023-03-24T17:58:55Z,2023-03-24T17:59:00Z,0.19065063883001,3.0855436351689836,2.8948929963389736,0
2023-03-24T17:58:55Z,2023-03-24T17:59:00Z,0.18625746718430758,3.1003236502113833,2.9140661830270758,0
2023-03-24T17:58:55Z,2023-03-24T17:59:00Z,0.18224202996528893,3.1152663591129746,2.9330243291476856,0
2023-03-24T17:58:55Z,2023-03-24T17:59:00Z,0.17393432499624728,3.125624768120091,2.9516904431238435,0
2023-03-24T17:58:55Z,2023-03-24T17:59:00Z,0.16142859627607642,3.131247996852127,2.9698194005760508,0
2023-03-24T17:58:55Z,2023-03-24T17:59:00Z,0.14420438514096334,3.1316721560255356,2.9874677708845723,0
2023-03-24T17:58:55Z,2023-03-24T17:59:00Z,0.1319976161185843,3.1366764925452033,3.004678876426619,0
2023-03-24T17:58:55Z,2023-03-24T17:59:00Z,0.11832555802275646,3.139247773783717,3.0209222157609608,0
2023-03-24T17:58:55Z,2023-03-24T17:59:00Z,0.1007848586583564,3.1369870449721913,3.036202186313835,0
2023-03-24T17:58:55Z,2023-03-24T17:59:00Z,0.09300872764725909,3.1434481860379053,3.0504394583906462,0
2023-03-24T17:58:55Z,2023-03-24T17:59:00Z,0.08320220301632464,3.1466020354609463,3.0633998324446217,0
2023-03-24T17:58:55Z,2023-03-24T17:59:00Z,0.07093929559608414,3.1463754152437513,3.075436119647667,0
2023-03-24T17:58:55Z,2023-03-24T17:59:00Z,0.04752457414862521,3.134059275929414,3.086534701780789,0
2023-03-24T17:58:55Z,2023-03-24T17:59:00Z,0.028829532246937184,3.125323430219958,3.096493897973021,0
2023-03-24T17:58:55Z,2023-03-24T17:59:00Z,0.02043353413046045,3.1250101378501123,3.104576603719652,0
2023-03-24T17:58:55Z,2023-03-24T17:59:00Z,0.011703852170970919,3.122779511630868,3.111075659459897,0
2023-03-24T17:58:55Z,2023-03-24T17:59:00Z,0.005327521856898887,3.1217347697051077,3.1164072478482088,0
2023-03-24T17:58:55Z,2023-03-24T17:59:00Z,0.007077175008683767,3.1137643291182577,3.1208415041269415,0
2023-03-24T17:58:55Z,2023-03-24T17:59:00Z,0.010087169623977932,3.114421398496154,3.124508568120132,0
2023-03-24T17:58:55Z,2023-03-24T17:59:00Z,0.016385262793749078,3.1103751243167252,3.1267603871104743,0
2023-03-24T17:58:55Z,2023-03-24T17:59:00Z,0.020336070160895225,3.1080286371344217,3.128364707295317,0
2023-03-24T17:58:55Z,2023-03-24T17:59:00Z,0.019801701833860985,3.1091214206895303,3.1289231225233913,0
2023-03-24T17:58:55Z,2023-03-24T17:59:00Z,0.018332208308360798,3.110188818549555,3.128521026857916,0
2023-03-24T17:58:55Z,2023-03-24T17:59:00Z,0.016922722602040086,3.110681451620845,3.1276041742228853,0
2023-03-24T17:58:55Z,2023-03-24T17:59:00Z,0.014815645819985956,3.1116185740527555,3.1264342198727415,0
2023-03-24T17:58:55Z,2023-03-24T17:59:00Z,0.017012443463373383,3.1082556261646634,3.125268069628037,0
2023-03-24T17:58:55Z,2023-03-24T17:59:00Z,0.01927247728458914,3.1046034857605336,3.1238759630451227,0
2023-03-24T17:58:55Z,2023-03-24T17:59:00Z,0.01990887437476463,3.1022453026915224,3.122154177066287,0
2023-03-24T17:58:55Z,2023-03-24T17:59:00Z,0.02026905674244217,3.1000860337009746,3.1203550904434167,0
2023-03-24T17:58:55Z,2023-03-24T17:59:00Z,0.022695823272004922,3.0953702180966127,3.1180660413686176,0
2023-03-24T17:58:55Z,2023-03-24T17:59:00Z,0.02353942274204668,3.091942396306573,3.1154818190486195,0
2023-03-24T17:58:55Z,2023-03-24T17:59:00Z,0.018381292571993058,3.0942669044128963,3.1126481969848894,0
2023-03-24T17:58:55Z,2023-03-24T17:59:00Z,0.01146066656812117,3.098847703771055,3.110308370339176,0
2023-03-24T17:58:55Z,2023-03-24T17:59:00Z,0.010956719805263138,3.097626287989076,3.1085830077943393,0
2023-03-24T17:58:55Z,2023-03-24T17:59:00Z,0.015097662925763089,3.0920318763086287,3.107129539234392,0
2023-03-24T17:58:55Z,2023-03-24T17:59:00Z,0.0124135873344704,3.0933185505864884,3.105732137920959,0
2023-03-24T17:58:55Z,2023-03-24T17:59:00Z,0.015154034091596102,3.088927943085114,3.10408197717671,0
2023-03-24T17:58:55Z,2023-03-24T17:59:00Z,0.023895982675578242,3.0790501179160334,3.1029461005916117,0
2023-03-24T17:58:55Z,2023-03-24T17:59:00Z,0.031325997918691506,3.070203799594529,3.1015297975132206,0
2023-03-24T17:58:55Z,2023-03-24T17:59:00Z,0.05027115759391876,3.04951836178593,3.099789519379849,0
2023-03-24T17:58:55Z,2023-03-24T17:59:00Z,0.04794497038704515,3.0497431691294765,3.0976881395165217,0
2023-03-24T17:58:55Z,2023-03-24T17:59:00Z,0.04267970579062563,3.0516971526756955,3.094376858466321,0
2023-03-24T17:58:55Z,2023-03-24T17:59:00Z,0.04047513334000241,3.0505436334918703,3.0910187668318727,0
2023-03-24T17:58:55Z,2023-03-24T17:59:00Z,0.036612004619914984,3.051129856715005,3.08774186133492,0
2023-03-24T17:58:55Z,2023-03-24T17:59:00Z,0.04446808997719609,3.039880719104341,3.084348809081537,0
2023-03-24T17:58:55Z,2023-03-24T17:59:00Z,0.049747540329712514,3.03142761489351,3.0811751552232227,0
2023-03-24T17:58:55Z,2023-03-24T17:59:00Z,0.04160177415595223,3.0359776718085936,3.077579445964546,0
2023-03-24T17:58:55Z,2023-03-24T17:59:00Z,0.04551324484038499,3.028131885135382,3.073645129975767,0
2023-03-24T17:58:55Z,2023-03-24T17:59:00Z,0.04314614247110127,3.0269374118439782,3.0700835543150795,0
2023-03-24T17:58:55Z,2023-03-24T17:59:00Z,0.03682177792668018,3.029526313446109,3.066348091372789,0
2023-03-24T17:58:55Z,2023-03-24T17:59:00Z,0.0351509083525654,3.0275857949945237,3.062736703347089,0
2023-03-24T17:58:55Z,2023-03-24T17:59:00Z,0.029863174388200964,3.0292768294607333,3.0591400038489343,0
2023-03-24T17:58:55Z,2023-03-24T17:59:00Z,0.034050754953732554,3.021130253963172,3.0551810089169047,0
2023-03-24T17:58:55Z,2023-03-24T17:59:00Z,0.03422745417887452,3.017156362597567,3.0513838167764415,0
2023-03-24T17:58:55Z,2023-03-24T17:59:00Z,0.02771894039041012,3.019725897366839,3.047444837757249,0
2023-03-24T17:58:55Z,2023-03-24T17:59:00Z,0.021995273064939536,3.0212183320262587,3.043213605091198,0
2023-03-24T17:58:55Z,2023-03-24T17:59:00Z,0.015446963124449375,3.0239220838712892,3.0393690469957386,0
2023-03-24T17:58:55Z,2023-03-24T17:59:00Z,0.01166469928721714,3.0244914707146444,3.0361561700018616,0
2023-03-24T17:58:55Z,2023-03-24T17:59:00Z,0.0017261218179349669,3.0318588417548584,3.0335849635727934,0
2023-03-24T17:58:55Z,2023-03-24T17:59:00Z,0.0031694068347611903,3.029025173900738,3.0321945807354993,0
2023-03-24T17:58:55Z,2023-03-24T17:59:00Z,0.00033793403745940864,3.0308630729550057,3.031201006992465,0
2023-03-24T17:58:55Z,2023-03-24T17:59:00Z,0.003168572613624576,3.0331100252297034,3.029941452616079,0
2023-03-24T17:58:55Z,2023-03-24T17:59:00Z,0.0007988001877903272,3.0296468883295984,3.028848088141808,0
2023-03-24T17:58:55Z,2023-03-24T17:59:00Z,0.003371835019274183,3.0312188214118994,3.027846986392625,0
2023-03-24T17:58:55Z,2023-03-24T17:59:00Z,0.0027875582080696404,3.030065998446542,3.0272784402384723,0
2023-03-24T17:58:55Z,2023-03-24T17:59:00Z,0.006042569905327255,3.0333094105059324,3.027266840600605,0
2023-03-24T17:58:55Z,2023-03-24T17:59:00Z,0.010076265717526844,3.03701468002024,3.0269384143027134,0
2023-03-24T17:58:55Z,2023-03-24T17:59:00Z,0.00848441095339103,3.0357104655544687,3.0272260546010776,0
2023-03-24T17:58:55Z,2023-03-24T17:59:00Z,0.010267641775232317,3.0380535446083248,3.0277859028330925,0
2023-03-24T17:58:55Z,2023-03-24T17:59:00Z,0.0002993367312740247,3.027830130107838,3.028129466839112,0
2023-03-24T17:58:55Z,2023-03-24T17:59:00Z,0.006804630019813462,3.0219063784645095,3.028711008484323,0
2023-03-24T17:58:55Z,2023-03-24T17:59:00Z,0.007259724962045411,3.0213709113360054,3.028630636298051,0
2023-03-24T17:58:55Z,2023-03-24T17:59:00Z,0.010075541931405141,3.0185982123944974,3.0286737543259026,0
2023-03-24T17:58:55Z,2023-03-24T17:59:00Z,0.01199236171826179,3.0169155342042213,3.028907895922483,0
2023-03-24T17:58:55Z,2023-03-24T17:59:00Z,0.011838278934252155,3.017006967823101,3.0288452467573532,0
2023-03-24T17:58:55Z,2023-03-24T17:59:00Z,0.011440934265790403,3.017165268168116,3.0286062024339064,0
2023-03-24T17:58:55Z,2023-03-24T17:59:00Z,0.008200709376714244,3.020021319943404,3.0282220293201183,0
2023-03-24T17:58:55Z,2023-03-24T17:59:00Z,0.0013294585910843537,3.026485559476449,3.027815018067533,0
2023-03-24T17:58:55Z,2023-03-24T17:59:00Z,0.00641796718848342,3.0207394107784133,3.0271573779668968,0
2023-03-24T17:58:55Z,2023-03-24T17:59:00Z,0.004111217029150627,3.022905071247508,3.0270162882766587,0
2023-03-24T17:58:55Z,2023-03-24T17:59:00Z,0.006724389462387403,3.0197294731377937,3.026453862600181,0
2023-03-24T17:58:55Z,2023-03-24T17:59:00Z,0.010811521500055044,3.0150753992122263,3.0258869207122814,0
2023-03-24T17:58:55Z,2023-03-24T17:59:00Z,0.008671870953095073,3.0166640822485307,3.0253359532016257,0
2023-03-24T17:58:55Z,2023-03-24T17:59:00Z,0.00721283201382672,3.0172262643989285,3.024439096412755,0
2023-03-24T17:58:55Z,2023-03-24T17:59:00Z,0.007964309969417549,3.0157302355434483,3.023694545512866,0
2023-03-24T17:58:55Z,2023-03-24T17:59:00Z,0.007374206597988042,3.015426830797822,3.02280103739581,0
2023-03-24T17:58:55Z,2023-03-24T17:59:00Z,0.012021258326600837,3.0095973099316096,3.0216185682582104,0
2023-03-24T17:58:55Z,2023-03-24T17:59:00Z,0.010897661920173718,3.0095940377404453,3.020491699660619,0
2023-03-24T17:58:55Z,2023-03-24T17:59:00Z,0.005949460399475637,3.012961337334659,3.0189107977341347,0
2023-03-24T17:58:55Z,2023-03-24T17:59:00Z,0.007419410869236476,3.010478270622265,3.0178976814915015,0
2023-03-24T17:58:55Z,2023-03-24T17:59:00Z,0.009982044918784183,3.007418689843281,3.0174007347620653,0
2023-03-24T17:58:55Z,2023-03-24T17:59:00Z,0.013152746898131618,3.003642841157615,3.0167955880557464,0
2023-03-24T17:58:55Z,2023-03-24T17:59:00Z,0.023908421744692543,2.9922660817248756,3.016174503469568,0
2023-03-24T17:58:55Z,2023-03-24T17:59:00Z,0.0252564034124787,2.9901807282211665,3.0154371316336452,0
2023-03-24T17:58:55Z,2023-03-24T17:59:00Z,0.01983280459423664,2.994229833367285,3.014062637961522,0
2023-03-24T17:58:55Z,2023-03-24T17:59:00Z,0.017512856987000447,2.995050639866358,3.0125634968533586,0
2023-03-24T17:58:55Z,2023-03-24T17:59:00Z,0.01889615198997019,2.9922344844980477,3.011130636488018,0
2023-03-24T17:58:55Z,2023-03-24T17:59:00Z,0.019344298056957143,2.990039954008278,3.009384252065235,0
2023-03-24T17:58:55Z,2023-03-24T17:59:00Z,0.02080494213507711,2.986995702914582,3.007800645049659,0
2023-03-24T17:58:55Z,2023-03-24T17:59:00Z,0.018224040395891095,2.9877507648071444,3.0059748052030355,0
2023-03-24T17:58:55Z,2023-03-24T17:59:00Z,0.016183413586119855,2.987972848826738,3.0041562624128577,0
2023-03-24T17:58:55Z,2023-03-24T17:59:00Z,0.019279788632875938,2.9833584385352543,3.0026382271681302,0
2023-03-24T17:58:55Z,2023-03-24T17:59:00Z,0.022774993482904016,2.978269276272904,3.001044269755808,0
2023-03-24T17:58:55Z,2023-03-24T17:59:00Z,0.01882882887381454,2.9803338950006784,2.999162723874493,0
2023-03-24T17:58:55Z,2023-03-24T17:59:00Z,0.015904256206961787,2.9811773032636126,2.9970815594705744,0
2023-03-24T17:58:55Z,2023-03-24T17:59:00Z,0.010003082413292397,2.9851288695129954,2.995131951926288,0
2023-03-24T17:58:55Z,2023-03-24T17:59:00Z,0.009847988435248478,2.9837050742317066,2.993553062666955,0
2023-03-24T17:58:55Z,2023-03-24T17:59:00Z,0.008028596227037887,2.9841652904272813,2.992193886654319,0
2023-03-24T17:58:55Z,2023-03-24T17:59:00Z,0.006823830491534011,2.983744708212621,2.990568538704155,0
2023-03-24T17:58:55Z,2023-03-24T17:59:00Z,0.008293262626137388,2.980813443844963,2.9891067064711003,0
2023-03-24T17:58:55Z,2023-03-24T17:59:00Z,0.010772314893460422,2.9770191703759368,2.987791485269397,0
2023-03-24T17:58:55Z,2023-03-24T17:59:00Z,0.01053239096771419,2.97599079445098,2.986523185418694,0
2023-03-24T17:58:55Z,2023-03-24T17:59:00Z,0.008883293986929441,2.9767928408012683,2.9856761347881977,0
2023-03-24T17:58:55Z,2023-03-24T17:59:00Z,0.009054350577396342,2.975833454556902,2.9848878051342984,0
2023-03-24T17:58:55Z,2023-03-24T17:59:00Z,0.010616695748690841,2.973302387576384,2.983919083325075,0
2023-03-24T17:58:55Z,2023-03-24T17:59:00Z,0.005542884570612916,2.9773085773483814,2.9828514619189943,0
2023-03-24T17:58:55Z,2023-03-24T17:59:00Z,0.00481555660776678,2.976984122148912,2.981799678756679,0
2023-03-24T17:58:55Z,2023-03-24T17:59:00Z,0.007489804011797663,2.973602576041554,2.9810923800533518,0
2023-03-24T17:58:55Z,2023-03-24T17:59:00Z,0.013986956585863908,2.966549224536062,2.9805361811219258,0
2023-03-24T17:58:55Z,2023-03-24T17:59:00Z,0.018296985079210515,2.9614531855557384,2.979750170634949,0
2023-03-24T17:58:55Z,2023-03-24T17:59:00Z,0.014630640734922817,2.963929328550544,2.9785599692854667,0
2023-03-24T17:58:55Z,2023-03-24T17:59:00Z,0.01687966718071854,2.960463343605886,2.9773430107866043,0
2023-03-24T17:58:55Z,2023-03-24T17:59:00Z,0.01573449065357968,2.960811856370672,2.9765463470242515,0
2023-03-24T17:58:55Z,2023-03-24T17:59:00Z,0.01766510597733184,2.9577773215249867,2.9754424275023186,0
2023-03-24T17:58:55Z,2023-03-24T17:59:00Z,0.015456598444714587,2.95885441534133,2.9743110137860445,0
2023-03-24T17:58:55Z,2023-03-24T17:59:00Z,0.015078968635093393,2.957712514707172,2.9727914833422653,0
2023-03-24T17:58:55Z,2023-03-24T17:59:00Z,0.018033344442969224,2.9533775467387198,2.971410891181689,0
2023-03-24T17:58:55Z,2023-03-24T17:59:00Z,0.015833533260505295,2.9541077592700664,2.9699412925305717,0
2023-03-24T17:58:55Z,2023-03-24T17:59:00Z,0.01704666780436659,2.9512075601998777,2.9682542280042443,0
2023-03-24T17:58:55Z,2023-03-24T17:59:00Z,0.015938924352150163,2.9508316545090443,2.9667705788611944,0
2023-03-24T17:58:55Z,2023-03-24T17:59:00Z,0.011342036649776954,2.953994563868303,2.96533660051808,0
2023-03-24T17:58:55Z,2023-03-24T17:59:00Z,0.012109575596124245,2.951829294925181,2.9639388705213054,0
2023-03-24T17:58:55Z,2023-03-24T17:59:00Z,0.009475918454972199,2.953196381125613,2.962672299580585,0
2023-03-24T17:58:55Z,2023-03-24T17:59:00Z,0.004203011255819344,2.957135723900781,2.9613387351566005,0
2023-03-24T17:58:55Z,2023-03-24T17:59:00Z,0.0018290430503271615,2.962050777848552,2.9602217347982247,0
2023-03-24T17:58:55Z,2023-03-24T17:59:00Z,0.004756789279929841,2.9638578099977324,2.9591010207178026,0
2023-03-24T17:58:55Z,2023-03-24T17:59:00Z,0.006680904961374523,2.964952295440268,2.9582713904788935,0
2023-03-24T17:58:55Z,2023-03-24T17:59:00Z,0.004718340708687041,2.962448355296257,2.95773001458757,0
2023-03-24T17:58:55Z,2023-03-24T17:59:00Z,0.012164092970581741,2.969805389275052,2.9576412963044705,0
2023-03-24T17:58:55Z,2023-03-24T17:59:00Z,0.010040537623028811,2.9677371211353063,2.9576965835122775,0
2023-03-24T17:58:55Z,2023-03-24T17:59:00Z,0.013347778253878229,2.9713708095841835,2.9580230313303053,0
2023-03-24T17:58:55Z,2023-03-24T17:59:00Z,0.013345214233994263,2.971772344315934,2.95842713008194,0
2023-03-24T17:58:55Z,2023-03-24T17:59:00Z,0.009288639922437447,2.9683023785162392,2.959013738593802,0
2023-03-24T17:58:55Z,2023-03-24T17:59:00Z,0.004687958854352026,2.9644791987143178,2.9597912398599657,0
2023-03-24T17:58:55Z,2023-03-24T17:59:00Z,0.0033708194498278665,2.963686946152844,2.9603161267030162,0
2023-03-24T17:58:55Z,2023-03-24T17:59:00Z,0.0015529381662000574,2.9622449917585016,2.9606920535923016,0
2023-03-24T17:58:55Z,2023-03-24T17:59:00Z,0.007717873768535721,2.968982671772733,2.9612647980041973,0
2023-03-24T17:58:55Z,2023-03-24T17:59:00Z,0.005003272696610939,2.9667201391723883,2.9617168664757774,0
2023-03-24T17:58:55Z,2023-03-24T17:59:00Z,0.002312654492844235,2.9650170271671135,2.9627043726742692,0
2023-03-24T17:58:55Z,2023-03-24T17:59:00Z,0.005014938917765388,2.968602005184443,2.9635870662666774,0
2023-03-24T17:58:55Z,2023-03-24T17:59:00Z,0.005609248418742219,2.9698086737575755,2.9641994253388333,0
2023-03-24T17:58:55Z,2023-03-24T17:59:00Z,0.0016398630302960626,2.966771105605755,2.965131242575459,0
2023-03-24T17:58:55Z,2023-03-24T17:59:00Z,0.0006094539418639577,2.966663601663543,2.966054147721679,0
2023-03-24T17:58:55Z,2023-03-24T17:59:00Z,0.0001958498352734317,2.9667852965405617,2.9665894467052882,0
2023-03-24T17:58:55Z,2023-03-24T17:59:00Z,0.004426968293258504,2.9624187464017515,2.96684571469501,0
2023-03-24T17:58:55Z,2023-03-24T17:59:00Z,0.006235275532351814,2.960773077303927,2.9670083528362787,0
2023-03-24T17:58:55Z,2023-03-24T17:59:00Z,0.005597077292987862,2.961270522818929,2.9668676001119167,0
2023-03-24T17:58:55Z,2023-03-24T17:59:00Z,0.0003634749829677375,2.9664110541293756,2.9667745291123433,0
2023-03-24T17:58:55Z,2023-03-24T17:59:00Z,0.0013877970015827579,2.9676881668663633,2.9663003698647805,0
2023-03-24T17:58:55Z,2023-03-24T17:59:00Z,0.004188888544653047,2.9704155880202148,2.9662266994755617,0
2023-03-24T17:58:55Z,2023-03-24T17:59:00Z,0.004034512740333174,2.9619875954731274,2.9660221082134606,0
2023-03-24T17:58:55Z,2023-03-24T17:59:00Z,0.005083176177908655,2.9608635566857906,2.9659467328636993,0
2023-03-24T17:58:55Z,2023-03-24T17:59:00Z,0.004345307730357462,2.969941219313883,2.9655959115835255,0
2023-03-24T17:58:55Z,2023-03-24T17:59:00Z,0.0011231301408507477,2.9665181727227914,2.9653950425819406,0
2023-03-24T17:58:55Z,2023-03-24T17:59:00Z,0.002095993931121143,2.96783849613312,2.9657425022019988,0
2023-03-24T17:58:55Z,2023-03-24T17:59:00Z,0.003955074469998543,2.9620248266744604,2.965979901144459,0
2023-03-24T17:58:55Z,2023-03-24T17:59:00Z,0.003605415013322677,2.962310920817825,2.9659163358311478,0
2023-03-24T17:58:55Z,2023-03-24T17:59:00Z,0.0025523600124564005,2.9631031251243614,2.9656554851368178,0
2023-03-24T17:58:55Z,2023-03-24T17:59:00Z,0.000540546803498021,2.964964599091693,2.965505145895191,0
2023-03-24T17:58:55Z,2023-03-24T17:59:00Z,0.001122183353560402,2.9640774692049594,2.96519965255852,0
2023-03-24T17:58:55Z,2023-03-24T17:59:00Z,0.0032223959333923524,2.9681529332326964,2.964930537299304,0
2023-03-24T17:58:55Z,2023-03-24T17:59:00Z,0.0010554822649089246,2.9658363730975017,2.9647808908325928,0
2023-03-24T17:58:55Z,2023-03-24T17:59:00Z,0.0015556882580303188,2.9664193197333537,2.9648636314753234,0
2023-03-24T17:58:55Z,2023-03-24T17:59:00Z,0.002562879886869762,2.9673737933931346,2.964810913506265,0
2023-03-24T17:58:55Z,2023-03-24T17:59:00Z,0.00404418471190926,2.9690773522921523,2.965033167580243,0
2023-03-24T17:58:55Z,2023-03-24T17:59:00Z,0.0009223514498111207,2.9644775225798323,2.9653998740296434,0
2023-03-24T17:58:55Z,2023-03-24T17:59:00Z,0.003710289014997148,2.9621232977631586,2.965833586778156,0
2023-03-24T17:58:55Z,2023-03-24T17:59:00Z,0.004774480128375558,2.9609516882303613,2.965726168358737,0
2023-03-24T17:58:55Z,2023-03-24T17:59:00Z,0.0001212919364173004,2.9655383009005316,2.9654170089641143,0
2023-03-24T17:58:55Z,2023-03-24T17:59:00Z,0.0057234337969500615,2.9706146705505163,2.9648912367535663,0
2023-03-24T17:58:55Z,2023-03-24T17:59:00Z,0.0031139498328704995,2.968202447999071,2.9650884981662005,0
2023-03-24T17:58:55Z,2023-03-24T17:59:00Z,0.005986708653141548,2.9716169353673827,2.965630226714241,0
2023-03-24T17:58:55Z,2023-03-24T17:59:00Z,0.010622784223510262,2.976156412531372,2.965533628307862,0
2023-03-24T17:58:55Z,2023-03-24T17:59:00Z,0.01028546338668157,2.97610235628591,2.9658168928992286,0
2023-03-24T17:58:55Z,2023-03-24T17:59:00Z,0.008818965427205061,2.9750979647930027,2.9662789993657976,0
2023-03-24T17:58:55Z,2023-03-24T17:59:00Z,0.007540481941453958,2.974601566285666,2.9670610843442122,0
2023-03-24T17:58:55Z,2023-03-24T17:59:00Z,0.0031865333734439893,2.9709580090496104,2.9677714756761664,0
2023-03-24T17:58:55Z,2023-03-24T17:59:00Z,0.0070777959953276515,2.975488073958233,2.968410277962905,0
2023-03-24T17:58:55Z,2023-03-24T17:59:00Z,0.006565260015634511,2.975308505198424,2.9687432451827895,0
2023-03-24T17:58:55Z,2023-03-24T17:59:00Z,0.005409791690262011,2.9747869593593443,2.9693771676690823,0
2023-03-24T17:58:55Z,2023-03-24T17:59:00Z,0.009738014174120124,2.9795127136190764,2.9697746994449563,0
2023-03-24T17:58:55Z,2023-03-24T17:59:00Z,0.0125139470284088,2.9827859012656903,2.9702719542372815,0
2023-03-24T17:58:55Z,2023-03-24T17:59:00Z,0.01446924247116188,2.985468607479872,2.9709993650087103,0
2023-03-24T17:58:55Z,2023-03-24T17:59:00Z,0.010913113625056425,2.9827687068489084,2.971855593223852,0
2023-03-24T17:58:55Z,2023-03-24T17:59:00Z,0.01696894518129355,2.9897351636933522,2.9727662185120587,0
2023-03-24T17:58:55Z,2023-03-24T17:59:00Z,0.027188388490873017,3.0009707839067694,2.9737823954158964,0
2023-03-24T17:58:55Z,2023-03-24T17:59:00Z,0.027513054347942933,3.0028294423155164,2.9753163879675735,0
2023-03-24T17:58:55Z,2023-03-24T17:59:00Z,0.024606766527645707,3.002146437588353,2.977539671060707,0
2023-03-24T17:58:55Z,2023-03-24T17:59:00Z,0.02113225528821916,3.0007436564275367,2.9796114011393176,0
2023-03-24T17:58:55Z,2023-03-24T17:59:00Z,0.029118512162054522,3.0104816781368076,2.981363165974753,0
2023-03-24T17:58:55Z,2023-03-24T17:59:00Z,0.03258722204667741,3.0157582329341226,2.983171010887445,0
2023-03-24T17:58:55Z,2023-03-24T17:59:00Z,0.03438386681414274,3.0197140300776675,2.9853301632635247,0
2023-03-24T17:58:55Z,2023-03-24T17:59:00Z,0.03306495781641061,3.020595222213421,2.9875302643970105,0
2023-03-24T17:58:55Z,2023-03-24T17:59:00Z,0.029286182788602844,3.0192393179518224,2.9899531351632196,0
2023-03-24T17:58:55Z,2023-03-24T17:59:00Z,0.026846936081178274,3.019327696656643,2.992480760575465,0
2023-03-24T17:58:55Z,2023-03-24T17:59:00Z,0.02888340662486666,3.023844042292896,2.994960635668029,0
2023-03-24T17:58:55Z,2023-03-24T17:59:00Z,0.032280946934554855,3.0299287874696414,2.9976478405350866,0
2023-03-24T17:58:55Z,2023-03-24T17:59:00Z,0.044103435768376276,3.0444377189887217,3.0003342832203455,0
2023-03-24T17:58:55Z,2023-03-24T17:59:00Z,0.03960924085435069,3.042977984200875,3.0033687433465244,0
2023-03-24T17:58:55Z,2023-03-24T17:59:00Z,0.03652716456211591,3.0437653945547174,3.0072382299926015,0
2023-03-24T17:58:55Z,2023-03-24T17:59:00Z,0.03225088127636733,3.0430149596346237,3.0107640783582563,0
2023-03-24T17:58:55Z,2023-03-24T17:59:00Z,0.026300223849891058,3.0404520518353157,3.0141518279854247,0
2023-03-24T17:58:55Z,2023-03-24T17:59:00Z,0.028018605754539738,3.045367453304117,3.0173488475495773,0
2023-03-24T17:58:55Z,2023-03-24T17:59:00Z,0.037104805250042894,3.057658283076643,3.0205534778266,0
2023-03-24T17:58:55Z,2023-03-24T17:59:00Z,0.047620378749602565,3.071264539332356,3.0236441605827533,0
2023-03-24T17:58:55Z,2023-03-24T17:59:00Z,0.050790295856538936,3.0775837619487305,3.0267934660921916,0
2023-03-24T17:58:55Z,2023-03-24T17:59:00Z,0.0518349952303514,3.0824304111568113,3.03059541592646,0
2023-03-24T17:58:55Z,2023-03-24T17:59:00Z,0.052268068607757456,3.0870544469986827,3.0347863783909252,0
2023-03-24T17:58:55Z,2023-03-24T17:59:00Z,0.06467566774319344,3.104000199174634,3.0393245314314408,0
2023-03-24T17:58:55Z,2023-03-24T17:59:00Z,0.06769224739112545,3.111270821537115,3.0435785741459895,0
2023-03-24T17:58:55Z,2023-03-24T17:59:00Z,0.0772903081579388,3.1257712137617344,3.0484809056037956,0
2023-03-24T17:58:55Z,2023-03-24T17:59:00Z,0.07332855473403521,3.1268959487522445,3.0535673940182093,0
2023-03-24T17:58:55Z,2023-03-24T17:59:00Z,0.07034582834260839,3.1297563330023905,3.059410504659782,0
2023-03-24T17:58:55Z,2023-03-24T17:59:00Z,0.07534038236003715,3.1407318109531763,3.065391428593139,0
2023-03-24T17:58:55Z,2023-03-24T17:59:00Z,0.07493245139742921,3.1464588042319983,3.071526352834569,0
2023-03-24T17:58:55Z,2023-03-24T17:59:00Z,0.07801087476565627,3.156030992525797,3.0780201177601407,0
2023-03-24T17:58:55Z,2023-03-24T17:59:00Z,0.06967636484983775,3.154170372430109,3.0844940075802714,0
2023-03-24T17:58:55Z,2023-03-24T17:59:00Z,0.06915944145287378,3.1598530753407603,3.0906936338878865,0
2023-03-24T17:58:55Z,2023-03-24T17:59:00Z,0.06361258466561814,3.160483573455129,3.0968709887895107,0
2023-03-24T17:58:55Z,2023-03-24T17:59:00Z,0.05327292209627377,3.1565932264850094,3.1033203043887356,0
2023-03-24T17:58:55Z,2023-03-24T17:59:00Z,0.04728062707080882,3.157126965560684,3.1098463384898754,0
2023-03-24T17:58:55Z,2023-03-24T17:59:00Z,0.048802917931618506,3.165101543902032,3.1162986259704133,0
2023-03-24T17:58:55Z,2023-03-24T17:59:00Z,0.048279762017676475,3.1707872497801213,3.122507487762445,0
2023-03-24T17:58:55Z,2023-03-24T17:59:00Z,0.0463075260506991,3.174784083858999,3.1284765578083,0
2023-03-24T17:58:55Z,2023-03-24T17:59:00Z,0.03661074134021236,3.1706163386178323,3.13400559727762,0
2023-03-24T17:58:55Z,2023-03-24T17:59:00Z,0.03867101557731667,3.17807663073884,3.1394056151615235,0
2023-03-24T17:58:55Z,2023-03-24T17:59:00Z,0.03797907584039839,3.1822839091942012,3.144304833353803,0
2023-03-24T17:58:55Z,2023-03-24T17:59:00Z,0.036979457661526105,3.1863410790008935,3.1493616213393674,0
2023-03-24T17:58:55Z,2023-03-24T17:59:00Z,0.03257228571887616,3.1862830020593305,3.1537107163404543,0
2023-03-24T17:58:55Z,2023-03-24T17:59:00Z,0.02386507787398795,3.1817463640735406,3.1578812861995527,0
2023-03-24T17:58:55Z,2023-03-24T17:59:00Z,0.015625434367807944,3.1768684865838948,3.161243052216087,0
2023-03-24T17:58:55Z,2023-03-24T17:59:00Z,0.0022998559111973016,3.1619904416005165,3.1642902975117138,0
2023-03-24T17:58:55Z,2023-03-24T17:59:00Z,0.02517390129022745,3.141733738087125,3.1669076393773525,0
2023-03-24T17:58:55Z,2023-03-24T17:59:00Z,0.03528395711734644,3.1328047172959694,3.168088674413316,0
2023-03-24T17:58:55Z,2023-03-24T17:59:00Z,0.034632616020478846,3.1331935547181224,3.1678261707386013,0
2023-03-24T17:58:55Z,2023-03-24T17:59:00Z,0.034386163332354336,3.1321496587823674,3.1665358221147217,0
2023-03-24T17:58:55Z,2023-03-24T17:59:00Z,0.03208605006681298,3.1332843932861314,3.1653704433529444,0
2023-03-24T17:58:55Z,2023-03-24T17:59:00Z,0.029338499783978733,3.134492864871277,3.163831364655256,0
2023-03-24T17:58:55Z,2023-03-24T17:59:00Z,0.025676314137853318,3.1366439849524586,3.162320299090312,0
2023-03-24T17:58:55Z,2023-03-24T17:59:00Z,0.019895042671354002,3.1411974585515283,3.1610925012228823,0
2023-03-24T17:58:55Z,2023-03-24T17:59:00Z,0.006901686049718414,3.15305287180604,3.1599545578557584,0
2023-03-24T17:58:55Z,2023-03-24T17:59:00Z,0.001325441851816045,3.15995199496588,3.158626553114064,0
2023-03-24T17:58:55Z,2023-03-24T17:59:00Z,0.003114597229785243,3.160755907123067,3.1576413098932816,0
2023-03-24T17:58:55Z,2023-03-24T17:59:00Z,0.005825906892196198,3.162643211846971,3.156817304954775,0
2023-03-24T17:58:55Z,2023-03-24T17:59:00Z,0.007222892954878102,3.163492396159944,3.156269503205066,0
2023-03-24T17:58:55Z,2023-03-24T17:59:00Z,0.00622355661840146,3.1616356476628074,3.155412091044406,0
2023-03-24T17:58:55Z,2023-03-24T17:59:00Z,0.002818107295373018,3.1571862253934317,3.1543681180980587,0
2023-03-24T17:58:55Z,2023-03-24T17:59:00Z,0.003933684599661813,3.1569292787344936,3.1529955941348318,0
2023-03-24T17:58:55Z,2023-03-24T17:59:00Z,0.006762979388234669,3.1581420859305163,3.1513791065422816,0
2023-03-24T17:58:55Z,2023-03-24T17:59:00Z,0.0030403135452043983,3.153040693124206,3.1500003795790015,0
2023-03-24T17:58:55Z,2023-03-24T17:59:00Z,0.000775270227727276,3.14818475375942,3.148960023987147,0
2023-03-24T17:58:55Z,2023-03-24T17:59:00Z,0.004368042638815073,3.144094773099648,3.148462815738463,0
2023-03-24T17:58:55Z,2023-03-24T17:59:00Z,0.007383775191458941,3.141437430306576,3.148821205498035,0
2023-03-24T17:58:55Z,2023-03-24T17:59:00Z,0.007089825677693895,3.1423586051427677,3.1494484308204616,0
2023-03-24T17:58:55Z,2023-03-24T17:59:00Z,0.009635460796326267,3.1402709631123824,3.1499064239087087,0
2023-03-24T17:58:55Z,2023-03-24T17:59:00Z,0.016068063032962154,3.134405524562436,3.150473587595398,0
2023-03-24T17:58:55Z,2023-03-24T17:59:00Z,0.023096065722478354,3.1277656646410446,3.150861730363523,0
2023-03-24T17:58:55Z,2023-03-24T17:59:00Z,0.0360781004357138,3.1147787776884295,3.1508568781241433,0
2023-03-24T17:58:55Z,2023-03-24T17:59:00Z,0.04169255046873266,3.10867108763811,3.1503636381068425,0
2023-03-24T17:58:55Z,2023-03-24T17:59:00Z,0.042805232092696155,3.1060907015217514,3.1488959336144475,0
2023-03-24T17:58:55Z,2023-03-24T17:59:00Z,0.04326815513303606,3.1031621238054155,3.1464302789384515,0
2023-03-24T17:58:55Z,2023-03-24T17:59:00Z,0.035650956935943334,3.107787027922279,3.143437984858222,0
2023-03-24T17:58:55Z,2023-03-24T17:59:00Z,0.035163931578034546,3.1050743986514293,3.140238330229464,0
2023-03-24T17:58:55Z,2023-03-24T17:59:00Z,0.04387207246806524,3.0933186919878044,3.1371907644558696,0
2023-03-24T17:58:55Z,2023-03-24T17:59:00Z,0.05506717648133863,3.078878143668503,3.1339453201498415,0
2023-03-24T17:58:55Z,2023-03-24T17:59:00Z,0.056384312110405066,3.073765621613047,3.130149933723452,0
2023-03-24T17:58:55Z,2023-03-24T17:59:00Z,0.05294221965887269,3.072857265079861,3.125799484738734,0
2023-03-24T17:58:55Z,2023-03-24T17:59:00Z,0.04287724968652151,3.078302031878799,3.1211792815653205,0
2023-03-24T17:58:55Z,2023-03-24T17:59:00Z,0.05423873536809465,3.062202500594412,3.1164412359625064,0
2023-03-24T17:58:55Z,2023-03-24T17:59:00Z,0.05677647029556132,3.0555126178199776,3.112289088115539,0
2023-03-24T17:58:55Z,2023-03-24T17:59:00Z,0.05362553596065034,3.0538867603123876,3.107512296273038,0
2023-03-24T17:58:55Z,2023-03-24T17:59:00Z,0.046091337645004504,3.0564997277791637,3.102591065424168,0
2023-03-24T17:58:55Z,2023-03-24T17:59:00Z,0.0455968677469607,3.052130271566419,3.09772713931338,0
2023-03-24T17:58:55Z,2023-03-24T17:59:00Z,0.03962527817706274,3.053331923505006,3.0929572016820686,0
2023-03-24T17:58:55Z,2023-03-24T17:59:00Z,0.031574924862463494,3.0564855717337176,3.088060496596181,0
2023-03-24T17:58:55Z,2023-03-24T17:59:00Z,0.02383542635943714,3.0597209812891095,3.0835564076485467,0
2023-03-24T17:58:55Z,2023-03-24T17:59:00Z,0.01174480292081892,3.0678515995662097,3.0795964024870286,0
2023-03-24T17:58:55Z,2023-03-24T17:59:00Z,0.009303660632292488,3.0672339753881066,3.076537636020399,0
2023-03-24T17:58:55Z,2023-03-24T17:59:00Z,0.0071306626647889,3.067139224018283,3.074269886683072,0
2023-03-24T17:58:55Z,2023-03-24T17:59:00Z,0.0015257109240658373,3.070585468751581,3.072111179675647,0
2023-03-24T17:58:55Z,2023-03-24T17:59:00Z,0.0004573752594030367,3.0696525322058474,3.0701099074652505,0
2023-03-24T17:58:55Z,2023-03-24T17:59:00Z,0.005455470542931717,3.0625876836350585,3.0680431541779902,0
2023-03-24T17:58:55Z,2023-03-24T17:59:00Z,0.010471345179692282,3.055603927529099,3.066075272708791,0
2023-03-24T17:58:55Z,2023-03-24T17:59:00Z,0.014247136989746778,3.050120857477225,3.0643679944669717,0
2023-03-24T17:58:55Z,2023-03-24T17:59:00Z,0.008498802664276717,3.0545761797949504,3.063074982459227,0
2023-03-24T17:58:55Z,2023-03-24T17:59:00Z,0.01814843264775945,3.0436129518039214,3.061761384451681,0
2023-03-24T17:58:55Z,2023-03-24T17:59:00Z,0.02458851453540367,3.036157254067116,3.0607457686025197,0
2023-03-24T17:58:55Z,2023-03-24T17:59:00Z,0.030289619194386663,3.0285289782928615,3.058818597487248,0
2023-03-24T17:58:55Z,2023-03-24T17:59:00Z,0.035660427995288124,3.021711211351555,3.0573716393468433,0
2023-03-24T17:58:55Z,2023-03-24T17:59:00Z,0.03478157530907877,3.021090972952925,3.0558725482620037,0
2023-03-24T17:58:55Z,2023-03-24T17:59:00Z,0.04545892960110631,3.0086260881630733,3.0540850177641796,0
2023-03-24T17:58:55Z,2023-03-24T17:59:00Z,0.05759864938075099,2.994519215337527,3.052117864718278,0
2023-03-24T17:58:55Z,2023-03-24T17:59:00Z,0.0681235162200653,2.9815774494202487,3.049700965640314,0
2023-03-24T17:58:55Z,2023-03-24T17:59:00Z,0.06933655650602244,2.9770970364583205,3.046433592964343,0
2023-03-24T17:58:55Z,2023-03-24T17:59:00Z,0.06597537906727613,2.976296651546318,3.042272030613594,0
2023-03-24T17:58:55Z,2023-03-24T17:59:00Z,0.05982936782403048,2.977852443632298,3.0376818114563284,0
2023-03-24T17:58:55Z,2023-03-24T17:59:00Z,0.054959949768112804,2.9776354756871104,3.032595425455223,0
2023-03-24T17:58:55Z,2023-03-24T17:59:00Z,0.0560024243070556,2.9716273604950674,3.027629784802123,0
2023-03-24T17:58:55Z,2023-03-24T17:59:00Z,0.045520354199426905,2.9771370001398525,3.0226573543392794,0
2023-03-24T17:58:55Z,2023-03-24T17:59:00Z,0.040361633749681936,2.9767980479086806,3.0171596816583626,0
2023-03-24T17:58:55Z,2023-03-24T17:59:00Z,0.031454506227897916,2.9805654236490207,3.0120199298769186,0
2023-03-24T17:58:55Z,2023-03-24T17:59:00Z,0.028336000593205846,2.978917838410025,3.007253839003231,0
2023-03-24T17:58:55Z,2023-03-24T17:59:00Z,0.022189705134373128,2.9808953280977417,3.003085033232115,0
2023-03-24T17:58:55Z,2023-03-24T17:59:00Z,0.015441707363789359,2.983687602586815,2.9991293099506042,0
2023-03-24T17:58:55Z,2023-03-24T17:59:00Z,0.003233151045002547,2.9918027782557566,2.995035929300759,0
2023-03-24T17:58:55Z,2023-03-24T17:59:00Z,0.0026399568645238958,2.9943467000976662,2.9917067432331423,0
2023-03-24T17:58:55Z,2023-03-24T17:59:00Z,0.00924645517879874,2.998489060866865,2.9892426056880663,0
2023-03-24T17:58:55Z,2023-03-24T17:59:00Z,0.012512705331833018,2.999856295564611,2.987343590232778,0
2023-03-24T17:58:55Z,2023-03-24T17:59:00Z,0.013817628274778393,2.9998710990361848,2.9860534707614064,0
2023-03-24T17:58:55Z,2023-03-24T17:59:00Z,0.014340041310947793,2.9992138077730037,2.984873766462056,0
2023-03-24T17:58:55Z,2023-03-24T17:59:00Z,0.015112650315618481,2.999500028492847,2.9843873781772285,0
2023-03-24T17:58:55Z,2023-03-24T17:59:00Z,0.010920556748343468,2.9955687456164313,2.984648188868088,0
2023-03-24T17:58:55Z,2023-03-24T17:59:00Z,0.013986730540868741,2.9996306182463237,2.985643887705455,0
2023-03-24T17:58:55Z,2023-03-24T17:59:00Z,0.012195957819047809,2.998866051588842,2.9866700937697943,0
2023-03-24T17:58:55Z,2023-03-24T17:59:00Z,0.0074758410044775125,2.9954422662576055,2.987966425253128,0
2023-03-24T17:58:55Z,2023-03-24T17:59:00Z,0.009045393706220484,2.9981792416236006,2.98913384791738,0
2023-03-24T17:58:55Z,2023-03-24T17:59:00Z,0.005712635457003845,2.9958357495171892,2.9901231140601854,0
2023-03-24T17:58:55Z,2023-03-24T17:59:00Z,0.005863247873776789,2.997461466441103,2.991598218567326,0
2023-03-24T17:58:55Z,2023-03-24T17:59:00Z,0.009083412963069026,3.0017204509402475,2.9926370379771785,0
2023-03-24T17:58:55Z,2023-03-24T17:59:00Z,0.006863307394737284,3.0006483130681616,2.9937850056734243,0
2023-03-24T17:58:55Z,2023-03-24T17:59:00Z,0.004431342951776163,2.999391627919157,2.9949602849673806,0
2023-03-24T17:58:55Z,2023-03-24T17:59:00Z,0.002090580346365556,2.998258113905865,2.9961675335594995,0
2023-03-24T17:58:55Z,2023-03-24T17:59:00Z,0.003993738286697024,2.9932013674851037,2.9971951057718007,0
2023-03-24T17:58:55Z,2023-03-24T17:59:00Z,0.004237628577891783,2.993766950044967,2.998004578622859,0
2023-03-24T17:58:55Z,2023-03-24T17:59:00Z,0.0040837440788878965,2.993998533945601,2.998082278024489,0
2023-03-24T17:58:55Z,2023-03-24T17:59:00Z,0.006705806520855617,2.9913442631673726,2.998050069688228,0
2023-03-24T17:58:55Z,2023-03-24T17:59:00Z,0.012585266317541421,2.985215329652839,2.9978005959703804,0
2023-03-24T17:58:55Z,2023-03-24T17:59:00Z,0.021740897416820726,2.9755868078648238,2.9973277052816445,0
2023-03-24T17:58:55Z,2023-03-24T17:59:00Z,0.016274458397030678,2.980239037474428,2.9965134958714588,0
2023-03-24T17:58:55Z,2023-03-24T17:59:00Z,0.01683080275543869,2.97837008201001,2.9952008847654485,0
2023-03-24T17:58:55Z,2023-03-24T17:59:00Z,0.023899473989299924,2.9702313557195703,2.9941308297088702,0
2023-03-24T17:58:55Z,2023-03-24T17:59:00Z,0.027836669779201628,2.9653386786182008,2.9931753483974024,0
2023-03-24T17:58:55Z,2023-03-24T17:59:00Z,0.029290681802819574,2.962251374231985,2.9915420560348047,0
2023-03-24T17:58:55Z,2023-03-24T17:59:00Z,0.03767166353548479,2.952007760667618,2.9896794242031026,0
2023-03-24T17:58:55Z,2023-03-24T17:59:00Z,0.045474910360062015,2.942360575397173,2.987835485757235,0
2023-03-24T17:58:55Z,2023-03-24T17:59:00Z,0.053885959187093935,2.931384444294809,2.985270403481903,0
2023-03-24T17:58:55Z,2023-03-24T17:59:00Z,0.055690100038602974,2.926609460436632,2.982299560475235,0
2023-03-24T17:58:55Z,2023-03-24T17:59:00Z,0.055301661575425154,2.9233269532250152,2.9786286148004404,0
2023-03-24T17:58:55Z,2023-03-24T17:59:00Z,0.05096207879432901,2.9234937032003545,2.9744557819946835,0
2023-03-24T17:58:55Z,2023-03-24T17:59:00Z,0.04657858693486849,2.9235815639574185,2.970160150892287,0
2023-03-24T17:58:55Z,2023-03-24T17:59:00Z,0.040847949737013334,2.925095649782007,2.9659435995190204,0
2023-03-24T17:58:55Z,2023-03-24T17:59:00Z,0.0352925633941048,2.9265023389055576,2.9617949022996624,0
2023-03-24T17:58:55Z,2023-03-24T17:59:00Z,0.03134076975328659,2.92667048156287,2.9580112513161567,0
2023-03-24T17:58:55Z,2023-03-24T17:59:00Z,0.026039539366177866,2.9282347891089007,2.9542743284750785,0
2023-03-24T17:58:55Z,2023-03-24T17:59:00Z,0.019636151830664694,2.930897729289818,2.950533881120483,1
2023-03-24T17:58:55Z,2023-03-24T17:59:00Z,0.012186915331201753,2.9348408838971434,2.947027799228345,1
2023-03-24T17:58:55Z,2023-03-24T17:59:00Z,0.003114776988656587,2.9408953777750764,2.944010154763733,1
2023-03-24T17:58:55Z,2023-03-24T17:59:00Z,0.007364057284532155,2.9491105496056162,2.941746492321084,1
2023-03-24T17:58:55Z,2023-03-24T17:59:00Z,0.013024691655582732,2.952585425104481,2.9395607334488982,1
2023-03-24T17:58:55Z,2023-03-24T17:59:00Z,0.01524965059343808,2.953184854464314,2.9379352038708757,1
2023-03-24T17:58:55Z,2023-03-24T17:59:00Z,0.01953537726697352,2.956490251659233,2.9369548743922596,1
2023-03-24T17:58:55Z,2023-03-24T17:59:00Z,0.032999188462078166,2.9692788504013437,2.9362796619392655,1
2023-03-24T17:58:55Z,2023-03-24T17:59:00Z,0.037662210796982176,2.973621810371095,2.935959599574113,1
2023-03-24T17:58:55Z,2023-03-24T17:59:00Z,0.039386979832853,2.9763060843921734,2.9369191045593204,1
2023-03-24T17:58:55Z,2023-03-24T17:59:00Z,0.03369720014825628,2.972353039983905,2.938655839835649,1
2023-03-24T17:58:55Z,2023-03-24T17:59:00Z,0.031957056343264956,2.97310854285099,2.941151486507725,1
2023-03-24T17:58:55Z,2023-03-24T17:59:00Z,0.02888947760413263,2.9725822740867063,2.9436927964825736,0
2023-03-24T17:58:55Z,2023-03-24T17:59:00Z,0.029918813426170754,2.976377253776854,2.9464584403506833,0
2023-03-24T17:58:55Z,2023-03-24T17:59:00Z,0.028261663846898877,2.9774472470246014,2.9491855831777025,0
2023-03-24T17:58:55Z,2023-03-24T17:59:00Z,0.02278957664153669,2.974908253698097,2.95211867705656,0
2023-03-24T17:58:55Z,2023-03-24T17:59:00Z,0.02192906101903036,2.9769561601446233,2.955027099125593,0
2023-03-24T17:58:55Z,2023-03-24T17:59:00Z,0.02073074767842842,2.978447064292496,2.9577163166140674,0
2023-03-24T17:58:55Z,2023-03-24T17:59:00Z,0.014777737552001735,2.975287702976167,2.960509965424165,0
2023-03-24T17:58:55Z,2023-03-24T17:59:00Z,0.019228509264094473,2.9825280455317924,2.963299536267698,0
2023-03-24T17:58:55Z,2023-03-24T17:59:00Z,0.014649314661969282,2.9804149605789094,2.96576564591694,0
2023-03-24T17:58:55Z,2023-03-24T17:59:00Z,0.010199044706999949,2.97861397738142,2.96841493267442,0
2023-03-24T17:58:55Z,2023-03-24T17:59:00Z,0.007960053053808203,2.9785705181062196,2.9706104650524114,0
2023-03-24T17:58:55Z,2023-03-24T17:59:00Z,0.006505376877574243,2.9787549212508635,2.9722495443732893,0
2023-03-24T17:58:55Z,2023-03-24T17:59:00Z,1.0249790463490172e-05,2.973703410441627,2.9736931606511634,0
2023-03-24T17:58:55Z,2023-03-24T17:59:00Z,0.00019519738202955494,2.974918522535053,2.9751137199170827,0
2023-03-24T17:58:55Z,2023-03-24T17:59:00Z,0.0013770800187438148,2.9774470865348484,2.9760700065161045,0
2023-03-24T17:58:55Z,2023-03-24T17:59:00Z,0.004832206331440325,2.981215527966085,2.9763833216346445,0
2023-03-24T17:58:55Z,2023-03-24T17:59:00Z,0.006541420978848134,2.983137257955923,2.976595836977075,0
2023-03-24T17:58:55Z,2023-03-24T17:59:00Z,0.005125943558246249,2.981994527400538,2.976868583842292,0
2023-03-24T17:58:55Z,2023-03-24T17:59:00Z,0.007577241920928124,2.985044948983888,2.97746770706296,0
2023-03-24T17:58:55Z,2023-03-24T17:59:00Z,0.0035771353121036853,2.981538508183372,2.977961372871268,0
2023-03-24T17:58:55Z,2023-03-24T17:59:00Z,0.0005068805085368666,2.979160624207426,2.978653743698889,0
2023-03-24T17:58:55Z,2023-03-24T17:59:00Z,0.0021643871273404613,2.9767760929274663,2.9789404800548067,0
2023-03-24T17:58:55Z,2023-03-24T17:59:00Z,0.0022508395870350917,2.9767848280890394,2.9790356676760745,0
2023-03-24T17:58:55Z,2023-03-24T17:59:00Z,0.0008440038467427691,2.978295432675408,2.979139436522151,0
2023-03-24T17:58:55Z,2023-03-24T17:59:00Z,0.0005129746359839871,2.9796428927106025,2.9791299180746185,0
2023-03-24T17:58:55Z,2023-03-24T17:59:00Z,0.0006254901574691552,2.9797469842533606,2.9791214940958914,0
2023-03-24T17:58:55Z,2023-03-24T17:59:00Z,0.006025702518833942,2.9853891515999718,2.979363449081138,0
2023-03-24T17:58:55Z,2023-03-24T17:59:00Z,0.007974022070643905,2.987182967747424,2.9792089456767803,0
2023-03-24T17:58:55Z,2023-03-24T17:59:00Z,0.012698865153905725,2.992184154776301,2.9794852896223953,0
2023-03-24T17:58:55Z,2023-03-24T17:59:00Z,0.014245417106447,2.994206761749176,2.979961344642729,0
2023-03-24T17:58:55Z,2023-03-24T17:59:00Z,0.014831318236453228,2.9955489760275196,2.9807176577910663,0
2023-03-24T17:58:55Z,2023-03-24T17:59:00Z,0.015694834743207764,2.997270928117514,2.981576093374306,0
2023-03-24T17:58:55Z,2023-03-24T17:59:00Z,0.016391121695616295,2.999180857602472,2.982789735906856,0
2023-03-24T17:58:55Z,2023-03-24T17:59:00Z,0.017787829077555717,3.0018193652945486,2.984031536216993,0
2023-03-24T17:58:55Z,2023-03-24T17:59:00Z,0.012918093120998009,2.99815706106397,2.985238967942972,0
2023-03-24T17:58:55Z,2023-03-24T17:59:00Z,0.010946028217531545,2.997329653789863,2.9863836255723313,0
2023-03-24T17:58:55Z,2023-03-24T17:59:00Z,0.0065725870638950745,2.9937906461422283,2.9872180590783333,0
2023-03-24T17:58:55Z,2023-03-24T17:59:00Z,0.003129993400039943,2.9912000039444466,2.9880700105444067,0
2023-03-24T17:58:55Z,2023-03-24T17:59:00Z,0.0024925691887558443,2.9860633134200034,2.9885558826087593,0
2023-03-24T17:58:55Z,2023-03-24T17:59:00Z,0.007912798158671741,2.997005430531935,2.9890926323732634,0
2023-03-24T17:58:55Z,2023-03-24T17:59:00Z,0.006637407956489039,2.9961135230637845,2.9894761151072955,0
2023-03-24T17:58:55Z,2023-03-24T17:59:00Z,0.002769120059241903,2.9933690872556746,2.9905999671964327,0
2023-03-24T17:58:55Z,2023-03-24T17:59:00Z,0.0100401408253874,3.0017139244093056,2.9916737835839182,0
2023-03-24T17:58:55Z,2023-03-24T17:59:00Z,0.012886559626225758,3.0053977684646034,2.9925112088383776,0
2023-03-24T17:58:55Z,2023-03-24T17:59:00Z,0.01057230027810574,3.0043096775441893,2.9937373772660836,0
2023-03-24T17:58:55Z,2023-03-24T17:59:00Z,0.0007539872757820199,2.995916408109157,2.995162420833375,0
2023-03-24T17:58:55Z,2023-03-24T17:59:00Z,0.0014374758254991349,2.99477608533811,2.996213561163609,0
2023-03-24T17:58:55Z,2023-03-24T17:59:00Z,0.0007824314030746571,2.997481183697891,2.9966987522948165,0
2023-03-24T17:58:55Z,2023-03-24T17:59:00Z,0.004124669757566313,2.992718078679573,2.9968427484371394,0
2023-03-24T17:58:55Z,2023-03-24T17:59:00Z,0.006687126399823384,2.9903375343678,2.9970246607676234,0
2023-03-24T17:58:55Z,2023-03-24T17:59:00Z,0.012213060458429847,2.984654328234307,2.996867388692737,0
2023-03-24T17:58:55Z,2023-03-24T17:59:00Z,0.01859886777036568,2.9778833323807206,2.9964822001510862,0
2023-03-24T17:58:55Z,2023-03-24T17:59:00Z,0.023363122392605185,2.9723120483491385,2.9956751707417437,0
2023-03-24T17:58:55Z,2023-03-24T17:59:00Z,0.0305353331692908,2.9638100579661293,2.99434539113542,0
2023-03-24T17:58:55Z,2023-03-24T17:59:00Z,0.03222003558337372,2.9606895215123332,2.992909557095707,0
2023-03-24T17:58:55Z,2023-03-24T17:59:00Z,0.048003144684931165,2.943044212642791,2.991047357327722,0
2023-03-24T17:58:55Z,2023-03-24T17:59:00Z,0.05171710485366754,2.937491301105727,2.9892084059593946,0
2023-03-24T17:58:55Z,2023-03-24T17:59:00Z,0.047152377144925595,2.9393807070754883,2.986533084220414,0
2023-03-24T17:58:55Z,2023-03-24T17:59:00Z,0.042258917132362406,2.941575721959481,2.9838346390918433,0
2023-03-24T17:58:55Z,2023-03-24T17:59:00Z,0.041538722226918345,2.939094543339566,2.9806332655664844,0
2023-03-24T17:58:55Z,2023-03-24T17:59:00Z,0.039526031031325015,2.9380773566960317,2.9776033877273567,0
2023-03-24T17:58:55Z,2023-03-24T17:59:00Z,0.0432791231022458,2.931309012185327,2.974588135287573,0
2023-03-24T17:58:55Z,2023-03-24T17:59:00Z,0.04348671289855588,2.9275660575160574,2.9710527704146132,0
2023-03-24T17:58:55Z,2023-03-24T17:59:00Z,0.03904797292736317,2.9278887554717348,2.966936728399098,0
2023-03-24T17:58:55Z,2023-03-24T17:59:00Z,0.041641990383793015,2.921031203569298,2.962673193953091,0
2023-03-24T17:58:55Z,2023-03-24T17:59:00Z,0.035855688374009986,2.9230381915436685,2.9588938799176785,0
2023-03-24T17:58:55Z,2023-03-24T17:59:00Z,0.02538162059248661,2.929415321449147,2.9547969420416336,0
2023-03-24T17:58:55Z,2023-03-24T17:59:00Z,0.03346913679737229,2.9171920834579153,2.9506612202552875,0
2023-03-24T17:58:55Z,2023-03-24T17:59:00Z,0.03188844215071285,2.91525595825844,2.9471444004091527,0
2023-03-24T17:58:55Z,2023-03-24T17:59:00Z,0.03275543476813514,2.910325329479357,2.943080764247492,0
2023-03-24T17:58:55Z,2023-03-24T17:59:00Z,0.026345825894386277,2.9128794733544465,2.939225299248833,0
2023-03-24T17:58:55Z,2023-03-24T17:59:00Z,0.019687142753062936,2.915784934112361,2.935472076865424,1
2023-03-24T17:58:55Z,2023-03-24T17:59:00Z,0.012252484957177678,2.9199177821863183,2.932170267143496,1
2023-03-24T17:58:55Z,2023-03-24T17:59:00Z,0.011863378568925498,2.9176388261382504,2.929502204707176,1
2023-03-24T17:58:55Z,2023-03-24T17:59:00Z,0.014007953726855149,2.9132291543510975,2.9272371080779527,1
2023-03-24T17:58:55Z,2023-03-24T17:59:00Z,0.012862415037868224,2.9129632826787213,2.9258256977165895,1
2023-03-24T17:58:55Z,2023-03-24T17:59:00Z,0.015811073106108964,2.908666727568557,2.924477800674666,1
2023-03-24T17:58:55Z,2023-03-24T17:59:00Z,0.011207066851174563,2.911803099134782,2.9230101659859566,1
2023-03-24T17:58:55Z,2023-03-24T17:59:00Z,0.006763498163247839,2.9144183903565466,2.9211818885197944,1
2023-03-24T17:58:55Z,2023-03-24T17:59:00Z,0.00262860104445517,2.922294298219539,2.9196656971750836,1
2023-03-24T17:58:55Z,2023-03-24T17:59:00Z,0.014032510682590704,2.9323838208388144,2.9183513101562237,1
2023-03-24T17:58:55Z,2023-03-24T17:59:00Z,0.013465516197675331,2.931316008911355,2.9178504927136797,1
2023-03-24T17:58:55Z,2023-03-24T17:59:00Z,0.01736037123627021,2.9354785174678817,2.9181181462316115,1
2023-03-24T17:58:55Z,2023-03-24T17:59:00Z,0.027165504084293524,2.945474053284772,2.9183085492004786,1
2023-03-24T17:58:55Z,2023-03-24T17:59:00Z,0.031094556953134234,2.950205734703534,2.9191111777503997,1
2023-03-24T17:58:55Z,2023-03-24T17:59:00Z,0.029763380142750595,2.9501209946565456,2.920357614513795,1
2023-03-24T17:58:55Z,2023-03-24T17:59:00Z,0.028506573679726976,2.950019211152098,2.921512637472371,1
2023-03-24T17:58:55Z,2023-03-24T17:59:00Z,0.03569916237401749,2.959041183801868,2.9233420214278505,1
2023-03-24T17:58:55Z,2023-03-24T17:59:00Z,0.033366663713803035,2.9586399769690797,2.9252733132552766,1
2023-03-24T17:58:55Z,2023-03-24T17:59:00Z,0.03322827536101913,2.961208024967546,2.9279797496065267,1
2023-03-24T17:58:55Z,2023-03-24T17:59:00Z,0.026744743724453013,2.957266743531793,2.93052199980734,1
2023-03-24T17:58:55Z,2023-03-24T17:59:00Z,0.021220821698388015,2.9542663265532387,2.9330455048548507,1
2023-03-24T17:58:55Z,2023-03-24T17:59:00Z,0.003694134153243045,2.9388145813050643,2.9351204471518213,1
2023-03-24T17:58:55Z,2023-03-24T17:59:00Z,0.004618982938577876,2.932536325347409,2.9371553082859867,1
2023-03-24T17:58:55Z,2023-03-24T17:59:00Z,0.008666223152633101,2.9299104977419077,2.938576720894541,1
2023-03-24T17:58:55Z,2023-03-24T17:59:00Z,0.014863390683641953,2.9248007214702705,2.9396641121539124,1
2023-03-24T17:58:55Z,2023-03-24T17:59:00Z,0.017218815165407353,2.9236255064425802,2.9408443216079876,1
2023-03-24T17:58:55Z,2023-03-24T17:59:00Z,0.03117889379763472,2.910387517940102,2.9415664117377367,1
2023-03-24T17:58:55Z,2023-03-24T17:59:00Z,0.04947014195936328,2.8926077762275977,2.942077918186961,1
2023-03-24T17:58:55Z,2023-03-24T17:59:00Z,0.07716519676628897,2.8642512336273698,2.9414164303936587,1
2023-03-24T17:58:55Z,2023-03-24T17:59:00Z,0.10072521798695178,2.8384814321505285,2.9392066501374803,1
2023-03-24T17:58:55Z,2023-03-24T17:59:00Z,0.123879908468707,2.811600920819663,2.93548082928837,1
2023-03-24T17:58:55Z,2023-03-24T17:59:00Z,0.15431667373168745,2.7757754285946072,2.9300921023262947,1
2023-03-24T17:58:55Z,2023-03-24T17:59:00Z,0.1843907399108229,2.73826396616741,2.922654706078233,1
2023-03-24T17:58:55Z,2023-03-24T17:59:00Z,0.21166057359917856,2.7013035599174473,2.912964133516626,1
2023-03-24T17:58:55Z,2023-03-24T17:59:00Z,0.2323335000597515,2.6688607985408117,2.901194298600563,1
2023-03-24T17:58:55Z,2023-03-24T17:59:00Z,0.24904798841119158,2.6383287740096684,2.88737676242086,1
2023-03-24T17:58:55Z,2023-03-24T17:59:00Z,0.27167326646335344,2.5995823634430035,2.871255629906357,1
2023-03-24T17:58:55Z,2023-03-24T17:59:00Z,0.28435682921804206,2.5691037338572364,2.8534605630752785,1
2023-03-24T17:58:55Z,2023-03-24T17:59:00Z,0.3437899364131738,2.489580312132963,2.833370248546137,1
2023-03-24T17:58:55Z,2023-03-24T17:59:00Z,0.3747485613587709,2.43705707553878,2.811805636897551,1
2023-03-24T17:58:55Z,2023-03-24T17:59:00Z,0.34945936139652334,2.4365303858110123,2.7859897472075357,1
2023-03-24T17:58:55Z,2023-03-24T17:59:00Z,0.32464447465429913,2.433469855566221,2.75811433022052,1
2023-03-24T17:58:55Z,2023-03-24T17:59:00Z,0.2971602996710896,2.4333981450196305,2.73055844469072,1
2023-03-24T17:58:55Z,2023-03-24T17:59:00Z,0.26677054905844777,2.436207859955845,2.702978409014293,1
2023-03-24T17:58:55Z,2023-03-24T17:59:00Z,0.24044901482731484,2.4352292510508313,2.675678265878146,1
2023-03-24T17:58:55Z,2023-03-24T17:59:00Z,0.21061941272407214,2.437980095015922,2.648599507739994,1
2023-03-24T17:58:55Z,2023-03-24T17:59:00Z,0.18467216181919532,2.4375296644269504,2.6222018262461457,1
2023-03-24T17:58:55Z,2023-03-24T17:59:00Z,0.159519388765887,2.43742534407961,2.596944732845497,1
2023-03-24T17:58:55Z,2023-03-24T17:59:00Z,0.13367159498416248,2.4395663840168678,2.5732379790010302,1
2023-03-24T17:58:55Z,2023-03-24T17:59:00Z,0.10941540790095372,2.4415416773183574,2.550957085219311,0
2023-03-24T17:58:55Z,2023-03-24T17:59:00Z,0.0872361370743242,2.4430523627670544,2.5302884998413786,0
2023-03-24T17:58:55Z,2023-03-24T17:59:00Z,0.05967158222521807,2.452048375878591,2.511719958103809,0
2023-03-24T17:58:55Z,2023-03-24T17:59:00Z,0.02361623860991946,2.4717030748605366,2.495319313470456,0
2023-03-24T17:58:55Z,2023-03-24T17:59:00Z,0.009267044344084319,2.4907388475901593,2.481471803246075,0
2023-03-24T17:58:55Z,2023-03-24T17:59:00Z,0.045950678686040636,2.5164692750609894,2.4705185963749487,0
2023-03-24T17:58:55Z,2023-03-24T17:59:00Z,0.07708507424120192,2.5394042302595112,2.4623191560183093,0
2023-03-24T17:58:55Z,2023-03-24T17:59:00Z,0.09913754963689847,2.5568393118562076,2.457701762219309,0
2023-03-24T17:58:55Z,2023-03-24T17:59:00Z,0.12676818084534203,2.582819970642555,2.456051789797213,0
2023-03-24T17:58:55Z,2023-03-24T17:59:00Z,0.15008436502018618,2.609872765913135,2.4597884008929487,0
2023-03-24T17:58:55Z,2023-03-24T17:59:00Z,0.16511842279028688,2.633004762300112,2.467886339509825,0
2023-03-24T17:58:55Z,2023-03-24T17:59:00Z,0.17613374288008155,2.653650214617802,2.4775164717377205,0
2023-03-24T17:58:55Z,2023-03-24T17:59:00Z,0.1845741958677869,2.673175940201835,2.4886017443340482,0
2023-03-24T17:58:55Z,2023-03-24T17:59:00Z,0.1983368339637659,2.699174804386601,2.500837970422835,0
2023-03-24T17:58:55Z,2023-03-24T17:59:00Z,0.2082996677501585,2.722302531519994,2.5140028637698353,0
2023-03-24T17:58:55Z,2023-03-24T17:59:00Z,0.2154076352892802,2.7440741409111027,2.5286665056218225,0
2023-03-24T17:58:55Z,2023-03-24T17:59:00Z,0.22281732446684677,2.7672795210055616,2.544462196538715,0
2023-03-24T17:58:55Z,2023-03-24T17:59:00Z,0.2275830766869067,2.7890755219191856,2.561492445232279,0
2023-03-24T17:58:55Z,2023-03-24T17:59:00Z,0.23868277122139014,2.8185004485051106,2.5798176772837205,0
2023-03-24T17:58:55Z,2023-03-24T17:59:00Z,0.2437655060846975,2.843000357696325,2.5992348516116275,0
2023-03-24T17:58:55Z,2023-03-24T17:59:00Z,0.2438310847928271,2.8640080903592744,2.6201770055664473,0
2023-03-24T17:58:55Z,2023-03-24T17:59:00Z,0.2444949826907017,2.8868913213087746,2.642396338618073,0
2023-03-24T17:58:55Z,2023-03-24T17:59:00Z,0.24113682494809296,2.906419814370649,2.665282989422556,0
2023-03-24T17:58:55Z,2023-03-24T17:59:00Z,0.22606712149141162,2.9144161246055362,2.6883490031141246,0
2023-03-24T17:58:55Z,2023-03-24T17:59:00Z,0.21217662238664392,2.923619012544129,2.711442390157485,0
2023-03-24T17:58:55Z,2023-03-24T17:59:00Z,0.2003231297200303,2.9338736781855457,2.7335505484655154,0
2023-03-24T17:58:55Z,2023-03-24T17:59:00Z,0.18363557956796894,2.938531393715963,2.7548958141479942,0
2023-03-24T17:58:55Z,2023-03-24T17:59:00Z,0.15664130247223262,2.93248347030519,2.7758421678329572,0
2023-03-24T17:58:55Z,2023-03-24T17:59:00Z,0.14111481334192666,2.9367187269011845,2.795603913559258,0
2023-03-24T17:58:55Z,2023-03-24T17:59:00Z,0.12480621207330378,2.938332942543231,2.813526730469927,0
2023-03-24T17:58:55Z,2023-03-24T17:59:00Z,0.11016593133338404,2.940565659836704,2.83039972850332,0
2023-03-24T17:58:55Z,2023-03-24T17:59:00Z,0.08540066023531256,2.931616095845601,2.8462154356102882,0
2023-03-24T17:58:55Z,2023-03-24T17:59:00Z,0.07650951714906773,2.937579937183515,2.8610704200344474,0
2023-03-24T17:58:55Z,2023-03-24T17:59:00Z,0.06481549920506957,2.9387993243205734,2.873983825115504,0
2023-03-24T17:58:55Z,2023-03-24T17:59:00Z,0.04891886999856432,2.9348625509842634,2.885943680985699,0
2023-03-24T17:58:55Z,2023-03-24T17:59:00Z,0.03325618531072516,2.930017932041395,2.89676174673067,0
2023-03-24T17:58:55Z,2023-03-24T17:59:00Z,0.011705392990664532,2.917777308053484,2.9060719150628196,0
2023-03-24T17:58:55Z,2023-03-24T17:59:00Z,0.0010676680262888816,2.912834380932209,2.913902048958498,0
2023-03-24T17:58:55Z,2023-03-24T17:59:00Z,0.011641742285595669,2.9077756877589227,2.9194174300445184,0
2023-03-24T17:58:55Z,2023-03-24T17:59:00Z,0.02610516296054488,2.8971919350415236,2.9232970980020685,0
2023-03-24T17:58:55Z,2023-03-24T17:59:00Z,0.03050363761308139,2.895224993577856,2.925728631190937,0
2023-03-24T17:58:55Z,2023-03-24T17:59:00Z,0.031200550753733403,2.89510033675569,2.926300887509423,0
2023-03-24T17:58:55Z,2023-03-24T17:59:00Z,0.033266670765330186,2.8924122822556044,2.9256789530209346,0
2023-03-24T17:58:55Z,2023-03-24T17:59:00Z,0.03651860932527251,2.8880872443706704,2.924605853695943,0
2023-03-24T17:58:55Z,2023-03-24T17:59:00Z,0.03571650417124861,2.8871556422864435,2.922872146457692,0
2023-03-24T17:58:55Z,2023-03-24T17:59:00Z,0.03730080244651468,2.8830276532436843,2.920328455690199,0
2023-03-24T17:58:55Z,2023-03-24T17:59:00Z,0.0425096853673641,2.874964561910084,2.917474247277448,0
2023-03-24T17:58:55Z,2023-03-24T17:59:00Z,0.046022605255390925,2.868704096629751,2.914726701885142,0
2023-03-24T17:58:55Z,2023-03-24T17:59:00Z,0.046825252957127805,2.864470661984064,2.9112959149411917,0
2023-03-24T17:58:55Z,2023-03-24T17:59:00Z,0.06889566705638739,2.838531978667389,2.9074276457237764,0
2023-03-24T17:58:55Z,2023-03-24T17:59:00Z,0.09154230655140605,2.8116578392916685,2.9032001458430745,0
2023-03-24T17:58:55Z,2023-03-24T17:59:00Z,0.08648742271548127,2.811541383284359,2.8980288059998403,0
2023-03-24T17:58:55Z,2023-03-24T17:59:00Z,0.07722682749135457,2.813806306403383,2.8910331338947377,0
2023-03-24T17:58:55Z,2023-03-24T17:59:00Z,0.07218213812691143,2.8117811101547034,2.883963248281615,0
2023-03-24T17:58:55Z,2023-03-24T17:59:00Z,0.06807259812631328,2.809165303234141,2.8772379013604543,0
2023-03-24T17:58:55Z,2023-03-24T17:59:00Z,0.06138997371945898,2.8092792153139574,2.8706691890334164,0
2023-03-24T17:58:55Z,2023-03-24T17:59:00Z,0.05599918101026269,2.8086360077554122,2.864635188765675,0
2023-03-24T17:58:55Z,2023-03-24T17:59:00Z,0.047541739500916336,2.811340384508189,2.858882124009105,0
2023-03-24T17:58:55Z,2023-03-24T17:59:00Z,0.04353277172524672,2.809841592283663,2.8533743640089098,0
2023-03-24T17:58:55Z,2023-03-24T17:59:00Z,0.03570483959314297,2.8128999938305825,2.8486048334237255,0
2023-03-24T17:58:55Z,2023-03-24T17:59:00Z,0.028896092369404602,2.814965218760199,2.8438613111296034,0
2023-03-24T17:58:55Z,2023-03-24T17:59:00Z,0.019418632631340138,2.8198759927802017,2.839294625411542,0
2023-03-24T17:58:55Z,2023-03-24T17:59:00Z,0.015070996741373133,2.819921014031535,2.834992010772908,0
2023-03-24T17:58:55Z,2023-03-24T17:59:00Z,0.01440925392222514,2.816793242873435,2.83120249679566,0
2023-03-24T17:58:55Z,2023-03-24T17:59:00Z,0.00877366088682141,2.8186935787835656,2.827467239670387,0
2023-03-24T17:58:55Z,2023-03-24T17:59:00Z,0.0064652484634746266,2.817322301741899,2.8237875502053735,0
2023-03-24T17:58:55Z,2023-03-24T17:59:00Z,0.007376801238224928,2.8132845832378974,2.8206613844761224,0
2023-03-24T17:58:55Z,2023-03-24T17:59:00Z,0.001156914923746033,2.81664992539194,2.817806840315686,0
2023-03-24T17:58:55Z,2023-03-24T17:59:00Z,0.0021167681780140946,2.817079937452246,2.814963169274232,0
2023-03-24T17:58:55Z,2023-03-24T17:59:00Z,0.00018269097826806302,2.8139301906260865,2.8137474996478185,0
2023-03-24T17:58:55Z,2023-03-24T17:59:00Z,0.004220843714996647,2.80982788360841,2.8140487273234065,0
2023-03-24T17:58:55Z,2023-03-24T17:59:00Z,0.0007206488614004414,2.813460789980991,2.8141814388423914,0
2023-03-24T17:58:55Z,2023-03-24T17:59:00Z,0.007571392220358408,2.82153180757414,2.8139604153537814,0
2023-03-24T17:58:55Z,2023-03-24T17:59:00Z,0.008059638262734037,2.82211336916242,2.814053730899686,0
2023-03-24T17:58:55Z,2023-03-24T17:59:00Z,0.010224196674029074,2.8249649555926046,2.8147407589185756,0
2023-03-24T17:58:55Z,2023-03-24T17:59:00Z,0.015736699766170315,2.831190467231882,2.8154537674657116,0
2023-03-24T17:58:55Z,2023-03-24T17:59:00Z,0.01913882189401095,2.835499753128456,2.816360931234445,0
2023-03-24T17:58:55Z,2023-03-24T17:59:00Z,0.01369445624141763,2.831158169849401,2.8174637136079834,0
2023-03-24T17:58:55Z,2023-03-24T17:59:00Z,0.022690123565811682,2.841579290554061,2.8188891669882494,0
2023-03-24T17:58:55Z,2023-03-24T17:59:00Z,0.033591842561603524,2.8534953526620095,2.819903510100406,0
2023-03-24T17:58:55Z,2023-03-24T17:59:00Z,0.03282243185781741,2.854204501502327,2.8213820696445095,0
2023-03-24T17:58:55Z,2023-03-24T17:59:00Z,0.039444663894067755,2.8626944757542327,2.823249811860165,0
2023-03-24T17:58:55Z,2023-03-24T17:59:00Z,0.033580359029372175,2.858734809082359,2.825154450052987,0
2023-03-24T17:58:55Z,2023-03-24T17:59:00Z,0.033212317738817276,2.860916836285182,2.8277045185463647,0
2023-03-24T17:58:55Z,2023-03-24T17:59:00Z,0.032071037592588336,2.8620000689333307,2.8299290313407424,0
2023-03-24T17:58:55Z,2023-03-24T17:59:00Z,0.02952779828614105,2.8618787482126216,2.8323509499264805,0
2023-03-24T17:58:55Z,2023-03-24T17:59:00Z,0.03180440216075331,2.8668617679592026,2.8350573657984492,0
2023-03-24T17:58:55Z,2023-03-24T17:59:00Z,0.029772196667305906,2.8673422748446815,2.8375700781773756,0
2023-03-24T17:58:55Z,2023-03-24T17:59:00Z,0.023753301412770433,2.8640890368405323,2.840335735427762,0
2023-03-24T17:58:55Z,2023-03-24T17:59:00Z,0.02226969819967195,2.8655727716395782,2.8433030734399063,0
2023-03-24T17:58:55Z,2023-03-24T17:59:00Z,0.02542961265254018,2.8717471946053417,2.8463175819528015,0
2023-03-24T17:58:55Z,2023-03-24T17:59:00Z,0.03147475382991782,2.8806874458748633,2.8492126920449454,0
2023-03-24T17:58:55Z,2023-03-24T17:59:00Z,0.03591369824462154,2.8879161340135227,2.852002435768901,0
2023-03-24T17:58:55Z,2023-03-24T17:59:00Z,0.03578952011443226,2.8910460712562474,2.855256551141815,0
2023-03-24T17:58:55Z,2023-03-24T17:59:00Z,0.037270406413559165,2.896024245245425,2.858753838831866,0
2023-03-24T17:58:55Z,2023-03-24T17:59:00Z,0.043607380087185454,2.905686530253738,2.8620791501665526,0
2023-03-24T17:58:55Z,2023-03-24T17:59:00Z,0.04760336420106004,2.9130449861518892,2.865441621950829,0
2023-03-24T17:58:55Z,2023-03-24T17:59:00Z,0.05936661773985641,2.9289487041575932,2.869582086417737,0
2023-03-24T17:58:55Z,2023-03-24T17:59:00Z,0.07098814789178576,2.944540550731624,2.873552402839838,0
2023-03-24T17:58:55Z,2023-03-24T17:59:00Z,0.07814281813142365,2.9558870738321272,2.8777442557007036,0
2023-03-24T17:58:55Z,2023-03-24T17:59:00Z,0.07623041605873038,2.9589933411610616,2.8827629251023312,0
2023-03-24T17:58:55Z,2023-03-24T17:59:00Z,0.07325291564696457,2.9611932073091793,2.8879402916622148,0
2023-03-24T17:58:55Z,2023-03-24T17:59:00Z,0.07340984969592546,2.9669200598069567,2.8935102101110313,0
2023-03-24T17:58:55Z,2023-03-24T17:59:00Z,0.07607763904613751,2.975158758658502,2.8990811196123647,0
2023-03-24T17:58:55Z,2023-03-24T17:59:00Z,0.07396824382361578,2.9788782518178483,2.9049100079942325,0
2023-03-24T17:58:55Z,2023-03-24T17:59:00Z,0.07129018775503582,2.9824935296629285,2.9112033419078926,0
2023-03-24T17:58:55Z,2023-03-24T17:59:00Z,0.07179442326030339,2.989220903160343,2.9174264799000396,0
2023-03-24T17:58:55Z,2023-03-24T17:59:00Z,0.07517622490165632,2.9989999967360434,2.923823771834387,0
2023-03-24T17:58:55Z,2023-03-24T17:59:00Z,0.08804541903380203,3.0188209612192893,2.9307755421854873,0
2023-03-24T17:58:55Z,2023-03-24T17:59:00Z,0.09411811662112113,3.032306282423079,2.9381881658019577,0
2023-03-24T17:58:55Z,2023-03-24T17:59:00Z,0.09978788216396683,3.0461468127778106,2.946358930613844,0
2023-03-24T17:58:55Z,2023-03-24T17:59:00Z,0.09898478911231123,3.053766988423278,2.9547821993109666,0
2023-03-24T17:58:55Z,2023-03-24T17:59:00Z,0.09400236048895705,3.0575751530646063,2.963572792575649,0
2023-03-24T17:58:55Z,2023-03-24T17:59:00Z,0.09274659840344679,3.06535944193282,2.9726128435293733,0
2023-03-24T17:58:55Z,2023-03-24T17:59:00Z,0.09346846544427745,3.075056359408049,2.9815878939637717,0
2023-03-24T17:58:55Z,2023-03-24T17:59:00Z,0.0937902456267743,3.0842488569060507,2.9904586112792764,0
2023-03-24T17:58:55Z,2023-03-24T17:59:00Z,0.09654039933824388,3.095999642465085,2.999459243126841,0
2023-03-24T17:58:55Z,2023-03-24T17:59:00Z,0.09519330052174224,3.103280329912387,3.0080870293906448,0
2023-03-24T17:58:55Z,2023-03-24T17:59:00Z,0.0947745945138343,3.1112760178896712,3.016501423375837,0
2023-03-24T17:58:55Z,2023-03-24T17:59:00Z,0.08905319401873113,3.113743131621249,3.024689937602518,0
2023-03-24T17:58:55Z,2023-03-24T17:59:00Z,0.10385505048337906,3.1370051367930416,3.0331500863096625,0
2023-03-24T17:58:55Z,2023-03-24T17:59:00Z,0.1173320802372615,3.1589571623420394,3.041625082104778,0
2023-03-24T17:58:55Z,2023-03-24T17:59:00Z,0.11743538949306442,3.1685096425415136,3.051074253048449,0
2023-03-24T17:58:55Z,2023-03-24T17:59:00Z,0.11656152803363184,3.177846803508944,3.061285275475312,0
2023-03-24T17:58:55Z,2023-03-24T17:59:00Z,0.10674184110306983,3.178562193840808,3.0718203527377383,0
2023-03-24T17:58:55Z,2023-03-24T17:59:00Z,0.10698179778657524,3.189655110182425,3.08267331239585,0
2023-03-24T17:58:55Z,2023-03-24T17:59:00Z,0.10743552229601283,3.200627795285222,3.093192272989209,0
2023-03-24T17:58:55Z,2023-03-24T17:59:00Z,0.09628881256802613,3.200073036304256,3.10378422373623,0
2023-03-24T17:58:55Z,2023-03-24T17:59:00Z,0.08741974819577214,3.2013043516023325,3.1138846034065604,0
2023-03-24T17:58:55Z,2023-03-24T17:59:00Z,0.08060536974550603,3.2038103483676865,3.1232049786221805,0
2023-03-24T17:58:55Z,2023-03-24T17:59:00Z,0.0765007469520178,3.2083255888422273,3.1318248418902095,0
2023-03-24T17:58:55Z,2023-03-24T17:59:00Z,0.06383420542883167,3.2039947895381755,3.140160584109344,0
2023-03-24T17:58:55Z,2023-03-24T17:59:00Z,0.05368168054558886,3.2022172888648006,3.1485356083192118,0
2023-03-24T17:58:55Z,2023-03-24T17:59:00Z,0.04254931190932387,3.198786883984389,3.156237572075065,0
2023-03-24T17:58:55Z,2023-03-24T17:59:00Z,0.031091893933560044,3.1943939620895554,3.1633020681559954,0
2023-03-24T17:58:55Z,2023-03-24T17:59:00Z,0.02579586349503149,3.1954611553776013,3.16966529188257,0
2023-03-24T17:58:55Z,2023-03-24T17:59:00Z,0.023572511857639533,3.1987041548304576,3.175131642972818,0
2023-03-24T17:58:55Z,2023-03-24T17:59:00Z,0.01927133883773635,3.199524138780844,3.1802527999431076,0
2023-03-24T17:58:55Z,2023-03-24T17:59:00Z,0.012876456474469222,3.1979863751365096,3.1851099186620404,0
2023-03-24T17:58:55Z,2023-03-24T17:59:00Z,0.008638059931900699,3.1985135901028077,3.189875530170907,0
2023-03-24T17:58:55Z,2023-03-24T17:59:00Z,0.004899835200549152,3.1981632119460928,3.1932633767455436,0
2023-03-24T17:58:55Z,2023-03-24T17:59:00Z,0.00028539129011173614,3.195746347355698,3.1954609560655864,0
2023-03-24T17:58:55Z,2023-03-24T17:59:00Z,0.001997556149614166,3.1951108204384493,3.1971083765880635,0
2023-03-24T17:58:55Z,2023-03-24T17:59:00Z,0.005635659412255745,3.1924671362784047,3.1981027956906605,0
2023-03-24T17:58:55Z,2023-03-24T17:59:00Z,0.003070904126090568,3.1959512597088837,3.1990221638349743,0
2023-03-24T17:58:55Z,2023-03-24T17:59:00Z,0.005601989482548753,3.1935763980244243,3.199178387506973,0
2023-03-24T17:58:55Z,2023-03-24T17:59:00Z,0.005418214499586238,3.1935003654753675,3.1989185799749538,0
2023-03-24T17:58:55Z,2023-03-24T17:59:00Z,0.0025735009946807885,3.1959841546313936,3.1985576556260744,0
2023-03-24T17:58:55Z,2023-03-24T17:59:00Z,0.005043496427052041,3.193080604414191,3.198124100841243,0
2023-03-24T17:58:55Z,2023-03-24T17:59:00Z,0.0040491013464118986,3.1936402109539266,3.1976893123003385,0
2023-03-24T17:58:55Z,2023-03-24T17:59:00Z,0.006107129540217304,3.2029494982612197,3.1968423687210024,0
2023-03-24T17:58:55Z,2023-03-24T17:59:00Z,0.0009522319085419895,3.197219346263753,3.196267114355211,0
2023-03-24T17:58:55Z,2023-03-24T17:59:00Z,0.00229563447165404,3.194012158183358,3.196307792655012,0
2023-03-24T17:58:55Z,2023-03-24T17:59:00Z,0.0053743510433412744,3.1908463561827465,3.1962207072260878,0
2023-03-24T17:58:55Z,2023-03-24T17:59:00Z,0.012871654233579832,3.1833278416643855,3.1961994958979654,0
2023-03-24T17:58:55Z,2023-03-24T17:59:00Z,0.012166260211714075,3.1837768579532035,3.1959431181649176,0
2023-03-24T17:58:55Z,2023-03-24T17:59:00Z,0.021453222400070526,3.1736356561445103,3.195088878544581,0
2023-03-24T17:58:55Z,2023-03-24T17:59:00Z,0.025927931450999697,3.1682860981587124,3.194214029609712,0
2023-03-24T17:58:55Z,2023-03-24T17:59:00Z,0.031219219725253655,3.161641992162681,3.1928612118879345,0
2023-03-24T17:58:55Z,2023-03-24T17:59:00Z,0.032306773720678805,3.15887513305925,3.1911819067799287,0
2023-03-24T17:58:55Z,2023-03-24T17:59:00Z,0.033916959336390384,3.1552359907889045,3.189152950125295,0
2023-03-24T17:58:55Z,2023-03-24T17:59:00Z,0.03649286808735486,3.150611681243693,3.187104549331048,0
2023-03-24T17:58:55Z,2023-03-24T17:59:00Z,0.036851927898178705,3.148037353119005,3.184889281017184,0
2023-03-24T17:58:55Z,2023-03-24T17:59:00Z,0.04047048124484265,3.1420934967148577,3.1825639779597004,0
2023-03-24T17:58:55Z,2023-03-24T17:59:00Z,0.03710640151246469,3.1427956927477982,3.179902094260263,0
2023-03-24T17:58:55Z,2023-03-24T17:59:00Z,0.034079461362248153,3.1429624717141493,3.1770419330763975,0
2023-03-24T17:58:55Z,2023-03-24T17:59:00Z,0.02925515610485574,3.144969850708899,3.1742250068137547,0
2023-03-24T17:58:55Z,2023-03-24T17:59:00Z,0.015620301560396399,3.155659056202401,3.1712793577627973,0
2023-03-24T17:58:55Z,2023-03-24T17:59:00Z,0.01230490433844933,3.1563016337740537,3.168606538112503,0
2023-03-24T17:58:55Z,2023-03-24T17:59:00Z,0.010681958597535957,3.155814515362105,3.166496473959641,0
2023-03-24T17:58:55Z,2023-03-24T17:59:00Z,0.006825102920205328,3.1570798230123707,3.163904925932576,0
2023-03-24T17:58:55Z,2023-03-24T17:59:00Z,0.00374985862581223,3.165354516174963,3.1616046575491508,0
2023-03-24T17:58:55Z,2023-03-24T17:59:00Z,0.009154396087175165,3.1687072572379376,3.1595528611507624,0
2023-03-24T17:58:55Z,2023-03-24T17:59:00Z,0.009763618448961786,3.167900266265959,3.158136647816997,0
2023-03-24T17:58:55Z,2023-03-24T17:59:00Z,0.006527934483512521,3.1638523276101513,3.157324393126639,0
2023-03-24T17:58:55Z,2023-03-24T17:59:00Z,0.004472843860037656,3.160915204115163,3.1564423602551255,0
2023-03-24T17:58:55Z,2023-03-24T17:59:00Z,0.0013224144534849103,3.157221256456701,3.155898842003216,0
2023-03-24T17:58:55Z,2023-03-24T17:59:00Z,0.004263920103234842,3.159753267992921,3.155489347889686,0
2023-03-24T17:58:55Z,2023-03-24T17:59:00Z,0.0030324019002696545,3.1582761533618453,3.1552437514615757,0
2023-03-24T17:58:55Z,2023-03-24T17:59:00Z,0.0027654758898529863,3.152527060845815,3.155292536735668,0
2023-03-24T17:58:55Z,2023-03-24T17:59:00Z,0.009510483068512876,3.1459509515878743,3.155461434656387,0
2023-03-24T17:58:55Z,2023-03-24T17:59:00Z,0.011431277902143933,3.1441365667321386,3.1555678446342825,0
2023-03-24T17:58:55Z,2023-03-24T17:59:00Z,0.015829553228511095,3.139622380209598,3.1554519334381093,0
2023-03-24T17:58:55Z,2023-03-24T17:59:00Z,0.014781546763594555,3.140783890564363,3.1555654373279576,0
2023-03-24T17:58:55Z,2023-03-24T17:59:00Z,0.006891958437167833,3.1484971837497793,3.155389142186947,0
2023-03-24T17:58:55Z,2023-03-24T17:59:00Z,0.016660755334509503,3.138607354566338,3.1552681099008475,0
2023-03-24T17:58:55Z,2023-03-24T17:59:00Z,0.02618273650407854,3.1292813363434853,3.155464072847564,0
2023-03-24T17:58:55Z,2023-03-24T17:59:00Z,0.013028737794586576,3.141488018295418,3.1545167560900045,0
2023-03-24T17:58:55Z,2023-03-24T17:59:00Z,0.011100111222282827,3.1419155172326896,3.1530156284549724,0
2023-03-24T17:58:55Z,2023-03-24T17:59:00Z,0.007073217863253323,3.145146494088014,3.1522197119512674,0
2023-03-24T17:58:55Z,2023-03-24T17:59:00Z,0.011720961468602464,3.139656289050461,3.1513772505190634,0
2023-03-24T17:58:55Z,2023-03-24T17:59:00Z,0.004162788374526993,3.1460917942508173,3.1502545826253443,0
2023-03-24T17:58:55Z,2023-03-24T17:59:00Z,0.006232254243814683,3.1424083857044476,3.1486406399482623,0
2023-03-24T17:58:55Z,2023-03-24T17:59:00Z,0.0021981456437552005,3.145230912525888,3.147429058169643,0
2023-03-24T17:58:55Z,2023-03-24T17:59:00Z,0.003920371611277229,3.150158099675048,3.1462377280637708,0
2023-03-24T17:58:55Z,2023-03-24T17:59:00Z,0.00249566236275367,3.147862040893787,3.1453663785310333,0
2023-03-24T17:58:55Z,2023-03-24T17:59:00Z,0.004226785763433938,3.149200766695486,3.1449739809320523,0
2023-03-24T17:58:55Z,2023-03-24T17:59:00Z,0.00686685796840969,3.151180215172732,3.1443133572043225,0
2023-03-24T17:58:55Z,2023-03-24T17:59:00Z,0.004538798332782257,3.1483479673889736,3.1438091690561913,0
2023-03-24T17:58:55Z,2023-03-24T17:59:00Z,0.004707412065514394,3.1484417563620903,3.143734344296576,0
2023-03-24T17:58:55Z,2023-03-24T17:59:00Z,0.0011277635065640723,3.1427397483345176,3.1438675118410817,0
2023-03-24T17:58:55Z,2023-03-24T17:59:00Z,0.003628738872451631,3.1404779501702937,3.1441066890427454,0
2023-03-24T17:58:55Z,2023-03-24T17:59:00Z,0.0056998371367456,3.149979713297542,3.1442798761607964,0
2023-03-24T17:58:55Z,2023-03-24T17:59:00Z,0.018224360835629838,3.162487240307867,3.144262879472237,0
2023-03-24T17:58:55Z,2023-03-24T17:59:00Z,0.020537571547198485,3.1648828137720892,3.1443452422248908,0
2023-03-24T17:58:55Z,2023-03-24T17:59:00Z,0.022429822408511768,3.168101724952376,3.145671902543864,0
2023-03-24T17:58:55Z,2023-03-24T17:59:00Z,0.023648351727519223,3.171298114128528,3.147649762401009,0
2023-03-24T17:58:55Z,2023-03-24T17:59:00Z,0.02215188240366439,3.1712801840633933,3.149128301659729,0
2023-03-24T17:58:55Z,2023-03-24T17:59:00Z,0.025947669892718572,3.176708338046661,3.1507606681539424,0
2023-03-24T17:58:55Z,2023-03-24T17:59:00Z,0.02760373178095543,3.179816271600196,3.1522125398192404,0
2023-03-24T17:58:55Z,2023-03-24T17:59:00Z,0.019800030712186167,3.1740710176978824,3.154270986985696,0
2023-03-24T17:58:55Z,2023-03-24T17:59:00Z,0.0339350355324437,3.1900796045931057,3.156144569060662,0
2023-03-24T17:58:55Z,2023-03-24T17:59:00Z,0.03440253661904569,3.1923061407904543,3.1579036041714086,0
2023-03-24T17:58:55Z,2023-03-24T17:59:00Z,0.030302400139602614,3.190697598314746,3.1603951981751432,0
2023-03-24T17:58:55Z,2023-03-24T17:59:00Z,0.031839520078114525,3.1945762760930028,3.1627367560148882,0
2023-03-24T17:58:55Z,2023-03-24T17:59:00Z,0.033844329495674064,3.1989608387006148,3.1651165092049407,0
2023-03-24T17:58:55Z,2023-03-24T17:59:00Z,0.0394819374815123,3.2071193083196485,3.1676373708381362,0
2023-03-24T17:58:55Z,2023-03-24T17:59:00Z,0.035555615338163093,3.205847465261182,3.170291849923019,0
2023-03-24T17:58:55Z,2023-03-24T17:59:00Z,0.04041575374347017,3.213972678162637,3.173556924419167,0
2023-03-24T17:58:55Z,2023-03-24T17:59:00Z,0.04046137533661476,3.2172075058057317,3.176746130469117,0
2023-03-24T17:58:55Z,2023-03-24T17:59:00Z,0.055708861433676926,3.2364123768932442,3.1807035154595673,0
2023-03-24T17:58:55Z,2023-03-24T17:59:00Z,0.06216267810735854,3.247128946657784,3.1849662685504256,0
2023-03-24T17:58:55Z,2023-03-24T17:59:00Z,0.05991757737865022,3.249685660573281,3.1897680831946307,0
2023-03-24T17:58:55Z,2023-03-24T17:59:00Z,0.05979226532793813,3.254262665542009,3.1944704002140707,0
2023-03-24T17:58:55Z,2023-03-24T17:59:00Z,0.05384956349854386,3.253031232979347,3.199181669480803,0
2023-03-24T17:58:55Z,2023-03-24T17:59:00Z,0.04822922458871792,3.252197612991168,3.20396838840245,0
2023-03-24T17:58:55Z,2023-03-24T17:59:00Z,0.037667346176426975,3.246176463403922,3.208509117227495,0
2023-03-24T17:58:55Z,2023-03-24T17:59:00Z,0.02545902658167387,3.238463556527379,3.2130045299457053,0
2023-03-24T17:58:55Z,2023-03-24T17:59:00Z,0.024444959107597253,3.241308829350928,3.2168638702433308,0
2023-03-24T17:58:55Z,2023-03-24T17:59:00Z,0.021861142096278652,3.241983194835564,3.2201220527392853,0
2023-03-24T17:58:55Z,2023-03-24T17:59:00Z,0.018954478671095565,3.242811965391106,3.2238574867200103,0
2023-03-24T17:58:55Z,2023-03-24T17:59:00Z,0.0099916370284312,3.236732656539689,3.2267410195112576,0
2023-03-24T17:58:55Z,2023-03-24T17:59:00Z,0.005977423884865551,3.2355243225406043,3.2295468986557387,0
2023-03-24T17:58:55Z,2023-03-24T17:59:00Z,0.0037101845972844494,3.235814586487742,3.2321044018904574,0
2023-03-24T17:58:55Z,2023-03-24T17:59:00Z,0.002435075358097283,3.236814368717866,3.2343792933597686,0
2023-03-24T17:58:55Z,2023-03-24T17:59:00Z,0.0010819639175307927,3.237508687709918,3.236426723792387,0
2023-03-24T17:58:55Z,2023-03-24T17:59:00Z,0.0024150986108724126,3.240491547980938,3.2380764493700656,0
2023-03-24T17:58:55Z,2023-03-24T17:59:00Z,0.0014368720446564787,3.24127227821743,3.2398354061727734,0
2023-03-24T17:58:55Z,2023-03-24T17:59:00Z,0.0048121299587271515,3.2461208066769616,3.2413086767182344,0
2023-03-24T17:58:55Z,2023-03-24T17:59:00Z,0.008156235915873555,3.2508018444347577,3.242645608518884,0
2023-03-24T17:58:55Z,2023-03-24T17:59:00Z,0.00847355725436838,3.251658522983459,3.2431849657290908,0
2023-03-24T17:58:55Z,2023-03-24T17:59:00Z,0.009937731711741726,3.2533267473173315,3.24338901560559,0
2023-03-24T17:58:55Z,2023-03-24T17:59:00Z,0.013836468565702198,3.257335087638524,3.2434986190728217,0
2023-03-24T17:58:55Z,2023-03-24T17:59:00Z,0.013833033876386569,3.2572796574922815,3.243446623615895,0
2023-03-24T17:58:55Z,2023-03-24T17:59:00Z,0.01448342108200995,3.2581691477345256,3.2436857266525156,0
2023-03-24T17:58:55Z,2023-03-24T17:59:00Z,0.020624506716668378,3.264592569174802,3.2439680624581335,0
2023-03-24T17:58:55Z,2023-03-24T17:59:00Z,0.023951859454919067,3.2685861821536415,3.2446343226987224,0
2023-03-24T17:58:55Z,2023-03-24T17:59:00Z,0.016022805035335708,3.262108739547804,3.246085934512468,0
2023-03-24T17:58:55Z,2023-03-24T17:59:00Z,0.014410500990939212,3.262011843992447,3.2476013430015076,0
2023-03-24T17:58:55Z,2023-03-24T17:59:00Z,0.01238347354122915,3.2611029023600833,3.248719428818854,0
2023-03-24T17:58:55Z,2023-03-24T17:59:00Z,0.016456656798367053,3.266242745539518,3.249786088741151,0
2023-03-24T17:58:55Z,2023-03-24T17:59:00Z,0.021026594770254814,3.2721665860569837,3.251139991286729,0
2023-03-24T17:58:55Z,2023-03-24T17:59:00Z,0.021570853479776275,3.274417423822,3.2528465703422236,0
2023-03-24T17:58:55Z,2023-03-24T17:59:00Z,0.023042940582304272,3.2779090664561523,3.254866125873848,0
2023-03-24T17:58:55Z,2023-03-24T17:59:00Z,0.02671858341962796,3.2836737679103725,3.2569551844907445,0
2023-03-24T17:58:55Z,2023-03-24T17:59:00Z,0.028905833068169517,3.2881054830448164,3.259199649976647,0
2023-03-24T17:58:55Z,2023-03-24T17:59:00Z,0.028733648828381142,3.2903323110233296,3.2615986621949484,0
2023-03-24T17:58:55Z,2023-03-24T17:59:00Z,0.030782510116581285,3.2949830170241623,3.264200506907581,0
2023-03-24T17:58:55Z,2023-03-24T17:59:00Z,0.03567046326101719,3.302327164854508,3.2666567015934906,0
2023-03-24T17:58:55Z,2023-03-24T17:59:00Z,0.034841855969832025,3.303953067151623,3.269111211181791,0
2023-03-24T17:58:55Z,2023-03-24T17:59:00Z,0.043822318851829856,3.3157484545820126,3.2719261357301828,0
2023-03-24T17:58:55Z,2023-03-24T17:59:00Z,0.046339420218226124,3.321078129272536,3.27473870905431,0
2023-03-24T17:58:55Z,2023-03-24T17:59:00Z,0.04310592702406746,3.3210898231307935,3.277983896106726,0
2023-03-24T17:58:55Z,2023-03-24T17:59:00Z,0.03460175039423863,3.3161300060443115,3.281528255650073,0
2023-03-24T17:58:55Z,2023-03-24T17:59:00Z,0.0286732693318279,3.3136971180594714,3.2850238487276435,0
2023-03-24T17:58:55Z,2023-03-24T17:59:00Z,0.03916900081451624,3.3270560404793548,3.2878870396648385,0
2023-03-24T17:58:55Z,2023-03-24T17:59:00Z,0.03649963395396805,3.326892836724686,3.290393202770718,0
2023-03-24T17:58:55Z,2023-03-24T17:59:00Z,0.03557661954566216,3.329578005701466,3.294001386155804,0
2023-03-24T17:58:55Z,2023-03-24T17:59:00Z,0.03884265092458117,3.336448536676621,3.2976058857520396,0
2023-03-24T17:58:55Z,2023-03-24T17:59:00Z,0.03973098940144304,3.341141047561337,3.301410058159894,0
2023-03-24T17:58:55Z,2023-03-24T17:59:00Z,0.04169485921161531,3.3470052391013487,3.3053103798897334,0
2023-03-24T17:58:55Z,2023-03-24T17:59:00Z,0.031705370578897885,3.3408476649966508,3.309142294417753,0
2023-03-24T17:58:55Z,2023-03-24T17:59:00Z,0.024327698875852732,3.337502649698014,3.313174950822161,0
2023-03-24T17:58:55Z,2023-03-24T17:59:00Z,0.02461210025335525,3.341283639883322,3.316671539629967,0
2023-03-24T17:58:55Z,2023-03-24T17:59:00Z,0.02724081708627457,3.3469028501488887,3.319662033062614,0
2023-03-24T17:58:55Z,2023-03-24T17:59:00Z,0.026154692307287508,3.3487710674164846,3.322616375109197,0
2023-03-24T17:58:55Z,2023-03-24T17:59:00Z,0.021361007094290674,3.3471201899326855,3.325759182838395,0
2023-03-24T17:58:55Z,2023-03-24T17:59:00Z,0.022776477568324793,3.3515238854285148,3.32874740786019,0
2023-03-24T17:58:55Z,2023-03-24T17:59:00Z,0.017195442994198284,3.3484313522476215,3.331235909253423,0
2023-03-24T17:58:55Z,2023-03-24T17:59:00Z,0.01379279808686773,3.3476715305778955,3.3338787324910277,0
2023-03-24T17:58:55Z,2023-03-24T17:59:00Z,0.0007060763712498641,3.336400525399256,3.335694449028006,0
2023-03-24T17:58:55Z,2023-03-24T17:59:00Z,0.006665485521552661,3.330506374690085,3.3371718602116376,0
2023-03-24T17:58:55Z,2023-03-24T17:59:00Z,0.007543610464877837,3.3304788443172297,3.3380224547821076,0
2023-03-24T17:58:55Z,2023-03-24T17:59:00Z,0.009504702365060957,3.3293164395640336,3.3388211419290945,0
2023-03-24T17:58:55Z,2023-03-24T17:59:00Z,0.008023616802087297,3.3317298432524387,3.339753460054526,0
2023-03-24T17:58:55Z,2023-03-24T17:59:00Z,0.008770117050651116,3.331108920730801,3.339879037781452,0
2023-03-24T17:58:55Z,2023-03-24T17:59:00Z,0.003998309895062224,3.336149450471265,3.340147760366327,0
2023-03-24T17:58:55Z,2023-03-24T17:59:00Z,0.0032966559109341986,3.3369361552903563,3.3402328112012905,0
2023-03-24T17:58:55Z,2023-03-24T17:59:00Z,0.004687570017373854,3.335528625283619,3.340216195300993,0
2023-03-24T17:58:55Z,2023-03-24T17:59:00Z,0.001494061695273885,3.3384885284795534,3.3399825901748272,0
2023-03-24T17:58:55Z,2023-03-24T17:59:00Z,0.0019910516974142034,3.3373539488208728,3.339345000518287,0
2023-03-24T17:58:55Z,2023-03-24T17:59:00Z,0.004171159069590313,3.335042778308858,3.339213937378448,0
2023-03-24T17:58:55Z,2023-03-24T17:59:00Z,0.007078356352149484,3.332127319866457,3.3392056762186066,0
2023-03-24T17:58:55Z,2023-03-24T17:59:00Z,0.0037439378407326807,3.33511502384596,3.3388589616866926,0
2023-03-24T17:58:55Z,2023-03-24T17:59:00Z,0.0012882166036853882,3.3393263154969093,3.338038098893224,0
2023-03-24T17:58:55Z,2023-03-24T17:59:00Z,0.0014459868155163313,3.3387254166214886,3.3372794298059723,0
2023-03-24T17:58:55Z,2023-03-24T17:59:00Z,0.0001491047188886263,3.336697332062874,3.3368464367817627,0
2023-03-24T17:58:55Z,2023-03-24T17:59:00Z,0.0012329320671247146,3.334902478669803,3.3361354107369277,0
2023-03-24T17:58:55Z,2023-03-24T17:59:00Z,0.0029721614523205986,3.332511359274343,3.3354835207266635,0
2023-03-24T17:58:55Z,2023-03-24T17:59:00Z,0.0038843405515636142,3.3308897884024287,3.3347741289539923,0
2023-03-24T17:58:55Z,2023-03-24T17:59:00Z,0.00507386143551436,3.3294842027337603,3.3345580641692747,0
2023-03-24T17:58:55Z,2023-03-24T17:59:00Z,0.008241980157998263,3.3263373847730735,3.3345793649310718,0
2023-03-24T17:58:55Z,2023-03-24T17:59:00Z,0.010478264851220054,3.3240458422141033,3.3345241070653233,0
2023-03-24T17:58:55Z,2023-03-24T17:59:00Z,0.009695765665288736,3.3246628383560926,3.3343586040213813,0
2023-03-24T17:58:55Z,2023-03-24T17:59:00Z,0.010776432592994212,3.323155282481813,3.333931715074807,0
2023-03-24T17:58:55Z,2023-03-24T17:59:00Z,0.008417515434564038,3.325156083952759,3.3335735993873232,0
2023-03-24T17:58:55Z,2023-03-24T17:59:00Z,0.007304788938922169,3.325546912226765,3.332851701165687,0
2023-03-24T17:58:55Z,2023-03-24T17:59:00Z,0.0068999817408652575,3.3252972710171775,3.332197252758043,0
2023-03-24T17:58:55Z,2023-03-24T17:59:00Z,0.0036556316038898196,3.3279870815398835,3.3316427131437734,0
2023-03-24T17:58:55Z,2023-03-24T17:59:00Z,0.002302648271416796,3.3286072172355574,3.330909865506974,0
2023-03-24T17:58:55Z,2023-03-24T17:59:00Z,0.0046880090244947326,3.3350774930158584,3.3303894839913637,0
2023-03-24T17:58:55Z,2023-03-24T17:59:00Z,0.006312848698174278,3.336344801518799,3.3300319528206246,0
2023-03-24T17:58:55Z,2023-03-24T17:59:00Z,0.004390920164607071,3.3345867714935324,3.3301958513289254,0
2023-03-24T17:58:55Z,2023-03-24T17:59:00Z,0.004978636820736515,3.325285535490013,3.3302641723107493,0
2023-03-24T17:58:55Z,2023-03-24T17:59:00Z,0.008816375204667715,3.3211844891058946,3.3300008643105623,0
2023-03-24T17:58:55Z,2023-03-24T17:59:00Z,0.011784156692561165,3.317470047555141,3.329254204247702,0
2023-03-24T17:58:55Z,2023-03-24T17:59:00Z,0.012341817030218305,3.3160505626087624,3.3283923796389807,0
2023-03-24T17:58:55Z,2023-03-24T17:59:00Z,0.014720891066269282,3.3127030201774526,3.327423911243722,0
2023-03-24T17:58:55Z,2023-03-24T17:59:00Z,0.02103293461464295,3.305476487925436,3.326509422540079,0
2023-03-24T17:58:55Z,2023-03-24T17:59:00Z,0.02245107646081168,3.3030479700667685,3.32549904652758,0
2023-03-24T17:58:55Z,2023-03-24T17:59:00Z,0.0218062712369278,3.302359013356856,3.324165284593784,0
2023-03-24T17:58:55Z,2023-03-24T17:59:00Z,0.019574602640552552,3.3032968255806594,3.322871428221212,0
2023-03-24T17:58:55Z,2023-03-24T17:59:00Z,0.02096579985302327,3.3007008045427857,3.321666604395809,0
2023-03-24T17:58:55Z,2023-03-24T17:59:00Z,0.02360342325024023,3.2968761804358224,3.3204796036860627,0
2023-03-24T17:58:55Z,2023-03-24T17:59:00Z,0.02102633220272976,3.2982058004867203,3.31923213268945,0
2023-03-24T17:58:55Z,2023-03-24T17:59:00Z,0.030107484546192165,3.287553542392317,3.317661026938509,0
2023-03-24T17:58:55Z,2023-03-24T17:59:00Z,0.02858106354990797,3.2875610127363766,3.3161420762862845,0
2023-03-24T17:58:55Z,2023-03-24T17:59:00Z,0.0298433449331843,3.284201857540608,3.314045202473792,0
2023-03-24T17:58:55Z,2023-03-24T17:59:00Z,0.03626110349446954,3.275538206268017,3.3117993097624865,0
2023-03-24T17:58:55Z,2023-03-24T17:59:00Z,0.03959808850813351,3.2697342568268555,3.309332345334989,0
2023-03-24T17:58:55Z,2023-03-24T17:59:00Z,0.039775233649774755,3.2662493735325566,3.3060246071823314,0
2023-03-24T17:58:55Z,2023-03-24T17:59:00Z,0.03278362790809508,3.2695403934580174,3.3023240213661125,0
2023-03-24T17:58:55Z,2023-03-24T17:59:00Z,0.030018197326578733,3.2685093019305906,3.2985274992571694,0
2023-03-24T17:58:55Z,2023-03-24T17:59:00Z,0.025406991524894007,3.270023555397164,3.295430546922058,0
2023-03-24T17:58:55Z,2023-03-24T17:59:00Z,0.022251992031468326,3.2702521556030733,3.2925041476345416,0
2023-03-24T17:58:55Z,2023-03-24T17:59:00Z,0.028542567381845352,3.2613256640216974,3.289868231403543,0
2023-03-24T17:58:55Z,2023-03-24T17:59:00Z,0.025869900035242477,3.2614539754235397,3.287323875458782,0
2023-03-24T17:58:55Z,2023-03-24T17:59:00Z,0.027273918491453664,3.25719565940312,3.2844695778945736,0
2023-03-24T17:58:55Z,2023-03-24T17:59:00Z,0.024681565039285314,3.257342317716294,3.2820238827555794,0
2023-03-24T17:58:55Z,2023-03-24T17:59:00Z,0.02433322081417666,3.255143311348977,3.279476532163154,0
2023-03-24T17:58:55Z,2023-03-24T17:59:00Z,0.02167533560878887,3.255300269018779,3.2769756046275678,0
2023-03-24T17:58:55Z,2023-03-24T17:59:00Z,0.01851813902440469,3.255782270368069,3.274300409392474,0
2023-03-24T17:58:55Z,2023-03-24T17:59:00Z,0.01361809515534862,3.258160062263569,3.2717781574189178,0
2023-03-24T17:58:55Z,2023-03-24T17:59:00Z,0.011820571060592311,3.257674591354562,3.2694951624151543,0
2023-03-24T17:58:55Z,2023-03-24T17:59:00Z,0.009441279515096657,3.2578291196654376,3.2672703991805343,0
2023-03-24T17:58:55Z,2023-03-24T17:59:00Z,0.010131645970602232,3.255478811485613,3.2656104574562153,0
2023-03-24T17:58:55Z,2023-03-24T17:59:00Z,0.010351550169357626,3.253607135449583,3.2639586856189404,0
2023-03-24T17:58:55Z,2023-03-24T17:59:00Z,0.0038194204492421058,3.2585435403888647,3.262362960838107,1
2023-03-24T17:58:55Z,2023-03-24T17:59:00Z,0.0034147032540405853,3.2577298647608206,3.261144568014861,1
2023-03-24T17:58:55Z,2023-03-24T17:59:00Z,0.0034366657818583057,3.257086195764226,3.260522861546084,1
2023-03-24T17:58:55Z,2023-03-24T17:59:00Z,0.004473928760830415,3.255575626742379,3.2600495555032096,1
2023-03-24T17:58:55Z,2023-03-24T17:59:00Z,0.002464655577267827,3.256893000054064,3.259357655631332,1
2023-03-24T17:58:55Z,2023-03-24T17:59:00Z,0.0016102099678843018,3.26024932808876,3.258639118120876,1
2023-03-24T17:58:55Z,2023-03-24T17:59:00Z,0.006506065568665953,3.2644157083927032,3.2579096428240373,1
2023-03-24T17:58:55Z,2023-03-24T17:59:00Z,0.0075380583847861615,3.264891988569139,3.257353930184353,1
2023-03-24T17:58:55Z,2023-03-24T17:59:00Z,0.016363252369531622,3.2738888516856073,3.2575255993160757,1
2023-03-24T17:58:55Z,2023-03-24T17:59:00Z,0.024270647040076643,3.2819872470864633,3.2577166000463866,1
2023-03-24T17:58:55Z,2023-03-24T17:59:00Z,0.025932772915624014,3.28457677253326,3.258643999617636,1
2023-03-24T17:58:55Z,2023-03-24T17:59:00Z,0.027660950345731905,3.287674112706155,3.260013162360423,1
2023-03-24T17:58:55Z,2023-03-24T17:59:00Z,0.03312721936583651,3.294775574014275,3.2616483546484383,1
2023-03-24T17:58:55Z,2023-03-24T17:59:00Z,0.03598589468759128,3.299432796207551,3.2634469015199596,1
2023-03-24T17:58:55Z,2023-03-24T17:59:00Z,0.03580012608018324,3.3014133222471544,3.265613196166971,1
2023-03-24T17:58:55Z,2023-03-24T17:59:00Z,0.029638140147648873,3.297544265978175,3.267906125830526,1
2023-03-24T17:58:55Z,2023-03-24T17:59:00Z,0.01973604044916799,3.290072095773726,3.270336055324558,1
2023-03-24T17:58:55Z,2023-03-24T17:59:00Z,0.004806514518133742,3.2773489668600666,3.272542452341933,1
2023-03-24T17:58:55Z,2023-03-24T17:59:00Z,0.011339400479970951,3.2631249009890793,3.27446430146905,1
2023-03-24T17:58:55Z,2023-03-24T17:59:00Z,0.019563739718771345,3.256219552384195,3.2757832921029664,1
2023-03-24T17:58:55Z,2023-03-24T17:59:00Z,0.031790309014322116,3.2442475031219886,3.2760378121363107,1
2023-03-24T17:58:55Z,2023-03-24T17:59:00Z,0.04156618133757295,3.2343877245555923,3.2759539058931653,1
2023-03-24T17:58:55Z,2023-03-24T17:59:00Z,0.053280693459931694,3.221959951730887,3.2752406451908187,1
2023-03-24T17:58:55Z,2023-03-24T17:59:00Z,0.06328688629643331,3.2107766532173416,3.274063539513775,1
2023-03-24T17:58:55Z,2023-03-24T17:59:00Z,0.052203844610622774,3.2199189699963093,3.272122814606932,0
2023-03-24T17:58:55Z,2023-03-24T17:59:00Z,0.032199191537421346,3.2371751411322096,3.269374332669631,0
2023-03-24T17:58:55Z,2023-03-24T17:59:00Z,0.019740977134950377,3.2471613145126588,3.266902291647609,0
2023-03-24T17:58:55Z,2023-03-24T17:59:00Z,0.020639821042842676,3.244722645747159,3.265362466790002,0
2023-03-24T17:58:55Z,2023-03-24T17:59:00Z,0.021470689233522577,3.242406914380205,3.2638776036137274,0
2023-03-24T17:58:55Z,2023-03-24T17:59:00Z,0.016617078587911394,3.245190269395854,3.2618073479837655,0
2023-03-24T17:58:55Z,2023-03-24T17:59:00Z,0.020298320625689925,3.239166257460684,3.259464578086374,0
2023-03-24T17:58:55Z,2023-03-24T17:59:00Z,0.02534728598304392,3.231757078586091,3.257104364569135,0
2023-03-24T17:58:55Z,2023-03-24T17:59:00Z,0.031785065673105795,3.2222298924208297,3.2540149580939355,0
2023-03-24T17:58:55Z,2023-03-24T17:59:00Z,0.037468405734915944,3.212786790268938,3.250255196003854,0
2023-03-24T17:58:55Z,2023-03-24T17:59:00Z,0.041353224790168674,3.2045028917788896,3.2458561165690583,0
2023-03-24T17:58:55Z,2023-03-24T17:59:00Z,0.04253811526896589,3.1986092526495793,3.241147367918545,0
2023-03-24T17:58:55Z,2023-03-24T17:59:00Z,0.037174877329055445,3.19921864592311,3.2363935232521652,0
2023-03-24T17:58:55Z,2023-03-24T17:59:00Z,0.032452656155862236,3.199566438529054,3.232019094684916,1
2023-03-24T17:58:55Z,2023-03-24T17:59:00Z,0.025534551139561046,3.2029341960416904,3.2284687471812514,1
2023-03-24T17:58:55Z,2023-03-24T17:59:00Z,0.019287428956777486,3.2060339230102994,3.225321351967077,1
2023-03-24T17:58:55Z,2023-03-24T17:59:00Z,0.01224754914140247,3.2107786190989906,3.223026168240393,1
2023-03-24T17:58:55Z,2023-03-24T17:59:00Z,0.006322245357514689,3.2151287116859177,3.2214509570434324,1
2023-03-24T17:58:55Z,2023-03-24T17:59:00Z,0.0010386120461802761,3.2197911598510363,3.2208297718972165,1
2023-03-24T17:58:55Z,2023-03-24T17:59:00Z,0.0014098666324686704,3.222481419555717,3.2210715529232483,1
2023-03-24T17:58:55Z,2023-03-24T17:59:00Z,0.0009327605646274328,3.2219972129242493,3.221064452359622,1
2023-03-24T17:58:55Z,2023-03-24T17:59:00Z,0.005755633132312088,3.2260037676265734,3.2202481344942613,1
2023-03-24T17:58:55Z,2023-03-24T17:59:00Z,0.005988489743511849,3.2248386185939726,3.2188501288504607,1
2023-03-24T17:58:55Z,2023-03-24T17:59:00Z,0.007420584480481995,3.225230775657577,3.217810191177095,1
2023-03-24T17:58:55Z,2023-03-24T17:59:00Z,0.009085635551832727,3.225919810296359,3.2168341747445264,1
2023-03-24T17:58:55Z,2023-03-24T17:59:00Z,0.011207189773054349,3.2269325037543437,3.2157253139812894,1
2023-03-24T17:58:55Z,2023-03-24T17:59:00Z,0.014513058263803558,3.2295024585137413,3.2149894002499377,1
2023-03-24T17:58:55Z,2023-03-24T17:59:00Z,0.020759579181321985,3.2354809474961623,3.2147213683148403,1
2023-03-24T17:58:55Z,2023-03-24T17:59:00Z,0.021877002672173074,3.2370024024366195,3.2151253997644464,1
2023-03-24T17:58:55Z,2023-03-24T17:59:00Z,0.019582677558082295,3.235968863835153,3.2163861862770706,1
2023-03-24T17:58:55Z,2023-03-24T17:59:00Z,0.027383481536142895,3.2455751961830868,3.218191714646944,1
2023-03-24T17:58:55Z,2023-03-24T17:59:00Z,0.031171550483306998,3.2514387990850055,3.2202672486016986,1
2023-03-24T17:58:55Z,2023-03-24T17:59:00Z,0.03171460354360356,3.2545572160486342,3.2228426125050307,1
2023-03-24T17:58:55Z,2023-03-24T17:59:00Z,0.03498731088000673,3.260711721193701,3.225724410313694,1
2023-03-24T17:58:55Z,2023-03-24T17:59:00Z,0.03698006395562681,3.265572419825262,3.228592355869635,1
2023-03-24T17:58:55Z,2023-03-24T17:59:00Z,0.0380369503366369,3.2696669616609055,3.2316300113242686,1
2023-03-24T17:58:55Z,2023-03-24T17:59:00Z,0.03020590709757487,3.264880018462192,3.234674111364617,1
2023-03-24T17:58:55Z,2023-03-24T17:59:00Z,0.025599338226085955,3.263303352367091,3.237704014141005,1
2023-03-24T17:58:55Z,2023-03-24T17:59:00Z,0.023085820439697535,3.2632947711702114,3.240208950730514,1
2023-03-24T17:58:55Z,2023-03-24T17:59:00Z,0.02528990043153323,3.2677667363182348,3.2424768358867015,1
2023-03-24T17:58:55Z,2023-03-24T17:59:00Z,0.026091975042289217,3.270863119720433,3.2447711446781438,1
2023-03-24T17:58:55Z,2023-03-24T17:59:00Z,0.025619738762661992,3.2727110483681203,3.2470913096054583,1
2023-03-24T17:58:55Z,2023-03-24T17:59:00Z,0.021414656028610146,3.2710628823633163,3.249648226334706,1
2023-03-24T17:58:55Z,2023-03-24T17:59:00Z,0.01594955577269408,3.2682355750357637,3.2522860192630696,1
2023-03-24T17:58:55Z,2023-03-24T17:59:00Z,0.007419272560398316,3.262213240271633,3.2547939677112345,1
2023-03-24T17:58:55Z,2023-03-24T17:59:00Z,0.0013107399088387872,3.2583993226912633,3.2570885827824245,1
2023-03-24T17:58:55Z,2023-03-24T17:59:00Z,0.0022161537123706054,3.261122002148011,3.2589058484356404,1
2023-03-24T17:58:55Z,2023-03-24T17:59:00Z,0.0033775285460362348,3.263556620048071,3.2601790915020348,1
2023-03-24T17:58:55Z,2023-03-24T17:59:00Z,0.0029745016252493706,3.258544567638529,3.2615190692637785,1
2023-03-24T17:58:55Z,2023-03-24T17:59:00Z,0.006536600365722123,3.2565151220209967,3.263051722386719,1
2023-03-24T17:58:55Z,2023-03-24T17:59:00Z,0.004470421224561427,3.2593018217985703,3.2637722430231317,1
2023-03-24T17:58:55Z,2023-03-24T17:59:00Z,0.00907291643687902,3.2731271774009,3.264054260964021,1
2023-03-24T17:58:55Z,2023-03-24T17:59:00Z,0.023742342776224667,3.288060192948575,3.2643178501723504,1
2023-03-24T17:58:55Z,2023-03-24T17:59:00Z,0.04160253333938746,3.3066101310788047,3.2650075977394173,1
2023-03-24T17:58:55Z,2023-03-24T17:59:00Z,0.05836426428537678,3.3246211827538668,3.26625691846849,1
2023-03-24T17:58:55Z,2023-03-24T17:59:00Z,0.06580892587455578,3.33411824264404,3.2683093167694843,1
2023-03-24T17:58:55Z,2023-03-24T17:59:00Z,0.07616494695891429,3.347793217300158,3.271628270341244,1
2023-03-24T17:58:55Z,2023-03-24T17:59:00Z,0.08410737146808644,3.359669802380272,3.2755624309121854,1
2023-03-24T17:58:55Z,2023-03-24T17:59:00Z,0.08664461618458352,3.366901405215099,3.2802567890305157,1
2023-03-24T17:58:55Z,2023-03-24T17:59:00Z,0.07714618368976245,3.3625086986126136,3.285362514922851,1
2023-03-24T17:58:55Z,2023-03-24T17:59:00Z,0.047160944338295874,3.337858919566407,3.290697975228111,1
2023-03-24T17:58:55Z,2023-03-24T17:59:00Z,0.011446254422163182,3.30713298799719,3.295686733575027,1
2023-03-24T17:58:55Z,2023-03-24T17:59:00Z,0.015407165535118672,3.2839904589956355,3.299397624530754,1
2023-03-24T17:58:55Z,2023-03-24T17:59:00Z,0.03428240809151806,3.267276183825982,3.3015585919175,1
2023-03-24T17:58:55Z,2023-03-24T17:59:00Z,0.05253499666648187,3.250233440735685,3.302768437402167,1
2023-03-24T17:58:55Z,2023-03-24T17:59:00Z,0.05718220190129264,3.246079394452803,3.3032615963540954,1
2023-03-24T17:58:55Z,2023-03-24T17:59:00Z,0.059975787790706114,3.2426808884849274,3.3026566762756335,1
2023-03-24T17:58:55Z,2023-03-24T17:59:00Z,0.06269792944095043,3.238987789857168,3.3016857192981184,1
2023-03-24T17:58:55Z,2023-03-24T17:59:00Z,0.07033240760110449,3.2304719961884807,3.300804403789585,1
2023-03-24T17:58:55Z,2023-03-24T17:59:00Z,0.07633266145117146,3.2234980016626453,3.299830663113817,1
2023-03-24T17:58:55Z,2023-03-24T17:59:00Z,0.08343912422714483,3.214789881908333,3.298229006135478,1
2023-03-24T17:58:55Z,2023-03-24T17:59:00Z,0.09058648381842893,3.2048853458871465,3.2954718297055754,1
2023-03-24T17:58:55Z,2023-03-24T17:59:00Z,0.09217116709242612,3.19923008977758,3.291401256870006,1
2023-03-24T17:58:55Z,2023-03-24T17:59:00Z,0.08399703242168721,3.2017528474932266,3.285749879914914,1
2023-03-24T17:58:55Z,2023-03-24T17:59:00Z,0.09014656395527121,3.188637144127627,3.2787837080828983,1
2023-03-24T17:58:55Z,2023-03-24T17:59:00Z,0.09372769101818612,3.177702384000778,3.271430075018964,1
2023-03-24T17:58:55Z,2023-03-24T17:59:00Z,0.09230382016449301,3.1702842507893303,3.2625880709538233,1
2023-03-24T17:58:55Z,2023-03-24T17:59:00Z,0.0928468681495418,3.1596319017831984,3.25247876993274,1
2023-03-24T17:58:55Z,2023-03-24T17:59:00Z,0.09428626694102737,3.1472693277458372,3.2415555946868646,1
2023-03-24T17:58:55Z,2023-03-24T17:59:00Z,0.09302812603425803,3.1372565354954167,3.2302846615296748,1
2023-03-24T17:58:55Z,2023-03-24T17:59:00Z,0.0925011374334952,3.1271952134394816,3.219696350872977,1
2023-03-24T17:58:55Z,2023-03-24T17:59:00Z,0.09040759658203124,3.1198511735964023,3.2102587701784335,1
2023-03-24T17:58:55Z,2023-03-24T17:59:00Z,0.08983624397571699,3.111711679227375,3.201547923203092,1
2023-03-24T17:58:55Z,2023-03-24T17:59:00Z,0.0937400122556662,3.099617632601338,3.193357644857004,1
2023-03-24T17:58:55Z,2023-03-24T17:59:00Z,0.10238544811408623,3.0832765433257894,3.1856619914398756,1
2023-03-24T17:58:55Z,2023-03-24T17:59:00Z,0.1038166598964061,3.0737085669961655,3.1775252268925716,1
2023-03-24T17:58:55Z,2023-03-24T17:59:00Z,0.1028722169802756,3.0657972129590103,3.168669429939286,1
2023-03-24T17:58:55Z,2023-03-24T17:59:00Z,0.10936875299917759,3.0501184978922753,3.159487250891453,1
2023-03-24T17:58:55Z,2023-03-24T17:59:00Z,0.1095390065615951,3.040799645261554,3.1503386518231493,1
2023-03-24T17:58:55Z,2023-03-24T17:59:00Z,0.11195942269514303,3.0287470344740965,3.1407064571692396,1
2023-03-24T17:58:55Z,2023-03-24T17:59:00Z,0.11324213929633853,3.0177981936147464,3.131040332911085,1
2023-03-24T17:58:55Z,2023-03-24T17:59:00Z,0.11412549654903437,3.0071293746168815,3.121254871165916,1
2023-03-24T17:58:55Z,2023-03-24T17:59:00Z,0.11193178845844898,2.9992435329206426,3.1111753213790916,1
2023-03-24T17:58:55Z,2023-03-24T17:59:00Z,0.10746608854068596,2.9928968176786084,3.1003629062192943,1
2023-03-24T17:58:55Z,2023-03-24T17:59:00Z,0.10490367341696905,2.9849373655130487,3.0898410389300177,1
2023-03-24T17:58:55Z,2023-03-24T17:59:00Z,0.08636491659640955,2.993209146426821,3.0795740630232307,1
2023-03-24T17:58:55Z,2023-03-24T17:59:00Z,0.05701993677834061,3.012257077062874,3.0692770138412144,1
2023-03-24T17:58:55Z,2023-03-24T17:59:00Z,0.024668904481373044,3.035362400728932,3.060031305210305,0
2023-03-24T17:58:55Z,2023-03-24T17:59:00Z,0.00380521336736539,3.0563358379841725,3.052530624616807,0
2023-03-24T17:58:55Z,2023-03-24T17:59:00Z,0.027201875744875093,3.0740717150968777,3.0468698393520026,0
2023-03-24T17:58:55Z,2023-03-24T17:59:00Z,0.04601453792841248,3.088947745310675,3.0429332073822626,0
2023-03-24T17:58:55Z,2023-03-24T17:59:00Z,0.06089009674469592,3.1012800008769847,3.040389904132289,0
2023-03-24T17:58:55Z,2023-03-24T17:59:00Z,0.07878724519941205,3.117912486336329,3.039125241136917,0
2023-03-24T17:58:55Z,2023-03-24T17:59:00Z,0.09979085911654773,3.1390084540465564,3.0392175949300086,0
2023-03-24T17:58:55Z,2023-03-24T17:59:00Z,0.1179194331541189,3.1590612471402686,3.0411418139861497,0
2023-03-24T17:58:55Z,2023-03-24T17:59:00Z,0.1331174789370979,3.177887064426047,3.044769585488949,0
2023-03-24T17:58:55Z,2023-03-24T17:59:00Z,0.14093721713544083,3.190888137856682,3.049950920721241,0
2023-03-24T17:58:55Z,2023-03-24T17:59:00Z,0.14825707873231808,3.20530625314988,3.057049174417562,0
2023-03-24T17:58:55Z,2023-03-24T17:59:00Z,0.1531416957790812,3.2185291197852615,3.0653874240061803,0
2023-03-24T17:58:55Z,2023-03-24T17:59:00Z,0.15688718109619648,3.2320834505843643,3.075196269488168,0
2023-03-24T17:58:55Z,2023-03-24T17:59:00Z,0.15804725911380446,3.2443952467225565,3.086347987608752,0
2023-03-24T17:58:55Z,2023-03-24T17:59:00Z,0.15575834771566344,3.2546037839892756,3.098845436273612,0
2023-03-24T17:58:55Z,2023-03-24T17:59:00Z,0.1525804757292888,3.2650454516585627,3.112464975929274,0
2023-03-24T17:58:55Z,2023-03-24T17:59:00Z,0.14501709646926209,3.2720213483046843,3.127004251835422,0
2023-03-24T17:58:55Z,2023-03-24T17:59:00Z,0.1333666884986937,3.275932500675534,3.1425658121768403,0
2023-03-24T17:58:55Z,2023-03-24T17:59:00Z,0.12224911470476751,3.2803044936526,3.1580553789478323,0
2023-03-24T17:58:55Z,2023-03-24T17:59:00Z,0.11210329533589958,3.2848073089288796,3.17270401359298,0
2023-03-24T17:58:55Z,2023-03-24T17:59:00Z,0.09826080104127666,3.284572708685572,3.186311907644295,0
2023-03-24T17:58:55Z,2023-03-24T17:59:00Z,0.0858573171171293,3.2848620842583527,3.1990047671412234,0
2023-03-24T17:58:55Z,2023-03-24T17:59:00Z,0.07131223514341345,3.2820115019284533,3.21069926678504,0
2023-03-24T17:58:55Z,2023-03-24T17:59:00Z,0.05970180228059352,3.2812851990071707,3.2215833967265772,0
2023-03-24T17:58:55Z,2023-03-24T17:59:00Z,0.04241517630100855,3.2740392119748893,3.231624035673881,0
2023-03-24T17:58:55Z,2023-03-24T17:59:00Z,0.027406114153458283,3.2681064116423864,3.240700297488928,0
2023-03-24T17:58:55Z,2023-03-24T17:59:00Z,0.012767450985728068,3.260969457248452,3.248202006262724,0
2023-03-24T17:58:55Z,2023-03-24T17:59:00Z,0.0010582344763276907,3.255318305433614,3.254260070957286,0
2023-03-24T17:58:55Z,2023-03-24T17:59:00Z,0.014002552690526748,3.244873206756893,3.25887575944742,0
2023-03-24T17:58:55Z,2023-03-24T17:59:00Z,0.026494207680369808,3.235961005521324,3.2624552132016937,0
2023-03-24T17:58:55Z,2023-03-24T17:59:00Z,0.040240558613152455,3.22441281867782,3.2646533772909723,0
2023-03-24T17:58:55Z,2023-03-24T17:59:00Z,0.053661900098600945,3.2119599152888196,3.2656218153874206,0
2023-03-24T17:58:55Z,2023-03-24T17:59:00Z,0.06223082753389031,3.2029648416364997,3.26519566917039,0
2023-03-24T17:58:55Z,2023-03-24T17:59:00Z,0.07485257057547434,3.188541135737486,3.2633937063129603,0
2023-03-24T17:58:55Z,2023-03-24T17:59:00Z,0.08125421542610756,3.179270660756143,3.2605248761822505,0
2023-03-24T17:58:55Z,2023-03-24T17:59:00Z,0.07686323746463897,3.1794113989442185,3.2562746364088575,0
2023-03-24T17:58:55Z,2023-03-24T17:59:00Z,0.06857202220390679,3.1825497982300317,3.2511218204339385,0
2023-03-24T17:58:55Z,2023-03-24T17:59:00Z,0.07244681988622537,3.1733127171181956,3.245759537004421,0
2023-03-24T17:58:55Z,2023-03-24T17:59:00Z,0.07692139692680833,3.1634073236652474,3.2403287205920557,0
2023-03-24T17:58:55Z,2023-03-24T17:59:00Z,0.08310125200651619,3.151033324596057,3.2341345766025733,0
2023-03-24T17:58:55Z,2023-03-24T17:59:00Z,0.08354491814132414,3.1438582481823425,3.2274031663236666,0
2023-03-24T17:58:55Z,2023-03-24T17:59:00Z,0.08219683123009869,3.137771404001218,3.219968235231317,0
2023-03-24T17:58:55Z,2023-03-24T17:59:00Z,0.07906454984662759,3.133228504621016,3.2122930544676436,0
2023-03-24T17:58:55Z,2023-03-24T17:59:00Z,0.07948864292604085,3.124831422930161,3.204320065856202,0
2023-03-24T17:58:55Z,2023-03-24T17:59:00Z,0.07341245159725185,3.1230847971837354,3.1964972487809873,0
2023-03-24T17:58:55Z,2023-03-24T17:59:00Z,0.07023626171742858,3.1183012654684346,3.188537527185863,0
2023-03-24T17:58:55Z,2023-03-24T17:59:00Z,0.06296786081650563,3.1179094074768736,3.1808772682933792,0
2023-03-24T17:58:55Z,2023-03-24T17:59:00Z,0.05979562528123239,3.1134695852363032,3.1732652105175356,0
2023-03-24T17:58:55Z,2023-03-24T17:59:00Z,0.05578956143268732,3.110422104680403,3.16621166611309,0
2023-03-24T17:58:55Z,2023-03-24T17:59:00Z,0.05303495760868415,3.106371629599683,3.159406587208367,0
2023-03-24T17:58:55Z,2023-03-24T17:59:00Z,0.048170931299400976,3.104902838464665,3.153073769764066,0
2023-03-24T17:58:55Z,2023-03-24T17:59:00Z,0.047371468723071075,3.0998362851693764,3.1472077538924474,0
2023-03-24T17:58:55Z,2023-03-24T17:59:00Z,0.04665921291590891,3.0951006519114364,3.1417598648273453,0
2023-03-24T17:58:55Z,2023-03-24T17:59:00Z,0.04714652730956326,3.089685290263998,3.136831817573561,0
2023-03-24T17:58:55Z,2023-03-24T17:59:00Z,0.04464573037571862,3.087509975595359,3.1321557059710776,0
2023-03-24T17:58:55Z,2023-03-24T17:59:00Z,0.040956471383744475,3.0862144507717657,3.12717092215551,0
2023-03-24T17:58:55Z,2023-03-24T17:59:00Z,0.040321762399432526,3.0815691696097067,3.1218909320091393,0
2023-03-24T17:58:55Z,2023-03-24T17:59:00Z,0.0405384926830652,3.076513646751272,3.117052139434337,0
2023-03-24T17:58:55Z,2023-03-24T17:59:00Z,0.03820293815223996,3.0743026371679005,3.1125055753201405,0
2023-03-24T17:58:55Z,2023-03-24T17:59:00Z,0.03642963572933322,3.0719359574883196,3.108365593217653,0
2023-03-24T17:58:55Z,2023-03-24T17:59:00Z,0.030617753526843927,3.0738836390788955,3.1045013926057394,0
2023-03-24T17:58:55Z,2023-03-24T17:59:00Z,0.02766093127013569,3.0731829365293315,3.100843867799467,0
2023-03-24T17:58:55Z,2023-03-24T17:59:00Z,0.02574168419039724,3.071805246634508,3.097546930824905,0
2023-03-24T17:58:55Z,2023-03-24T17:59:00Z,0.02111466807620843,3.073562902393095,3.0946775704693033,0
2023-03-24T17:58:55Z,2023-03-24T17:59:00Z,0.01904269172947659,3.0727860148204256,3.091828706549902,0
2023-03-24T17:58:55Z,2023-03-24T17:59:00Z,0.014054568404075152,3.07528867353053,3.089343241934605,0
2023-03-24T17:58:55Z,2023-03-24T17:59:00Z,0.008070941093849981,3.0787654456931746,3.0868363867870245,0
2023-03-24T17:58:55Z,2023-03-24T17:59:00Z,0.00021179539557891758,3.084927020421172,3.084715225025593,0
2023-03-24T17:58:55Z,2023-03-24T17:59:00Z,0.004321381699328608,3.087277903447853,3.082956521748524,0
2023-03-24T17:58:55Z,2023-03-24T17:59:00Z,0.006641791579613976,3.0884069461515544,3.0817651545719404,0
2023-03-24T17:58:55Z,2023-03-24T17:59:00Z,0.013203847397983193,3.0939898389134344,3.080785991515451,0
2023-03-24T17:58:55Z,2023-03-24T17:59:00Z,0.025237081179683152,3.1053881094163662,3.080151028236683,0
2023-03-24T17:58:55Z,2023-03-24T17:59:00Z,0.03659059794288888,3.1166799143463497,3.080089316403461,0
2023-03-24T17:58:55Z,2023-03-24T17:59:00Z,0.03915025914164483,3.120111954386904,3.080961695245259,0
2023-03-24T17:58:55Z,2023-03-24T17:59:00Z,0.038310745049368045,3.1208929924474598,3.0825822473980917,0
2023-03-24T17:58:55Z,2023-03-24T17:59:00Z,0.03347079273458853,3.117936234777966,3.0844654420433777,0
2023-03-24T17:58:55Z,2023-03-24T17:59:00Z,0.03382783747415452,3.1204779363418518,3.0866500988676973,0
2023-03-24T17:58:55Z,2023-03-24T17:59:00Z,0.0296430440123312,3.1185943977704,3.088951353758069,0
2023-03-24T17:58:55Z,2023-03-24T17:59:00Z,0.023644238282183316,3.115160886438805,3.0915166481566216,0
2023-03-24T17:58:55Z,2023-03-24T17:59:00Z,0.013592806229780319,3.1077015899576286,3.0941087837278483,0
2023-03-24T17:58:55Z,2023-03-24T17:59:00Z,0.005490994267384419,3.101892958404117,3.0964019641367324,0
2023-03-24T17:58:55Z,2023-03-24T17:59:00Z,0.00015346743439437205,3.0984731345393657,3.0983196671049713,0
2023-03-24T17:58:55Z,2023-03-24T17:59:00Z,0.0029335057547670296,3.09705770089296,3.099991206647727,0
2023-03-24T17:58:55Z,2023-03-24T17:59:00Z,0.008828579376336076,3.092546529057295,3.101375108433631,0
2023-03-24T17:58:55Z,2023-03-24T17:59:00Z,0.015088956183872515,3.0876345792537885,3.102723535437661,0
2023-03-24T17:58:55Z,2023-03-24T17:59:00Z,0.025381990717422198,3.0783003144717256,3.103682305189148,0
2023-03-24T17:58:55Z,2023-03-24T17:59:00Z,0.036109814926057915,3.068065219905346,3.104175034831404,0
2023-03-24T17:58:55Z,2023-03-24T17:59:00Z,0.0456495808199997,3.0581573036808796,3.1038068845008793,0
2023-03-24T17:58:55Z,2023-03-24T17:59:00Z,0.05306628252305012,3.049673230669912,3.102739513192962,0
2023-03-24T17:58:55Z,2023-03-24T17:59:00Z,0.062240097079496515,3.03881888042065,3.1010589775001467,0
2023-03-24T17:58:55Z,2023-03-24T17:59:00Z,0.06826835852406132,3.0303285851847788,3.09859694370884,0
2023-03-24T17:58:55Z,2023-03-24T17:59:00Z,0.07236789855539083,3.022530754653687,3.0948986532090776,0
2023-03-24T17:58:55Z,2023-03-24T17:59:00Z,0.07402196380193216,3.0160793933426135,3.0901013571445457,0
2023-03-24T17:58:55Z,2023-03-24T17:59:00Z,0.07823148188021323,3.0064486975013764,3.0846801793815897,0
2023-03-24T17:58:55Z,2023-03-24T17:59:00Z,0.08389880457819876,2.994958397075344,3.078857201653543,0
2023-03-24T17:58:55Z,2023-03-24T17:59:00Z,0.08846524764361519,2.984198201939006,3.0726634495826213,0
2023-03-24T17:58:55Z,2023-03-24T17:59:00Z,0.09192214216118755,2.973767999684405,3.0656901418455926,0
2023-03-24T17:58:55Z,2023-03-24T17:59:00Z,0.09312326471323251,2.965100421808394,3.0582236865216266,0
2023-03-24T17:58:55Z,2023-03-24T17:59:00Z,0.09092667089029893,2.9594418552560833,3.050368526146382,0
2023-03-24T17:58:55Z,2023-03-24T17:59:00Z,0.09455083835202238,2.947895400674958,3.0424462390269804,0
2023-03-24T17:58:55Z,2023-03-24T17:59:00Z,0.09541619373914356,2.939116095112946,3.0345322888520894,0
2023-03-24T17:58:55Z,2023-03-24T17:59:00Z,0.09684935876370071,2.929317500429255,3.026166859192956,0
2023-03-24T17:58:55Z,2023-03-24T17:59:00Z,0.09896536316509152,2.9184269623734194,3.017392325538511,0
2023-03-24T17:58:55Z,2023-03-24T17:59:00Z,0.09347859925452795,2.914845446915758,3.008324046170286,0
2023-03-24T17:58:55Z,2023-03-24T17:59:00Z,0.08758320402009145,2.9113404189901737,2.998923623010265,0
2023-03-24T17:58:55Z,2023-03-24T17:59:00Z,0.08197045528713964,2.907872341747794,2.9898427970349335,0
2023-03-24T17:58:55Z,2023-03-24T17:59:00Z,0.0702627395727875,2.91087312407797,2.9811358636507577,0
2023-03-24T17:58:55Z,2023-03-24T17:59:00Z,0.06046849862339476,2.9123182004755255,2.9727866990989202,0
2023-03-24T17:58:55Z,2023-03-24T17:59:00Z,0.05428569590209564,2.910789886163938,2.9650755820660337,0
2023-03-24T17:58:55Z,2023-03-24T17:59:00Z,0.03951336366408986,2.918534402849437,2.958047766513527,0
2023-03-24T17:58:55Z,2023-03-24T17:59:00Z,0.02945638293508379,2.9219503447439523,2.951406727679036,0
2023-03-24T17:58:55Z,2023-03-24T17:59:00Z,0.016856172519473578,2.928772980059327,2.9456291525788005,0
2023-03-24T17:58:55Z,2023-03-24T17:59:00Z,0.00577993809335231,2.934619822896633,2.9403997609899855,0
2023-03-24T17:58:55Z,2023-03-24T17:59:00Z,0.007630363741608193,2.9437148070959243,2.936084443354316,0
2023-03-24T17:58:55Z,2023-03-24T17:59:00Z,0.019848990627691077,2.952581290972079,2.932732300344388,0
2023-03-24T17:58:55Z,2023-03-24T17:59:00Z,0.03222168731171626,2.9627049101648213,2.930483222853105,0
2023-03-24T17:58:55Z,2023-03-24T17:59:00Z,0.045935515113016745,2.975241698593215,2.929306183480198,0
2023-03-24T17:58:55Z,2023-03-24T17:59:00Z,0.06393361440610335,2.993106713906103,2.9291730995,0
2023-03-24T17:58:55Z,2023-03-24T17:59:00Z,0.08330799789774357,3.0133588664720286,2.930050868574285,0
2023-03-24T17:58:55Z,2023-03-24T17:59:00Z,0.10164918767525322,3.0342117958734907,2.9325626081982374,0
2023-03-24T17:58:55Z,2023-03-24T17:59:00Z,0.11642894083129463,3.05311614743837,2.9366872066070755,0
2023-03-24T17:58:55Z,2023-03-24T17:59:00Z,0.1291411293590028,3.071655796824091,2.942514667465088,0
2023-03-24T17:58:55Z,2023-03-24T17:59:00Z,0.13861702134358067,3.0886144213122773,2.9499973999686966,0
2023-03-24T17:58:55Z,2023-03-24T17:59:00Z,0.147064182131857,3.1057732682065717,2.9587090860747147,0
2023-03-24T17:58:55Z,2023-03-24T17:59:00Z,0.15301843146557736,3.121576073224854,2.9685576417592765,0
2023-03-24T17:58:55Z,2023-03-24T17:59:00Z,0.15306047277933965,3.132612610452992,2.9795521376736525,0
2023-03-24T17:58:55Z,2023-03-24T17:59:00Z,0.1568585985546509,3.1481164556253525,2.9912578570707016,0
2023-03-24T17:58:55Z,2023-03-24T17:59:00Z,0.1571631252739225,3.160659560676706,3.0034964354027833,0
2023-03-24T17:58:55Z,2023-03-24T17:59:00Z,0.15842598635504945,3.1751072311723565,3.016681244817307,0
2023-03-24T17:58:55Z,2023-03-24T17:59:00Z,0.15666473994819796,3.186797382422575,3.030132642474377,0
2023-03-24T17:58:55Z,2023-03-24T17:59:00Z,0.14975575854198597,3.193952672484608,3.044196913942622,0
2023-03-24T17:58:55Z,2023-03-24T17:59:00Z,0.1322920246280277,3.1908236275908295,3.058531602962802,0
2023-03-24T17:58:55Z,2023-03-24T17:59:00Z,0.11140691695328586,3.1843459004487533,3.0729389834954675,0
2023-03-24T17:58:55Z,2023-03-24T17:59:00Z,0.09321502610651589,3.179882277407256,3.08666725130074,0
2023-03-24T17:58:55Z,2023-03-24T17:59:00Z,0.07724472263931093,3.176787785577644,3.099543062938333,0
2023-03-24T17:58:55Z,2023-03-24T17:59:00Z,0.061880794824382246,3.1734892670539616,3.1116084722295794,0
2023-03-24T17:58:55Z,2023-03-24T17:59:00Z,0.04521406865195443,3.168019545714002,3.1228054770620477,0
2023-03-24T17:58:55Z,2023-03-24T17:59:00Z,0.03180109236353701,3.1646278223782436,3.1328267300147066,0
2023-03-24T17:58:55Z,2023-03-24T17:59:00Z,0.018204347934369203,3.159623337906963,3.141418989972594,0
2023-03-24T17:58:55Z,2023-03-24T17:59:00Z,0.009890685367259344,3.158555010145673,3.1486643247784136,0
2023-03-24T17:58:55Z,2023-03-24T17:59:00Z,0.004578787254267969,3.159160178169826,3.154581390915558,0
2023-03-24T17:58:55Z,2023-03-24T17:59:00Z,0.0037036236090259855,3.155705501379953,3.159409124988979,0
2023-03-24T17:58:55Z,2023-03-24T17:59:00Z,0.010802289428070377,3.152526044275217,3.1633283337032876,0
2023-03-24T17:58:55Z,2023-03-24T17:59:00Z,0.018098600578588808,3.1480037460787753,3.166102346657364,0
2023-03-24T17:58:55Z,2023-03-24T17:59:00Z,0.022555693006252042,3.1452660964872434,3.1678217894934955,0
2023-03-24T17:58:55Z,2023-03-24T17:59:00Z,0.020902791495372774,3.1477740610884437,3.1686768525838165,0
2023-03-24T17:58:55Z,2023-03-24T17:59:00Z,0.014213988211749573,3.1543045110866164,3.168518499298366,0
2023-03-24T17:58:55Z,2023-03-24T17:59:00Z,0.014749283545826941,3.153053354664302,3.1678026382101288,0
2023-03-24T17:58:55Z,2023-03-24T17:59:00Z,0.02115444216225093,3.1454924893764478,3.1666469315386987,0
2023-03-24T17:58:55Z,2023-03-24T17:59:00Z,0.022879098235018436,3.1418931650948876,3.164772263329906,0
2023-03-24T17:58:55Z,2023-03-24T17:59:00Z,0.020677132000032294,3.1414028989349756,3.162080030935008,0
2023-03-24T17:58:55Z,2023-03-24T17:59:00Z,0.019401203818472545,3.139960468088984,3.1593616719074564,0
2023-03-24T17:58:55Z,2023-03-24T17:59:00Z,0.02190906850584673,3.135066881095288,3.1569759496011347,0
2023-03-24T17:58:55Z,2023-03-24T17:59:00Z,0.02518006870265843,3.1295780026030173,3.1547580713056758,0
2023-03-24T17:58:55Z,2023-03-24T17:59:00Z,0.026503182536539605,3.1259370607423387,3.1524402432788783,0
2023-03-24T17:58:55Z,2023-03-24T17:59:00Z,0.02599303558991828,3.1240076929972407,3.150000728587159,0
2023-03-24T17:58:55Z,2023-03-24T17:59:00Z,0.025853432576985913,3.1218093801784144,3.1476628127554003,0
2023-03-24T17:58:55Z,2023-03-24T17:59:00Z,0.02170200851899251,3.123704130381907,3.1454061389008996,0
2023-03-24T17:58:55Z,2023-03-24T17:59:00Z,0.01969512872710233,3.123610234744433,3.1433053634715353,0
2023-03-24T17:58:55Z,2023-03-24T17:59:00Z,0.01755089986699465,3.123818303617665,3.14136920348466,0
2023-03-24T17:58:55Z,2023-03-24T17:59:00Z,0.016748673499491495,3.1226455331282024,3.139394206627694,0
2023-03-24T17:58:55Z,2023-03-24T17:59:00Z,0.019011376722596562,3.1186113189183033,3.1376226956409,0
2023-03-24T17:58:55Z,2023-03-24T17:59:00Z,0.016233967469753363,3.11972869977409,3.1359626672438434,0
2023-03-24T17:58:55Z,2023-03-24T17:59:00Z,0.013136431948886695,3.1211933226749307,3.1343297546238174,0
2023-03-24T17:58:55Z,2023-03-24T17:59:00Z,0.009299130208595852,3.12361188015338,3.1329110103619757,0
2023-03-24T17:58:55Z,2023-03-24T17:59:00Z,0.001597558665554999,3.133031861337891,3.131434302672336,0
2023-03-24T17:58:55Z,2023-03-24T17:59:00Z,0.004938455847404377,3.1346676123567834,3.129729156509379,0
2023-03-24T17:58:55Z,2023-03-24T17:59:00Z,0.0100859424240074,3.1387027937485854,3.128616851324578,0
2023-03-24T17:58:55Z,2023-03-24T17:59:00Z,0.015092223160228624,3.1431076924281585,3.12801546926793,0
2023-03-24T17:58:55Z,2023-03-24T17:59:00Z,0.0072791847946223065,3.1351174112099796,3.1278382264153572,0
2023-03-24T17:58:55Z,2023-03-24T17:59:00Z,0.006624813475354152,3.134557750640333,3.127932937164979,0
2023-03-24T17:58:55Z,2023-03-24T17:59:00Z,0.0066384171335949205,3.1343022955830735,3.1276638784494786,0
2023-03-24T17:58:55Z,2023-03-24T17:59:00Z,0.0165464005527447,3.1441819939769484,3.1276355934242037,0
2023-03-24T17:58:55Z,2023-03-24T17:59:00Z,0.017045364784924022,3.1449434189302417,3.1278980541453176,0
2023-03-24T17:58:55Z,2023-03-24T17:59:00Z,0.020908481201150853,3.1498201427483914,3.1289116615472405,0
2023-03-24T17:58:55Z,2023-03-24T17:59:00Z,0.02727749062763385,3.1573522480600404,3.1300747574324066,0
2023-03-24T17:58:55Z,2023-03-24T17:59:00Z,0.020803416201723213,3.1524343271102397,3.1316309109085165,0
2023-03-24T17:58:55Z,2023-03-24T17:59:00Z,0.012531387816061113,3.146031638595585,3.133500250779524,0
2023-03-24T17:58:55Z,2023-03-24T17:59:00Z,0.0004867893127133982,3.1355883785570047,3.1351015892442913,0
2023-03-24T17:58:55Z,2023-03-24T17:59:00Z,0.01251269859209625,3.1238229648176348,3.136335663409731,0
2023-03-24T17:58:55Z,2023-03-24T17:59:00Z,0.02349421902799742,3.1135604913500003,3.1370547103779978,0
2023-03-24T17:58:55Z,2023-03-24T17:59:00Z,0.036535251294798066,3.1008089949664956,3.1373442462612937,0
2023-03-24T17:58:55Z,2023-03-24T17:59:00Z,0.05039998106345012,3.086601586952061,3.137001568015511,0
2023-03-24T17:58:55Z,2023-03-24T17:59:00Z,0.061218649622173604,3.0746504557428693,3.135869105365043,0
2023-03-24T17:58:55Z,2023-03-24T17:59:00Z,0.06869340857823181,3.0651195693867384,3.13381297796497,0
2023-03-24T17:58:55Z,2023-03-24T17:59:00Z,0.06268888580241638,3.0678806807406076,3.130569566543024,0
2023-03-24T17:58:55Z,2023-03-24T17:59:00Z,0.06351969433272497,3.0631860920452962,3.126705786378021,0
2023-03-24T17:58:55Z,2023-03-24T17:59:00Z,0.07122929681211154,3.051541927732133,3.1227712245442447,0
2023-03-24T17:58:55Z,2023-03-24T17:59:00Z,0.07840423799139629,3.0399268976426894,3.1183311356340857,0
2023-03-24T17:58:55Z,2023-03-24T17:59:00Z,0.08289882206547805,3.030789231153172,3.11368805321865,0
2023-03-24T17:58:55Z,2023-03-24T17:59:00Z,0.08675634941708266,3.0216744341905866,3.1084307836076692,0
2023-03-24T17:58:55Z,2023-03-24T17:59:00Z,0.08857577268902217,3.014104285116986,3.1026800578060083,0
2023-03-24T17:58:55Z,2023-03-24T17:59:00Z,0.08630227616476693,3.0095718060975547,3.0958740822623216,0
2023-03-24T17:58:55Z,2023-03-24T17:59:00Z,0.07783781155301428,3.0107674299419043,3.0886052414949186,0
2023-03-24T17:58:55Z,2023-03-24T17:59:00Z,0.07218104419529014,3.0086326230412483,3.0808136672365385,0
2023-03-24T17:58:55Z,2023-03-24T17:59:00Z,0.06479168547893055,3.007878380751045,3.0726700662299757,0
2023-03-24T17:58:55Z,2023-03-24T17:59:00Z,0.0584320038098598,3.0062490788607272,3.064681082670587,0
2023-03-24T17:58:55Z,2023-03-24T17:59:00Z,0.050434266384230764,3.006571635294993,3.057005901679224,0
2023-03-24T17:58:55Z,2023-03-24T17:59:00Z,0.0388067724847283,3.0110136125447022,3.0498203850294305,0
2023-03-24T17:58:55Z,2023-03-24T17:59:00Z,0.031124014770977038,3.0121824075071957,3.0433064222781727,0
2023-03-24T17:58:55Z,2023-03-24T17:59:00Z,0.025600093157284398,3.012009280298372,3.0376093734556564,0
2023-03-24T17:58:55Z,2023-03-24T17:59:00Z,0.02028139451710853,3.012404279635253,3.0326856741523613,0
2023-03-24T17:58:55Z,2023-03-24T17:59:00Z,0.01664639991951722,3.0118952571965285,3.0285416571160457,0
2023-03-24T17:58:55Z,2023-03-24T17:59:00Z,0.013031723924103567,3.0120518122970745,3.025083536221178,0
2023-03-24T17:58:55Z,2023-03-24T17:59:00Z,0.011209991106277073,3.0109166388821116,3.0221266299883887,0
2023-03-24T17:58:55Z,2023-03-24T17:59:00Z,0.009003752609098026,3.010021273576872,3.01902502618597,0
2023-03-24T17:58:55Z,2023-03-24T17:59:00Z,0.0106685308395007,3.0054526368374033,3.016121167676904,0
2023-03-24T17:58:55Z,2023-03-24T17:59:00Z,0.007589253483768932,3.0062252111845096,3.0138144646682785,0
2023-03-24T17:58:55Z,2023-03-24T17:59:00Z,0.0024072785383757456,3.0094919494184986,3.0118992279568744,0
2023-03-24T17:58:55Z,2023-03-24T17:59:00Z,0.0030096232156897607,3.0075249369651473,3.010534560180837,0
2023-03-24T17:58:55Z,2023-03-24T17:59:00Z,0.004472994969003441,3.005384760502273,3.0098577554712764,0
2023-03-24T17:58:55Z,2023-03-24T17:59:00Z,0.005974721723877696,3.00351751440563,3.009492236129508,0
2023-03-24T17:58:55Z,2023-03-24T17:59:00Z,0.007849284203504947,3.0014103382818207,3.0092596224853256,0
2023-03-24T17:58:55Z,2023-03-24T17:59:00Z,0.0071992447416389105,3.0016576046583383,3.008856849399977,0
2023-03-24T17:58:55Z,2023-03-24T17:59:00Z,0.009430898007646515,2.99902471335014,3.0084556113577867,0
2023-03-24T17:58:55Z,2023-03-24T17:59:00Z,0.009210360176142629,2.9988996525098273,3.00811001268597,0
2023-03-24T17:58:55Z,2023-03-24T17:59:00Z,0.0060441346862125656,3.00166452436028,3.0077086590464925,0
2023-03-24T17:58:55Z,2023-03-24T17:59:00Z,0.0055908394395967065,3.0016915983410533,3.00728243778065,0
2023-03-24T17:58:55Z,2023-03-24T17:59:00Z,0.004887080814556466,3.00187596317807,3.0067630439926263,0
2023-03-24T17:58:55Z,2023-03-24T17:59:00Z,0.0056025835189132955,3.0005776377422606,3.006180221261174,0
2023-03-24T17:58:55Z,2023-03-24T17:59:00Z,0.005885888856324684,2.9997313703426105,3.005617259198935,0
2023-03-24T17:58:55Z,2023-03-24T17:59:00Z,0.004590253395203359,3.0003699701430104,3.004960223538214,0
2023-03-24T17:58:55Z,2023-03-24T17:59:00Z,0.003269223222225115,3.001015228824104,3.004284452046329,0
2023-03-24T17:58:55Z,2023-03-24T17:59:00Z,0.0012588654220881956,3.0023765953934594,3.0036354608155476,0
2023-03-24T17:58:55Z,2023-03-24T17:59:00Z,0.0012715017351379032,3.004356884214129,3.003085382478991,0
2023-03-24T17:58:55Z,2023-03-24T17:59:00Z,0.003472636296855569,2.9991880418386128,3.0026606781354683,0
2023-03-24T17:58:55Z,2023-03-24T17:59:00Z,0.0035263871494271015,3.0061261901391583,3.002599802989731,0
2023-03-24T17:58:55Z,2023-03-24T17:59:00Z,0.004416950686320753,3.006625799823502,3.0022088491371814,0
2023-03-24T17:58:55Z,2023-03-24T17:59:00Z,0.009364914247611988,3.0113867767581635,3.0020218625105515,0
2023-03-24T17:58:55Z,2023-03-24T17:59:00Z,0.013665110228425092,3.015637020675552,3.0019719104471267,0
2023-03-24T17:58:55Z,2023-03-24T17:59:00Z,0.016473849590916245,3.0187792053855924,3.002305355794676,0
2023-03-24T17:58:55Z,2023-03-24T17:59:00Z,0.017151751927425796,3.0201304136259868,3.002978661698561,0
2023-03-24T17:58:55Z,2023-03-24T17:59:00Z,0.007086839433400716,3.0110304381932824,3.0039435987598817,0
2023-03-24T17:58:55Z,2023-03-24T17:59:00Z,0.0044441956302678776,3.0094140615550184,3.0049698659247506,0
2023-03-24T17:58:55Z,2023-03-24T17:59:00Z,0.000802024270452506,3.006438874908711,3.0056368506382585,0
2023-03-24T17:58:55Z,2023-03-24T17:59:00Z,0.00010502135829915105,3.0061159631158034,3.0062209844741026,0
2023-03-24T17:58:55Z,2023-03-24T17:59:00Z,0.0013876180929206505,3.007873844264158,3.0064862261712375,0
2023-03-24T17:58:55Z,2023-03-24T17:59:00Z,0.002544263844094452,3.0092762880583734,3.006732024214279,0
2023-03-24T17:58:55Z,2023-03-24T17:59:00Z,0.0035339246319092688,3.0105991644620826,3.0070652398301734,0
2023-03-24T17:58:55Z,2023-03-24T17:59:00Z,0.007723303722755759,3.015271801903824,3.0075484981810683,0
2023-03-24T17:58:55Z,2023-03-24T17:59:00Z,0.007783435213656098,3.015935699734695,3.008152264521039,0
2023-03-24T17:58:55Z,2023-03-24T17:59:00Z,0.011874432991511696,3.020854577054818,3.0089801440633064,0
2023-03-24T17:58:55Z,2023-03-24T17:59:00Z,0.014956863305310542,3.024765922419205,3.0098090591138944,0
2023-03-24T17:58:55Z,2023-03-24T17:59:00Z,0.015135732165937554,3.0259713458165747,3.010835613650637,0
2023-03-24T17:58:55Z,2023-03-24T17:59:00Z,0.013355751467499122,3.025325200573974,3.011969449106475,0
2023-03-24T17:58:55Z,2023-03-24T17:59:00Z,0.0049530026269319904,3.0184104130655154,3.0134574104385834,0
2023-03-24T17:58:55Z,2023-03-24T17:59:00Z,0.0005090768959119529,3.0150330990253185,3.0145240221294065,0
2023-03-24T17:58:55Z,2023-03-24T17:59:00Z,0.0023845414359926487,3.0127941814290815,3.015178722865074,0
2023-03-24T17:58:55Z,2023-03-24T17:59:00Z,0.007565827276679649,3.0078154690476806,3.0153812963243602,0
2023-03-24T17:58:55Z,2023-03-24T17:59:00Z,0.014175618395457334,3.00104774241521,3.0152233608106673,0
2023-03-24T17:58:55Z,2023-03-24T17:59:00Z,0.020837564723890978,2.9937766996235586,3.0146142643474496,0
2023-03-24T17:58:55Z,2023-03-24T17:59:00Z,0.026403109470726882,2.9871510064761244,3.0135541159468513,0
2023-03-24T17:58:55Z,2023-03-24T17:59:00Z,0.03646071912066029,2.9761348557945397,3.0125955749152,0
2023-03-24T17:58:55Z,2023-03-24T17:59:00Z,0.045980203681207144,2.9653785348407213,3.0113587385219285,0
2023-03-24T17:58:55Z,2023-03-24T17:59:00Z,0.05738764695127374,2.952287534953201,3.0096751819044747,0
2023-03-24T17:58:55Z,2023-03-24T17:59:00Z,0.0697398969983043,2.9376720944464436,3.007411991444748,0
2023-03-24T17:58:55Z,2023-03-24T17:59:00Z,0.07586285961186778,2.9284610035378265,3.0043238631496942,0
2023-03-24T17:58:55Z,2023-03-24T17:59:00Z,0.07864418785543181,2.921701664538044,3.0003458523934756,0
2023-03-24T17:58:55Z,2023-03-24T17:59:00Z,0.075900229102837,2.91988239212818,2.995782621231017,0
2023-03-24T17:58:55Z,2023-03-24T17:59:00Z,0.06777318300895852,2.922811097257293,2.9905842802662517,0
2023-03-24T17:58:55Z,2023-03-24T17:59:00Z,0.05937627368967746,2.925871711709546,2.9852479853992233,0
2023-03-24T17:58:55Z,2023-03-24T17:59:00Z,0.05259021188938151,2.9272109135210904,2.979801125410472,0
2023-03-24T17:58:55Z,2023-03-24T17:59:00Z,0.04088296295516303,2.9334240396381057,2.9743070025932687,0
2023-03-24T17:58:55Z,2023-03-24T17:59:00Z,0.03061582414898556,2.9382044877612,2.9688203119101857,0
2023-03-24T17:58:55Z,2023-03-24T17:59:00Z,0.020815285002629746,2.942899406855564,2.963714691858194,0
2023-03-24T17:58:55Z,2023-03-24T17:59:00Z,0.012696184196640647,2.946562622922424,2.9592588071190646,0
2023-03-24T17:58:55Z,2023-03-24T17:59:00Z,0.003290251794306087,2.9519611279819946,2.9552513797763007,0
2023-03-24T17:58:55Z,2023-03-24T17:59:00Z,0.007415194764637256,2.9589870435127903,2.951571848748153,0
2023-03-24T17:58:55Z,2023-03-24T17:59:00Z,0.01961106808666857,2.968079897886728,2.9484688298000594,0
2023-03-24T17:58:55Z,2023-03-24T17:59:00Z,0.027189090297378815,2.973321214602859,2.94613212430548,0
2023-03-24T17:58:55Z,2023-03-24T17:59:00Z,0.04107676056878029,2.9857812847777705,2.94470452420899,0
2023-03-24T17:58:55Z,2023-03-24T17:59:00Z,0.05269018259357239,2.996626385031826,2.9439362024382536,0
2023-03-24T17:58:55Z,2023-03-24T17:59:00Z,0.066969413268819,3.0114415284283624,2.9444721151595434,0
2023-03-24T17:58:55Z,2023-03-24T17:59:00Z,0.07663979679786204,3.0228479036346894,2.9462081068368273,0
2023-03-24T17:58:55Z,2023-03-24T17:59:00Z,0.08292186284748526,3.0324163026551547,2.9494944398076695,0
2023-03-24T17:58:55Z,2023-03-24T17:59:00Z,0.08810516560896575,3.0423315948159826,2.954226429207017,0
2023-03-24T17:58:55Z,2023-03-24T17:59:00Z,0.09724766946109309,3.0572493930635165,2.9600017236024234,1
2023-03-24T17:58:55Z,2023-03-24T17:59:00Z,0.102031180549774,3.0687345669454165,2.9667033863956425,1
2023-03-24T17:58:55Z,2023-03-24T17:59:00Z,0.10065821399844133,3.074993100446047,2.974334886447606,1
2023-03-24T17:58:55Z,2023-03-24T17:59:00Z,0.10018284123692345,3.0826245871116464,2.982441745874723,1
2023-03-24T17:58:55Z,2023-03-24T17:59:00Z,0.09767510577690874,3.0884013732481046,2.990726267471196,1
2023-03-24T17:58:55Z,2023-03-24T17:59:00Z,0.09565594397640975,3.0950163044248584,2.9993603604484487,1
2023-03-24T17:58:55Z,2023-03-24T17:59:00Z,0.09404987482385829,3.102020087139529,3.0079702123156706,1
2023-03-24T17:58:55Z,2023-03-24T17:59:00Z,0.09441559995120263,3.1110975798592992,3.0166819799080966,1
2023-03-24T17:58:55Z,2023-03-24T17:59:00Z,0.09503194329190645,3.120553960993557,3.0255220177016504,1
2023-03-24T17:58:55Z,2023-03-24T17:59:00Z,0.09832537544392839,3.132988224086516,3.0346628486425877,1
2023-03-24T17:58:55Z,2023-03-24T17:59:00Z,0.09772729574739047,3.1417564128906204,3.04402911714323,1
2023-03-24T17:58:55Z,2023-03-24T17:59:00Z,0.09765323173651552,3.151349081133841,3.0536958493973256,1
2023-03-24T17:58:55Z,2023-03-24T17:59:00Z,0.09412962701698291,3.1574741716923027,3.06334454467532,1
2023-03-24T17:58:55Z,2023-03-24T17:59:00Z,0.09027957692507904,3.163514558629898,3.073234981704819,1
2023-03-24T17:58:55Z,2023-03-24T17:59:00Z,0.08688677699290759,3.1696602524152,3.0827734754222926,1
2023-03-24T17:58:55Z,2023-03-24T17:59:00Z,0.08430368383795184,3.1763487244601376,3.0920450406221858,1
2023-03-24T17:58:55Z,2023-03-24T17:59:00Z,0.08590689076435476,3.18674186049692,3.1008349697325652,1
2023-03-24T17:58:55Z,2023-03-24T17:59:00Z,0.0881491035035622,3.1975118966153193,3.109362793111757,1
2023-03-24T17:58:55Z,2023-03-24T17:59:00Z,0.08366411258982875,3.2016005478039062,3.1179364352140775,1
2023-03-24T17:58:55Z,2023-03-24T17:59:00Z,0.08201129833881282,3.2085688614306314,3.1265575630918185,1
2023-03-24T17:58:55Z,2023-03-24T17:59:00Z,0.07816145265238816,3.2127385243408946,3.1345770716885064,1
2023-03-24T17:58:55Z,2023-03-24T17:59:00Z,0.07378509127477972,3.2161307348791315,3.1423456436043518,1
2023-03-24T17:58:55Z,2023-03-24T17:59:00Z,0.06814522687215385,3.2181433940262196,3.1499981671540658,1
2023-03-24T17:58:55Z,2023-03-24T17:59:00Z,0.06026212944494436,3.2176773048083147,3.1574151753633704,1
2023-03-24T17:58:55Z,2023-03-24T17:59:00Z,0.05678498840441559,3.2214080538110146,3.164623065406599,1
2023-03-24T17:58:55Z,2023-03-24T17:59:00Z,0.04950901418578457,3.220946579613687,3.1714375654279023,1
2023-03-24T17:58:55Z,2023-03-24T17:59:00Z,0.04347259675475135,3.2215428269977355,3.178070230242984,1
2023-03-24T17:58:55Z,2023-03-24T17:59:00Z,0.03727027867661725,3.221443231128179,3.184172952451562,1
2023-03-24T17:58:55Z,2023-03-24T17:59:00Z,0.0279538886577142,3.217737333665063,3.189783445007349,1
2023-03-24T17:58:55Z,2023-03-24T17:59:00Z,0.022362376687189656,3.217059988752409,3.1946976120652195,1
2023-03-24T17:58:55Z,2023-03-24T17:59:00Z,0.010826294865141861,3.209745069195608,3.1989187743304663,1
2023-03-24T17:58:55Z,2023-03-24T17:59:00Z,0.003828119390195006,3.206397499699471,3.202569380309276,1
2023-03-24T17:58:55Z,2023-03-24T17:59:00Z,0.0015625390041309473,3.2070358580635903,3.2054733190594593,1
2023-03-24T17:58:55Z,2023-03-24T17:59:00Z,0.002333285097420923,3.2055224195770142,3.207855704674435,1
2023-03-24T17:58:55Z,2023-03-24T17:59:00Z,0.005022225311252182,3.204909901899205,3.209932127210457,1
2023-03-24T17:58:55Z,2023-03-24T17:59:00Z,0.008515053972191655,3.203037834078092,3.2115528880502837,1
2023-03-24T17:58:55Z,2023-03-24T17:59:00Z,0.00844058482303156,3.2041216388607126,3.212562223683744,1
2023-03-24T17:58:55Z,2023-03-24T17:59:00Z,0.010546585374406447,3.2023226348350473,3.2128692202094538,1
2023-03-24T17:58:55Z,2023-03-24T17:59:00Z,0.017262656875479898,3.1957466239482413,3.213009280823721,1
2023-03-24T17:58:55Z,2023-03-24T17:59:00Z,0.021061643883896863,3.1916006243511803,3.212662268235077,1
2023-03-24T17:58:55Z,2023-03-24T17:59:00Z,0.025911327941369855,3.1858069458274487,3.2117182737688186,1
2023-03-24T17:58:55Z,2023-03-24T17:59:00Z,0.028270411650405336,3.1820850782001937,3.210355489850599,1
2023-03-24T17:58:55Z,2023-03-24T17:59:00Z,0.03066695274359965,3.177892067762624,3.2085590205062235,1
2023-03-24T17:58:55Z,2023-03-24T17:59:00Z,0.03593158329361046,3.1706500912899394,3.20658167458355,1
2023-03-24T17:58:55Z,2023-03-24T17:59:00Z,0.040232649453852964,3.1639314703492305,3.2041641198030835,1
2023-03-24T17:58:55Z,2023-03-24T17:59:00Z,0.04467105989683873,3.156698810554926,3.2013698704517646,1
2023-03-24T17:58:55Z,2023-03-24T17:59:00Z,0.048107457806445986,3.1500617817204017,3.1981692395268477,1
2023-03-24T17:58:55Z,2023-03-24T17:59:00Z,0.051729827432350994,3.1428424998404267,3.1945723272727777,1
2023-03-24T17:58:55Z,2023-03-24T17:59:00Z,0.058079256991733,3.13273331739523,3.190812574386963,1
2023-03-24T17:58:55Z,2023-03-24T17:59:00Z,0.06532732250818363,3.121362058050336,3.1866893805585197,1
2023-03-24T17:58:55Z,2023-03-24T17:59:00Z,0.07439408890297372,3.108016860999969,3.182410949902943,1
2023-03-24T17:58:55Z,2023-03-24T17:59:00Z,0.08650304032526446,3.091183718374949,3.1776867587002133,1
2023-03-24T17:58:55Z,2023-03-24T17:59:00Z,0.09847898294281521,3.0737067203649744,3.1721857033077896,1
2023-03-24T17:58:55Z,2023-03-24T17:59:00Z,0.1077760498507443,3.0580575033902644,3.1658335532410087,1
2023-03-24T17:58:55Z,2023-03-24T17:59:00Z,0.09377768397694108,3.064766803623277,3.158544487600218,1
2023-03-24T17:58:55Z,2023-03-24T17:59:00Z,0.07339538249067612,3.0770946422935515,3.1504900247842276,1
2023-03-24T17:58:55Z,2023-03-24T17:59:00Z,0.05785130293896801,3.0848967865542907,3.1427480894932587,1
2023-03-24T17:58:55Z,2023-03-24T17:59:00Z,0.047233260152897305,3.088557718643612,3.1357909787965093,1
2023-03-24T17:58:55Z,2023-03-24T17:59:00Z,0.03957980981087239,3.0900528446859727,3.129632654496845,1
2023-03-24T17:58:55Z,2023-03-24T17:59:00Z,0.03371506385608258,3.09019298476812,3.1239080486242026,1
2023-03-24T17:58:55Z,2023-03-24T17:59:00Z,0.03025632282507118,3.0883320535134935,3.1185883763385647,1
2023-03-24T17:58:55Z,2023-03-24T17:59:00Z,0.025661219880571462,3.0878220401562118,3.113483260036783,1
2023-03-24T17:58:55Z,2023-03-24T17:59:00Z,0.020818846947256553,3.0876888567423526,3.108507703689609,1
2023-03-24T17:58:55Z,2023-03-24T17:59:00Z,0.020578193054992422,3.0833279522382986,3.103906145293291,1
2023-03-24T17:58:55Z,2023-03-24T17:59:00Z,0.024043903958499424,3.0756265405788543,3.0996704445373537,1
2023-03-24T17:58:55Z,2023-03-24T17:59:00Z,0.01985311762232911,3.0757411681196563,3.0955942857419854,1
2023-03-24T17:58:55Z,2023-03-24T17:59:00Z,0.017442674116189938,3.074016320451265,3.091458994567455,1
2023-03-24T17:58:55Z,2023-03-24T17:59:00Z,0.013621453008624496,3.074109689796565,3.0877311428051897,1
2023-03-24T17:58:55Z,2023-03-24T17:59:00Z,0.00804264390618803,3.076426443513226,3.084469087419414,1
2023-03-24T17:58:55Z,2023-03-24T17:59:00Z,0.007234332888547357,3.0746096229612125,3.08184395584976,1
2023-03-24T17:58:55Z,2023-03-24T17:59:00Z,0.0058004448555282195,3.0742884878005237,3.080088932656052,1
2023-03-24T17:58:55Z,2023-03-24T17:59:00Z,0.005354644329507607,3.0738135052480033,3.079168149577511,1
2023-03-24T17:58:55Z,2023-03-24T17:59:00Z,0.006656637458893222,3.072543832531704,3.0792004699905973,1
2023-03-24T17:58:55Z,2023-03-24T17:59:00Z,0.008025133481855296,3.0720506699452828,3.080075803427138,1
2023-03-24T17:58:55Z,2023-03-24T17:59:00Z,0.007605315145800873,3.0729025454429166,3.0805078605887175,1
2023-03-24T17:58:55Z,2023-03-24T17:59:00Z,0.00664275591547403,3.0735848839872286,3.0802276399027027,1
2023-03-24T17:58:55Z,2023-03-24T17:59:00Z,0.006154995657871698,3.073406297516421,3.079561293174293,1
2023-03-24T17:58:55Z,2023-03-24T17:59:00Z,0.011591309691446838,3.067138159335269,3.0787294690267157,1
2023-03-24T17:58:55Z,2023-03-24T17:59:00Z,0.023132155486940587,3.054672505363689,3.0778046608506298,1
2023-03-24T17:58:55Z,2023-03-24T17:59:00Z,0.02512397525464216,3.051399861960829,3.076523837215471,1
2023-03-24T17:58:55Z,2023-03-24T17:59:00Z,0.021984845392314156,3.052669016925946,3.07465386231826,1
2023-03-24T17:58:55Z,2023-03-24T17:59:00Z,0.018927357218573526,3.053703050755499,3.0726304079740725,1
2023-03-24T17:58:55Z,2023-03-24T17:59:00Z,0.01803235488574151,3.0526525064318637,3.070684861317605,1
2023-03-24T17:58:55Z,2023-03-24T17:59:00Z,0.021068696202358073,3.0479703372550913,3.0690390334574493,1
2023-03-24T17:58:55Z,2023-03-24T17:59:00Z,0.020493453719446553,3.0472692445076146,3.067762698227061,1
2023-03-24T17:58:55Z,2023-03-24T17:59:00Z,0.011575840074349752,3.0546440342157912,3.066219874290141,1
2023-03-24T17:58:55Z,2023-03-24T17:59:00Z,0.011839532879060144,3.052894392747545,3.064733925626605,1
2023-03-24T17:58:55Z,2023-03-24T17:59:00Z,0.01224393880638619,3.051408561510176,3.063652500316562,1
2023-03-24T17:58:55Z,2023-03-24T17:59:00Z,0.02708085651469272,3.03526430764822,3.0623451641629127,1
2023-03-24T17:58:55Z,2023-03-24T17:59:00Z,0.04819150733055677,3.0128647089739653,3.061056216304522,1
2023-03-24T17:58:55Z,2023-03-24T17:59:00Z,0.06061354806659747,2.9982746582294633,3.0588882062960607,1
2023-03-24T17:58:55Z,2023-03-24T17:59:00Z,0.058281335571526593,2.9972208264870877,3.0555021620586142,1
2023-03-24T17:58:55Z,2023-03-24T17:59:00Z,0.05194017196531853,2.999435924854282,3.0513760968196006,1
2023-03-24T17:58:55Z,2023-03-24T17:59:00Z,0.04591330678419148,3.001305576509954,3.0472188832941454,1
2023-03-24T17:58:55Z,2023-03-24T17:59:00Z,0.03343219755914806,3.0097052068134063,3.0431374043725543,1
2023-03-24T17:58:55Z,2023-03-24T17:59:00Z,0.02877201479319913,3.010349872497285,3.039121887290484,1
2023-03-24T17:58:55Z,2023-03-24T17:59:00Z,0.025791396390256516,3.0097915414167264,3.035582937806983,1
2023-03-24T17:58:55Z,2023-03-24T17:59:00Z,0.023367273390074494,3.0090607595925762,3.0324280329826507,1
2023-03-24T17:58:55Z,2023-03-24T17:59:00Z,0.022563297532605553,3.007371348564102,3.0299346460967076,1
2023-03-24T17:58:55Z,2023-03-24T17:59:00Z,0.023266677298546146,3.00431579644437,3.0275824737429162,1
2023-03-24T17:58:55Z,2023-03-24T17:59:00Z,0.02627837753690887,2.9987875590747937,3.0250659366117025,1
2023-03-24T17:58:55Z,2023-03-24T17:59:00Z,0.027857625050828894,2.9944645752102557,3.0223222002610846,1
2023-03-24T17:58:55Z,2023-03-24T17:59:00Z,0.030388688070380976,2.9889410151153104,3.0193297031856914,1
2023-03-24T17:58:55Z,2023-03-24T17:59:00Z,0.03360965748580069,2.9827475033640667,3.0163571608498674,1
2023-03-24T17:58:55Z,2023-03-24T17:59:00Z,0.03616877864944401,2.976947925011962,3.013116703661406,1
2023-03-24T17:58:55Z,2023-03-24T17:59:00Z,0.04033124197486648,2.968791209972555,3.0091224519474213,1
2023-03-24T17:58:55Z,2023-03-24T17:59:00Z,0.044513548569031336,2.9603896551708577,3.004903203739889,1
2023-03-24T17:58:55Z,2023-03-24T17:59:00Z,0.05508149353070202,2.945231857345986,3.000313350876688,1
2023-03-24T17:58:55Z,2023-03-24T17:59:00Z,0.0643293505392335,2.9318242974220454,2.996153647961279,1
2023-03-24T17:58:55Z,2023-03-24T17:59:00Z,0.0750487159433586,2.917347551371922,2.9923962673152804,1
2023-03-24T17:58:55Z,2023-03-24T17:59:00Z,0.08100895105290817,2.907695629550849,2.9887045806037573,1
2023-03-24T17:58:55Z,2023-03-24T17:59:00Z,0.08344781297066373,2.9008193634600286,2.9842671764306923,1
2023-03-24T17:58:55Z,2023-03-24T17:59:00Z,0.08588149415063384,2.8932889992076456,2.9791704933582794,1
2023-03-24T17:58:55Z,2023-03-24T17:59:00Z,0.0912957405737953,2.8822921853928216,2.973587925966617,1
2023-03-24T17:58:55Z,2023-03-24T17:59:00Z,0.09217781644950085,2.874942542427907,2.9671203588774078,1
2023-03-24T17:58:55Z,2023-03-24T17:59:00Z,0.09538632102268307,2.864619721904477,2.96000604292716,1
2023-03-24T17:58:55Z,2023-03-24T17:59:00Z,0.09555191279124475,2.8569625190809806,2.9525144318722254,1
2023-03-24T17:58:55Z,2023-03-24T17:59:00Z,0.0922958303227226,2.8521940994557196,2.944489929778442,1
2023-03-24T17:58:55Z,2023-03-24T17:59:00Z,0.09389987415669321,2.842234009539353,2.936133883696046,1
2023-03-24T17:58:55Z,2023-03-24T17:59:00Z,0.0893493279027684,2.8383333504050197,2.927682678307788,1
2023-03-24T17:58:55Z,2023-03-24T17:59:00Z,0.08237391904154423,2.8366113398476083,2.9189852588891525,1
2023-03-24T17:58:55Z,2023-03-24T17:59:00Z,0.07989534786468422,2.8304159540908445,2.9103113019555287,1
2023-03-24T17:58:55Z,2023-03-24T17:59:00Z,0.07366266616774375,2.8281858760506897,2.9018485422184335,1
2023-03-24T17:58:55Z,2023-03-24T17:59:00Z,0.06516239925918121,2.8282232791107402,2.8933856783699214,1
2023-03-24T17:58:55Z,2023-03-24T17:59:00Z,0.05589753421696164,2.8292235858773336,2.885121120094295,1
2023-03-24T17:58:55Z,2023-03-24T17:59:00Z,0.051370488667177305,2.8259413019347948,2.877311790601972,1
2023-03-24T17:58:55Z,2023-03-24T17:59:00Z,0.04757551832404783,2.822449268428284,2.8700247867523316,1
2023-03-24T17:58:55Z,2023-03-24T17:59:00Z,0.0413763512361891,2.8220211824377435,2.8633975336739326,1
2023-03-24T17:58:55Z,2023-03-24T17:59:00Z,0.03704361273890777,2.8202775304353715,2.8573211431742793,1
2023-03-24T17:58:55Z,2023-03-24T17:59:00Z,0.03520533295456385,2.816819900834483,2.852025233789047,1
2023-03-24T17:58:55Z,2023-03-24T17:59:00Z,0.031748930237856854,2.815419742489219,2.8471686727270757,1
2023-03-24T17:58:55Z,2023-03-24T17:59:00Z,0.029311981789200026,2.813190054125345,2.842502035914545,1
2023-03-24T17:58:55Z,2023-03-24T17:59:00Z,0.022096591149476374,2.8160793749473787,2.838175966096855,1
2023-03-24T17:58:55Z,2023-03-24T17:59:00Z,0.02003583519970631,2.814301123604511,2.8343369588042173,1
2023-03-24T17:58:55Z,2023-03-24T17:59:00Z,0.022874477180343522,2.8081923056527334,2.831066782833077,1
2023-03-24T17:58:55Z,2023-03-24T17:59:00Z,0.029209455908147053,2.7990618492415984,2.8282713051497455,1
2023-03-24T17:58:55Z,2023-03-24T17:59:00Z,0.03380723527637297,2.791754613571803,2.825561848848176,1
2023-03-24T17:58:55Z,2023-03-24T17:59:00Z,0.03420505196889456,2.788405005200719,2.8226100571696136,1
2023-03-24T17:58:55Z,2023-03-24T17:59:00Z,0.025552598327242215,2.7942530479552854,2.8198056462825276,1
2023-03-24T17:58:55Z,2023-03-24T17:59:00Z,0.02420137819228252,2.792830471134451,2.8170318493267335,1
2023-03-24T17:58:55Z,2023-03-24T17:59:00Z,0.02736634524605952,2.7873122656422114,2.814678610888271,1
2023-03-24T17:58:55Z,2023-03-24T17:59:00Z,0.028077692368625673,2.784512836133179,2.8125905285018047,1
2023-03-24T17:58:55Z,2023-03-24T17:59:00Z,0.02765441743329511,2.782665354934706,2.810319772368001,1
2023-03-24T17:58:55Z,2023-03-24T17:59:00Z,0.0323922524490845,2.7754991619757186,2.807891414424803,1
2023-03-24T17:58:55Z,2023-03-24T17:59:00Z,0.04263798701326449,2.762666859025837,2.8053048460391015,1
2023-03-24T17:58:55Z,2023-03-24T17:59:00Z,0.04513409098325161,2.757368413947012,2.8025025049302634,1
2023-03-24T17:58:55Z,2023-03-24T17:59:00Z,0.053540956158496744,2.7456403038049637,2.7991812599634605,1
2023-03-24T17:58:55Z,2023-03-24T17:59:00Z,0.06530556978471047,2.730283869707043,2.7955894394917533,1
2023-03-24T17:58:55Z,2023-03-24T17:59:00Z,0.07627332167589351,2.7151696052252814,2.791442926901175,1
2023-03-24T17:58:55Z,2023-03-24T17:59:00Z,0.08495306067194885,2.7016823089443687,2.7866353696163175,1
2023-03-24T17:58:55Z,2023-03-24T17:59:00Z,0.09026596821895128,2.6907999493271477,2.781065917546099,1
2023-03-24T17:58:55Z,2023-03-24T17:59:00Z,0.09937137347609015,2.675499669337732,2.7748710428138224,1
2023-03-24T17:58:55Z,2023-03-24T17:59:00Z,0.11435915474063929,2.6535519199831703,2.7679110747238096,1
2023-03-24T17:58:55Z,2023-03-24T17:59:00Z,0.12167104927946815,2.638528833540631,2.7601998828200993,1
2023-03-24T17:58:55Z,2023-03-24T17:59:00Z,0.13561027284090388,2.6159984774419978,2.7516087502829016,1
2023-03-24T17:58:55Z,2023-03-24T17:59:00Z,0.14175815232071987,2.6009320970899057,2.7426902494106256,1
2023-03-24T17:58:55Z,2023-03-24T17:59:00Z,0.14687602396699928,2.586049995658637,2.732926019625636,1
2023-03-24T17:58:55Z,2023-03-24T17:59:00Z,0.15259911216466948,2.5699117458992546,2.722510858063924,1
2023-03-24T17:58:55Z,2023-03-24T17:59:00Z,0.1559681943068827,2.554975827518339,2.7109440218252217,1
2023-03-24T17:58:55Z,2023-03-24T17:59:00Z,0.15927032525970386,2.53928932294134,2.698559648201044,1
2023-03-24T17:58:55Z,2023-03-24T17:59:00Z,0.1598647242774529,2.5257873440278207,2.6856520683052736,1
2023-03-24T17:58:55Z,2023-03-24T17:59:00Z,0.16378004935883395,2.508248490435782,2.6720285397946157,1
2023-03-24T17:58:55Z,2023-03-24T17:59:00Z,0.1692068884251281,2.4885506507635498,2.657757539188678,1
2023-03-24T17:58:55Z,2023-03-24T17:59:00Z,0.18189377725204414,2.461016502406637,2.642910279658681,1
2023-03-24T17:58:55Z,2023-03-24T17:59:00Z,0.19894590241675836,2.4287356990051294,2.627681601421888,1
2023-03-24T17:58:55Z,2023-03-24T17:59:00Z,0.20542291578586758,2.4057946905504437,2.6112176063363113,1
2023-03-24T17:58:55Z,2023-03-24T17:59:00Z,0.218230473533497,2.3753813214250457,2.5936117949585427,1
2023-03-24T17:58:55Z,2023-03-24T17:59:00Z,0.25377385315262035,2.3218107651861115,2.575584618338732,1
2023-03-24T17:58:55Z,2023-03-24T17:59:00Z,0.299478268883123,2.2572292225778177,2.5567074914609407,1
2023-03-24T17:58:55Z,2023-03-24T17:59:00Z,0.33498278508625257,2.200620731721452,2.5356035168077047,1
2023-03-24T17:58:55Z,2023-03-24T17:59:00Z,0.35250068189029626,2.1590155723202233,2.5115162542105196,1
2023-03-24T17:58:55Z,2023-03-24T17:59:00Z,0.377858732890628,2.1072753581189865,2.4851340910096145,1
2023-03-24T17:58:55Z,2023-03-24T17:59:00Z,0.38465894387132016,2.073000905601464,2.457659849472784,1
2023-03-24T17:58:55Z,2023-03-24T17:59:00Z,0.35287206643095015,2.0752737010739652,2.4281457675049154,1
2023-03-24T17:58:55Z,2023-03-24T17:59:00Z,0.3115478248696908,2.0864314108663056,2.3979792357359964,1
2023-03-24T17:58:55Z,2023-03-24T17:59:00Z,0.26861580065227475,2.1001601908606142,2.368775991512889,1
2023-03-24T17:58:55Z,2023-03-24T17:59:00Z,0.2261371251305757,2.114882278338295,2.3410194034688705,1
2023-03-24T17:58:55Z,2023-03-24T17:59:00Z,0.18616977725559636,2.128752317600016,2.3149220948556124,1
2023-03-24T17:58:55Z,2023-03-24T17:59:00Z,0.14658562861399238,2.1438868246205067,2.290472453234499,1
2023-03-24T17:58:55Z,2023-03-24T17:59:00Z,0.10899504377548519,2.1586697980511627,2.267664841826648,0
2023-03-24T17:58:55Z,2023-03-24T17:59:00Z,0.07277010137111217,2.1736780449329074,2.2464481463040196,0
2023-03-24T17:58:55Z,2023-03-24T17:59:00Z,0.03605051689451866,2.1909765909436887,2.2270271078382073,0
2023-03-24T17:58:55Z,2023-03-24T17:59:00Z,0.0012997394942813045,2.208234445797779,2.2095341852920605,0
2023-03-24T17:58:55Z,2023-03-24T17:59:00Z,0.03304994087816171,2.227581908866725,2.194531967988563,0
2023-03-24T17:58:55Z,2023-03-24T17:59:00Z,0.06358512247061343,2.2458670208365463,2.182281898365933,0
2023-03-24T17:58:55Z,2023-03-24T17:59:00Z,0.09161914010194883,2.2640003283743413,2.1723811882723925,0
2023-03-24T17:58:55Z,2023-03-24T17:59:00Z,0.1176995118452342,2.282885461196044,2.1651859493508097,0
2023-03-24T17:58:55Z,2023-03-24T17:59:00Z,0.13752945215109458,2.299503710567917,2.1619742584168224,0
2023-03-24T17:58:55Z,2023-03-24T17:59:00Z,0.15434372402916408,2.3177433290358875,2.1633996050067235,0
2023-03-24T17:58:55Z,2023-03-24T17:59:00Z,0.16798182155015384,2.336874925381681,2.168893103831527,0
2023-03-24T17:58:55Z,2023-03-24T17:59:00Z,0.17940736698545967,2.3571186795234125,2.177711312537953,0
2023-03-24T17:58:55Z,2023-03-24T17:59:00Z,0.18790850130437065,2.3783753453569174,2.1904668440525468,0
2023-03-24T17:58:55Z,2023-03-24T17:59:00Z,0.18948892091745906,2.395740085743447,2.206251164825988,0
2023-03-24T17:58:55Z,2023-03-24T17:59:00Z,0.19256903871383724,2.4156591837777674,2.22309014506393,0
2023-03-24T17:58:55Z,2023-03-24T17:59:00Z,0.19568392827020542,2.435957888605088,2.2402739603348825,0
2023-03-24T17:58:55Z,2023-03-24T17:59:00Z,0.20330935207136713,2.461111034234981,2.2578016821636138,0
2023-03-24T17:58:55Z,2023-03-24T17:59:00Z,0.21094124090112265,2.486580456968447,2.2756392160673244,0
2023-03-24T17:58:55Z,2023-03-24T17:59:00Z,0.21385472576956888,2.50795831498328,2.294103589213711,0
2023-03-24T17:58:55Z,2023-03-24T17:59:00Z,0.21138387832923744,2.5245260026733893,2.313142124344152,0
2023-03-24T17:58:55Z,2023-03-24T17:59:00Z,0.21084769153506233,2.5433947334865543,2.332547041951492,0
2023-03-24T17:58:55Z,2023-03-24T17:59:00Z,0.21046515944476463,2.5625037546040614,2.352038595159297,0
2023-03-24T17:58:55Z,2023-03-24T17:59:00Z,0.2093253896260281,2.5809427704821513,2.371617380856123,0
2023-03-24T17:58:55Z,2023-03-24T17:59:00Z,0.20641730493759036,2.5977163140607287,2.3912990091231383,0
2023-03-24T17:58:55Z,2023-03-24T17:59:00Z,0.21001425267310259,2.6209444207748755,2.410930168101773,0
2023-03-24T17:58:55Z,2023-03-24T17:59:00Z,0.2166572450366666,2.6471345960953383,2.4304773510586717,0
2023-03-24T17:58:55Z,2023-03-24T17:59:00Z,0.20770707568924607,2.6580146541035035,2.4503075784142574,0
2023-03-24T17:58:55Z,2023-03-24T17:59:00Z,0.2107294513715341,2.6812730928357524,2.4705436414642183,0
2023-03-24T17:58:55Z,2023-03-24T17:59:00Z,0.21631329221983586,2.7067742083249198,2.490460916105084,0
2023-03-24T17:58:55Z,2023-03-24T17:59:00Z,0.21887979431836913,2.7295368084123344,2.5106570140939652,0
2023-03-24T17:58:55Z,2023-03-24T17:59:00Z,0.21957740760965416,2.750784381867133,2.5312069742574788,0
2023-03-24T17:58:55Z,2023-03-24T17:59:00Z,0.2151454892631124,2.767042359569976,2.5518968703068636,0
2023-03-24T17:58:55Z,2023-03-24T17:59:00Z,0.20662812337286995,2.7792143845969677,2.5725862612240977,0
2023-03-24T17:58:55Z,2023-03-24T17:59:00Z,0.194816847987215,2.7880310133127866,2.5932141653255716,0
2023-03-24T17:58:55Z,2023-03-24T17:59:00Z,0.17576224889690417,2.7891739253790977,2.6134116764821935,0
2023-03-24T17:58:55Z,2023-03-24T17:59:00Z,0.1492175820524686,2.7821888765739784,2.63297129452151,0
2023-03-24T17:58:55Z,2023-03-24T17:59:00Z,0.1233161482990397,2.774513158995223,2.6511970106961833,0
2023-03-24T17:58:55Z,2023-03-24T17:59:00Z,0.09825563066348764,2.7658753313377558,2.667619700674268,0
2023-03-24T17:58:55Z,2023-03-24T17:59:00Z,0.07091026436105974,2.753338567480436,2.682428303119376,0
2023-03-24T17:58:55Z,2023-03-24T17:59:00Z,0.042549802276994786,2.7383864014332797,2.695836599156285,0
2023-03-24T17:58:55Z,2023-03-24T17:59:00Z,0.02106616224716351,2.7285663077364424,2.707500145489279,0
2023-03-24T17:58:55Z,2023-03-24T17:59:00Z,0.00469456884179742,2.7219659724882552,2.717271403646458,0
2023-03-24T17:58:55Z,2023-03-24T17:59:00Z,0.012334108298641233,2.7131386029730553,2.7254727112716965,0
2023-03-24T17:58:55Z,2023-03-24T17:59:00Z,0.028528199934507725,2.7038472701387173,2.732375470073225,0
2023-03-24T17:58:55Z,2023-03-24T17:59:00Z,0.04197184369292417,2.6955255253913113,2.7374973690842355,0
2023-03-24T17:58:55Z,2023-03-24T17:59:00Z,0.054734976968644045,2.685913096229112,2.740648073197756,0
2023-03-24T17:58:55Z,2023-03-24T17:59:00Z,0.06240119589186799,2.6803308145996554,2.7427320104915234,0
2023-03-24T17:58:55Z,2023-03-24T17:59:00Z,0.06898027748790891,2.6740095109699125,2.7429897884578214,0
2023-03-24T17:58:55Z,2023-03-24T17:59:00Z,0.08136346251532389,2.660157248513316,2.74152071102864,0
2023-03-24T17:58:55Z,2023-03-24T17:59:00Z,0.09884083231360563,2.639595028857122,2.7384358611707276,0
2023-03-24T17:58:55Z,2023-03-24T17:59:00Z,0.11143421517544683,2.6219668052534018,2.7334010204288486,0
2023-03-24T17:58:55Z,2023-03-24T17:59:00Z,0.12306728767235242,2.6032533254946713,2.7263206131670237,0
2023-03-24T17:58:55Z,2023-03-24T17:59:00Z,0.139759627585875,2.5778250089509505,2.7175846365368255,0
2023-03-24T17:58:55Z,2023-03-24T17:59:00Z,0.14547967855383304,2.5618395308819855,2.7073192094358185,0
2023-03-24T17:58:55Z,2023-03-24T17:59:00Z,0.13280745757278467,2.5627701453948037,2.6955776029675884,0
2023-03-24T17:58:55Z,2023-03-24T17:59:00Z,0.11649140379727241,2.566844568854094,2.6833359726513666,0
2023-03-24T17:58:55Z,2023-03-24T17:59:00Z,0.09647543452863205,2.5750970373671556,2.6715724718957876,0
2023-03-24T17:58:55Z,2023-03-24T17:59:00Z,0.07137012508968787,2.5891450822236743,2.660515207313362,0
2023-03-24T17:58:55Z,2023-03-24T17:59:00Z,0.04873004229560696,2.6018828577892394,2.6506129000848464,0
2023-03-24T17:58:55Z,2023-03-24T17:59:00Z,0.029926075474498326,2.6123956402098143,2.6423217156843126,0
2023-03-24T17:58:55Z,2023-03-24T17:59:00Z,0.009147671101748411,2.626136075141053,2.6352837462428016,0
2023-03-24T17:58:55Z,2023-03-24T17:59:00Z,0.009913477171462848,2.639109982732129,2.629196505560666,0
2023-03-24T17:58:55Z,2023-03-24T17:59:00Z,0.030621761762173794,2.6549847935543953,2.6243630317922215,0
2023-03-24T17:58:55Z,2023-03-24T17:59:00Z,0.048987293114991726,2.6697538089401807,2.620766515825189,0
2023-03-24T17:58:55Z,2023-03-24T17:59:00Z,0.07395076776848786,2.6924650207138487,2.618514252945361,0
2023-03-24T17:58:55Z,2023-03-24T17:59:00Z,0.09122884736726178,2.7088453621299036,2.617616514762642,0
2023-03-24T17:58:55Z,2023-03-24T17:59:00Z,0.10429885087869462,2.7225894882032358,2.618290637324541,0
2023-03-24T17:58:55Z,2023-03-24T17:59:00Z,0.11535016578891666,2.735576128177902,2.6202259623889854,0
2023-03-24T17:58:55Z,2023-03-24T17:59:00Z,0.1337039480615818,2.7573983682111187,2.623694420149537,0
2023-03-24T17:58:55Z,2023-03-24T17:59:00Z,0.14358825552744525,2.772614958972581,2.6290267034451356,0
2023-03-24T17:58:55Z,2023-03-24T17:59:00Z,0.14548407623133164,2.7820347553963405,2.636550679165009,0
2023-03-24T17:58:55Z,2023-03-24T17:59:00Z,0.14527703094782618,2.7912366897504968,2.6459596588026706,0
2023-03-24T17:58:55Z,2023-03-24T17:59:00Z,0.14057998722982523,2.797884631946128,2.657304644716303,0
2023-03-24T17:58:55Z,2023-03-24T17:59:00Z,0.13959890624714122,2.8096478375672502,2.670048931320109,0
2023-03-24T17:58:55Z,2023-03-24T17:59:00Z,0.1345600365892956,2.8176708838289226,2.683110847239627,0
2023-03-24T17:58:55Z,2023-03-24T17:59:00Z,0.12644123494887838,2.8230411526725696,2.6965999177236912,0
2023-03-24T17:58:55Z,2023-03-24T17:59:00Z,0.11675291416710731,2.82682915669423,2.7100762425271228,0
2023-03-24T17:58:55Z,2023-03-24T17:59:00Z,0.10631620857969803,2.829386677242871,2.723070468663173,0
2023-03-24T17:58:55Z,2023-03-24T17:59:00Z,0.099704046657481,2.8352715319264865,2.7355674852690055,0
2023-03-24T17:58:55Z,2023-03-24T17:59:00Z,0.0894030788062592,2.8370256216882126,2.7476225428819534,0
2023-03-24T17:58:55Z,2023-03-24T17:59:00Z,0.0758201927790978,2.8350613721491307,2.759241179370033,0
2023-03-24T17:58:55Z,2023-03-24T17:59:00Z,0.06870648554406955,2.83894297818944,2.7702364926453704,0
2023-03-24T17:58:55Z,2023-03-24T17:59:00Z,0.059203849953013865,2.839444596964759,2.780240747011745,0
2023-03-24T17:58:55Z,2023-03-24T17:59:00Z,0.05306778363557596,2.842707928938946,2.78964014530337,0
2023-03-24T17:58:55Z,2023-03-24T17:59:00Z,0.04274308758026857,2.8405487648975787,2.79780567731731,0
2023-03-24T17:58:55Z,2023-03-24T17:59:00Z,0.032818146418178706,2.8380606330026574,2.8052424865844787,0
2023-03-24T17:58:55Z,2023-03-24T17:59:00Z,0.025109026569273052,2.836904806303438,2.811795779734165,0
2023-03-24T17:58:55Z,2023-03-24T17:59:00Z,0.014487635300085788,2.8319769986356254,2.8174893633355396,0
2023-03-24T17:58:55Z,2023-03-24T17:59:00Z,0.005881434597780011,2.827787822271782,2.821906387674002,0
2023-03-24T17:58:55Z,2023-03-24T17:59:00Z,0.0006134474823640268,2.8245908312840298,2.825204278766394,0
2023-03-24T17:58:55Z,2023-03-24T17:59:00Z,0.015001163581970012,2.812744952233059,2.827746115815029,0
2023-03-24T17:58:55Z,2023-03-24T17:59:00Z,0.023884762663979764,2.805714361014023,2.829599123678003,0
2023-03-24T17:58:55Z,2023-03-24T17:59:00Z,0.03810528716244477,2.7923194098648327,2.8304246970272775,0
2023-03-24T17:58:55Z,2023-03-24T17:59:00Z,0.046412609551734985,2.783793561000363,2.8302061705520978,0
2023-03-24T17:58:55Z,2023-03-24T17:59:00Z,0.053433651908707525,2.775364103423163,2.8287977553318706,0
2023-03-24T17:58:55Z,2023-03-24T17:59:00Z,0.058188003042127345,2.768429330530176,2.8266173335723033,0
2023-03-24T17:58:55Z,2023-03-24T17:59:00Z,0.056445668384097925,2.7673124955620354,2.8237581639461333,0
2023-03-24T17:58:55Z,2023-03-24T17:59:00Z,0.053775692476920156,2.7665959522073966,2.820371644684317,0
2023-03-24T17:58:55Z,2023-03-24T17:59:00Z,0.056711745353072995,2.7598843973109966,2.8165961426640695,0
2023-03-24T17:58:55Z,2023-03-24T17:59:00Z,0.05467715016499719,2.758006233083471,2.8126833832484683,0
2023-03-24T17:58:55Z,2023-03-24T17:59:00Z,0.05527923610499652,2.753227648541354,2.8085068846463503,0
2023-03-24T17:58:55Z,2023-03-24T17:59:00Z,0.05023112610094271,2.753779272706187,2.80401039880713,0
2023-03-24T17:58:55Z,2023-03-24T17:59:00Z,0.04761349483361865,2.751607073505544,2.7992205683391624,0
2023-03-24T17:58:55Z,2023-03-24T17:59:00Z,0.043176121792266375,2.7511039656450764,2.794280087437343,0
2023-03-24T17:58:55Z,2023-03-24T17:59:00Z,0.04017971950742627,2.7491591628525818,2.789338882360008,0
2023-03-24T17:58:55Z,2023-03-24T17:59:00Z,0.04119465569177683,2.743313300703921,2.784507956395698,0
2023-03-24T17:58:55Z,2023-03-24T17:59:00Z,0.03914691987150398,2.7404862785547017,2.7796331984262057,0
2023-03-24T17:58:55Z,2023-03-24T17:59:00Z,0.03241119945583337,2.742296237974166,2.7747074374299996,0
2023-03-24T17:58:55Z,2023-03-24T17:59:00Z,0.023017733485106717,2.7468396181828325,2.7698573516679392,0
2023-03-24T17:58:55Z,2023-03-24T17:59:00Z,0.020362305617881216,2.74492312419951,2.765285429817391,0
2023-03-24T17:58:55Z,2023-03-24T17:59:00Z,0.01869149395071945,2.7429325284194377,2.761624022370157,0
2023-03-24T17:58:55Z,2023-03-24T17:59:00Z,0.01660805227234574,2.741638679163671,2.758246731436017,0
2023-03-24T17:58:55Z,2023-03-24T17:59:00Z,0.012647089832702907,2.7428559259674588,2.7555030158001617,0
2023-03-24T17:58:55Z,2023-03-24T17:59:00Z,0.012188125164072083,2.7409729527562736,2.7531610779203457,0
2023-03-24T17:58:55Z,2023-03-24T17:59:00Z,0.011199981244739643,2.740155086816956,2.7513550680616956,0
2023-03-24T17:58:55Z,2023-03-24T17:59:00Z,0.011522464410348654,2.7383072493305747,2.7498297137409233,0
2023-03-24T17:58:55Z,2023-03-24T17:59:00Z,0.01262284010079684,2.735698128709844,2.7483209688106407,0
2023-03-24T17:58:55Z,2023-03-24T17:59:00Z,0.02042793895981454,2.7263214352465583,2.746749374206373,0
2023-03-24T17:58:55Z,2023-03-24T17:59:00Z,0.025504804494147937,2.719900888123272,2.7454056926174197,0
2023-03-24T17:58:55Z,2023-03-24T17:59:00Z,0.0248779890260451,2.71876743704488,2.743645426070925,0
2023-03-24T17:58:55Z,2023-03-24T17:59:00Z,0.022736162481887146,2.719057776899144,2.741793939381031,0
2023-03-24T17:58:55Z,2023-03-24T17:59:00Z,0.013262706644221467,2.726586130755626,2.7398488373998475,0
2023-03-24T17:58:55Z,2023-03-24T17:59:00Z,0.008696893968295427,2.7293436491756413,2.7380405431439367,0
2023-03-24T17:58:55Z,2023-03-24T17:59:00Z,0.0027316396850429747,2.7339468015205908,2.7366784412056337,0
2023-03-24T17:58:55Z,2023-03-24T17:59:00Z,0.004293419457718439,2.7312841598769744,2.735577579334693,0
2023-03-24T17:58:55Z,2023-03-24T17:59:00Z,0.003817101627592745,2.7388743198965444,2.7350572182689517,0
2023-03-24T17:58:55Z,2023-03-24T17:59:00Z,0.007330753223421027,2.7418767426769435,2.7345459894535225,0
2023-03-24T17:58:55Z,2023-03-24T17:59:00Z,0.00705647985234803,2.741412362746003,2.734355882893655,0
2023-03-24T17:58:55Z,2023-03-24T17:59:00Z,0.0030584955601784536,2.7310216720275937,2.734080167587772,0
2023-03-24T17:58:55Z,2023-03-24T17:59:00Z,0.0036520338939438624,2.730233091390856,2.7338851252847998,0
2023-03-24T17:58:55Z,2023-03-24T17:59:00Z,0.002877978932299907,2.7303454321085088,2.7332234110408087,0
2023-03-24T17:58:55Z,2023-03-24T17:59:00Z,0.0008534649778493275,2.7334432322535016,2.7325897672756523,0
2023-03-24T17:58:55Z,2023-03-24T17:59:00Z,0.012098005116369492,2.7439927449554133,2.731894739839044,0
2023-03-24T17:58:55Z,2023-03-24T17:59:00Z,0.01576699150747718,2.7472434135408106,2.7314764220333334,0
2023-03-24T17:58:55Z,2023-03-24T17:59:00Z,0.017675132719624287,2.749364757982873,2.7316896252632485,0
2023-03-24T17:58:55Z,2023-03-24T17:59:00Z,0.01665113135256302,2.7488372101830465,2.7321860788304835,0
2023-03-24T17:58:55Z,2023-03-24T17:59:00Z,0.019716018140289115,2.7526613541526075,2.7329453360123184,0
2023-03-24T17:58:55Z,2023-03-24T17:59:00Z,0.020442294620952595,2.7546385070186314,2.734196212397679,0
2023-03-24T17:58:55Z,2023-03-24T17:59:00Z,0.017399466516817785,2.7534157048050156,2.736016238288198,0
2023-03-24T17:58:55Z,2023-03-24T17:59:00Z,0.015792396604824344,2.753801472113786,2.7380090755089617,0
2023-03-24T17:58:55Z,2023-03-24T17:59:00Z,0.014395397841507673,2.754313247123018,2.73991784928151,0
2023-03-24T17:58:55Z,2023-03-24T17:59:00Z,0.008961767938138188,2.750391580628435,2.741429812690297,0
2023-03-24T17:58:55Z,2023-03-24T17:59:00Z,0.008556445462405637,2.751373458038668,2.7428170125762623,0
2023-03-24T17:58:55Z,2023-03-24T17:59:00Z,0.0018214782342544922,2.7455520896498413,2.743730611415587,0
2023-03-24T17:58:55Z,2023-03-24T17:59:00Z,0.002939671358609175,2.7477863548942905,2.7448466835356813,0
2023-03-24T17:58:55Z,2023-03-24T17:59:00Z,0.0030418851670743763,2.748259555911272,2.7452176707441978,0
2023-03-24T17:58:55Z,2023-03-24T17:59:00Z,0.005377663854591042,2.7509236463886406,2.7455459825340496,0
2023-03-24T17:58:55Z,2023-03-24T17:59:00Z,0.0033999783160005848,2.7493263604703433,2.7459263821543427,0
2023-03-24T17:58:55Z,2023-03-24T17:59:00Z,0.0030713355318687796,2.750103382928492,2.7470320473966234,0
2023-03-24T17:58:55Z,2023-03-24T17:59:00Z,0.0029081542470659194,2.7510009388147716,2.7480927845677057,0
2023-03-24T17:58:55Z,2023-03-24T17:59:00Z,0.005663648405010768,2.75485409690716,2.749190448502149,0
2023-03-24T17:58:55Z,2023-03-24T17:59:00Z,0.005580990735465807,2.7557468673799077,2.750165876644442,0
2023-03-24T17:58:55Z,2023-03-24T17:59:00Z,0.01254973128063952,2.763319016366845,2.7507692850862053,0
2023-03-24T17:58:55Z,2023-03-24T17:59:00Z,0.016326124510594564,2.7675678236989723,2.7512416991883777,0
2023-03-24T17:58:55Z,2023-03-24T17:59:00Z,0.020905500238987074,2.7729224360042517,2.7520169357652646,0
2023-03-24T17:58:55Z,2023-03-24T17:59:00Z,0.022337459096064993,2.7753949845011037,2.7530575254050387,0