sTime,eTime,Change,Value,Mean_last_2,real_label
2023-03-24T17:58:55Z,2023-03-24T17:59:00Z,None,0.0007557941123361022,None,1
2023-03-24T17:58:55Z,2023-03-24T17:59:00Z,None,0.0007587327790477964,None,0
2023-03-24T17:58:55Z,2023-03-24T17:59:00Z,6.472671329096143e-06,0.0007622667836651983,0.0007557941123361022,0
2023-03-24T17:58:55Z,2023-03-24T17:59:00Z,7.064274903101461e-06,0.0007657970539508978,0.0007587327790477964,0
2023-03-24T17:58:55Z,2023-03-24T17:59:00Z,5.488862179594753e-06,0.0007677556458447931,0.0007622667836651983,0
2023-03-24T17:58:55Z,2023-03-24T17:59:00Z,3.8084189096629275e-06,0.0007696054728605607,0.0007657970539508978,0
2023-03-24T17:58:55Z,2023-03-24T17:59:00Z,2.983856208440866e-06,0.0007707395020532339,0.0007677556458447931,0
2023-03-24T17:58:55Z,2023-03-24T17:59:00Z,7.657100601741887e-07,0.0007703711829207349,0.0007696054728605607,0
2023-03-24T17:58:55Z,2023-03-24T17:59:00Z,8.882038700580921e-08,0.0007706506816662281,0.0007707395020532339,0
2023-03-24T17:58:55Z,2023-03-24T17:59:00Z,1.1379360691327989e-05,0.0007817505436120629,0.0007703711829207349,0
2023-03-24T17:58:55Z,2023-03-24T17:59:00Z,1.2131416877497877e-05,0.000782782098543726,0.0007706506816662281,0
2023-03-24T17:58:55Z,2023-03-24T17:59:00Z,2.1474475927012703e-06,0.0007838979912047642,0.0007817505436120629,0
2023-03-24T17:58:55Z,2023-03-24T17:59:00Z,1.4315601883278881e-06,0.0007842136587320539,0.000782782098543726,0
2023-03-24T17:58:55Z,2023-03-24T17:59:00Z,2.691181670864528e-06,0.0007865891728756287,0.0007838979912047642,0
2023-03-24T17:58:55Z,2023-03-24T17:59:00Z,3.8236509292697077e-07,0.0007845960238249809,0.0007842136587320539,0
2023-03-24T17:58:55Z,2023-03-24T17:59:00Z,8.897381714439035e-07,0.0007856994347041848,0.0007865891728756287,0
2023-03-24T17:58:55Z,2023-03-24T17:59:00Z,8.19521279436916e-06,0.00079279123661935,0.0007845960238249809,0
2023-03-24T17:58:55Z,2023-03-24T17:59:00Z,1.0986728005804016e-05,0.0007966861627099888,0.0007856994347041848,0
2023-03-24T17:58:55Z,2023-03-24T17:59:00Z,8.044015898449677e-06,0.0008008352525177997,0.00079279123661935,0
2023-03-24T17:58:55Z,2023-03-24T17:59:00Z,1.2789298734342956e-05,0.0008094754614443318,0.0007966861627099888,0
2023-03-24T17:58:55Z,2023-03-24T17:59:00Z,1.4535165981591084e-05,0.0008153704184993908,0.0008008352525177997,0
2023-03-24T17:58:55Z,2023-03-24T17:59:00Z,4.919692328685739e-06,0.0008143951537730175,0.0008094754614443318,0
2023-03-24T17:58:55Z,2023-03-24T17:59:00Z,2.218484965641008e-06,0.0008131519335337498,0.0008153704184993908,0
2023-03-24T17:58:55Z,2023-03-24T17:59:00Z,7.452280017908623e-07,0.0008151403817748084,0.0008143951537730175,0
2023-03-24T17:58:55Z,2023-03-24T17:59:00Z,7.669858365361832e-06,0.0008208217918991116,0.0008131519335337498,0
2023-03-24T17:58:55Z,2023-03-24T17:59:00Z,1.027870411182295e-05,0.0008254190858866313,0.0008151403817748084,0
2023-03-24T17:58:55Z,2023-03-24T17:59:00Z,5.642591948402768e-06,0.0008264643838475144,0.0008208217918991116,0
2023-03-24T17:58:55Z,2023-03-24T17:59:00Z,5.955754757504196e-06,0.0008313748406441355,0.0008254190858866313,0
2023-03-24T17:58:55Z,2023-03-24T17:59:00Z,7.554263000052403e-06,0.0008340186468475668,0.0008264643838475144,0
2023-03-24T17:58:55Z,2023-03-24T17:59:00Z,5.691844135059213e-06,0.0008370666847791947,0.0008313748406441355,0
2023-03-24T17:58:55Z,2023-03-24T17:59:00Z,3.2180686376253502e-06,0.0008308005782099414,0.0008340186468475668,0
2023-03-24T17:58:55Z,2023-03-24T17:59:00Z,6.851090519337244e-06,0.0008302155942598575,0.0008370666847791947,0
2023-03-24T17:58:55Z,2023-03-24T17:59:00Z,5.574874003893508e-07,0.0008302430908095521,0.0008308005782099414,0
2023-03-24T17:58:55Z,2023-03-24T17:59:00Z,3.819664662907244e-06,0.0008263959295969503,0.0008302155942598575,0
2023-03-24T17:58:55Z,2023-03-24T17:59:00Z,1.2628898104179772e-06,0.0008315059806199701,0.0008302430908095521,0
2023-03-24T17:58:55Z,2023-03-24T17:59:00Z,4.628258924119352e-06,0.0008310241885210696,0.0008263959295969503,0
2023-03-24T17:58:55Z,2023-03-24T17:59:00Z,7.5911887588097325e-06,0.0008239147918611603,0.0008315059806199701,0
2023-03-24T17:58:55Z,2023-03-24T17:59:00Z,1.6244650711885744e-05,0.0008147795378091839,0.0008310241885210696,0
2023-03-24T17:58:55Z,2023-03-24T17:59:00Z,1.125419264501196e-05,0.0008126605992161484,0.0008239147918611603,0
2023-03-24T17:58:55Z,2023-03-24T17:59:00Z,2.954686860555736e-06,0.0008118248509486281,0.0008147795378091839,0
2023-03-24T17:58:55Z,2023-03-24T17:59:00Z,5.463940025970623e-06,0.0008071966591901777,0.0008126605992161484,0
2023-03-24T17:58:55Z,2023-03-24T17:59:00Z,7.102924336585613e-06,0.0008047219266120425,0.0008118248509486281,0
2023-03-24T17:58:55Z,2023-03-24T17:59:00Z,7.96351447273952e-06,0.0007992331447174382,0.0008071966591901777,0
2023-03-24T17:58:55Z,2023-03-24T17:59:00Z,8.384835641539641e-06,0.0007963370909705029,0.0008047219266120425,0
2023-03-24T17:58:55Z,2023-03-24T17:59:00Z,5.34947537078037e-06,0.0007938836693466579,0.0007992331447174382,0
2023-03-24T17:58:55Z,2023-03-24T17:59:00Z,1.4163998569407155e-05,0.0007821730924010957,0.0007963370909705029,0
2023-03-24T17:58:55Z,2023-03-24T17:59:00Z,1.3564275492253882e-05,0.000780319393854404,0.0007938836693466579,0
2023-03-24T17:58:55Z,2023-03-24T17:59:00Z,6.149951162651027e-06,0.0007760231412384447,0.0007821730924010957,0
2023-03-24T17:58:55Z,2023-03-24T17:59:00Z,4.128325219850343e-06,0.0007761910686345536,0.000780319393854404,0
2023-03-24T17:58:55Z,2023-03-24T17:59:00Z,2.4415825357982984e-06,0.0007735815587026464,0.0007760231412384447,0
2023-03-24T17:58:55Z,2023-03-24T17:59:00Z,6.277783279085318e-07,0.0007755632903066451,0.0007761910686345536,0
2023-03-24T17:58:55Z,2023-03-24T17:59:00Z,2.826940482793575e-06,0.00077640849918544,0.0007735815587026464,0
2023-03-24T17:58:55Z,2023-03-24T17:59:00Z,3.8580157964682215e-06,0.0007717052745101769,0.0007755632903066451,0
2023-03-24T17:58:55Z,2023-03-24T17:59:00Z,1.3677166803659885e-05,0.0007627313323817801,0.00077640849918544,0
2023-03-24T17:58:55Z,2023-03-24T17:59:00Z,1.4978084801129136e-05,0.0007567271897090477,0.0007717052745101769,0
2023-03-24T17:58:55Z,2023-03-24T17:59:00Z,1.3008805548992862e-05,0.0007497225268327872,0.0007627313323817801,0
2023-03-24T17:58:55Z,2023-03-24T17:59:00Z,1.2316870781662768e-05,0.000744410318927385,0.0007567271897090477,0
2023-03-24T17:58:55Z,2023-03-24T17:59:00Z,9.612856490291547e-06,0.0007401096703424957,0.0007497225268327872,0
2023-03-24T17:58:55Z,2023-03-24T17:59:00Z,8.309101296688666e-06,0.0007361012176306963,0.000744410318927385,0
2023-03-24T17:58:55Z,2023-03-24T17:59:00Z,1.0874579900613007e-05,0.0007292350904418827,0.0007401096703424957,0
2023-03-24T17:58:55Z,2023-03-24T17:59:00Z,1.0929036671017368e-05,0.0007251721809596789,0.0007361012176306963,0
2023-03-24T17:58:55Z,2023-03-24T17:59:00Z,1.3565776731773297e-05,0.0007156693137101094,0.0007292350904418827,0
2023-03-24T17:58:55Z,2023-03-24T17:59:00Z,1.2482200838705875e-05,0.0007126899801209731,0.0007251721809596789,0
2023-03-24T17:58:55Z,2023-03-24T17:59:00Z,9.420243819309362e-06,0.0007062490698908,0.0007156693137101094,0
2023-03-24T17:58:55Z,2023-03-24T17:59:00Z,9.968637218918104e-06,0.000702721342902055,0.0007126899801209731,0
2023-03-24T17:58:55Z,2023-03-24T17:59:00Z,7.026296183162994e-06,0.000699222773707637,0.0007062490698908,0
2023-03-24T17:58:55Z,2023-03-24T17:59:00Z,4.212271751283334e-06,0.0006985090711507716,0.000702721342902055,0
2023-03-24T17:58:55Z,2023-03-24T17:59:00Z,2.84919638865737e-07,0.0006995076933465028,0.000699222773707637,0
2023-03-24T17:58:55Z,2023-03-24T17:59:00Z,2.742165786715975e-06,0.0006957669053640556,0.0006985090711507716,0
2023-03-24T17:58:55Z,2023-03-24T17:59:00Z,4.0861889564378865e-06,0.0006954215043900649,0.0006995076933465028,0
2023-03-24T17:58:55Z,2023-03-24T17:59:00Z,6.601856519108744e-06,0.0006891650488449469,0.0006957669053640556,0
2023-03-24T17:58:55Z,2023-03-24T17:59:00Z,1.0601746600618842e-05,0.000684819757789446,0.0006954215043900649,0
2023-03-24T17:58:55Z,2023-03-24T17:59:00Z,7.677267085204635e-06,0.0006814877817597423,0.0006891650488449469,0
2023-03-24T17:58:55Z,2023-03-24T17:59:00Z,3.4140902486752642e-06,0.0006814056675407708,0.000684819757789446,0
2023-03-24T17:58:55Z,2023-03-24T17:59:00Z,1.4620009225242443e-06,0.000680025780837218,0.0006814877817597423,0
2023-03-24T17:58:55Z,2023-03-24T17:59:00Z,2.162086242343342e-06,0.0006792435812984274,0.0006814056675407708,0
2023-03-24T17:58:55Z,2023-03-24T17:59:00Z,3.3555224621243697e-06,0.0006833813032993424,0.000680025780837218,0
2023-03-24T17:58:55Z,2023-03-24T17:59:00Z,3.7358542297016677e-06,0.0006829794355281291,0.0006792435812984274,0
2023-03-24T17:58:55Z,2023-03-24T17:59:00Z,5.3247355142086936e-08,0.0006834345506544845,0.0006833813032993424,0
2023-03-24T17:58:55Z,2023-03-24T17:59:00Z,1.1673258579618677e-06,0.000684146761386091,0.0006829794355281291,0
2023-03-24T17:58:55Z,2023-03-24T17:59:00Z,1.9016278409653142e-06,0.0006815329228135192,0.0006834345506544845,0
2023-03-24T17:58:55Z,2023-03-24T17:59:00Z,3.3977614032115657e-06,0.0006807489999828794,0.000684146761386091,0
2023-03-24T17:58:55Z,2023-03-24T17:59:00Z,4.6579308211490335e-06,0.0006768749919923701,0.0006815329228135192,0
2023-03-24T17:58:55Z,2023-03-24T17:59:00Z,6.346727931200733e-06,0.0006744022720516787,0.0006807489999828794,0
2023-03-24T17:58:55Z,2023-03-24T17:59:00Z,8.073113949862826e-06,0.0006688018780425073,0.0006768749919923701,0
2023-03-24T17:58:55Z,2023-03-24T17:59:00Z,6.872524904799203e-06,0.0006675297471468795,0.0006744022720516787,0
2023-03-24T17:58:55Z,2023-03-24T17:59:00Z,2.5893024872348028e-06,0.0006662125755552725,0.0006688018780425073,0
2023-03-24T17:58:55Z,2023-03-24T17:59:00Z,2.7085044777723022e-06,0.0006648212426691071,0.0006675297471468795,0
2023-03-24T17:58:55Z,2023-03-24T17:59:00Z,2.1731447043368997e-06,0.0006640394308509356,0.0006662125755552725,0
2023-03-24T17:58:55Z,2023-03-24T17:59:00Z,3.3792320908212483e-06,0.0006682004747599284,0.0006648212426691071,0
2023-03-24T17:58:55Z,2023-03-24T17:59:00Z,4.815623850309763e-06,0.0006688550547012454,0.0006640394308509356,0
2023-03-24T17:58:55Z,2023-03-24T17:59:00Z,2.6837741424386987e-06,0.0006708842489023671,0.0006682004747599284,0
2023-03-24T17:58:55Z,2023-03-24T17:59:00Z,2.8651700022799473e-06,0.0006717202247035253,0.0006688550547012454,0
2023-03-24T17:58:55Z,2023-03-24T17:59:00Z,1.6928724470278945e-06,0.000672577121349395,0.0006708842489023671,0
2023-03-24T17:58:55Z,2023-03-24T17:59:00Z,9.299841094542911e-07,0.0006726502088129796,0.0006717202247035253,0
2023-03-24T17:58:55Z,2023-03-24T17:59:00Z,5.456001125527226e-06,0.0006780331224749222,0.000672577121349395,0
2023-03-24T17:58:55Z,2023-03-24T17:59:00Z,5.991737445010009e-06,0.0006786419462579896,0.0006726502088129796,0
2023-03-24T17:58:55Z,2023-03-24T17:59:00Z,6.029404570079646e-06,0.0006840625270450019,0.0006780331224749222,0
2023-03-24T17:58:55Z,2023-03-24T17:59:00Z,1.0222731499675121e-05,0.0006888646777576647,0.0006786419462579896,0
2023-03-24T17:58:55Z,2023-03-24T17:59:00Z,9.807719446700805e-06,0.0006938702464917027,0.0006840625270450019,0
2023-03-24T17:58:55Z,2023-03-24T17:59:00Z,6.7045355004850555e-06,0.0006955692132581498,0.0006888646777576647,0
2023-03-24T17:58:55Z,2023-03-24T17:59:00Z,9.626540018711814e-07,0.0006948329004935739,0.0006938702464917027,0
2023-03-24T17:58:55Z,2023-03-24T17:59:00Z,8.08693042985884e-07,0.0006963779063011357,0.0006955692132581498,0
2023-03-24T17:58:55Z,2023-03-24T17:59:00Z,3.1788690762749776e-06,0.0006980117695698488,0.0006948329004935739,0
2023-03-24T17:58:55Z,2023-03-24T17:59:00Z,2.120914947755458e-06,0.0006984988212488911,0.0006963779063011357,0
2023-03-24T17:58:55Z,2023-03-24T17:59:00Z,1.0928694745127423e-06,0.0006991046390443616,0.0006980117695698488,0
2023-03-24T17:58:55Z,2023-03-24T17:59:00Z,5.174977872563023e-06,0.0007036737991214542,0.0006984988212488911,0
2023-03-24T17:58:55Z,2023-03-24T17:59:00Z,5.925352974285158e-06,0.0007050299920186467,0.0006991046390443616,0
2023-03-24T17:58:55Z,2023-03-24T17:59:00Z,2.268319054127342e-06,0.0007059421181755815,0.0007036737991214542,0
2023-03-24T17:58:55Z,2023-03-24T17:59:00Z,4.965341596324365e-07,0.0007045334578590143,0.0007050299920186467,0
2023-03-24T17:58:55Z,2023-03-24T17:59:00Z,5.733773135370998e-07,0.0007065154954891186,0.0007059421181755815,0
2023-03-24T17:58:55Z,2023-03-24T17:59:00Z,6.099453938742359e-07,0.0007051434032528885,0.0007045334578590143,0
2023-03-24T17:58:55Z,2023-03-24T17:59:00Z,4.811467432034558e-06,0.000701704028057084,0.0007065154954891186,0
2023-03-24T17:58:55Z,2023-03-24T17:59:00Z,2.542735775188081e-07,0.0007053976768304073,0.0007051434032528885,0
2023-03-24T17:58:55Z,2023-03-24T17:59:00Z,1.1291126628674205e-06,0.0007028331407199515,0.000701704028057084,0
2023-03-24T17:58:55Z,2023-03-24T17:59:00Z,2.0277593120969625e-06,0.0007033699175183104,0.0007053976768304073,0
2023-03-24T17:58:55Z,2023-03-24T17:59:00Z,6.092137824585697e-06,0.0007089252785445372,0.0007028331407199515,0
2023-03-24T17:58:55Z,2023-03-24T17:59:00Z,7.579881766981767e-06,0.0007109497992852921,0.0007033699175183104,0
2023-03-24T17:58:55Z,2023-03-24T17:59:00Z,2.265817104149634e-06,0.0007111910956486868,0.0007089252785445372,0
2023-03-24T17:58:55Z,2023-03-24T17:59:00Z,2.630462916977964e-06,0.0007135802622022701,0.0007109497992852921,0
2023-03-24T17:58:55Z,2023-03-24T17:59:00Z,5.332943781984241e-06,0.000716524039430671,0.0007111910956486868,0
2023-03-24T17:58:55Z,2023-03-24T17:59:00Z,1.4277234545399527e-05,0.0007278574967476696,0.0007135802622022701,0
2023-03-24T17:58:55Z,2023-03-24T17:59:00Z,1.7339962103503316e-05,0.0007338640015341744,0.000716524039430671,0
2023-03-24T17:58:55Z,2023-03-24T17:59:00Z,9.758513696783689e-06,0.0007376160104444533,0.0007278574967476696,0
2023-03-24T17:58:55Z,2023-03-24T17:59:00Z,8.48672794829977e-06,0.0007423507294824741,0.0007338640015341744,0
2023-03-24T17:58:55Z,2023-03-24T17:59:00Z,9.283415049564717e-06,0.000746899425494018,0.0007376160104444533,0
2023-03-24T17:58:55Z,2023-03-24T17:59:00Z,1.4782506362586486e-05,0.0007571332358450606,0.0007423507294824741,0
2023-03-24T17:58:55Z,2023-03-24T17:59:00Z,1.594726396724074e-05,0.0007628466894612588,0.000746899425494018,0
2023-03-24T17:58:55Z,2023-03-24T17:59:00Z,8.962684639329983e-06,0.0007660959204843906,0.0007571332358450606,0
2023-03-24T17:58:55Z,2023-03-24T17:59:00Z,8.898674243446579e-06,0.0007717453637047054,0.0007628466894612588,0
2023-03-24T17:58:55Z,2023-03-24T17:59:00Z,1.337963242494238e-05,0.000779475552909333,0.0007660959204843906,0
2023-03-24T17:58:55Z,2023-03-24T17:59:00Z,1.4317896160307981e-05,0.0007860632598650133,0.0007717453637047054,0
2023-03-24T17:58:55Z,2023-03-24T17:59:00Z,1.0396216484289235e-05,0.0007898717693936222,0.000779475552909333,0
2023-03-24T17:58:55Z,2023-03-24T17:59:00Z,8.868111615242856e-06,0.0007949313714802562,0.0007860632598650133,0
2023-03-24T17:58:55Z,2023-03-24T17:59:00Z,1.9093188520538347e-06,0.000791781088245676,0.0007898717693936222,0
2023-03-24T17:58:55Z,2023-03-24T17:59:00Z,1.5379878094652156e-06,0.0007964693592897214,0.0007949313714802562,0
2023-03-24T17:58:55Z,2023-03-24T17:59:00Z,7.429374655150748e-06,0.0007992104629008268,0.000791781088245676,0
2023-03-24T17:58:55Z,2023-03-24T17:59:00Z,8.236439158097373e-06,0.0008047057984478188,0.0007964693592897214,0
2023-03-24T17:58:55Z,2023-03-24T17:59:00Z,9.855431779090692e-06,0.0008090658946799175,0.0007992104629008268,0
2023-03-24T17:58:55Z,2023-03-24T17:59:00Z,9.26830512300498e-06,0.0008139741035708238,0.0008047057984478188,0
2023-03-24T17:58:55Z,2023-03-24T17:59:00Z,1.1276643903836451e-05,0.0008203425385837539,0.0008090658946799175,0
2023-03-24T17:58:55Z,2023-03-24T17:59:00Z,8.25527816089469e-06,0.0008222293817317185,0.0008139741035708238,0
2023-03-24T17:58:55Z,2023-03-24T17:59:00Z,6.70732645384909e-06,0.000827049865037603,0.0008203425385837539,0
2023-03-24T17:58:55Z,2023-03-24T17:59:00Z,1.2603070132447079e-05,0.0008348324518641655,0.0008222293817317185,0
2023-03-24T17:58:55Z,2023-03-24T17:59:00Z,1.1850868441532869e-05,0.0008389007334791359,0.000827049865037603,0
2023-03-24T17:58:55Z,2023-03-24T17:59:00Z,1.233872009066936e-05,0.0008471711719548349,0.0008348324518641655,0
2023-03-24T17:58:55Z,2023-03-24T17:59:00Z,1.283372236801411e-05,0.00085173445584715,0.0008389007334791359,0
2023-03-24T17:58:55Z,2023-03-24T17:59:00Z,7.6029815494119525e-06,0.0008547741535042468,0.0008471711719548349,0
2023-03-24T17:58:55Z,2023-03-24T17:59:00Z,1.1831442949465426e-05,0.0008635658987966154,0.00085173445584715,0
2023-03-24T17:58:55Z,2023-03-24T17:59:00Z,2.022796105162028e-05,0.0008750021145558671,0.0008547741535042468,0
2023-03-24T17:58:55Z,2023-03-24T17:59:00Z,1.0693067395346778e-05,0.0008742589661919622,0.0008635658987966154,0
2023-03-24T17:58:55Z,2023-03-24T17:59:00Z,3.6934296293816924e-07,0.0008753714575188053,0.0008750021145558671,0
2023-03-24T17:58:55Z,2023-03-24T17:59:00Z,9.232583689215311e-07,0.0008751822245608837,0.0008742589661919622,0
2023-03-24T17:58:55Z,2023-03-24T17:59:00Z,3.9638181973393645e-06,0.0008793352757161447,0.0008753714575188053,0
2023-03-24T17:58:55Z,2023-03-24T17:59:00Z,9.349478922302825e-06,0.0008845317034831866,0.0008751822245608837,0
2023-03-24T17:58:55Z,2023-03-24T17:59:00Z,7.442961056377574e-06,0.0008867782367725222,0.0008793352757161447,0
2023-03-24T17:58:55Z,2023-03-24T17:59:00Z,4.344393389455435e-07,0.0008849661428221321,0.0008845317034831866,0
2023-03-24T17:58:55Z,2023-03-24T17:59:00Z,2.9137336804543933e-06,0.0008838645030920678,0.0008867782367725222,0
2023-03-24T17:58:55Z,2023-03-24T17:59:00Z,4.9779476952765056e-06,0.0008799881951268556,0.0008849661428221321,0
2023-03-24T17:58:55Z,2023-03-24T17:59:00Z,4.775776799566126e-06,0.0008790887262925017,0.0008838645030920678,0
2023-03-24T17:58:55Z,2023-03-24T17:59:00Z,3.042124340198486e-06,0.0008769460707866571,0.0008799881951268556,0
2023-03-24T17:58:55Z,2023-03-24T17:59:00Z,2.8358601464681258e-06,0.0008762528661460336,0.0008790887262925017,0
2023-03-24T17:58:55Z,2023-03-24T17:59:00Z,1.1585185120612136e-06,0.0008757875522745959,0.0008769460707866571,0
2023-03-24T17:58:55Z,2023-03-24T17:59:00Z,1.8909653340001787e-06,0.0008743619008120334,0.0008762528661460336,0
2023-03-24T17:58:55Z,2023-03-24T17:59:00Z,2.6943881141666985e-06,0.0008730931641604292,0.0008757875522745959,0
2023-03-24T17:58:55Z,2023-03-24T17:59:00Z,4.187124577628709e-06,0.0008701747762344047,0.0008743619008120334,0
2023-03-24T17:58:55Z,2023-03-24T17:59:00Z,5.015504071863384e-06,0.0008680776600885658,0.0008730931641604292,0
2023-03-24T17:58:55Z,2023-03-24T17:59:00Z,3.1553722966906747e-06,0.000867019403937714,0.0008701747762344047,0
2023-03-24T17:58:55Z,2023-03-24T17:59:00Z,4.5028651114151e-06,0.0008635747949771507,0.0008680776600885658,0
2023-03-24T17:58:55Z,2023-03-24T17:59:00Z,4.817655533581578e-06,0.0008622017484041324,0.000867019403937714,0
2023-03-24T17:58:55Z,2023-03-24T17:59:00Z,7.518937973624096e-07,0.0008628229011797883,0.0008635747949771507,0
2023-03-24T17:58:55Z,2023-03-24T17:59:00Z,6.8620272198094715e-06,0.0008690637756239419,0.0008622017484041324,0
2023-03-24T17:58:55Z,2023-03-24T17:59:00Z,5.964105604990043e-06,0.0008687870067847783,0.0008628229011797883,0
2023-03-24T17:58:55Z,2023-03-24T17:59:00Z,3.1157290222488592e-06,0.0008721795046461908,0.0008690637756239419,0
2023-03-24T17:58:55Z,2023-03-24T17:59:00Z,2.694570010853105e-06,0.0008714815767956315,0.0008687870067847783,0
2023-03-24T17:58:55Z,2023-03-24T17:59:00Z,2.0698018885843394e-06,0.0008742493065347751,0.0008721795046461908,0
2023-03-24T17:58:55Z,2023-03-24T17:59:00Z,3.4384857362002074e-06,0.0008749200625318317,0.0008714815767956315,0
2023-03-24T17:58:55Z,2023-03-24T17:59:00Z,5.280870164346696e-06,0.0008795301766991218,0.0008742493065347751,0
2023-03-24T17:58:55Z,2023-03-24T17:59:00Z,8.312399176798073e-06,0.0008832324617086297,0.0008749200625318317,0
2023-03-24T17:58:55Z,2023-03-24T17:59:00Z,5.038100541489591e-06,0.0008845682772406114,0.0008795301766991218,0
2023-03-24T17:58:55Z,2023-03-24T17:59:00Z,1.275390346225304e-06,0.000884507852054855,0.0008832324617086297,0
2023-03-24T17:58:55Z,2023-03-24T17:59:00Z,8.572956168535284e-07,0.0008854255728574649,0.0008845682772406114,0
2023-03-24T17:58:55Z,2023-03-24T17:59:00Z,3.7521882354109694e-06,0.000888260040290266,0.000884507852054855,0
2023-03-24T17:58:55Z,2023-03-24T17:59:00Z,7.770530828220398e-06,0.0008931961036856853,0.0008854255728574649,0
2023-03-24T17:58:55Z,2023-03-24T17:59:00Z,1.919435390229478e-06,0.0008901794756804955,0.000888260040290266,0
2023-03-24T17:58:55Z,2023-03-24T17:59:00Z,2.2870050352599832e-06,0.0008909090986504253,0.0008931961036856853,0
2023-03-24T17:58:55Z,2023-03-24T17:59:00Z,9.180273281607105e-06,0.0008993597489621026,0.0008901794756804955,0
2023-03-24T17:58:55Z,2023-03-24T17:59:00Z,1.350691065166046e-05,0.0009044160093020858,0.0008909090986504253,0
2023-03-24T17:58:55Z,2023-03-24T17:59:00Z,1.2098536972018166e-05,0.0009114582859341208,0.0008993597489621026,0
2023-03-24T17:58:55Z,2023-03-24T17:59:00Z,1.1880293362456643e-05,0.0009162963026645424,0.0009044160093020858,0
2023-03-24T17:58:55Z,2023-03-24T17:59:00Z,1.0549319962421897e-05,0.0009220076058965427,0.0009114582859341208,0
2023-03-24T17:58:55Z,2023-03-24T17:59:00Z,1.0300413910658114e-05,0.0009265967165752006,0.0009162963026645424,0
2023-03-24T17:58:55Z,2023-03-24T17:59:00Z,5.80547832710384e-06,0.0009278130842236465,0.0009220076058965427,0
2023-03-24T17:58:55Z,2023-03-24T17:59:00Z,2.6021677238032568e-06,0.0009291988842990038,0.0009265967165752006,0
2023-03-24T17:58:55Z,2023-03-24T17:59:00Z,1.6493939864915949e-06,0.0009294624782101381,0.0009278130842236465,0
2023-03-24T17:58:55Z,2023-03-24T17:59:00Z,1.3473102588076446e-06,0.0009305461945578115,0.0009291988842990038,0
2023-03-24T17:58:55Z,2023-03-24T17:59:00Z,4.116665572694044e-06,0.0009335791437828321,0.0009294624782101381,0
2023-03-24T17:58:55Z,2023-03-24T17:59:00Z,5.645854164631472e-06,0.0009361920487224429,0.0009305461945578115,0
2023-03-24T17:58:55Z,2023-03-24T17:59:00Z,4.9712432617697675e-06,0.0009385503870446019,0.0009335791437828321,0
2023-03-24T17:58:55Z,2023-03-24T17:59:00Z,5.663820214803781e-06,0.0009418558689372467,0.0009361920487224429,0
2023-03-24T17:58:55Z,2023-03-24T17:59:00Z,8.307730432998957e-06,0.0009468581174776009,0.0009385503870446019,0
2023-03-24T17:58:55Z,2023-03-24T17:59:00Z,1.0747853397950042e-05,0.0009526037223351968,0.0009418558689372467,0
2023-03-24T17:58:55Z,2023-03-24T17:59:00Z,1.0240900982349393e-05,0.0009570990184599502,0.0009468581174776009,0
2023-03-24T17:58:55Z,2023-03-24T17:59:00Z,1.1843187315343346e-05,0.0009644469096505401,0.0009526037223351968,0
2023-03-24T17:58:55Z,2023-03-24T17:59:00Z,1.0014289587161355e-05,0.0009671133080471116,0.0009570990184599502,0
2023-03-24T17:58:55Z,2023-03-24T17:59:00Z,8.993232869081548e-06,0.0009734401425196217,0.0009644469096505401,0
2023-03-24T17:58:55Z,2023-03-24T17:59:00Z,8.273201846398042e-06,0.0009753865098935096,0.0009671133080471116,0
2023-03-24T17:58:55Z,2023-03-24T17:59:00Z,4.973276134809593e-07,0.0009739374701331026,0.0009734401425196217,0
2023-03-24T17:58:55Z,2023-03-24T17:59:00Z,1.935865096430148e-06,0.0009773223749899398,0.0009753865098935096,0
2023-03-24T17:58:55Z,2023-03-24T17:59:00Z,8.001232621760931e-07,0.0009731373468709265,0.0009739374701331026,0
2023-03-24T17:58:55Z,2023-03-24T17:59:00Z,1.0379091199891962e-05,0.0009669432837900478,0.0009773223749899398,0
2023-03-24T17:58:55Z,2023-03-24T17:59:00Z,3.569616555082304e-06,0.0009695677303158442,0.0009731373468709265,0
2023-03-24T17:58:55Z,2023-03-24T17:59:00Z,3.337753679365945e-06,0.0009702810374694138,0.0009669432837900478,0
2023-03-24T17:58:55Z,2023-03-24T17:59:00Z,1.1405318183083102e-06,0.0009684271984975359,0.0009695677303158442,0
2023-03-24T17:58:55Z,2023-03-24T17:59:00Z,2.591357814276502e-06,0.0009676896796551373,0.0009702810374694138,0
2023-03-24T17:58:55Z,2023-03-24T17:59:00Z,4.318786221274291e-06,0.0009641084122762616,0.0009684271984975359,0
2023-03-24T17:58:55Z,2023-03-24T17:59:00Z,1.4076801966059985e-07,0.0009678304476747979,0.0009676896796551373,0
2023-03-24T17:58:55Z,2023-03-24T17:59:00Z,1.3548291514424524e-07,0.0009642438951914059,0.0009641084122762616,0
2023-03-24T17:58:55Z,2023-03-24T17:59:00Z,4.7105243305320095e-06,0.0009631199233442659,0.0009678304476747979,0
2023-03-24T17:58:55Z,2023-03-24T17:59:00Z,1.173010655863057e-06,0.0009630708845355428,0.0009642438951914059,0
2023-03-24T17:58:55Z,2023-03-24T17:59:00Z,2.0085710773017247e-07,0.000963320780451996,0.0009631199233442659,0
2023-03-24T17:58:55Z,2023-03-24T17:59:00Z,2.6787373234888213e-06,0.000960392147212054,0.0009630708845355428,0
2023-03-24T17:58:55Z,2023-03-24T17:59:00Z,9.085622383550335e-06,0.0009542351580684457,0.000963320780451996,0
2023-03-24T17:58:55Z,2023-03-24T17:59:00Z,1.0155159343501583e-05,0.0009502369878685524,0.000960392147212054,0
2023-03-24T17:58:55Z,2023-03-24T17:59:00Z,6.3772721178769615e-06,0.0009478578859505687,0.0009542351580684457,0
2023-03-24T17:58:55Z,2023-03-24T17:59:00Z,7.844749479761796e-06,0.0009423922383887906,0.0009502369878685524,0
2023-03-24T17:58:55Z,2023-03-24T17:59:00Z,4.720195720885403e-06,0.0009431376902296833,0.0009478578859505687,0
2023-03-24T17:58:55Z,2023-03-24T17:59:00Z,5.619264054094564e-06,0.000936772974334696,0.0009423922383887906,0
2023-03-24T17:58:55Z,2023-03-24T17:59:00Z,7.395621439680632e-06,0.0009357420687900027,0.0009431376902296833,0
2023-03-24T17:58:55Z,2023-03-24T17:59:00Z,3.861412731682133e-06,0.0009329115616030139,0.000936772974334696,0
2023-03-24T17:58:55Z,2023-03-24T17:59:00Z,5.98716986517883e-06,0.0009297548989248239,0.0009357420687900027,0
2023-03-24T17:58:55Z,2023-03-24T17:59:00Z,6.7688453424132435e-06,0.0009261427162606007,0.0009329115616030139,0
2023-03-24T17:58:55Z,2023-03-24T17:59:00Z,7.101835851043678e-06,0.0009226530630737802,0.0009297548989248239,0
2023-03-24T17:58:55Z,2023-03-24T17:59:00Z,3.1782573179561704e-06,0.0009229644589426445,0.0009261427162606007,0
2023-03-24T17:58:55Z,2023-03-24T17:59:00Z,3.8245415047825655e-06,0.0009188285215689976,0.0009226530630737802,0
2023-03-24T17:58:55Z,2023-03-24T17:59:00Z,6.785100490071705e-06,0.0009161793584525728,0.0009229644589426445,0
2023-03-24T17:58:55Z,2023-03-24T17:59:00Z,4.797675819145507e-06,0.0009140308457498521,0.0009188285215689976,0
2023-03-24T17:58:55Z,2023-03-24T17:59:00Z,1.813802435643246e-06,0.0009143655560169295,0.0009161793584525728,0
2023-03-24T17:58:55Z,2023-03-24T17:59:00Z,1.3904124773917457e-05,0.0009001267209759347,0.0009140308457498521,0
2023-03-24T17:58:55Z,2023-03-24T17:59:00Z,1.6418383025656904e-05,0.0008979471729912726,0.0009143655560169295,0
2023-03-24T17:58:55Z,2023-03-24T17:59:00Z,4.4400491031504515e-06,0.0008956866718727842,0.0009001267209759347,0
2023-03-24T17:58:55Z,2023-03-24T17:59:00Z,2.182885349420716e-06,0.0008957642876418519,0.0008979471729912726,0
2023-03-24T17:58:55Z,2023-03-24T17:59:00Z,2.0755397086087875e-06,0.0008936111321641754,0.0008956866718727842,0
2023-03-24T17:58:55Z,2023-03-24T17:59:00Z,1.953135162007522e-06,0.0008977174228038594,0.0008957642876418519,0
2023-03-24T17:58:55Z,2023-03-24T17:59:00Z,8.59541037457538e-06,0.0009022065425387508,0.0008936111321641754,0
2023-03-24T17:58:55Z,2023-03-24T17:59:00Z,5.035846046298363e-06,0.0009027532688501578,0.0008977174228038594,0
2023-03-24T17:58:55Z,2023-03-24T17:59:00Z,2.294095399015092e-06,0.0009045006379377659,0.0009022065425387508,0
2023-03-24T17:58:55Z,2023-03-24T17:59:00Z,5.324325960527902e-06,0.0009080775948106857,0.0009027532688501578,0
2023-03-24T17:58:55Z,2023-03-24T17:59:00Z,3.4833298066896425e-06,0.0009079839677444555,0.0009045006379377659,0
2023-03-24T17:58:55Z,2023-03-24T17:59:00Z,2.8358600237033717e-07,0.000908361180813056,0.0009080775948106857,0
2023-03-24T17:58:55Z,2023-03-24T17:59:00Z,1.7340288235147359e-06,0.0009097179965679703,0.0009079839677444555,0
2023-03-24T17:58:55Z,2023-03-24T17:59:00Z,5.416877814500508e-06,0.0009137780586275565,0.000908361180813056,0
2023-03-24T17:58:55Z,2023-03-24T17:59:00Z,3.7981138854660057e-06,0.0009135161104534363,0.0009097179965679703,0
2023-03-24T17:58:55Z,2023-03-24T17:59:00Z,3.160807371864558e-07,0.000914094139364743,0.0009137780586275565,0
2023-03-24T17:58:55Z,2023-03-24T17:59:00Z,1.9312800688222383e-07,0.0009133229824465541,0.0009135161104534363,0
2023-03-24T17:58:55Z,2023-03-24T17:59:00Z,4.148930135505335e-06,0.0009099452092292377,0.000914094139364743,0
2023-03-24T17:58:55Z,2023-03-24T17:59:00Z,3.1786895128534456e-06,0.0009101442929337006,0.0009133229824465541,0
2023-03-24T17:58:55Z,2023-03-24T17:59:00Z,3.393666057442354e-06,0.0009065515431717953,0.0009099452092292377,0
2023-03-24T17:58:55Z,2023-03-24T17:59:00Z,3.1466681241765215e-06,0.0009132909610578771,0.0009101442929337006,0
2023-03-24T17:58:55Z,2023-03-24T17:59:00Z,1.0550832752822441e-05,0.0009171023759246178,0.0009065515431717953,0
2023-03-24T17:58:55Z,2023-03-24T17:59:00Z,5.7468010431080884e-06,0.0009190377621009852,0.0009132909610578771,0
2023-03-24T17:58:55Z,2023-03-24T17:59:00Z,3.056557566630865e-08,0.0009170718103489514,0.0009171023759246178,0
2023-03-24T17:58:55Z,2023-03-24T17:59:00Z,5.042423338026225e-06,0.000913995338762959,0.0009190377621009852,0
2023-03-24T17:58:55Z,2023-03-24T17:59:00Z,2.358560169807289e-07,0.0009173076663659322,0.0009170718103489514,0
2023-03-24T17:58:55Z,2023-03-24T17:59:00Z,4.080217889366219e-06,0.0009180755566523252,0.000913995338762959,0
2023-03-24T17:58:55Z,2023-03-24T17:59:00Z,2.4407328934848704e-06,0.000919748399259417,0.0009173076663659322,0
2023-03-24T17:58:55Z,2023-03-24T17:59:00Z,1.3090324642741182e-06,0.0009193845891165993,0.0009180755566523252,0
2023-03-24T17:58:55Z,2023-03-24T17:59:00Z,1.723151594117383e-06,0.0009214715508535344,0.000919748399259417,0
2023-03-24T17:58:55Z,2023-03-24T17:59:00Z,5.716431709343632e-07,0.0009199562322875337,0.0009193845891165993,0
2023-03-24T17:58:55Z,2023-03-24T17:59:00Z,4.982265367962902e-06,0.0009164892854855715,0.0009214715508535344,0
2023-03-24T17:58:55Z,2023-03-24T17:59:00Z,3.99160961564015e-06,0.0009159646226718936,0.0009199562322875337,0
2023-03-24T17:58:55Z,2023-03-24T17:59:00Z,4.799028136189118e-06,0.0009116902573493824,0.0009164892854855715,0
2023-03-24T17:58:55Z,2023-03-24T17:59:00Z,4.537845399654565e-06,0.000911426777272239,0.0009159646226718936,0
2023-03-24T17:58:55Z,2023-03-24T17:59:00Z,1.3568218227048238e-07,0.0009118259395316529,0.0009116902573493824,0
2023-03-24T17:58:55Z,2023-03-24T17:59:00Z,1.8782318756061325e-05,0.0009302090960283003,0.000911426777272239,0
2023-03-24T17:58:55Z,2023-03-24T17:59:00Z,1.4452693005851465e-05,0.0009262786325375044,0.0009118259395316529,0
2023-03-24T17:58:55Z,2023-03-24T17:59:00Z,1.1167007606289916e-05,0.0009190420884220104,0.0009302090960283003,0
2023-03-24T17:58:55Z,2023-03-24T17:59:00Z,1.0964217445796204e-05,0.0009153144150917082,0.0009262786325375044,0
2023-03-24T17:58:55Z,2023-03-24T17:59:00Z,3.7865655964041105e-07,0.00091866343186237,0.0009190420884220104,0
2023-03-24T17:58:55Z,2023-03-24T17:59:00Z,2.972694606481448e-06,0.0009182871096981896,0.0009153144150917082,0
2023-03-24T17:58:55Z,2023-03-24T17:59:00Z,3.6635744113328386e-06,0.0009149998574510371,0.00091866343186237,0
2023-03-24T17:58:55Z,2023-03-24T17:59:00Z,1.8486612335387757e-06,0.0009164384484646508,0.0009182871096981896,0
2023-03-24T17:58:55Z,2023-03-24T17:59:00Z,2.2020423499113147e-06,0.0009172018998009485,0.0009149998574510371,0
2023-03-24T17:58:55Z,2023-03-24T17:59:00Z,1.4867185580038755e-06,0.0009179251670226547,0.0009164384484646508,0
2023-03-24T17:58:55Z,2023-03-24T17:59:00Z,1.1164754766319245e-06,0.0009160854243243165,0.0009172018998009485,0
2023-03-24T17:58:55Z,2023-03-24T17:59:00Z,2.796741319692486e-06,0.0009151284257029622,0.0009179251670226547,0
2023-03-24T17:58:55Z,2023-03-24T17:59:00Z,7.84089721807984e-07,0.0009153013346025086,0.0009160854243243165,0
2023-03-24T17:58:55Z,2023-03-24T17:59:00Z,2.8637974094326227e-06,0.0009122646282935296,0.0009151284257029622,0
2023-03-24T17:58:55Z,2023-03-24T17:59:00Z,5.9509940970073035e-06,0.0009093503405055012,0.0009153013346025086,0
2023-03-24T17:58:55Z,2023-03-24T17:59:00Z,1.5723225287483152e-06,0.0009138369508222779,0.0009122646282935296,0
2023-03-24T17:58:55Z,2023-03-24T17:59:00Z,2.4576830397244785e-06,0.0009118080235452257,0.0009093503405055012,0
2023-03-24T17:58:55Z,2023-03-24T17:59:00Z,2.0695406488101687e-07,0.0009140439048871589,0.0009138369508222779,0
2023-03-24T17:58:55Z,2023-03-24T17:59:00Z,6.965928921976068e-06,0.0009187739524672018,0.0009118080235452257,0
2023-03-24T17:58:55Z,2023-03-24T17:59:00Z,3.2304573760335393e-06,0.0009172743622631925,0.0009140439048871589,0
2023-03-24T17:58:55Z,2023-03-24T17:59:00Z,3.6356446831685993e-06,0.0009151383077840332,0.0009187739524672018,0
2023-03-24T17:58:55Z,2023-03-24T17:59:00Z,4.963151445124209e-06,0.0009123112108180683,0.0009172743622631925,0
2023-03-24T17:58:55Z,2023-03-24T17:59:00Z,2.000336645258485e-06,0.0009131379711387747,0.0009151383077840332,0
2023-03-24T17:58:55Z,2023-03-24T17:59:00Z,7.098810066316847e-07,0.0009130210918246999,0.0009123112108180683,0
2023-03-24T17:58:55Z,2023-03-24T17:59:00Z,8.339794931882692e-07,0.0009123039916455864,0.0009131379711387747,0
2023-03-24T17:58:55Z,2023-03-24T17:59:00Z,1.100549693807155e-06,0.0009141216415185071,0.0009130210918246999,0
2023-03-24T17:58:55Z,2023-03-24T17:59:00Z,1.7797169897162263e-06,0.0009140837086353027,0.0009123039916455864,0
2023-03-24T17:58:55Z,2023-03-24T17:59:00Z,3.1685813027244967e-07,0.0009138047833882346,0.0009141216415185071,0
2023-03-24T17:58:55Z,2023-03-24T17:59:00Z,3.902085441526322e-06,0.000917985794076829,0.0009140837086353027,0
2023-03-24T17:58:55Z,2023-03-24T17:59:00Z,6.337501176306216e-06,0.0009201422845645409,0.0009138047833882346,0
2023-03-24T17:58:55Z,2023-03-24T17:59:00Z,4.160313756068883e-06,0.0009221461078328979,0.000917985794076829,0
2023-03-24T17:58:55Z,2023-03-24T17:59:00Z,2.6772317287162683e-06,0.0009228195162932571,0.0009201422845645409,0
2023-03-24T17:58:55Z,2023-03-24T17:59:00Z,2.9767051488755088e-06,0.0009251228129817734,0.0009221461078328979,0
2023-03-24T17:58:55Z,2023-03-24T17:59:00Z,8.698654597979463e-06,0.0009315181708912366,0.0009228195162932571,0
2023-03-24T17:58:55Z,2023-03-24T17:59:00Z,7.771289122942442e-06,0.0009328941021047158,0.0009251228129817734,0
2023-03-24T17:58:55Z,2023-03-24T17:59:00Z,4.083749990722299e-06,0.0009356019208819589,0.0009315181708912366,0
2023-03-24T17:58:55Z,2023-03-24T17:59:00Z,2.295724224315966e-06,0.0009351898263290318,0.0009328941021047158,0
2023-03-24T17:58:55Z,2023-03-24T17:59:00Z,3.857006636994028e-06,0.0009394589275189529,0.0009356019208819589,0
2023-03-24T17:58:55Z,2023-03-24T17:59:00Z,1.3335337019914424e-05,0.0009485251633489462,0.0009351898263290318,0
2023-03-24T17:58:55Z,2023-03-24T17:59:00Z,1.5571773149978532e-05,0.0009550307006689315,0.0009394589275189529,0
2023-03-24T17:58:55Z,2023-03-24T17:59:00Z,6.918517994822888e-06,0.0009554436813437691,0.0009485251633489462,0
2023-03-24T17:58:55Z,2023-03-24T17:59:00Z,6.0117344847447195e-06,0.0009610424351536762,0.0009550307006689315,0
2023-03-24T17:58:55Z,2023-03-24T17:59:00Z,4.675233305401465e-06,0.0009601189146491706,0.0009554436813437691,0
2023-03-24T17:58:55Z,2023-03-24T17:59:00Z,9.83643494217954e-07,0.0009620260786478941,0.0009610424351536762,0
2023-03-24T17:58:55Z,2023-03-24T17:59:00Z,3.890449062250267e-06,0.0009640093637114208,0.0009601189146491706,0
2023-03-24T17:58:55Z,2023-03-24T17:59:00Z,3.919871767006904e-06,0.000965945950414901,0.0009620260786478941,0
2023-03-24T17:58:55Z,2023-03-24T17:59:00Z,5.357481265910258e-06,0.0009693668449773311,0.0009640093637114208,0
2023-03-24T17:58:55Z,2023-03-24T17:59:00Z,5.598581426590897e-06,0.0009715445318414919,0.000965945950414901,0
2023-03-24T17:58:55Z,2023-03-24T17:59:00Z,1.1154371490424341e-06,0.0009704822821263735,0.0009693668449773311,0
2023-03-24T17:58:55Z,2023-03-24T17:59:00Z,3.962460876160627e-06,0.0009675820709653313,0.0009715445318414919,0
2023-03-24T17:58:55Z,2023-03-24T17:59:00Z,1.6274948059157805e-07,0.0009706450316069651,0.0009704822821263735,0
2023-03-24T17:58:55Z,2023-03-24T17:59:00Z,4.182201877177662e-06,0.000971764272842509,0.0009675820709653313,0
2023-03-24T17:58:55Z,2023-03-24T17:59:00Z,1.7691180714100602e-06,0.0009724141496783752,0.0009706450316069651,0
2023-03-24T17:58:55Z,2023-03-24T17:59:00Z,4.6338849394786646e-06,0.0009763981577819876,0.000971764272842509,0
2023-03-24T17:58:55Z,2023-03-24T17:59:00Z,2.1609811822004494e-06,0.0009745751308605756,0.0009724141496783752,0
2023-03-24T17:58:55Z,2023-03-24T17:59:00Z,1.0047049558144054e-06,0.000977402862737802,0.0009763981577819876,0
2023-03-24T17:58:55Z,2023-03-24T17:59:00Z,6.183206795598649e-06,0.0009807583376561743,0.0009745751308605756,0
2023-03-24T17:58:55Z,2023-03-24T17:59:00Z,3.139176528138554e-06,0.0009805420392659406,0.000977402862737802,0
2023-03-24T17:58:55Z,2023-03-24T17:59:00Z,5.827621637679182e-07,0.0009813410998199422,0.0009807583376561743,0
2023-03-24T17:58:55Z,2023-03-24T17:59:00Z,7.905769965643218e-07,0.0009797514622693763,0.0009805420392659406,0
2023-03-24T17:58:55Z,2023-03-24T17:59:00Z,8.16482096023096e-07,0.000980524617723919,0.0009813410998199422,0
2023-03-24T17:58:55Z,2023-03-24T17:59:00Z,1.637946122095028e-06,0.0009781135161472812,0.0009797514622693763,0
2023-03-24T17:58:55Z,2023-03-24T17:59:00Z,2.388340977953641e-06,0.0009781362767459654,0.000980524617723919,0
2023-03-24T17:58:55Z,2023-03-24T17:59:00Z,3.11488768278299e-06,0.0009812284038300642,0.0009781135161472812,0
2023-03-24T17:58:55Z,2023-03-24T17:59:00Z,3.2649621930665434e-06,0.000981401238939032,0.0009781362767459654,0
2023-03-24T17:58:55Z,2023-03-24T17:59:00Z,3.6967048386382737e-06,0.0009849251086687025,0.0009812284038300642,0
2023-03-24T17:58:55Z,2023-03-24T17:59:00Z,2.8998248455807275e-06,0.0009843010637846127,0.000981401238939032,0
2023-03-24T17:58:55Z,2023-03-24T17:59:00Z,3.2108120045812143e-06,0.0009817142966641213,0.0009849251086687025,0
2023-03-24T17:58:55Z,2023-03-24T17:59:00Z,9.418966308973129e-07,0.0009833591671537154,0.0009843010637846127,0
2023-03-24T17:58:55Z,2023-03-24T17:59:00Z,3.1185734396415622e-06,0.0009785957232244797,0.0009817142966641213,0
2023-03-24T17:58:55Z,2023-03-24T17:59:00Z,8.85880641301681e-06,0.0009745003607406986,0.0009833591671537154,0
2023-03-24T17:58:55Z,2023-03-24T17:59:00Z,9.064043814853147e-06,0.0009695316794096266,0.0009785957232244797,0
2023-03-24T17:58:55Z,2023-03-24T17:59:00Z,9.345460218111354e-06,0.0009651549005225872,0.0009745003607406986,0
2023-03-24T17:58:55Z,2023-03-24T17:59:00Z,8.050420782738628e-06,0.000961481258626888,0.0009695316794096266,0
2023-03-24T17:58:55Z,2023-03-24T17:59:00Z,3.4311547442659324e-06,0.0009617237457783213,0.0009651549005225872,0
2023-03-24T17:58:55Z,2023-03-24T17:59:00Z,1.3360163109997535e-06,0.0009601452423158882,0.000961481258626888,0
2023-03-24T17:58:55Z,2023-03-24T17:59:00Z,6.152768894638976e-06,0.0009555709768836823,0.0009617237457783213,0
2023-03-24T17:58:55Z,2023-03-24T17:59:00Z,7.5832395512684956e-06,0.0009525620027646197,0.0009601452423158882,0
2023-03-24T17:58:55Z,2023-03-24T17:59:00Z,4.8431655355608795e-06,0.0009507278113481215,0.0009555709768836823,0
2023-03-24T17:58:55Z,2023-03-24T17:59:00Z,2.1423224753759455e-06,0.0009504196802892438,0.0009525620027646197,0
2023-03-24T17:58:55Z,2023-03-24T17:59:00Z,1.5547830837972076e-06,0.0009491730282643242,0.0009507278113481215,0
2023-03-24T17:58:55Z,2023-03-24T17:59:00Z,4.15767886078537e-07,0.0009500039124031652,0.0009504196802892438,0
2023-03-24T17:58:55Z,2023-03-24T17:59:00Z,1.6520914452635696e-06,0.0009508251197095878,0.0009491730282643242,0
2023-03-24T17:58:55Z,2023-03-24T17:59:00Z,1.6099692995114956e-06,0.0009516138817026767,0.0009500039124031652,0
2023-03-24T17:58:55Z,2023-03-24T17:59:00Z,9.923279886804928e-07,0.0009518174476982683,0.0009508251197095878,0
2023-03-24T17:58:55Z,2023-03-24T17:59:00Z,4.225203763429043e-06,0.0009558390854661058,0.0009516138817026767,0
2023-03-24T17:58:55Z,2023-03-24T17:59:00Z,5.0522341413358415e-06,0.0009568696818396041,0.0009518174476982683,0
2023-03-24T17:58:55Z,2023-03-24T17:59:00Z,4.574738159777037e-07,0.000955381611650128,0.0009558390854661058,0
2023-03-24T17:58:55Z,2023-03-24T17:59:00Z,4.245698201401694e-06,0.0009526239836382025,0.0009568696818396041,0
2023-03-24T17:58:55Z,2023-03-24T17:59:00Z,2.3984529233925028e-06,0.0009529831587267356,0.000955381611650128,0
2023-03-24T17:58:55Z,2023-03-24T17:59:00Z,3.959548964752881e-06,0.0009565835326029553,0.0009526239836382025,0
2023-03-24T17:58:55Z,2023-03-24T17:59:00Z,6.457553776699487e-06,0.000959440712503435,0.0009529831587267356,0
2023-03-24T17:58:55Z,2023-03-24T17:59:00Z,2.4221182020586806e-06,0.000959005650805014,0.0009565835326029553,0
2023-03-24T17:58:55Z,2023-03-24T17:59:00Z,1.9244830782481296e-06,0.0009575162294251869,0.000959440712503435,0
2023-03-24T17:58:55Z,2023-03-24T17:59:00Z,8.82346047891198e-07,0.0009598879968529052,0.000959005650805014,0
2023-03-24T17:58:55Z,2023-03-24T17:59:00Z,1.15041087945546e-06,0.0009586666403046424,0.0009575162294251869,0
2023-03-24T17:58:55Z,2023-03-24T17:59:00Z,1.129810880174417e-06,0.0009587581859727308,0.0009598879968529052,0
2023-03-24T17:58:55Z,2023-03-24T17:59:00Z,1.2933254226147207e-06,0.0009599599657272571,0.0009586666403046424,0
2023-03-24T17:58:55Z,2023-03-24T17:59:00Z,8.777305121967583e-06,0.0009675354910946984,0.0009587581859727308,0
2023-03-24T17:58:55Z,2023-03-24T17:59:00Z,5.990800483586956e-06,0.000965950766210844,0.0009599599657272571,0
2023-03-24T17:58:55Z,2023-03-24T17:59:00Z,2.145377278577141e-06,0.0009696808683732755,0.0009675354910946984,0
2023-03-24T17:58:55Z,2023-03-24T17:59:00Z,4.3848237055930635e-06,0.0009703355899164371,0.000965950766210844,0
2023-03-24T17:58:55Z,2023-03-24T17:59:00Z,2.927646011706593e-06,0.0009726085143849821,0.0009696808683732755,0
2023-03-24T17:58:55Z,2023-03-24T17:59:00Z,2.627752820053746e-06,0.0009729633427364909,0.0009703355899164371,0
2023-03-24T17:58:55Z,2023-03-24T17:59:00Z,2.0178416719341796e-06,0.0009746263560569163,0.0009726085143849821,0
2023-03-24T17:58:55Z,2023-03-24T17:59:00Z,4.421174195708209e-06,0.000977384516932199,0.0009729633427364909,0
2023-03-24T17:58:55Z,2023-03-24T17:59:00Z,1.1320630525958044e-05,0.0009859469865828743,0.0009746263560569163,0
2023-03-24T17:58:55Z,2023-03-24T17:59:00Z,7.145912221837849e-06,0.000984530429154037,0.000977384516932199,0
2023-03-24T17:58:55Z,2023-03-24T17:59:00Z,1.65482113718236e-06,0.000984292165445692,0.0009859469865828743,0
2023-03-24T17:58:55Z,2023-03-24T17:59:00Z,4.7435312934274165e-06,0.0009797868978606095,0.000984530429154037,0
2023-03-24T17:58:55Z,2023-03-24T17:59:00Z,3.1720361908572393e-06,0.0009811201292548347,0.000984292165445692,0
2023-03-24T17:58:55Z,2023-03-24T17:59:00Z,4.792334704343225e-06,0.0009845792325649527,0.0009797868978606095,0
2023-03-24T17:58:55Z,2023-03-24T17:59:00Z,6.816934796206788e-06,0.0009879370640510415,0.0009811201292548347,0
2023-03-24T17:58:55Z,2023-03-24T17:59:00Z,8.880266093389683e-07,0.0009854672591742917,0.0009845792325649527,0
2023-03-24T17:58:55Z,2023-03-24T17:59:00Z,1.2385101035644e-06,0.000989175574154606,0.0009879370640510415,0
2023-03-24T17:58:55Z,2023-03-24T17:59:00Z,3.0183046803235365e-06,0.0009884855638546152,0.0009854672591742917,0
2023-03-24T17:58:55Z,2023-03-24T17:59:00Z,1.0077183137859741e-07,0.0009892763459859845,0.000989175574154606,0
2023-03-24T17:58:55Z,2023-03-24T17:59:00Z,2.027798834282942e-06,0.0009905133626888982,0.0009884855638546152,0
2023-03-24T17:58:55Z,2023-03-24T17:59:00Z,2.2008642989795532e-06,0.000991477210284964,0.0009892763459859845,0
2023-03-24T17:58:55Z,2023-03-24T17:59:00Z,1.0722917221819665e-06,0.0009894410709667162,0.0009905133626888982,0
2023-03-24T17:58:55Z,2023-03-24T17:59:00Z,4.479796080485762e-06,0.0009869974142044783,0.000991477210284964,0
2023-03-24T17:58:55Z,2023-03-24T17:59:00Z,5.322397373302328e-06,0.0009841186735934139,0.0009894410709667162,0
2023-03-24T17:58:55Z,2023-03-24T17:59:00Z,3.2184714959609083e-06,0.0009837789427085174,0.0009869974142044783,0
2023-03-24T17:58:55Z,2023-03-24T17:59:00Z,1.2975836780084165e-06,0.0009828210899154055,0.0009841186735934139,0
2023-03-24T17:58:55Z,2023-03-24T17:59:00Z,4.924885666725189e-07,0.0009832864541418449,0.0009837789427085174,0
2023-03-24T17:58:55Z,2023-03-24T17:59:00Z,1.771297673626871e-06,0.0009845923875890323,0.0009828210899154055,0
2023-03-24T17:58:55Z,2023-03-24T17:59:00Z,3.3628618770560788e-06,0.0009799235922647888,0.0009832864541418449,0
2023-03-24T17:58:55Z,2023-03-24T17:59:00Z,1.4517489812597298e-05,0.000970074897776435,0.0009845923875890323,0
2023-03-24T17:58:55Z,2023-03-24T17:59:00Z,1.1081316984330844e-05,0.000968842275280458,0.0009799235922647888,0
2023-03-24T17:58:55Z,2023-03-24T17:59:00Z,2.929068661758176e-06,0.0009671458291146769,0.000970074897776435,0
2023-03-24T17:58:55Z,2023-03-24T17:59:00Z,1.8460527945814327e-06,0.0009706883280750394,0.000968842275280458,0
2023-03-24T17:58:55Z,2023-03-24T17:59:00Z,6.984931725498539e-06,0.0009741307608401754,0.0009671458291146769,0
2023-03-24T17:58:55Z,2023-03-24T17:59:00Z,3.7814934009236436e-06,0.000974469821475963,0.0009706883280750394,0
2023-03-24T17:58:55Z,2023-03-24T17:59:00Z,5.473030978113283e-07,0.0009735834577423641,0.0009741307608401754,0
2023-03-24T17:58:55Z,2023-03-24T17:59:00Z,4.595360154632279e-06,0.0009698744613213308,0.000974469821475963,0
2023-03-24T17:58:55Z,2023-03-24T17:59:00Z,3.3508628344577993e-06,0.0009702325949079063,0.0009735834577423641,0
2023-03-24T17:58:55Z,2023-03-24T17:59:00Z,1.7106317498455067e-06,0.0009681638295714853,0.0009698744613213308,0
2023-03-24T17:58:55Z,2023-03-24T17:59:00Z,2.9140681317941716e-07,0.0009699411880947268,0.0009702325949079063,0
2023-03-24T17:58:55Z,2023-03-24T17:59:00Z,8.199250191311645e-07,0.0009673439045523541,0.0009681638295714853,0
2023-03-24T17:58:55Z,2023-03-24T17:59:00Z,3.477371277309021e-06,0.0009664638168174178,0.0009699411880947268,0
2023-03-24T17:58:55Z,2023-03-24T17:59:00Z,5.5836785207249344e-06,0.0009617602260316292,0.0009673439045523541,0
2023-03-24T17:58:55Z,2023-03-24T17:59:00Z,6.634318455679407e-06,0.0009598294983617384,0.0009664638168174178,0
2023-03-24T17:58:55Z,2023-03-24T17:59:00Z,1.1173296113397104e-05,0.000950586929918232,0.0009617602260316292,0
2023-03-24T17:58:55Z,2023-03-24T17:59:00Z,7.387353240830008e-06,0.0009524421451209084,0.0009598294983617384,0
2023-03-24T17:58:55Z,2023-03-24T17:59:00Z,6.3131949306002855e-06,0.0009569001248488323,0.000950586929918232,0
2023-03-24T17:58:55Z,2023-03-24T17:59:00Z,1.1749835089020638e-05,0.000964191980209929,0.0009524421451209084,0
2023-03-24T17:58:55Z,2023-03-24T17:59:00Z,8.22624419282976e-06,0.0009651263690416621,0.0009569001248488323,0
2023-03-24T17:58:55Z,2023-03-24T17:59:00Z,6.220756675922364e-07,0.0009648140558775213,0.000964191980209929,0
2023-03-24T17:58:55Z,2023-03-24T17:59:00Z,3.367034931840945e-06,0.000968493403973503,0.0009651263690416621,0
2023-03-24T17:58:55Z,2023-03-24T17:59:00Z,7.498360378072858e-06,0.0009723124162555941,0.0009648140558775213,0
2023-03-24T17:58:55Z,2023-03-24T17:59:00Z,2.5508404585474105e-06,0.0009659425635149556,0.000968493403973503,0
2023-03-24T17:58:55Z,2023-03-24T17:59:00Z,4.522180887172179e-06,0.000967790235368422,0.0009723124162555941,0
2023-03-24T17:58:55Z,2023-03-24T17:59:00Z,1.0132557145841009e-05,0.0009760751206607966,0.0009659425635149556,0
2023-03-24T17:58:55Z,2023-03-24T17:59:00Z,6.723182204965562e-06,0.0009745134175733875,0.000967790235368422,0
2023-03-24T17:58:55Z,2023-03-24T17:59:00Z,3.0478886283398033e-06,0.0009791230092891364,0.0009760751206607966,0
2023-03-24T17:58:55Z,2023-03-24T17:59:00Z,5.538219808140683e-06,0.0009800516373815282,0.0009745134175733875,0
2023-03-24T17:58:55Z,2023-03-24T17:59:00Z,4.324993744121925e-06,0.0009834480030332584,0.0009791230092891364,0
2023-03-24T17:58:55Z,2023-03-24T17:59:00Z,2.6411590250846086e-06,0.0009826927964066128,0.0009800516373815282,0
2023-03-24T17:58:55Z,2023-03-24T17:59:00Z,1.7086450400422178e-06,0.0009817393579932162,0.0009834480030332584,0
2023-03-24T17:58:55Z,2023-03-24T17:59:00Z,4.182158266148161e-06,0.000986874954672761,0.0009826927964066128,0
2023-03-24T17:58:55Z,2023-03-24T17:59:00Z,1.1096339571271862e-05,0.000992835697564488,0.0009817393579932162,0
2023-03-24T17:58:55Z,2023-03-24T17:59:00Z,5.094628748202566e-06,0.0009919695834209635,0.000986874954672761,0
2023-03-24T17:58:55Z,2023-03-24T17:59:00Z,5.516717271820612e-06,0.0009983524148363086,0.000992835697564488,0
2023-03-24T17:58:55Z,2023-03-24T17:59:00Z,9.592908872525091e-06,0.0010015624922934886,0.0009919695834209635,0
2023-03-24T17:58:55Z,2023-03-24T17:59:00Z,3.578349578069141e-06,0.0010019307644143778,0.0009983524148363086,0
2023-03-24T17:58:55Z,2023-03-24T17:59:00Z,1.6138847580302127e-06,0.0010031763770515189,0.0010015624922934886,0
2023-03-24T17:58:55Z,2023-03-24T17:59:00Z,5.472828402775052e-07,0.0010013834815741003,0.0010019307644143778,0
2023-03-24T17:58:55Z,2023-03-24T17:59:00Z,3.8863233493922206e-07,0.001003565009386458,0.0010031763770515189,0
2023-03-24T17:58:55Z,2023-03-24T17:59:00Z,4.174215005942105e-06,0.0010055576965800424,0.0010013834815741003,0
2023-03-24T17:58:55Z,2023-03-24T17:59:00Z,2.5346813992562466e-06,0.0010060996907857143,0.001003565009386458,0
2023-03-24T17:58:55Z,2023-03-24T17:59:00Z,2.5266595459851916e-06,0.0010030310370340572,0.0010055576965800424,0
2023-03-24T17:58:55Z,2023-03-24T17:59:00Z,3.443156252470707e-06,0.0010026565345332436,0.0010060996907857143,0
2023-03-24T17:58:55Z,2023-03-24T17:59:00Z,2.4951101227728076e-06,0.0010005359269112844,0.0010030310370340572,0
2023-03-24T17:58:55Z,2023-03-24T17:59:00Z,2.8045735179099435e-06,0.0009998519610153337,0.0010026565345332436,0
2023-03-24T17:58:55Z,2023-03-24T17:59:00Z,3.4203240370463996e-06,0.000997115602874238,0.0010005359269112844,0
2023-03-24T17:58:55Z,2023-03-24T17:59:00Z,3.830425890248221e-06,0.0009960215351250854,0.0009998519610153337,0
2023-03-24T17:58:55Z,2023-03-24T17:59:00Z,8.603863918350526e-06,0.0009885117389558874,0.000997115602874238,0
2023-03-24T17:58:55Z,2023-03-24T17:59:00Z,1.2340876178227635e-05,0.0009836806589468578,0.0009960215351250854,0
2023-03-24T17:58:55Z,2023-03-24T17:59:00Z,5.640349128002448e-06,0.000982871389827885,0.0009885117389558874,0
2023-03-24T17:58:55Z,2023-03-24T17:59:00Z,4.5911340116537407e-07,0.0009832215455456924,0.0009836806589468578,0
2023-03-24T17:58:55Z,2023-03-24T17:59:00Z,2.9165978213212523e-06,0.0009799547920065637,0.000982871389827885,0
2023-03-24T17:58:55Z,2023-03-24T17:59:00Z,3.261496490933498e-06,0.000979960049054759,0.0009832215455456924,0
2023-03-24T17:58:55Z,2023-03-24T17:59:00Z,1.1856584632564775e-07,0.000979836226160238,0.0009799547920065637,0
2023-03-24T17:58:55Z,2023-03-24T17:59:00Z,4.295553531725744e-06,0.0009842556025864847,0.000979960049054759,0
2023-03-24T17:58:55Z,2023-03-24T17:59:00Z,3.4518406245417823e-06,0.0009832880667847799,0.000979836226160238,0
2023-03-24T17:58:55Z,2023-03-24T17:59:00Z,2.720395038996199e-06,0.0009815352075474885,0.0009842556025864847,0
2023-03-24T17:58:55Z,2023-03-24T17:59:00Z,1.4104775931404658e-06,0.0009818775891916394,0.0009832880667847799,0
2023-03-24T17:58:55Z,2023-03-24T17:59:00Z,1.1792199043083283e-06,0.0009827144274517968,0.0009815352075474885,0
2023-03-24T17:58:55Z,2023-03-24T17:59:00Z,1.1058525684235713e-06,0.000982983441760063,0.0009818775891916394,0
2023-03-24T17:58:55Z,2023-03-24T17:59:00Z,1.812660743522737e-06,0.0009845270881953196,0.0009827144274517968,0
2023-03-24T17:58:55Z,2023-03-24T17:59:00Z,5.429169258229331e-06,0.0009884126110182923,0.000982983441760063,0
2023-03-24T17:58:55Z,2023-03-24T17:59:00Z,2.1745630307727984e-06,0.0009867016512260924,0.0009845270881953196,0
2023-03-24T17:58:55Z,2023-03-24T17:59:00Z,3.133217027098765e-06,0.0009852793939911935,0.0009884126110182923,0
2023-03-24T17:58:55Z,2023-03-24T17:59:00Z,2.3624744838529263e-06,0.0009843391767422394,0.0009867016512260924,0
2023-03-24T17:58:55Z,2023-03-24T17:59:00Z,1.0343055983899271e-06,0.0009842450883928036,0.0009852793939911935,0
2023-03-24T17:58:55Z,2023-03-24T17:59:00Z,6.295119807273172e-06,0.0009780440569349663,0.0009843391767422394,0
2023-03-24T17:58:55Z,2023-03-24T17:59:00Z,7.811884386106378e-06,0.0009764332040066972,0.0009842450883928036,0
2023-03-24T17:58:55Z,2023-03-24T17:59:00Z,1.576886163265909e-06,0.0009796209430982322,0.0009780440569349663,0
2023-03-24T17:58:55Z,2023-03-24T17:59:00Z,3.728219064944721e-06,0.000980161423071642,0.0009764332040066972,0
2023-03-24T17:58:55Z,2023-03-24T17:59:00Z,7.257200450054221e-07,0.0009788952230532267,0.0009796209430982322,0
2023-03-24T17:58:55Z,2023-03-24T17:59:00Z,4.831778341783449e-06,0.0009753296447298585,0.000980161423071642,0
2023-03-24T17:58:55Z,2023-03-24T17:59:00Z,3.6827516788559556e-06,0.0009752124713743708,0.0009788952230532267,0
2023-03-24T17:58:55Z,2023-03-24T17:59:00Z,5.82764628107588e-06,0.0009695019984487826,0.0009753296447298585,0
2023-03-24T17:58:55Z,2023-03-24T17:59:00Z,5.47676351798389e-06,0.0009697357078563869,0.0009752124713743708,0
2023-03-24T17:58:55Z,2023-03-24T17:59:00Z,3.0857037905643488e-06,0.000972587702239347,0.0009695019984487826,0
2023-03-24T17:58:55Z,2023-03-24T17:59:00Z,4.967801675424539e-06,0.0009747035095318114,0.0009697357078563869,0
2023-03-24T17:58:55Z,2023-03-24T17:59:00Z,1.0253341540663805e-06,0.0009715623680852806,0.000972587702239347,0
2023-03-24T17:58:55Z,2023-03-24T17:59:00Z,4.514041327571632e-06,0.0009701894682042398,0.0009747035095318114,0
2023-03-24T17:58:55Z,2023-03-24T17:59:00Z,2.7885078221891266e-07,0.0009718412188674995,0.0009715623680852806,0
2023-03-24T17:58:55Z,2023-03-24T17:59:00Z,5.645367032509506e-07,0.0009707540049074908,0.0009701894682042398,0
2023-03-24T17:58:55Z,2023-03-24T17:59:00Z,2.6391242505075874e-06,0.0009692020946169919,0.0009718412188674995,0
2023-03-24T17:58:55Z,2023-03-24T17:59:00Z,1.4284510147196446e-06,0.0009693255538927711,0.0009707540049074908,0
2023-03-24T17:58:55Z,2023-03-24T17:59:00Z,7.700895265339534e-06,0.0009769029898823315,0.0009692020946169919,0
2023-03-24T17:58:55Z,2023-03-24T17:59:00Z,1.1755265105670935e-05,0.000981080818998442,0.0009693255538927711,0
2023-03-24T17:58:55Z,2023-03-24T17:59:00Z,5.486768156499205e-07,0.0009763543130666815,0.0009769029898823315,0
2023-03-24T17:58:55Z,2023-03-24T17:59:00Z,5.6139421878179064e-06,0.0009754668768106241,0.000981080818998442,0
2023-03-24T17:58:55Z,2023-03-24T17:59:00Z,1.398073194467742e-06,0.0009777523862611493,0.0009763543130666815,0
2023-03-24T17:58:55Z,2023-03-24T17:59:00Z,2.0556101976518942e-06,0.0009734112666129722,0.0009754668768106241,0
2023-03-24T17:58:55Z,2023-03-24T17:59:00Z,1.2661118399981842e-06,0.0009764862744211511,0.0009777523862611493,0
2023-03-24T17:58:55Z,2023-03-24T17:59:00Z,7.339636620522553e-06,0.0009807509032334948,0.0009734112666129722,0
2023-03-24T17:58:55Z,2023-03-24T17:59:00Z,4.5545274043395315e-06,0.0009810408018254906,0.0009764862744211511,0
2023-03-24T17:58:55Z,2023-03-24T17:59:00Z,1.10407304174066e-06,0.0009818549762752355,0.0009807509032334948,0
2023-03-24T17:58:55Z,2023-03-24T17:59:00Z,9.277626279999892e-07,0.0009801130391974906,0.0009810408018254906,0
2023-03-24T17:58:55Z,2023-03-24T17:59:00Z,6.969339854148845e-06,0.0009748856364210866,0.0009818549762752355,0
2023-03-24T17:58:55Z,2023-03-24T17:59:00Z,3.6049423373739732e-06,0.0009765080968601167,0.0009801130391974906,0
2023-03-24T17:58:55Z,2023-03-24T17:59:00Z,2.720327780639112e-06,0.0009776059642017257,0.0009748856364210866,0
2023-03-24T17:58:55Z,2023-03-24T17:59:00Z,5.204932890407474e-07,0.0009759876035710759,0.0009765080968601167,0
2023-03-24T17:58:55Z,2023-03-24T17:59:00Z,8.408516699331438e-07,0.0009784468158716589,0.0009776059642017257,0
2023-03-24T17:58:55Z,2023-03-24T17:59:00Z,3.995821118931656e-06,0.0009799834246900076,0.0009759876035710759,0
2023-03-24T17:58:55Z,2023-03-24T17:59:00Z,2.579201509418476e-06,0.0009810260173810773,0.0009784468158716589,0
2023-03-24T17:58:55Z,2023-03-24T17:59:00Z,6.9408472992880076e-06,0.0009869242719892956,0.0009799834246900076,0
2023-03-24T17:58:55Z,2023-03-24T17:59:00Z,4.221647667921246e-06,0.0009852476650489986,0.0009810260173810773,0
2023-03-24T17:58:55Z,2023-03-24T17:59:00Z,1.214919447513601e-06,0.0009881391914368092,0.0009869242719892956,0
2023-03-24T17:58:55Z,2023-03-24T17:59:00Z,1.6563848610087837e-06,0.0009869040499100074,0.0009852476650489986,0
2023-03-24T17:58:55Z,2023-03-24T17:59:00Z,4.2196521913688036e-06,0.0009839195392454404,0.0009881391914368092,0
2023-03-24T17:58:55Z,2023-03-24T17:59:00Z,3.1024365897524674e-06,0.000983801613320255,0.0009869040499100074,0
2023-03-24T17:58:55Z,2023-03-24T17:59:00Z,5.074555838304948e-07,0.0009834120836616099,0.0009839195392454404,0
2023-03-24T17:58:55Z,2023-03-24T17:59:00Z,2.094090597073474e-06,0.0009817075227231814,0.000983801613320255,0
2023-03-24T17:58:55Z,2023-03-24T17:59:00Z,1.2497070419261336e-06,0.000984661790703536,0.0009834120836616099,0
2023-03-24T17:58:55Z,2023-03-24T17:59:00Z,2.163071825936379e-06,0.0009838705945491178,0.0009817075227231814,0
2023-03-24T17:58:55Z,2023-03-24T17:59:00Z,9.514096150392624e-06,0.0009751476945531434,0.000984661790703536,0
2023-03-24T17:58:55Z,2023-03-24T17:59:00Z,7.739154038021692e-06,0.0009761314405110961,0.0009838705945491178,0
2023-03-24T17:58:55Z,2023-03-24T17:59:00Z,2.1357923089560795e-06,0.0009772834868620995,0.0009751476945531434,0
2023-03-24T17:58:55Z,2023-03-24T17:59:00Z,3.6701016277127527e-06,0.0009724613388833834,0.0009761314405110961,0
2023-03-24T17:58:55Z,2023-03-24T17:59:00Z,1.5141549823716486e-06,0.0009757693318797278,0.0009772834868620995,0
2023-03-24T17:58:55Z,2023-03-24T17:59:00Z,1.001295853927638e-05,0.0009824742974226597,0.0009724613388833834,0
2023-03-24T17:58:55Z,2023-03-24T17:59:00Z,1.0083969449893441e-05,0.0009858533013296213,0.0009757693318797278,0
2023-03-24T17:58:55Z,2023-03-24T17:59:00Z,2.5646759563501768e-06,0.00098503897337901,0.0009824742974226597,0
2023-03-24T17:58:55Z,2023-03-24T17:59:00Z,7.246627959441206e-07,0.0009851286385336772,0.0009858533013296213,0
2023-03-24T17:58:55Z,2023-03-24T17:59:00Z,1.3748029520806431e-06,0.0009836641704269293,0.00098503897337901,0
2023-03-24T17:58:55Z,2023-03-24T17:59:00Z,4.105144108469856e-07,0.0009855391529445241,0.0009851286385336772,0
2023-03-24T17:58:55Z,2023-03-24T17:59:00Z,4.075213269552494e-06,0.0009877393836964818,0.0009836641704269293,0
2023-03-24T17:58:55Z,2023-03-24T17:59:00Z,2.0227018844077606e-07,0.000985741423132965,0.0009855391529445241,0
2023-03-24T17:58:55Z,2023-03-24T17:59:00Z,4.894029326030181e-06,0.0009828453543704516,0.0009877393836964818,0
2023-03-24T17:58:55Z,2023-03-24T17:59:00Z,8.46815067858872e-06,0.0009772732724543762,0.000985741423132965,0
2023-03-24T17:58:55Z,2023-03-24T17:59:00Z,9.415547248792537e-06,0.000973429807121659,0.0009828453543704516,0
2023-03-24T17:58:55Z,2023-03-24T17:59:00Z,6.2988314505452e-07,0.0009766433893093217,0.0009772732724543762,0
2023-03-24T17:58:55Z,2023-03-24T17:59:00Z,6.928891870992869e-06,0.000980358698992652,0.000973429807121659,0
2023-03-24T17:58:55Z,2023-03-24T17:59:00Z,5.729189814536375e-06,0.000982372579123858,0.0009766433893093217,0
2023-03-24T17:58:55Z,2023-03-24T17:59:00Z,7.613182916963541e-06,0.0009879718819096155,0.000980358698992652,0
2023-03-24T17:58:55Z,2023-03-24T17:59:00Z,1.5427166170356704e-06,0.0009839152957408937,0.000982372579123858,0
2023-03-24T17:58:55Z,2023-03-24T17:59:00Z,1.9480890665021008e-06,0.0009860237928431134,0.0009879718819096155,0
2023-03-24T17:58:55Z,2023-03-24T17:59:00Z,1.7749825186074483e-06,0.0009856902782595012,0.0009839152957408937,0
2023-03-24T17:58:55Z,2023-03-24T17:59:00Z,8.93334550533401e-07,0.00098513045829258,0.0009860237928431134,0
2023-03-24T17:58:55Z,2023-03-24T17:59:00Z,3.1573618035742393e-07,0.0009853745420791437,0.0009856902782595012,0
2023-03-24T17:58:55Z,2023-03-24T17:59:00Z,3.4191041723852927e-06,0.0009885495624649653,0.00098513045829258,0
2023-03-24T17:58:55Z,2023-03-24T17:59:00Z,6.83071687604766e-06,0.0009922052589551914,0.0009853745420791437,0
2023-03-24T17:58:55Z,2023-03-24T17:59:00Z,7.75855753347432e-06,0.0009963081199984396,0.0009885495624649653,0
2023-03-24T17:58:55Z,2023-03-24T17:59:00Z,8.339776869747571e-06,0.001000545035824939,0.0009922052589551914,0
2023-03-24T17:58:55Z,2023-03-24T17:59:00Z,7.086607240505173e-06,0.0010033947272389447,0.0009963081199984396,0
2023-03-24T17:58:55Z,2023-03-24T17:59:00Z,4.304594330606978e-06,0.001004849630155546,0.001000545035824939,0
2023-03-24T17:58:55Z,2023-03-24T17:59:00Z,6.747570763508161e-07,0.001002719970162594,0.0010033947272389447,0
2023-03-24T17:58:55Z,2023-03-24T17:59:00Z,1.1607050231894015e-06,0.0010060103351787354,0.001004849630155546,0
2023-03-24T17:58:55Z,2023-03-24T17:59:00Z,2.4431831397960565e-06,0.00100516315330239,0.001002719970162594,0
2023-03-24T17:58:55Z,2023-03-24T17:59:00Z,2.012053863372984e-06,0.0010039982813153624,0.0010060103351787354,0
2023-03-24T17:58:55Z,2023-03-24T17:59:00Z,4.90477272558406e-06,0.001010067926027974,0.00100516315330239,0
2023-03-24T17:58:55Z,2023-03-24T17:59:00Z,1.0190232578931356e-05,0.0010141885138942937,0.0010039982813153624,0
2023-03-24T17:58:55Z,2023-03-24T17:59:00Z,5.683667939395667e-06,0.0010157515939673697,0.001010067926027974,0
2023-03-24T17:58:55Z,2023-03-24T17:59:00Z,2.9277673572285483e-06,0.0010171162812515223,0.0010141885138942937,0
2023-03-24T17:58:55Z,2023-03-24T17:59:00Z,6.919331276471078e-06,0.0010226709252438408,0.0010157515939673697,0
2023-03-24T17:58:55Z,2023-03-24T17:59:00Z,8.975374819241225e-07,0.0010180138187334464,0.0010171162812515223,0
2023-03-24T17:58:55Z,2023-03-24T17:59:00Z,8.555314190493652e-06,0.0010141156110533471,0.0010226709252438408,0
2023-03-24T17:58:55Z,2023-03-24T17:59:00Z,6.535152102497268e-06,0.0010114786666309491,0.0010180138187334464,0
2023-03-24T17:58:55Z,2023-03-24T17:59:00Z,3.782629356164106e-06,0.001010332981697183,0.0010141156110533471,0
2023-03-24T17:58:55Z,2023-03-24T17:59:00Z,2.9878014673619634e-06,0.0010084908651635872,0.0010114786666309491,0
2023-03-24T17:58:55Z,2023-03-24T17:59:00Z,5.203691631422772e-06,0.0010051292900657603,0.001010332981697183,0
2023-03-24T17:58:55Z,2023-03-24T17:59:00Z,2.3339445236467745e-06,0.0010061569206399404,0.0010084908651635872,0
2023-03-24T17:58:55Z,2023-03-24T17:59:00Z,1.972889659002759e-06,0.001007102179724763,0.0010051292900657603,0
2023-03-24T17:58:55Z,2023-03-24T17:59:00Z,7.94935683388941e-06,0.0010141062774738298,0.0010061569206399404,0
2023-03-24T17:58:55Z,2023-03-24T17:59:00Z,1.597940906228443e-05,0.0010230815887870474,0.001007102179724763,0
2023-03-24T17:58:55Z,2023-03-24T17:59:00Z,1.4743476649316809e-05,0.0010288497541231466,0.0010141062774738298,1
2023-03-24T17:58:55Z,2023-03-24T17:59:00Z,1.671765252038741e-05,0.0010397992413074349,0.0010230815887870474,1
2023-03-24T17:58:55Z,2023-03-24T17:59:00Z,6.408379505132679e-06,0.0010352581336282793,0.0010288497541231466,1
2023-03-24T17:58:55Z,2023-03-24T17:59:00Z,5.916996197562717e-06,0.0010338822451098721,0.0010397992413074349,1
2023-03-24T17:58:55Z,2023-03-24T17:59:00Z,1.2853467813115239e-06,0.0010339727868469678,0.0010352581336282793,1
2023-03-24T17:58:55Z,2023-03-24T17:59:00Z,2.924550034436252e-06,0.0010368067951443084,0.0010338822451098721,1
2023-03-24T17:58:55Z,2023-03-24T17:59:00Z,7.174067490147134e-06,0.001041146854337115,0.0010339727868469678,1
2023-03-24T17:58:55Z,2023-03-24T17:59:00Z,6.895649076217288e-06,0.0010437024442205257,0.0010368067951443084,1
2023-03-24T17:58:55Z,2023-03-24T17:59:00Z,2.437979438233524e-06,0.0010435848337753484,0.001041146854337115,1
2023-03-24T17:58:55Z,2023-03-24T17:59:00Z,7.310452962523348e-07,0.001044433489516778,0.0010437024442205257,1
2023-03-24T17:58:55Z,2023-03-24T17:59:00Z,2.8872079192968254e-06,0.0010464720416946452,0.0010435848337753484,1
2023-03-24T17:58:55Z,2023-03-24T17:59:00Z,1.0634475981065143e-06,0.0010454969371148845,0.001044433489516778,1
2023-03-24T17:58:55Z,2023-03-24T17:59:00Z,2.95747972115846e-06,0.0010435145619734868,0.0010464720416946452,1
2023-03-24T17:58:55Z,2023-03-24T17:59:00Z,6.596769287861267e-06,0.0010389001678270233,0.0010454969371148845,1
2023-03-24T17:58:55Z,2023-03-24T17:59:00Z,4.011640791252253e-06,0.0010395029211822345,0.0010435145619734868,1
2023-03-24T17:58:55Z,2023-03-24T17:59:00Z,4.507666794261031e-06,0.0010434078346212843,0.0010389001678270233,1
2023-03-24T17:58:55Z,2023-03-24T17:59:00Z,4.660690641269732e-06,0.0010441636118235043,0.0010395029211822345,1
2023-03-24T17:58:55Z,2023-03-24T17:59:00Z,2.7114318542126228e-06,0.001046119266475497,0.0010434078346212843,1
2023-03-24T17:58:55Z,2023-03-24T17:59:00Z,1.2639028457463435e-06,0.001042899708977758,0.0010441636118235043,1
2023-03-24T17:58:55Z,2023-03-24T17:59:00Z,3.0922408333284353e-06,0.0010492115073088254,0.001046119266475497,1
2023-03-24T17:58:55Z,2023-03-24T17:59:00Z,5.80434646974058e-06,0.0010487040554474985,0.001042899708977758,1
2023-03-24T17:58:55Z,2023-03-24T17:59:00Z,5.411441860129085e-07,0.0010497526514948383,0.0010492115073088254,1
2023-03-24T17:58:55Z,2023-03-24T17:59:00Z,7.123972639068617e-06,0.0010558280280865671,0.0010487040554474985,1
2023-03-24T17:58:55Z,2023-03-24T17:59:00Z,7.416750253296444e-06,0.0010571694017481347,0.0010497526514948383,1
2023-03-24T17:58:55Z,2023-03-24T17:59:00Z,5.299459525232378e-06,0.0010611274876117995,0.0010558280280865671,1
2023-03-24T17:58:55Z,2023-03-24T17:59:00Z,6.513402545200607e-06,0.0010636828042933353,0.0010571694017481347,1
2023-03-24T17:58:55Z,2023-03-24T17:59:00Z,6.353643754806364e-06,0.0010674811313666059,0.0010611274876117995,1
2023-03-24T17:58:55Z,2023-03-24T17:59:00Z,7.619547319910906e-06,0.0010713023516132462,0.0010636828042933353,1
2023-03-24T17:58:55Z,2023-03-24T17:59:00Z,9.66502572818809e-06,0.001077146157094794,0.0010674811313666059,1
2023-03-24T17:58:55Z,2023-03-24T17:59:00Z,9.595937510480752e-06,0.001080898289123727,0.0010713023516132462,1
2023-03-24T17:58:55Z,2023-03-24T17:59:00Z,7.934982533118907e-06,0.0010850811396279129,0.001077146157094794,1
2023-03-24T17:58:55Z,2023-03-24T17:59:00Z,1.0115691314185361e-05,0.0010910139804379123,0.001080898289123727,1
2023-03-24T17:58:55Z,2023-03-24T17:59:00Z,4.460102311936234e-06,0.001089541241939849,0.0010850811396279129,1
2023-03-24T17:58:55Z,2023-03-24T17:59:00Z,7.682868151999683e-06,0.001098696848589912,0.0010910139804379123,1
2023-03-24T17:58:55Z,2023-03-24T17:59:00Z,1.3396434207105972e-05,0.001102937676146955,0.001089541241939849,1
2023-03-24T17:58:55Z,2023-03-24T17:59:00Z,1.8570147724886448e-06,0.0011005538633624007,0.001098696848589912,1
2023-03-24T17:58:55Z,2023-03-24T17:59:00Z,3.874586760526516e-06,0.0010990630893864285,0.001102937676146955,1
2023-03-24T17:58:55Z,2023-03-24T17:59:00Z,5.542572103701959e-06,0.0010950112912586987,0.0011005538633624007,1
2023-03-24T17:58:55Z,2023-03-24T17:59:00Z,6.300562443759634e-06,0.001092762526942669,0.0010990630893864285,1
2023-03-24T17:58:55Z,2023-03-24T17:59:00Z,4.087587591266283e-06,0.001099098878849965,0.0010950112912586987,1
2023-03-24T17:58:55Z,2023-03-24T17:59:00Z,6.09398334464311e-06,0.001098856510287312,0.001092762526942669,1
2023-03-24T17:58:55Z,2023-03-24T17:59:00Z,4.649098893354676e-07,0.0010986339689606295,0.001099098878849965,1
2023-03-24T17:58:55Z,2023-03-24T17:59:00Z,3.49980525304037e-06,0.0011023563155403524,0.001098856510287312,1
2023-03-24T17:58:55Z,2023-03-24T17:59:00Z,2.2074159131441496e-06,0.0011008413848737737,0.0010986339689606295,1
2023-03-24T17:58:55Z,2023-03-24T17:59:00Z,1.9636161672524285e-06,0.0011003926993731,0.0011023563155403524,1
2023-03-24T17:58:55Z,2023-03-24T17:59:00Z,2.283547282005147e-06,0.0010985578375917685,0.0011008413848737737,1
2023-03-24T17:58:55Z,2023-03-24T17:59:00Z,4.373355743120949e-06,0.001096019343629979,0.0011003926993731,1
2023-03-24T17:58:55Z,2023-03-24T17:59:00Z,2.8706686543394488e-06,0.001095687168937429,0.0010985578375917685,1
2023-03-24T17:58:55Z,2023-03-24T17:59:00Z,5.641865818387494e-06,0.0010903774778115915,0.001096019343629979,1
2023-03-24T17:58:55Z,2023-03-24T17:59:00Z,5.691471913888985e-06,0.00108999569702354,0.001095687168937429,1
2023-03-24T17:58:55Z,2023-03-24T17:59:00Z,2.618125162280301e-06,0.0010929956029738718,0.0010903774778115915,1
2023-03-24T17:58:55Z,2023-03-24T17:59:00Z,2.006296557277359e-06,0.0010920019935808174,0.00108999569702354,1
2023-03-24T17:58:55Z,2023-03-24T17:59:00Z,6.172202823288148e-06,0.0010868234001505837,0.0010929956029738718,1
2023-03-24T17:58:55Z,2023-03-24T17:59:00Z,8.775695354715143e-06,0.0010832262982261023,0.0010920019935808174,1
2023-03-24T17:58:55Z,2023-03-24T17:59:00Z,6.161572285803569e-07,0.0010862072429220033,0.0010868234001505837,1
2023-03-24T17:58:55Z,2023-03-24T17:59:00Z,3.538896002560103e-06,0.0010867651942286624,0.0010832262982261023,1
2023-03-24T17:58:55Z,2023-03-24T17:59:00Z,6.928321314159103e-07,0.0010869000750534192,0.0010862072429220033,1
2023-03-24T17:58:55Z,2023-03-24T17:59:00Z,1.5616516339431695e-06,0.0010883268458626056,0.0010867651942286624,1
2023-03-24T17:58:55Z,2023-03-24T17:59:00Z,6.399749287278522e-06,0.0010932998243406977,0.0010869000750534192,1
2023-03-24T17:58:55Z,2023-03-24T17:59:00Z,3.956315472271191e-06,0.0010922831613348768,0.0010883268458626056,1
2023-03-24T17:58:55Z,2023-03-24T17:59:00Z,1.874449633112226e-07,0.0010931123793773865,0.0010932998243406977,1
2023-03-24T17:58:55Z,2023-03-24T17:59:00Z,8.861695945313946e-06,0.0010834214653895628,0.0010922831613348768,0
2023-03-24T17:58:55Z,2023-03-24T17:59:00Z,1.0769223568574777e-05,0.0010823431558088117,0.0010931123793773865,0
2023-03-24T17:58:55Z,2023-03-24T17:59:00Z,2.285475791958874e-06,0.001081135989597604,0.0010834214653895628,0
2023-03-24T17:58:55Z,2023-03-24T17:59:00Z,5.35611091900378e-06,0.001076987044889808,0.0010823431558088117,0
2023-03-24T17:58:55Z,2023-03-24T17:59:00Z,6.229960328661384e-06,0.0010749060292689426,0.001081135989597604,0
2023-03-24T17:58:55Z,2023-03-24T17:59:00Z,7.446622768349405e-07,0.001076242382612973,0.001076987044889808,0
2023-03-24T17:58:55Z,2023-03-24T17:59:00Z,6.626262826684055e-06,0.0010682797664422585,0.0010749060292689426,0
2023-03-24T17:58:55Z,2023-03-24T17:59:00Z,1.0511719855983573e-05,0.0010657306627569895,0.001076242382612973,0
2023-03-24T17:58:55Z,2023-03-24T17:59:00Z,4.324564650905888e-06,0.0010639552017913526,0.0010682797664422585,0
2023-03-24T17:58:55Z,2023-03-24T17:59:00Z,5.201163787364564e-07,0.001066250779135726,0.0010657306627569895,0
2023-03-24T17:58:55Z,2023-03-24T17:59:00Z,1.5875066736526292e-06,0.0010655427084650052,0.0010639552017913526,0
2023-03-24T17:58:55Z,2023-03-24T17:59:00Z,6.765660760449117e-06,0.0010594851183752768,0.001066250779135726,0
2023-03-24T17:58:55Z,2023-03-24T17:59:00Z,1.1995646821543913e-05,0.0010535470616434613,0.0010655427084650052,0
2023-03-24T17:58:55Z,2023-03-24T17:59:00Z,3.7742184619182686e-06,0.0010557108999133585,0.0010594851183752768,0
2023-03-24T17:58:55Z,2023-03-24T17:59:00Z,1.5693217799283166e-06,0.001051977739863533,0.0010535470616434613,0
2023-03-24T17:58:55Z,2023-03-24T17:59:00Z,8.34849284891059e-06,0.001047362407064448,0.0010557108999133585,0
2023-03-24T17:58:55Z,2023-03-24T17:59:00Z,9.020605057372686e-06,0.0010429571348061603,0.001051977739863533,0
2023-03-24T17:58:55Z,2023-03-24T17:59:00Z,6.256217240409529e-06,0.0010411061898240384,0.001047362407064448,0
2023-03-24T17:58:55Z,2023-03-24T17:59:00Z,5.92778007876024e-06,0.0010370293547274,0.0010429571348061603,0
2023-03-24T17:58:55Z,2023-03-24T17:59:00Z,1.0807106777128636e-05,0.0010302990830469098,0.0010411061898240384,0
2023-03-24T17:58:55Z,2023-03-24T17:59:00Z,1.2271118504807643e-05,0.0010247582362225924,0.0010370293547274,0
2023-03-24T17:58:55Z,2023-03-24T17:59:00Z,1.2303799254572865e-05,0.001017995283792337,0.0010302990830469098,0
2023-03-24T17:58:55Z,2023-03-24T17:59:00Z,5.8134592315626284e-06,0.0010189447769910298,0.0010247582362225924,0
2023-03-24T17:58:55Z,2023-03-24T17:59:00Z,7.372860333787349e-06,0.0010106224234585496,0.001017995283792337,0
2023-03-24T17:58:55Z,2023-03-24T17:59:00Z,1.4588719261175633e-05,0.0010043560577298542,0.0010189447769910298,0
2023-03-24T17:58:55Z,2023-03-24T17:59:00Z,1.3749062788199302e-05,0.0009968733606703503,0.0010106224234585496,0
2023-03-24T17:58:55Z,2023-03-24T17:59:00Z,1.0783606605261134e-05,0.000993572451124593,0.0010043560577298542,0
2023-03-24T17:58:55Z,2023-03-24T17:59:00Z,4.885620242309381e-06,0.0009919877404280409,0.0009968733606703503,0
2023-03-24T17:58:55Z,2023-03-24T17:59:00Z,4.62230326727037e-06,0.0009889501478573227,0.000993572451124593,0
2023-03-24T17:58:55Z,2023-03-24T17:59:00Z,1.198287540233418e-05,0.0009800048650257067,0.0009919877404280409,0
2023-03-24T17:58:55Z,2023-03-24T17:59:00Z,1.0252610161344284e-05,0.0009786975376959784,0.0009889501478573227,0
2023-03-24T17:58:55Z,2023-03-24T17:59:00Z,2.933660764822517e-06,0.0009770712042608842,0.0009800048650257067,0
2023-03-24T17:58:55Z,2023-03-24T17:59:00Z,2.7127328385819025e-06,0.0009814102705345603,0.0009786975376959784,0
2023-03-24T17:58:55Z,2023-03-24T17:59:00Z,5.6638515110304585e-06,0.0009827350557719146,0.0009770712042608842,0
2023-03-24T17:58:55Z,2023-03-24T17:59:00Z,1.277720229362375e-05,0.000994187472828184,0.0009814102705345603,0
2023-03-24T17:58:55Z,2023-03-24T17:59:00Z,1.5345471774460802e-05,0.0009980805275463754,0.0009827350557719146,0
2023-03-24T17:58:55Z,2023-03-24T17:59:00Z,1.570586669337004e-05,0.001009893339521554,0.000994187472828184,0
2023-03-24T17:58:55Z,2023-03-24T17:59:00Z,1.1827127344259765e-05,0.0010099076548906352,0.0009980805275463754,0
2023-03-24T17:58:55Z,2023-03-24T17:59:00Z,7.492010478947139e-06,0.0010173853500005012,0.001009893339521554,0
2023-03-24T17:58:55Z,2023-03-24T17:59:00Z,1.2030416380592445e-05,0.0010219380712712276,0.0010099076548906352,0
2023-03-24T17:58:55Z,2023-03-24T17:59:00Z,3.985917846591885e-06,0.0010213712678470931,0.0010173853500005012,0
2023-03-24T17:58:55Z,2023-03-24T17:59:00Z,2.0722381362274153e-06,0.0010198658331350002,0.0010219380712712276,0
2023-03-24T17:58:55Z,2023-03-24T17:59:00Z,1.2945870726652122e-06,0.0010226658549197583,0.0010213712678470931,0
2023-03-24T17:58:55Z,2023-03-24T17:59:00Z,8.681875084625389e-06,0.0010285477082196256,0.0010198658331350002,0
2023-03-24T17:58:55Z,2023-03-24T17:59:00Z,4.062465772161064e-06,0.0010267283206919194,0.0010226658549197583,0
2023-03-24T17:58:55Z,2023-03-24T17:59:00Z,1.3556263815928376e-06,0.0010271920818380328,0.0010285477082196256,0
2023-03-24T17:58:55Z,2023-03-24T17:59:00Z,4.122597023420785e-07,0.0010263160609895773,0.0010267283206919194,0
2023-03-24T17:58:55Z,2023-03-24T17:59:00Z,2.1852859084185022e-06,0.0010250067959296143,0.0010271920818380328,0
2023-03-24T17:58:55Z,2023-03-24T17:59:00Z,6.6950666312902505e-06,0.0010330111276208676,0.0010263160609895773,0
2023-03-24T17:58:55Z,2023-03-24T17:59:00Z,7.318860094934591e-06,0.0010323256560245489,0.0010250067959296143,0
2023-03-24T17:58:55Z,2023-03-24T17:59:00Z,1.3254534249294847e-06,0.001034336581045797,0.0010330111276208676,0
2023-03-24T17:58:55Z,2023-03-24T17:59:00Z,7.813211171906745e-06,0.0010401388671964556,0.0010323256560245489,0
2023-03-24T17:58:55Z,2023-03-24T17:59:00Z,9.693220784092035e-06,0.001044029801829889,0.001034336581045797,0
2023-03-24T17:58:55Z,2023-03-24T17:59:00Z,4.5269445588381856e-06,0.0010446658117552938,0.0010401388671964556,0
2023-03-24T17:58:55Z,2023-03-24T17:59:00Z,1.0848467050126806e-06,0.0010429449551248764,0.001044029801829889,0
2023-03-24T17:58:55Z,2023-03-24T17:59:00Z,6.028638346467852e-06,0.0010506944501017617,0.0010446658117552938,0
2023-03-24T17:58:55Z,2023-03-24T17:59:00Z,1.5617633322427592e-05,0.001058562588447304,0.0010429449551248764,0
2023-03-24T17:58:55Z,2023-03-24T17:59:00Z,1.3916808886885743e-05,0.0010646112589886474,0.0010506944501017617,0
2023-03-24T17:58:55Z,2023-03-24T17:59:00Z,1.2197246354320656e-05,0.0010707598348016246,0.001058562588447304,0
2023-03-24T17:58:55Z,2023-03-24T17:59:00Z,8.938196486789948e-06,0.0010735494554754373,0.0010646112589886474,0
2023-03-24T17:58:55Z,2023-03-24T17:59:00Z,3.351795895652947e-06,0.0010674080389059717,0.0010707598348016246,0
2023-03-24T17:58:55Z,2023-03-24T17:59:00Z,2.6517916856170186e-06,0.0010708976637898203,0.0010735494554754373,0
2023-03-24T17:58:55Z,2023-03-24T17:59:00Z,5.4299683431441054e-06,0.0010619780705628276,0.0010674080389059717,0
2023-03-24T17:58:55Z,2023-03-24T17:59:00Z,9.20532136383244e-06,0.0010616923424259879,0.0010708976637898203,0
2023-03-24T17:58:55Z,2023-03-24T17:59:00Z,5.1636958987185105e-06,0.001056814374664109,0.0010619780705628276,0
2023-03-24T17:58:55Z,2023-03-24T17:59:00Z,2.7700301099857147e-06,0.0010589223123160022,0.0010616923424259879,0
2023-03-24T17:58:55Z,2023-03-24T17:59:00Z,3.840370403089457e-06,0.0010606547450671985,0.001056814374664109,0
2023-03-24T17:58:55Z,2023-03-24T17:59:00Z,3.362521964459745e-06,0.001062284834280462,0.0010589223123160022,0
2023-03-24T17:58:55Z,2023-03-24T17:59:00Z,7.371781013934455e-07,0.001061391923168592,0.0010606547450671985,0
2023-03-24T17:58:55Z,2023-03-24T17:59:00Z,4.0328627629582486e-06,0.0010582519715175037,0.001062284834280462,0
2023-03-24T17:58:55Z,2023-03-24T17:59:00Z,5.1982422734815365e-06,0.0010665901654420735,0.001061391923168592,0
2023-03-24T17:58:55Z,2023-03-24T17:59:00Z,6.413656698268065e-06,0.0010646656282157717,0.0010582519715175037,0
2023-03-24T17:58:55Z,2023-03-24T17:59:00Z,3.59441350903625e-06,0.0010629957519330373,0.0010665901654420735,0
2023-03-24T17:58:55Z,2023-03-24T17:59:00Z,1.0943176610926208e-06,0.0010635713105546791,0.0010646656282157717,0
2023-03-24T17:58:55Z,2023-03-24T17:59:00Z,5.962008668595987e-06,0.0010570337432644413,0.0010629957519330373,0
2023-03-24T17:58:55Z,2023-03-24T17:59:00Z,1.4908916231631472e-06,0.001062080418931516,0.0010635713105546791,0
2023-03-24T17:58:55Z,2023-03-24T17:59:00Z,6.000638782071004e-06,0.0010630343820465123,0.0010570337432644413,0
2023-03-24T17:58:55Z,2023-03-24T17:59:00Z,5.528640735609838e-07,0.001062633283005077,0.001062080418931516,0
2023-03-24T17:58:55Z,2023-03-24T17:59:00Z,1.4508815071830657e-06,0.0010644852635536954,0.0010630343820465123,0
2023-03-24T17:58:55Z,2023-03-24T17:59:00Z,2.1586546183184705e-06,0.0010647919376233954,0.001062633283005077,0
2023-03-24T17:58:55Z,2023-03-24T17:59:00Z,2.9010674787335704e-07,0.0010647753703015687,0.0010644852635536954,0
2023-03-24T17:58:55Z,2023-03-24T17:59:00Z,1.416985305713065e-06,0.0010633749523176824,0.0010647919376233954,0
2023-03-24T17:58:55Z,2023-03-24T17:59:00Z,4.052501844616259e-06,0.0010607228684569525,0.0010647753703015687,0
2023-03-24T17:58:55Z,2023-03-24T17:59:00Z,4.08911525966605e-07,0.0010629660407917157,0.0010633749523176824,0
2023-03-24T17:58:55Z,2023-03-24T17:59:00Z,3.607720609253781e-06,0.0010571151478476987,0.0010607228684569525,1
2023-03-24T17:58:55Z,2023-03-24T17:59:00Z,9.178982367360295e-06,0.0010537870584243555,0.0010629660407917157,1
2023-03-24T17:58:55Z,2023-03-24T17:59:00Z,7.541440901346914e-06,0.0010495737069463518,0.0010571151478476987,1
2023-03-24T17:58:55Z,2023-03-24T17:59:00Z,5.413264872246868e-06,0.0010483737935521086,0.0010537870584243555,1
2023-03-24T17:58:55Z,2023-03-24T17:59:00Z,2.520041587143664e-06,0.0010520937485334954,0.0010495737069463518,1
2023-03-24T17:58:55Z,2023-03-24T17:59:00Z,8.146341028492446e-06,0.001056520134580601,0.0010483737935521086,1
2023-03-24T17:58:55Z,2023-03-24T17:59:00Z,8.035626203538012e-06,0.0010601293747370334,0.0010520937485334954,1
2023-03-24T17:58:55Z,2023-03-24T17:59:00Z,1.7654356280157914e-06,0.0010582855702086168,0.001056520134580601,1
2023-03-24T17:58:55Z,2023-03-24T17:59:00Z,2.3937161190556045e-06,0.0010577356586179778,0.0010601293747370334,1
2023-03-24T17:58:55Z,2023-03-24T17:59:00Z,3.750314600925019e-06,0.0010620358848095418,0.0010582855702086168,1
2023-03-24T17:58:55Z,2023-03-24T17:59:00Z,4.900146882735315e-06,0.0010626358055007131,0.0010577356586179778,1
2023-03-24T17:58:55Z,2023-03-24T17:59:00Z,2.1443510991999912e-07,0.0010618214496996218,0.0010620358848095418,1
2023-03-24T17:58:55Z,2023-03-24T17:59:00Z,1.7486870468401937e-06,0.001060887118453873,0.0010626358055007131,1
2023-03-24T17:58:55Z,2023-03-24T17:59:00Z,5.132218779783926e-07,0.0010623346715776002,0.0010618214496996218,1
2023-03-24T17:58:55Z,2023-03-24T17:59:00Z,9.18741019294094e-06,0.001070074528646814,0.001060887118453873,1
2023-03-24T17:58:55Z,2023-03-24T17:59:00Z,1.669593745894614e-06,0.0010640042653234949,0.0010623346715776002,1
2023-03-24T17:58:55Z,2023-03-24T17:59:00Z,7.239931247032642e-06,0.0010628345973997813,0.001070074528646814,1
2023-03-24T17:58:55Z,2023-03-24T17:59:00Z,3.5777762864327555e-06,0.0010675820416099276,0.0010640042653234949,1
2023-03-24T17:58:55Z,2023-03-24T17:59:00Z,5.237597668443766e-06,0.001068072195068225,0.0010628345973997813,1
2023-03-24T17:58:55Z,2023-03-24T17:59:00Z,3.2486356543724206e-06,0.0010708306772643,0.0010675820416099276,1
2023-03-24T17:58:55Z,2023-03-24T17:59:00Z,2.808792638211771e-06,0.0010708809877064368,0.001068072195068225,1
2023-03-24T17:58:55Z,2023-03-24T17:59:00Z,2.567702076268193e-06,0.0010733983793405682,0.0010708306772643,1
2023-03-24T17:58:55Z,2023-03-24T17:59:00Z,1.7771832675232344e-06,0.00107265817097396,0.0010708809877064368,1
2023-03-24T17:58:55Z,2023-03-24T17:59:00Z,6.488066461735661e-06,0.0010798864458023039,0.0010733983793405682,1
2023-03-24T17:58:55Z,2023-03-24T17:59:00Z,1.3119086722802572e-05,0.0010857772576967626,0.00107265817097396,1
2023-03-24T17:58:55Z,2023-03-24T17:59:00Z,1.6199636582608402e-06,0.0010815064094605647,0.0010798864458023039,1
2023-03-24T17:58:55Z,2023-03-24T17:59:00Z,3.095393454925809e-06,0.0010826818642418368,0.0010857772576967626,1
2023-03-24T17:58:55Z,2023-03-24T17:59:00Z,1.1445184714563208e-06,0.0010803618909891084,0.0010815064094605647,1
2023-03-24T17:58:55Z,2023-03-24T17:59:00Z,5.781485582601531e-06,0.0010769003786592353,0.0010826818642418368,1
2023-03-24T17:58:55Z,2023-03-24T17:59:00Z,3.879593344570343e-06,0.001076482297644538,0.0010803618909891084,1
2023-03-24T17:58:55Z,2023-03-24T17:59:00Z,1.3344933084630597e-06,0.0010755658853507722,0.0010769003786592353,1
2023-03-24T17:58:55Z,2023-03-24T17:59:00Z,3.450731613391508e-06,0.0010730315660311465,0.001076482297644538,1
2023-03-24T17:58:55Z,2023-03-24T17:59:00Z,4.865953311075644e-06,0.0010706999320396965,0.0010755658853507722,1
2023-03-24T17:58:55Z,2023-03-24T17:59:00Z,2.775708024508163e-06,0.0010702558580066384,0.0010730315660311465,1
2023-03-24T17:58:55Z,2023-03-24T17:59:00Z,4.60934938845462e-06,0.001066090582651242,0.0010706999320396965,1
2023-03-24T17:58:55Z,2023-03-24T17:59:00Z,9.866731707286209e-06,0.0010603891262993522,0.0010702558580066384,1
2023-03-24T17:58:55Z,2023-03-24T17:59:00Z,1.045296032482529e-05,0.0010556376223264166,0.001066090582651242,1
2023-03-24T17:58:55Z,2023-03-24T17:59:00Z,7.762719107717734e-06,0.0010526264071916344,0.0010603891262993522,1
2023-03-24T17:58:55Z,2023-03-24T17:59:00Z,4.626975435896097e-06,0.0010510106468905205,0.0010556376223264166,1
2023-03-24T17:58:55Z,2023-03-24T17:59:00Z,1.0006982267981267e-05,0.0010426194249236532,0.0010526264071916344,1
2023-03-24T17:58:55Z,2023-03-24T17:59:00Z,8.827687526469447e-06,0.001042182959364051,0.0010510106468905205,1
2023-03-24T17:58:55Z,2023-03-24T17:59:00Z,1.5791092498442308e-06,0.0010441985341734974,0.0010426194249236532,1
2023-03-24T17:58:55Z,2023-03-24T17:59:00Z,1.8467134490793378e-06,0.0010440296728131304,0.001042182959364051,1
2023-03-24T17:58:55Z,2023-03-24T17:59:00Z,1.16945766849238e-06,0.001043029076505005,0.0010441985341734974,1
2023-03-24T17:58:55Z,2023-03-24T17:59:00Z,5.017793668724447e-07,0.001043527893446258,0.0010440296728131304,1
2023-03-24T17:58:55Z,2023-03-24T17:59:00Z,1.9419731440417903e-06,0.0010410871033609632,0.001043029076505005,1
2023-03-24T17:58:55Z,2023-03-24T17:59:00Z,1.999825374657e-06,0.001041528068071601,0.001043527893446258,1
2023-03-24T17:58:55Z,2023-03-24T17:59:00Z,5.017207092072613e-06,0.0010461043104530358,0.0010410871033609632,1
2023-03-24T17:58:55Z,2023-03-24T17:59:00Z,5.090775138853407e-06,0.0010466188432104544,0.001041528068071601,1
2023-03-24T17:58:55Z,2023-03-24T17:59:00Z,1.353162885088825e-06,0.001044751147567947,0.0010461043104530358,1
2023-03-24T17:58:55Z,2023-03-24T17:59:00Z,3.7501721735434985e-06,0.001050369015383998,0.0010466188432104544,1
2023-03-24T17:58:55Z,2023-03-24T17:59:00Z,1.1148525858415293e-05,0.0010558996734263623,0.001044751147567947,1
2023-03-24T17:58:55Z,2023-03-24T17:59:00Z,9.56851308379328e-06,0.0010599375284677912,0.001050369015383998,1
2023-03-24T17:58:55Z,2023-03-24T17:59:00Z,1.1121493290141594e-06,0.0010570118227553765,0.0010558996734263623,1
2023-03-24T17:58:55Z,2023-03-24T17:59:00Z,1.995929626505844e-06,0.001061933458094297,0.0010599375284677912,1
2023-03-24T17:58:55Z,2023-03-24T17:59:00Z,9.849682087994952e-06,0.0010668615048433714,0.0010570118227553765,1
2023-03-24T17:58:55Z,2023-03-24T17:59:00Z,4.929790078700468e-06,0.0010668632481729975,0.001061933458094297,1
2023-03-24T17:58:55Z,2023-03-24T17:59:00Z,2.13713166570843e-06,0.0010689986365090799,0.0010668615048433714,1
2023-03-24T17:58:55Z,2023-03-24T17:59:00Z,2.638248190781848e-07,0.0010671270729920757,0.0010668632481729975,1
2023-03-24T17:58:55Z,2023-03-24T17:59:00Z,6.650601748028331e-06,0.0010623480347610515,0.0010689986365090799,1
2023-03-24T17:58:55Z,2023-03-24T17:59:00Z,3.6150919543653445e-06,0.0010635119810377103,0.0010671270729920757,1
2023-03-24T17:58:55Z,2023-03-24T17:59:00Z,5.453385439569249e-06,0.0010678014202006208,0.0010623480347610515,1
2023-03-24T17:58:55Z,2023-03-24T17:59:00Z,6.070498516474575e-07,0.0010641190308893578,0.0010635119810377103,1
2023-03-24T17:58:55Z,2023-03-24T17:59:00Z,1.471728497924596e-06,0.0010663296917026962,0.0010678014202006208,1
2023-03-24T17:58:55Z,2023-03-24T17:59:00Z,3.233934195408369e-06,0.0010673529650847662,0.0010641190308893578,1
2023-03-24T17:58:55Z,2023-03-24T17:59:00Z,1.6118610084391288e-06,0.0010679415527111353,0.0010663296917026962,1
2023-03-24T17:58:55Z,2023-03-24T17:59:00Z,4.853762569285037e-06,0.0010722067276540512,0.0010673529650847662,1
2023-03-24T17:58:55Z,2023-03-24T17:59:00Z,2.942078645143051e-06,0.0010708836313562784,0.0010679415527111353,1
2023-03-24T17:58:55Z,2023-03-24T17:59:00Z,7.04952869691358e-06,0.0010792562563509648,0.0010722067276540512,1
2023-03-24T17:58:55Z,2023-03-24T17:59:00Z,5.0729269100151676e-06,0.0010759565582662935,0.0010708836313562784,1
2023-03-24T17:58:55Z,2023-03-24T17:59:00Z,2.112380597410002e-06,0.0010771438757535548,0.0010792562563509648,1
2023-03-24T17:58:55Z,2023-03-24T17:59:00Z,5.309359747263445e-06,0.001081265918013557,0.0010759565582662935,1
2023-03-24T17:58:55Z,2023-03-24T17:59:00Z,9.299094465225729e-06,0.0010864429702187805,0.0010771438757535548,1
2023-03-24T17:58:55Z,2023-03-24T17:59:00Z,1.4682596139253866e-05,0.0010959485141528108,0.001081265918013557,1
2023-03-24T17:58:55Z,2023-03-24T17:59:00Z,9.726814575020115e-06,0.0010961697847938006,0.0010864429702187805,1
2023-03-24T17:58:55Z,2023-03-24T17:59:00Z,5.262988257231493e-06,0.0011012115024100423,0.0010959485141528108,1
2023-03-24T17:58:55Z,2023-03-24T17:59:00Z,4.392130472418874e-06,0.0011005619152662195,0.0010961697847938006,1
2023-03-24T17:58:55Z,2023-03-24T17:59:00Z,5.006987628690309e-06,0.0011062184900387326,0.0011012115024100423,1
2023-03-24T17:58:55Z,2023-03-24T17:59:00Z,8.886629008573359e-06,0.0011094485442747928,0.0011005619152662195,1
2023-03-24T17:58:55Z,2023-03-24T17:59:00Z,8.30530052245643e-07,0.0011070490200909783,0.0011062184900387326,1
2023-03-24T17:58:55Z,2023-03-24T17:59:00Z,3.972462004194974e-07,0.0011090512980743733,0.0011094485442747928,1
2023-03-24T17:58:55Z,2023-03-24T17:59:00Z,9.001378099406402e-06,0.0011160503981903847,0.0011070490200909783,1
2023-03-24T17:58:55Z,2023-03-24T17:59:00Z,1.0984588210444452e-05,0.0011200358862848178,0.0011090512980743733,1
2023-03-24T17:58:55Z,2023-03-24T17:59:00Z,8.124772186863475e-06,0.0011241751703772482,0.0011160503981903847,0
2023-03-24T17:58:55Z,2023-03-24T17:59:00Z,1.0043240549531627e-05,0.0011300791268343494,0.0011200358862848178,0
2023-03-24T17:58:55Z,2023-03-24T17:59:00Z,9.025939403423285e-06,0.0011332011097806714,0.0011241751703772482,0
2023-03-24T17:58:55Z,2023-03-24T17:59:00Z,3.2942571406519103e-06,0.0011333733839750013,0.0011300791268343494,0
2023-03-24T17:58:55Z,2023-03-24T17:59:00Z,2.440472657073674e-06,0.0011356415824377451,0.0011332011097806714,0
2023-03-24T17:58:55Z,2023-03-24T17:59:00Z,3.897818543371857e-06,0.0011294755654316295,0.0011333733839750013,0
2023-03-24T17:58:55Z,2023-03-24T17:59:00Z,6.899359976147946e-06,0.0011287422224615972,0.0011356415824377451,0
2023-03-24T17:58:55Z,2023-03-24T17:59:00Z,1.9084069866105464e-06,0.001127567158445019,0.0011294755654316295,0
2023-03-24T17:58:55Z,2023-03-24T17:59:00Z,1.6044285343767058e-06,0.0011303466509959739,0.0011287422224615972,0
2023-03-24T17:58:55Z,2023-03-24T17:59:00Z,7.830309489259427e-06,0.0011353974679342784,0.001127567158445019,0
2023-03-24T17:58:55Z,2023-03-24T17:59:00Z,7.807723679130159e-06,0.001138154374675104,0.0011303466509959739,0
2023-03-24T17:58:55Z,2023-03-24T17:59:00Z,7.958779988050677e-06,0.001143356247922329,0.0011353974679342784,0
2023-03-24T17:58:55Z,2023-03-24T17:59:00Z,8.688293687897754e-06,0.0011468426683630018,0.001138154374675104,0
2023-03-24T17:58:55Z,2023-03-24T17:59:00Z,5.78448478051434e-06,0.0011491407327028434,0.001143356247922329,0
2023-03-24T17:58:55Z,2023-03-24T17:59:00Z,6.508880801582833e-07,0.00114749355644316,0.0011468426683630018,0
2023-03-24T17:58:55Z,2023-03-24T17:59:00Z,1.4843520949835414e-06,0.001150625084797827,0.0011491407327028434,0
2023-03-24T17:58:55Z,2023-03-24T17:59:00Z,4.543843212054949e-06,0.001152037399655215,0.00114749355644316,0
2023-03-24T17:58:55Z,2023-03-24T17:59:00Z,4.825113358512649e-07,0.0011501425734619757,0.001150625084797827,0
2023-03-24T17:58:55Z,2023-03-24T17:59:00Z,2.4421414798576294e-06,0.0011495952581753574,0.001152037399655215,0
2023-03-24T17:58:55Z,2023-03-24T17:59:00Z,4.2740553652298365e-06,0.0011458685180967458,0.0011501425734619757,0
2023-03-24T17:58:55Z,2023-03-24T17:59:00Z,4.863110270023931e-06,0.0011447321479053335,0.0011495952581753574,0
2023-03-24T17:58:55Z,2023-03-24T17:59:00Z,1.4101662571643688e-06,0.0011444583518395814,0.0011458685180967458,0
2023-03-24T17:58:55Z,2023-03-24T17:59:00Z,9.065658082772028e-06,0.0011356664898225614,0.0011447321479053335,0
2023-03-24T17:58:55Z,2023-03-24T17:59:00Z,9.361535682567363e-06,0.001135096816157014,0.0011444583518395814,0
2023-03-24T17:58:55Z,2023-03-24T17:59:00Z,2.9793801741581725e-06,0.0011326871096484033,0.0011356664898225614,0
2023-03-24T17:58:55Z,2023-03-24T17:59:00Z,7.942563250581307e-06,0.0011271542529064328,0.001135096816157014,0
2023-03-24T17:58:55Z,2023-03-24T17:59:00Z,1.3482585159154195e-05,0.001119204524489249,0.0011326871096484033,0
2023-03-24T17:58:55Z,2023-03-24T17:59:00Z,8.193382483742684e-06,0.00111896087042269,0.0011271542529064328,0
2023-03-24T17:58:55Z,2023-03-24T17:59:00Z,1.4604196988472935e-06,0.0011177441047904018,0.001119204524489249,0
2023-03-24T17:58:55Z,2023-03-24T17:59:00Z,8.59326920105998e-06,0.0011103676012216301,0.00111896087042269,0
2023-03-24T17:58:55Z,2023-03-24T17:59:00Z,9.614621773614386e-06,0.0011081294830167874,0.0011177441047904018,0
2023-03-24T17:58:55Z,2023-03-24T17:59:00Z,2.5430077815686083e-06,0.0011078245934400615,0.0011103676012216301,0
2023-03-24T17:58:55Z,2023-03-24T17:59:00Z,2.5230234827406436e-06,0.0011056064595340467,0.0011081294830167874,0
2023-03-24T17:58:55Z,2023-03-24T17:59:00Z,5.60091973710237e-06,0.0011022236737029591,0.0011078245934400615,0
2023-03-24T17:58:55Z,2023-03-24T17:59:00Z,2.3416817089764834e-06,0.0011079481412430232,0.0011056064595340467,0
2023-03-24T17:58:55Z,2023-03-24T17:59:00Z,1.1969598610474686e-05,0.0011141932723134338,0.0011022236737029591,0
2023-03-24T17:58:55Z,2023-03-24T17:59:00Z,9.77426112033406e-06,0.0011177224023633573,0.0011079481412430232,1
2023-03-24T17:58:55Z,2023-03-24T17:59:00Z,8.051275886629536e-06,0.0011222445482000634,0.0011141932723134338,1
2023-03-24T17:58:55Z,2023-03-24T17:59:00Z,8.853077767550935e-06,0.0011265754801309082,0.0011177224023633573,1
2023-03-24T17:58:55Z,2023-03-24T17:59:00Z,7.902357565505369e-06,0.0011301469057655687,0.0011222445482000634,1
2023-03-24T17:58:55Z,2023-03-24T17:59:00Z,5.035939254992164e-06,0.0011316114193859004,0.0011265754801309082,1
2023-03-24T17:58:55Z,2023-03-24T17:59:00Z,9.077747173294286e-06,0.001139224652938863,0.0011301469057655687,1
2023-03-24T17:58:55Z,2023-03-24T17:59:00Z,4.977828984017909e-06,0.0011365892483699183,0.0011316114193859004,1
2023-03-24T17:58:55Z,2023-03-24T17:59:00Z,2.404348339712231e-07,0.0011389842181048918,0.001139224652938863,1
2023-03-24T17:58:55Z,2023-03-24T17:59:00Z,7.258221401877738e-07,0.001137315070510106,0.0011365892483699183,1
2023-03-24T17:58:55Z,2023-03-24T17:59:00Z,4.285997317171695e-06,0.00113469822078772,0.0011389842181048918,1
2023-03-24T17:58:55Z,2023-03-24T17:59:00Z,3.5588394401960335e-07,0.0011369591865660865,0.001137315070510106,1
2023-03-24T17:58:55Z,2023-03-24T17:59:00Z,5.106702242105125e-06,0.0011398049230298252,0.00113469822078772,1
2023-03-24T17:58:55Z,2023-03-24T17:59:00Z,6.924950647947681e-07,0.0011362666915012917,0.0011369591865660865,1
2023-03-24T17:58:55Z,2023-03-24T17:59:00Z,2.0559385899678387e-06,0.0011377489844398574,0.0011398049230298252,1
2023-03-24T17:58:55Z,2023-03-24T17:59:00Z,2.703801446168495e-06,0.0011389704929474602,0.0011362666915012917,1
2023-03-24T17:58:55Z,2023-03-24T17:59:00Z,4.8655759115493e-06,0.001132883408528308,0.0011377489844398574,1
2023-03-24T17:58:55Z,2023-03-24T17:59:00Z,1.0509344020006401e-05,0.0011284611489274538,0.0011389704929474602,1
2023-03-24T17:58:55Z,2023-03-24T17:59:00Z,1.216535249325113e-05,0.001120718056035057,0.001132883408528308,1
2023-03-24T17:58:55Z,2023-03-24T17:59:00Z,1.0944144574191088e-05,0.0011175170043532627,0.0011284611489274538,1
2023-03-24T17:58:55Z,2023-03-24T17:59:00Z,7.066424821435425e-06,0.0011136516312136215,0.001120718056035057,1
2023-03-24T17:58:55Z,2023-03-24T17:59:00Z,3.681362065363538e-06,0.0011138356422878992,0.0011175170043532627,1
2023-03-24T17:58:55Z,2023-03-24T17:59:00Z,7.655293354945228e-06,0.0011059963378586763,0.0011136516312136215,1
2023-03-24T17:58:55Z,2023-03-24T17:59:00Z,1.0799792037744557e-05,0.0011030358502501546,0.0011138356422878992,1
2023-03-24T17:58:55Z,2023-03-24T17:59:00Z,2.3689172682617686e-06,0.001108365255126938,0.0011059963378586763,1
2023-03-24T17:58:55Z,2023-03-24T17:59:00Z,4.2923312211899396e-06,0.0011073281814713446,0.0011030358502501546,0
2023-03-24T17:58:55Z,2023-03-24T17:59:00Z,6.333534114993629e-06,0.0011020317210119444,0.001108365255126938,0
2023-03-24T17:58:55Z,2023-03-24T17:59:00Z,1.0094907416423674e-06,0.0011063186907297022,0.0011073281814713446,0
2023-03-24T17:58:55Z,2023-03-24T17:59:00Z,2.513009228176811e-06,0.0011045447302401212,0.0011020317210119444,0
2023-03-24T17:58:55Z,2023-03-24T17:59:00Z,4.434390347571966e-06,0.0011018843003821302,0.0011063186907297022,0
2023-03-24T17:58:55Z,2023-03-24T17:59:00Z,6.415791640004701e-06,0.0010981289386001165,0.0011045447302401212,0
2023-03-24T17:58:55Z,2023-03-24T17:59:00Z,2.603415996772296e-06,0.0011044877163789025,0.0011018843003821302,0
2023-03-24T17:58:55Z,2023-03-24T17:59:00Z,1.0198012362996585e-05,0.0011083269509631131,0.0010981289386001165,0
2023-03-24T17:58:55Z,2023-03-24T17:59:00Z,2.216212347456656e-06,0.0011067039287263592,0.0011044877163789025,0
2023-03-24T17:58:55Z,2023-03-24T17:59:00Z,1.5218427614391815e-06,0.0011098487937245523,0.0011083269509631131,0
2023-03-24T17:58:55Z,2023-03-24T17:59:00Z,3.412009105109191e-06,0.0011101159378314684,0.0011067039287263592,0
2023-03-24T17:58:55Z,2023-03-24T17:59:00Z,2.1165565196855102e-06,0.0011077322372048668,0.0011098487937245523,0
2023-03-24T17:58:55Z,2023-03-24T17:59:00Z,5.666001345575869e-06,0.0011157819391770442,0.0011101159378314684,0
2023-03-24T17:58:55Z,2023-03-24T17:59:00Z,3.9483305599606264e-07,0.0011073374041488707,0.0011077322372048668,0
2023-03-24T17:58:55Z,2023-03-24T17:59:00Z,9.113609848018485e-06,0.0011066683293290257,0.0011157819391770442,0
2023-03-24T17:58:55Z,2023-03-24T17:59:00Z,6.569286120248694e-08,0.0011072717112876683,0.0011073374041488707,0
2023-03-24T17:58:55Z,2023-03-24T17:59:00Z,3.265271956617074e-06,0.0011099336012856428,0.0011066683293290257,0
2023-03-24T17:58:55Z,2023-03-24T17:59:00Z,3.026127399241704e-06,0.00111029783868691,0.0011072717112876683,0
2023-03-24T17:58:55Z,2023-03-24T17:59:00Z,1.1459725203252606e-06,0.001111079573805968,0.0011099336012856428,0
2023-03-24T17:58:55Z,2023-03-24T17:59:00Z,5.874968624498648e-07,0.00110971034182446,0.00111029783868691,0
2023-03-24T17:58:55Z,2023-03-24T17:59:00Z,3.808212267796549e-06,0.0011148877860737646,0.001111079573805968,0
2023-03-24T17:58:55Z,2023-03-24T17:59:00Z,8.212554282069741e-06,0.0011179228961065298,0.00110971034182446,0
2023-03-24T17:58:55Z,2023-03-24T17:59:00Z,4.152917537170045e-06,0.0011190407036109347,0.0011148877860737646,0
2023-03-24T17:58:55Z,2023-03-24T17:59:00Z,5.714255536745172e-06,0.001123637151643275,0.0011179228961065298,0
2023-03-24T17:58:55Z,2023-03-24T17:59:00Z,6.2947939578972614e-06,0.001125335497568832,0.0011190407036109347,0
2023-03-24T17:58:55Z,2023-03-24T17:59:00Z,5.949384562408278e-06,0.0011295865362056833,0.001123637151643275,0
2023-03-24T17:58:55Z,2023-03-24T17:59:00Z,2.930976760517033e-06,0.001128266474329349,0.001125335497568832,0
2023-03-24T17:58:55Z,2023-03-24T17:59:00Z,2.123648690522447e-06,0.0011317101848962057,0.0011295865362056833,0
2023-03-24T17:58:55Z,2023-03-24T17:59:00Z,1.1651638383274304e-05,0.0011399181127126233,0.001128266474329349,0
2023-03-24T17:58:55Z,2023-03-24T17:59:00Z,1.5299564632760988e-05,0.0011470097495289667,0.0011317101848962057,0
2023-03-24T17:58:55Z,2023-03-24T17:59:00Z,1.1513438090440115e-05,0.0011514315508030634,0.0011399181127126233,0
2023-03-24T17:58:55Z,2023-03-24T17:59:00Z,4.062568906521924e-06,0.0011510723184354886,0.0011470097495289667,0
2023-03-24T17:58:55Z,2023-03-24T17:59:00Z,1.1402802786654627e-06,0.0011525718310817288,0.0011514315508030634,0
2023-03-24T17:58:55Z,2023-03-24T17:59:00Z,3.5365996283963624e-06,0.001154608918063885,0.0011510723184354886,0
2023-03-24T17:58:55Z,2023-03-24T17:59:00Z,8.018267450904783e-06,0.0011605900985326336,0.0011525718310817288,0
2023-03-24T17:58:55Z,2023-03-24T17:59:00Z,4.9046788990398694e-06,0.0011595135969629249,0.001154608918063885,0
2023-03-24T17:58:55Z,2023-03-24T17:59:00Z,1.2956028523358754e-06,0.0011618857013849695,0.0011605900985326336,0
2023-03-24T17:58:55Z,2023-03-24T17:59:00Z,4.96637091344657e-06,0.0011644799678763714,0.0011595135969629249,0
2023-03-24T17:58:55Z,2023-03-24T17:59:00Z,6.254621492394249e-07,0.00116126023923573,0.0011618857013849695,0
2023-03-24T17:58:55Z,2023-03-24T17:59:00Z,2.0464129985890093e-06,0.0011624335548777824,0.0011644799678763714,0
2023-03-24T17:58:55Z,2023-03-24T17:59:00Z,3.9788856962114354e-06,0.0011652391249319415,0.00116126023923573,0
2023-03-24T17:58:55Z,2023-03-24T17:59:00Z,1.2470688895808123e-05,0.0011749042437735906,0.0011624335548777824,0
2023-03-24T17:58:55Z,2023-03-24T17:59:00Z,2.307978712872468e-06,0.001167547103644814,0.0011652391249319415,0
2023-03-24T17:58:55Z,2023-03-24T17:59:00Z,6.191052747429914e-06,0.0011687131910261606,0.0011749042437735906,0
2023-03-24T17:58:55Z,2023-03-24T17:59:00Z,2.395864661723819e-06,0.0011699429683065378,0.001167547103644814,0
2023-03-24T17:58:55Z,2023-03-24T17:59:00Z,1.574019289438816e-06,0.0011702872103155995,0.0011687131910261606,0
2023-03-24T17:58:55Z,2023-03-24T17:59:00Z,2.9964884015400324e-06,0.0011729394567080778,0.0011699429683065378,0
2023-03-24T17:58:55Z,2023-03-24T17:59:00Z,1.1995088276790713e-05,0.0011822822985923902,0.0011702872103155995,0
2023-03-24T17:58:55Z,2023-03-24T17:59:00Z,9.895951332379626e-06,0.0011828354080404575,0.0011729394567080778,0
2023-03-24T17:58:55Z,2023-03-24T17:59:00Z,9.98340919928782e-06,0.001192265707791678,0.0011822822985923902,0
2023-03-24T17:58:55Z,2023-03-24T17:59:00Z,1.4872335635310102e-05,0.0011977077436757676,0.0011828354080404575,0
2023-03-24T17:58:55Z,2023-03-24T17:59:00Z,7.715298712117043e-06,0.001199981006503795,0.001192265707791678,0
2023-03-24T17:58:55Z,2023-03-24T17:59:00Z,1.7622556588267786e-06,0.0011994699993345943,0.0011977077436757676,0
2023-03-24T17:58:55Z,2023-03-24T17:59:00Z,4.566192938342721e-06,0.0012045471994421378,0.001199981006503795,0
2023-03-24T17:58:55Z,2023-03-24T17:59:00Z,8.270567787831617e-06,0.001207740567122426,0.0011994699993345943,0
2023-03-24T17:58:55Z,2023-03-24T17:59:00Z,9.211169334356938e-06,0.0012137583687764947,0.0012045471994421378,0
2023-03-24T17:58:55Z,2023-03-24T17:59:00Z,6.925685743423924e-06,0.0012146662528658499,0.001207740567122426,0
2023-03-24T17:58:55Z,2023-03-24T17:59:00Z,1.0461103687052671e-06,0.0012148044791452,0.0012137583687764947,0
2023-03-24T17:58:55Z,2023-03-24T17:59:00Z,5.071801339139514e-06,0.0012095944515267104,0.0012146662528658499,0
2023-03-24T17:58:55Z,2023-03-24T17:59:00Z,1.2580631959671759e-05,0.0012022238471855282,0.0012148044791452,0
2023-03-24T17:58:55Z,2023-03-24T17:59:00Z,1.1696737054346434e-05,0.001197897714472364,0.0012095944515267104,0
2023-03-24T17:58:55Z,2023-03-24T17:59:00Z,6.07217083124236e-06,0.0011961516763542858,0.0012022238471855282,0
2023-03-24T17:58:55Z,2023-03-24T17:59:00Z,7.833995140443199e-07,0.0011971143149583196,0.001197897714472364,0
2023-03-24T17:58:55Z,2023-03-24T17:59:00Z,7.920815765375191e-07,0.0011953595947777483,0.0011961516763542858,0
2023-03-24T17:58:55Z,2023-03-24T17:59:00Z,1.218950950641895e-06,0.0011958953640076777,0.0011971143149583196,0
2023-03-24T17:58:55Z,2023-03-24T17:59:00Z,3.6603630964851183e-06,0.0011916992316812632,0.0011953595947777483,0
2023-03-24T17:58:55Z,2023-03-24T17:59:00Z,5.243782090513923e-06,0.0011906515819171638,0.0011958953640076777,0
2023-03-24T17:58:55Z,2023-03-24T17:59:00Z,2.8659318026496954e-06,0.001194565163483913,0.0011916992316812632,0
2023-03-24T17:58:55Z,2023-03-24T17:59:00Z,4.978909243281461e-06,0.0011956304911604453,0.0011906515819171638,0
2023-03-24T17:58:55Z,2023-03-24T17:59:00Z,4.576763639144166e-06,0.001199141927123057,0.001194565163483913,0
2023-03-24T17:58:55Z,2023-03-24T17:59:00Z,2.2565525032089417e-06,0.0011933739386572363,0.0011956304911604453,0
2023-03-24T17:58:55Z,2023-03-24T17:59:00Z,3.157922106212076e-06,0.001195984005016845,0.001199141927123057,0
2023-03-24T17:58:55Z,2023-03-24T17:59:00Z,1.5495335415084948e-06,0.0011918244051157278,0.0011933739386572363,0
2023-03-24T17:58:55Z,2023-03-24T17:59:00Z,5.8713274845823785e-06,0.0011901126775322626,0.001195984005016845,0
2023-03-24T17:58:55Z,2023-03-24T17:59:00Z,7.900727181533876e-06,0.001183923677934194,0.0011918244051157278,0
2023-03-24T17:58:55Z,2023-03-24T17:59:00Z,8.32292793411741e-06,0.0011817897495981452,0.0011901126775322626,0
2023-03-24T17:58:55Z,2023-03-24T17:59:00Z,7.239046735806878e-06,0.001176684631198387,0.001183923677934194,0
2023-03-24T17:58:55Z,2023-03-24T17:59:00Z,1.3997881896635981e-05,0.0011677918677015092,0.0011817897495981452,0
2023-03-24T17:58:55Z,2023-03-24T17:59:00Z,7.2977953074358694e-06,0.0011693868358909512,0.001176684631198387,0
2023-03-24T17:58:55Z,2023-03-24T17:59:00Z,4.615651685133289e-07,0.001167330302532996,0.0011677918677015092,0
2023-03-24T17:58:55Z,2023-03-24T17:59:00Z,6.2967445503929464e-06,0.0011630900913405583,0.0011693868358909512,0
2023-03-24T17:58:55Z,2023-03-24T17:59:00Z,8.81137973229992e-06,0.001158518922800696,0.001167330302532996,0
2023-03-24T17:58:55Z,2023-03-24T17:59:00Z,5.4979630189021765e-06,0.001157592128321656,0.0011630900913405583,0
2023-03-24T17:58:55Z,2023-03-24T17:59:00Z,8.965477845819438e-06,0.0011495534449548765,0.001158518922800696,0
2023-03-24T17:58:55Z,2023-03-24T17:59:00Z,2.0022070729584264e-05,0.0011375700575920718,0.001157592128321656,0
2023-03-24T17:58:55Z,2023-03-24T17:59:00Z,2.2727757585114814e-05,0.0011268256873697617,0.0011495534449548765,0
2023-03-24T17:58:55Z,2023-03-24T17:59:00Z,1.7190464700072303e-05,0.0011203795928919995,0.0011375700575920718,0
2023-03-24T17:58:55Z,2023-03-24T17:59:00Z,8.074018048679146e-06,0.0011187516693210826,0.0011268256873697617,0
2023-03-24T17:58:55Z,2023-03-24T17:59:00Z,3.060060227111751e-06,0.0011234396531191113,0.0011203795928919995,0
2023-03-24T17:58:55Z,2023-03-24T17:59:00Z,4.393703105653015e-06,0.0011231453724267356,0.0011187516693210826,0
2023-03-24T17:58:55Z,2023-03-24T17:59:00Z,4.4419893751351976e-06,0.001118997663743976,0.0011234396531191113,0
2023-03-24T17:58:55Z,2023-03-24T17:59:00Z,1.6125138393469508e-06,0.0011215328585873886,0.0011231453724267356,0
2023-03-24T17:58:55Z,2023-03-24T17:59:00Z,3.5628198188696145e-06,0.0011225604835628457,0.001118997663743976,0
2023-03-24T17:58:55Z,2023-03-24T17:59:00Z,1.3054910777531709e-06,0.0011202273675096355,0.0011215328585873886,0
2023-03-24T17:58:55Z,2023-03-24T17:59:00Z,2.1671403890792355e-06,0.0011203933431737664,0.0011225604835628457,0
2023-03-24T17:58:55Z,2023-03-24T17:59:00Z,6.122206228656229e-06,0.0011263495737382917,0.0011202273675096355,0
2023-03-24T17:58:55Z,2023-03-24T17:59:00Z,8.118756686169987e-06,0.0011285120998599364,0.0011203933431737664,0
2023-03-24T17:58:55Z,2023-03-24T17:59:00Z,1.1813542470048323e-06,0.0011251682194912869,0.0011263495737382917,0
2023-03-24T17:58:55Z,2023-03-24T17:59:00Z,3.794514217811233e-06,0.0011247175856421252,0.0011285120998599364,0
2023-03-24T17:58:55Z,2023-03-24T17:59:00Z,1.1113418948620682e-06,0.0011240568775964248,0.0011251682194912869,0
2023-03-24T17:58:55Z,2023-03-24T17:59:00Z,7.306256029793613e-07,0.0011254482112451046,0.0011247175856421252,0
2023-03-24T17:58:55Z,2023-03-24T17:59:00Z,5.474755812354647e-07,0.0011235094020151893,0.0011240568775964248,0
2023-03-24T17:58:55Z,2023-03-24T17:59:00Z,8.180507956728972e-06,0.0011172677032883756,0.0011254482112451046,0
2023-03-24T17:58:55Z,2023-03-24T17:59:00Z,8.947175797535852e-06,0.0011145622262176535,0.0011235094020151893,0
2023-03-24T17:58:55Z,2023-03-24T17:59:00Z,1.6610032613181055e-06,0.0011156067000270575,0.0011172677032883756,0
2023-03-24T17:58:55Z,2023-03-24T17:59:00Z,3.1909223232153353e-06,0.0011177531485408688,0.0011145622262176535,0
2023-03-24T17:58:55Z,2023-03-24T17:59:00Z,1.5203769778023533e-07,0.0011157587377248377,0.0011156067000270575,0
2023-03-24T17:58:55Z,2023-03-24T17:59:00Z,4.289982231675971e-06,0.0011134631663091928,0.0011177531485408688,0
2023-03-24T17:58:55Z,2023-03-24T17:59:00Z,2.670210697685183e-06,0.0011130885270271525,0.0011157587377248377,0
2023-03-24T17:58:55Z,2023-03-24T17:59:00Z,1.7866356267252307e-06,0.001115249801935918,0.0011134631663091928,0
2023-03-24T17:58:55Z,2023-03-24T17:59:00Z,7.86401679841813e-06,0.0011209525438255707,0.0011130885270271525,0
2023-03-24T17:58:55Z,2023-03-24T17:59:00Z,9.339704261528354e-06,0.0011245895061974464,0.001115249801935918,0
2023-03-24T17:58:55Z,2023-03-24T17:59:00Z,4.640592764811827e-06,0.0011255931365903825,0.0011209525438255707,0
2023-03-24T17:58:55Z,2023-03-24T17:59:00Z,6.0353725998632275e-06,0.0011306248787973097,0.0011245895061974464,0
2023-03-24T17:58:55Z,2023-03-24T17:59:00Z,1.1027617842277381e-05,0.0011366207544326599,0.0011255931365903825,0
2023-03-24T17:58:55Z,2023-03-24T17:59:00Z,7.366139712250853e-06,0.0011379910185095605,0.0011306248787973097,0
2023-03-24T17:58:55Z,2023-03-24T17:59:00Z,8.96542253446997e-06,0.0011455861769671298,0.0011366207544326599,0
2023-03-24T17:58:55Z,2023-03-24T17:59:00Z,1.1191858607654398e-05,0.001149182877117215,0.0011379910185095605,0
2023-03-24T17:58:55Z,2023-03-24T17:59:00Z,7.6277956782189096e-06,0.0011532139726453487,0.0011455861769671298,0
2023-03-24T17:58:55Z,2023-03-24T17:59:00Z,6.5586270103776875e-06,0.0011557415041275926,0.001149182877117215,0
2023-03-24T17:58:55Z,2023-03-24T17:59:00Z,5.922269193468083e-06,0.0011591362418388168,0.0011532139726453487,0
2023-03-24T17:58:55Z,2023-03-24T17:59:00Z,5.336858696728406e-06,0.001161078362824321,0.0011557415041275926,0
2023-03-24T17:58:55Z,2023-03-24T17:59:00Z,2.2536676758623184e-06,0.0011613899095146791,0.0011591362418388168,0
2023-03-24T17:58:55Z,2023-03-24T17:59:00Z,6.145308703514943e-07,0.0011616928936946725,0.001161078362824321,0
2023-03-24T17:58:55Z,2023-03-24T17:59:00Z,3.5504601190582564e-06,0.0011649403696337374,0.0011613899095146791,0
2023-03-24T17:58:55Z,2023-03-24T17:59:00Z,1.4116055407408044e-06,0.0011631044992354133,0.0011616928936946725,0
2023-03-24T17:58:55Z,2023-03-24T17:59:00Z,9.769576482628311e-06,0.0011747099461163657,0.0011649403696337374,0
2023-03-24T17:58:55Z,2023-03-24T17:59:00Z,1.4823338048376797e-05,0.00117792783728379,0.0011631044992354133,0
2023-03-24T17:58:55Z,2023-03-24T17:59:00Z,4.98987546493899e-06,0.0011796998215813047,0.0011747099461163657,0
2023-03-24T17:58:55Z,2023-03-24T17:59:00Z,5.738338928627709e-07,0.0011773540033909273,0.00117792783728379,0
2023-03-24T17:58:55Z,2023-03-24T17:59:00Z,2.111029385798652e-06,0.001177588792195506,0.0011796998215813047,0
2023-03-24T17:58:55Z,2023-03-24T17:59:00Z,2.0745341009367844e-06,0.0011752794692899905,0.0011773540033909273,0
2023-03-24T17:58:55Z,2023-03-24T17:59:00Z,2.110543437638902e-06,0.0011754782487578672,0.001177588792195506,0
2023-03-24T17:58:55Z,2023-03-24T17:59:00Z,1.9945176149725394e-06,0.001173284951675018,0.0011752794692899905,0
2023-03-24T17:58:55Z,2023-03-24T17:59:00Z,2.761975990525807e-06,0.0011727162727673413,0.0011754782487578672,0
2023-03-24T17:58:55Z,2023-03-24T17:59:00Z,7.798513152803286e-06,0.0011654864385222147,0.001173284951675018,0
2023-03-24T17:58:55Z,2023-03-24T17:59:00Z,2.207121198641998e-06,0.0011705091515686993,0.0011727162727673413,0
2023-03-24T17:58:55Z,2023-03-24T17:59:00Z,6.926015543617155e-06,0.0011724124540658319,0.0011654864385222147,0
2023-03-24T17:58:55Z,2023-03-24T17:59:00Z,4.667830314449657e-06,0.0011658413212542497,0.0011705091515686993,0
2023-03-24T17:58:55Z,2023-03-24T17:59:00Z,3.916914476250659e-06,0.0011684955395895812,0.0011724124540658319,0
2023-03-24T17:58:55Z,2023-03-24T17:59:00Z,2.619321078048409e-06,0.0011632220001762013,0.0011658413212542497,0
2023-03-24T17:58:55Z,2023-03-24T17:59:00Z,4.453888121157528e-06,0.0011640416514684237,0.0011684955395895812,0
2023-03-24T17:58:55Z,2023-03-24T17:59:00Z,6.085659055039133e-07,0.0011626134342706974,0.0011632220001762013,0
2023-03-24T17:58:55Z,2023-03-24T17:59:00Z,3.0366474296015643e-06,0.0011610050040388221,0.0011640416514684237,0
2023-03-24T17:58:55Z,2023-03-24T17:59:00Z,5.131619159156253e-06,0.0011574818151115411,0.0011626134342706974,0
2023-03-24T17:58:55Z,2023-03-24T17:59:00Z,6.526287921684729e-06,0.0011544787161171374,0.0011610050040388221,0
2023-03-24T17:58:55Z,2023-03-24T17:59:00Z,9.011733901692631e-06,0.0011484700812098485,0.0011574818151115411,0
2023-03-24T17:58:55Z,2023-03-24T17:59:00Z,1.3863043219021704e-05,0.0011406156728981157,0.0011544787161171374,0
2023-03-24T17:58:55Z,2023-03-24T17:59:00Z,1.0165757384443704e-05,0.0011383043238254048,0.0011484700812098485,0
2023-03-24T17:58:55Z,2023-03-24T17:59:00Z,6.471577173402035e-06,0.0011341440957247137,0.0011406156728981157,0
2023-03-24T17:58:55Z,2023-03-24T17:59:00Z,7.402143864390772e-06,0.001130902179961014,0.0011383043238254048,0
2023-03-24T17:58:55Z,2023-03-24T17:59:00Z,2.7516624402214394e-06,0.001136895758164935,0.0011341440957247137,0
2023-03-24T17:58:55Z,2023-03-24T17:59:00Z,1.1148170512356725e-05,0.0011420503504733707,0.001130902179961014,0
2023-03-24T17:58:55Z,2023-03-24T17:59:00Z,9.095273539762435e-06,0.0011459910317046975,0.001136895758164935,0
2023-03-24T17:58:55Z,2023-03-24T17:59:00Z,4.849025212404776e-06,0.0011468993756857755,0.0011420503504733707,0
2023-03-24T17:58:55Z,2023-03-24T17:59:00Z,6.43616113552058e-06,0.001152427192840218,0.0011459910317046975,0
2023-03-24T17:58:55Z,2023-03-24T17:59:00Z,1.6689846461675128e-05,0.0011635892221474506,0.0011468993756857755,0
2023-03-24T17:58:55Z,2023-03-24T17:59:00Z,1.6539627469107582e-05,0.0011689668203093257,0.001152427192840218,0
2023-03-24T17:58:55Z,2023-03-24T17:59:00Z,2.129729633215194e-06,0.0011657189517806658,0.0011635892221474506,0
2023-03-24T17:58:55Z,2023-03-24T17:59:00Z,1.1361806262514748e-06,0.0011678306396830742,0.0011689668203093257,0
2023-03-24T17:58:55Z,2023-03-24T17:59:00Z,1.0481172995232841e-05,0.0011762001247758987,0.0011657189517806658,0
2023-03-24T17:58:55Z,2023-03-24T17:59:00Z,1.6376510859094848e-05,0.001184207150542169,0.0011678306396830742,0
2023-03-24T17:58:55Z,2023-03-24T17:59:00Z,2.079573149543117e-06,0.0011782796979254418,0.0011762001247758987,0
2023-03-24T17:58:55Z,2023-03-24T17:59:00Z,9.55843312569005e-06,0.001174648717416479,0.001184207150542169,0
2023-03-24T17:58:55Z,2023-03-24T17:59:00Z,3.2441720564785597e-06,0.0011815238699819203,0.0011782796979254418,0
2023-03-24T17:58:55Z,2023-03-24T17:59:00Z,7.197552636232585e-06,0.0011818462700527116,0.001174648717416479,0
2023-03-24T17:58:55Z,2023-03-24T17:59:00Z,3.129222819578479e-06,0.0011846530928014988,0.0011815238699819203,0
2023-03-24T17:58:55Z,2023-03-24T17:59:00Z,1.8602755504743777e-06,0.001183706545603186,0.0011818462700527116,0
2023-03-24T17:58:55Z,2023-03-24T17:59:00Z,8.832272866165277e-07,0.0011837698655148823,0.0011846530928014988,0
2023-03-24T17:58:55Z,2023-03-24T17:59:00Z,2.014862184080042e-07,0.001183505059384778,0.001183706545603186,0
2023-03-24T17:58:55Z,2023-03-24T17:59:00Z,8.559601516129655e-06,0.001192329467031012,0.0011837698655148823,0
2023-03-24T17:58:55Z,2023-03-24T17:59:00Z,1.03714268169582e-05,0.0011938764862017362,0.001183505059384778,0
2023-03-24T17:58:55Z,2023-03-24T17:59:00Z,3.9046072434721895e-06,0.0011884248597875398,0.001192329467031012,0
2023-03-24T17:58:55Z,2023-03-24T17:59:00Z,3.872896553252462e-07,0.001193489196546411,0.0011938764862017362,0
2023-03-24T17:58:55Z,2023-03-24T17:59:00Z,1.0855464350708211e-05,0.001199280324138248,0.0011884248597875398,0
2023-03-24T17:58:55Z,2023-03-24T17:59:00Z,8.686992303239731e-06,0.0012021761888496507,0.001193489196546411,0
2023-03-24T17:58:55Z,2023-03-24T17:59:00Z,5.3466529902907855e-06,0.0012046269771285388,0.001199280324138248,0
2023-03-24T17:58:55Z,2023-03-24T17:59:00Z,1.0912535616537742e-05,0.0012130887244661884,0.0012021761888496507,0
2023-03-24T17:58:55Z,2023-03-24T17:59:00Z,1.3219863212503942e-05,0.0012178468403410427,0.0012046269771285388,0
2023-03-24T17:58:55Z,2023-03-24T17:59:00Z,5.012285208686948e-06,0.0012181010096748753,0.0012130887244661884,0
2023-03-24T17:58:55Z,2023-03-24T17:59:00Z,1.0951081750034623e-06,0.0012189419485160462,0.0012178468403410427,0
2023-03-24T17:58:55Z,2023-03-24T17:59:00Z,7.511050291120853e-06,0.0012256120599659962,0.0012181010096748753,0
2023-03-24T17:58:55Z,2023-03-24T17:59:00Z,7.608594323561379e-06,0.0012265505428396075,0.0012189419485160462,0
2023-03-24T17:58:55Z,2023-03-24T17:59:00Z,3.5032899606823875e-06,0.0012291153499266786,0.0012256120599659962,0
2023-03-24T17:58:55Z,2023-03-24T17:59:00Z,1.4035864369045439e-06,0.001227954129276512,0.0012265505428396075,0
2023-03-24T17:58:55Z,2023-03-24T17:59:00Z,3.248678848513176e-06,0.0012258666710781654,0.0012291153499266786,0
2023-03-24T17:58:55Z,2023-03-24T17:59:00Z,1.931449259383756e-06,0.0012298855785358958,0.001227954129276512,0
2023-03-24T17:58:55Z,2023-03-24T17:59:00Z,2.033651423910066e-06,0.0012279003225020755,0.0012258666710781654,0
2023-03-24T17:58:55Z,2023-03-24T17:59:00Z,1.0557355380670435e-05,0.0012193282231552254,0.0012298855785358958,0
2023-03-24T17:58:55Z,2023-03-24T17:59:00Z,4.718468675580893e-06,0.0012231818538264946,0.0012279003225020755,0
2023-03-24T17:58:55Z,2023-03-24T17:59:00Z,1.3167032858790902e-06,0.0012206449264411045,0.0012193282231552254,0
2023-03-24T17:58:55Z,2023-03-24T17:59:00Z,7.659096525271204e-06,0.0012155227573012234,0.0012231818538264946,0
2023-03-24T17:58:55Z,2023-03-24T17:59:00Z,1.1604977043572261e-05,0.0012090399493975322,0.0012206449264411045,0
2023-03-24T17:58:55Z,2023-03-24T17:59:00Z,1.0804645333526092e-05,0.0012047181119676973,0.0012155227573012234,0
2023-03-24T17:58:55Z,2023-03-24T17:59:00Z,1.8621933008770852e-06,0.0012109021426984093,0.0012090399493975322,0
2023-03-24T17:58:55Z,2023-03-24T17:59:00Z,1.9644196372087946e-06,0.001206682531604906,0.0012047181119676973,0
2023-03-24T17:58:55Z,2023-03-24T17:59:00Z,1.4701955570056019e-05,0.0011962001871283533,0.0012109021426984093,0
2023-03-24T17:58:55Z,2023-03-24T17:59:00Z,1.390465900513965e-05,0.0011927778725997664,0.001206682531604906,0
2023-03-24T17:58:55Z,2023-03-24T17:59:00Z,2.8898152023633557e-06,0.0011990900023307167,0.0011962001871283533,0
2023-03-24T17:58:55Z,2023-03-24T17:59:00Z,2.5023274581072175e-06,0.0011952802000578736,0.0011927778725997664,0
2023-03-24T17:58:55Z,2023-03-24T17:59:00Z,1.0559814044536035e-05,0.0011885301882861806,0.0011990900023307167,0
2023-03-24T17:58:55Z,2023-03-24T17:59:00Z,7.441342136232931e-06,0.0011878388579216407,0.0011952802000578736,0
2023-03-24T17:58:55Z,2023-03-24T17:59:00Z,2.988618909465987e-06,0.0011915188071956466,0.0011885301882861806,0
2023-03-24T17:58:55Z,2023-03-24T17:59:00Z,8.42476516662899e-06,0.0011962636230882697,0.0011878388579216407,0
2023-03-24T17:58:55Z,2023-03-24T17:59:00Z,8.709526461062218e-06,0.0012002283336567088,0.0011915188071956466,0
2023-03-24T17:58:55Z,2023-03-24T17:59:00Z,5.6178401590454945e-06,0.0012018814632473152,0.0011962636230882697,0
2023-03-24T17:58:55Z,2023-03-24T17:59:00Z,5.554185571621933e-07,0.0011996729150995466,0.0012002283336567088,0
2023-03-24T17:58:55Z,2023-03-24T17:59:00Z,1.000043721775248e-06,0.00120088141952554,0.0012018814632473152,0
2023-03-24T17:58:55Z,2023-03-24T17:59:00Z,2.619127274167696e-06,0.0012022920423737143,0.0011996729150995466,0
2023-03-24T17:58:55Z,2023-03-24T17:59:00Z,7.423890918236212e-07,0.0012016238086173636,0.00120088141952554,0
2023-03-24T17:58:55Z,2023-03-24T17:59:00Z,4.672860288384853e-06,0.0011976191820853295,0.0012022920423737143,0
2023-03-24T17:58:55Z,2023-03-24T17:59:00Z,1.6446488919647645e-06,0.0011999791597253988,0.0012016238086173636,0
2023-03-24T17:58:55Z,2023-03-24T17:59:00Z,7.228278384482749e-07,0.0011983420099237778,0.0011976191820853295,0
2023-03-24T17:58:55Z,2023-03-24T17:59:00Z,2.3326590676798434e-06,0.001197646500657719,0.0011999791597253988,0
2023-03-24T17:58:55Z,2023-03-24T17:59:00Z,1.5636363007577418e-06,0.0011999056462245355,0.0011983420099237778,0
2023-03-24T17:58:55Z,2023-03-24T17:59:00Z,8.039972942426978e-06,0.001205686473600146,0.001197646500657719,0
2023-03-24T17:58:55Z,2023-03-24T17:59:00Z,9.030844820079277e-06,0.0012089364910446148,0.0011999056462245355,0
2023-03-24T17:58:55Z,2023-03-24T17:59:00Z,5.004565602417408e-06,0.0012106910392025634,0.001205686473600146,0
2023-03-24T17:58:55Z,2023-03-24T17:59:00Z,1.0348350514408381e-05,0.0012192848415590232,0.0012089364910446148,0
2023-03-24T17:58:55Z,2023-03-24T17:59:00Z,1.631225766376217e-05,0.0012270032968663255,0.0012106910392025634,0
2023-03-24T17:58:55Z,2023-03-24T17:59:00Z,1.2859491863388174e-05,0.0012321443334224113,0.0012192848415590232,0
2023-03-24T17:58:55Z,2023-03-24T17:59:00Z,1.4098839555056917e-05,0.0012411021364213824,0.0012270032968663255,0
2023-03-24T17:58:55Z,2023-03-24T17:59:00Z,7.413744928848592e-06,0.00123955807835126,0.0012321443334224113,0
2023-03-24T17:58:55Z,2023-03-24T17:59:00Z,1.6585282845732897e-06,0.0012427606647059557,0.0012411021364213824,0
2023-03-24T17:58:55Z,2023-03-24T17:59:00Z,8.601202206789298e-06,0.0012481592805580492,0.00123955807835126,0
2023-03-24T17:58:55Z,2023-03-24T17:59:00Z,1.457760760232435e-05,0.00125733827230828,0.0012427606647059557,0
2023-03-24T17:58:55Z,2023-03-24T17:59:00Z,1.3112373923768487e-05,0.0012612716544818177,0.0012481592805580492,0
2023-03-24T17:58:55Z,2023-03-24T17:59:00Z,2.7062653154127578e-06,0.0012600445376236928,0.00125733827230828,0
2023-03-24T17:58:55Z,2023-03-24T17:59:00Z,8.662818328973153e-06,0.0012699344728107909,0.0012612716544818177,0
2023-03-24T17:58:55Z,2023-03-24T17:59:00Z,1.9483600721996062e-05,0.001279528138345689,0.0012600445376236928,0
2023-03-24T17:58:55Z,2023-03-24T17:59:00Z,1.2166168777539557e-05,0.0012821006415883304,0.0012699344728107909,0
2023-03-24T17:58:55Z,2023-03-24T17:59:00Z,8.195689311994107e-06,0.001287723827657683,0.001279528138345689,0
2023-03-24T17:58:55Z,2023-03-24T17:59:00Z,9.285055391825827e-06,0.0012913856969801562,0.0012821006415883304,0
2023-03-24T17:58:55Z,2023-03-24T17:59:00Z,2.941351366424899e-06,0.001290665179024108,0.001287723827657683,0
2023-03-24T17:58:55Z,2023-03-24T17:59:00Z,1.147478767505412e-06,0.0012902382182126508,0.0012913856969801562,0
2023-03-24T17:58:55Z,2023-03-24T17:59:00Z,1.5196421026728545e-06,0.0012921848211267808,0.001290665179024108,0
2023-03-24T17:58:55Z,2023-03-24T17:59:00Z,2.9018347659378295e-06,0.0012931400529785887,0.0012902382182126508,0
2023-03-24T17:58:55Z,2023-03-24T17:59:00Z,7.369703712090895e-06,0.0012995545248388717,0.0012921848211267808,0
2023-03-24T17:58:55Z,2023-03-24T17:59:00Z,7.453981447082822e-06,0.0013005940344256715,0.0012931400529785887,0
2023-03-24T17:58:55Z,2023-03-24T17:59:00Z,2.6089456146426594e-06,0.0013021634704535143,0.0012995545248388717,0
2023-03-24T17:58:55Z,2023-03-24T17:59:00Z,2.9387179959854386e-06,0.001297655316429686,0.0013005940344256715,0
2023-03-24T17:58:55Z,2023-03-24T17:59:00Z,2.841208725236485e-06,0.0013050046791787508,0.0013021634704535143,0
2023-03-24T17:58:55Z,2023-03-24T17:59:00Z,8.323672931624454e-06,0.0013059789893613105,0.001297655316429686,0
2023-03-24T17:58:55Z,2023-03-24T17:59:00Z,1.5860102133256632e-06,0.0013065906893920765,0.0013050046791787508,0
2023-03-24T17:58:55Z,2023-03-24T17:59:00Z,1.6585184297239312e-06,0.0013076375077910344,0.0013059789893613105,0
2023-03-24T17:58:55Z,2023-03-24T17:59:00Z,1.4659547732300687e-06,0.0013051247346188464,0.0013065906893920765,0
2023-03-24T17:58:55Z,2023-03-24T17:59:00Z,1.4493165223338888e-06,0.0013090868243133683,0.0013076375077910344,0
2023-03-24T17:58:55Z,2023-03-24T17:59:00Z,2.780926797505247e-06,0.0013023438078213411,0.0013051247346188464,0
2023-03-24T17:58:55Z,2023-03-24T17:59:00Z,6.396585733908517e-06,0.0013026902385794598,0.0013090868243133683,0
2023-03-24T17:58:55Z,2023-03-24T17:59:00Z,4.10723353033173e-06,0.0013064510413516729,0.0013023438078213411,0
2023-03-24T17:58:55Z,2023-03-24T17:59:00Z,2.1838481564294236e-06,0.0013048740867358892,0.0013026902385794598,0
2023-03-24T17:58:55Z,2023-03-24T17:59:00Z,7.4664394422402185e-06,0.001313917480793913,0.0013064510413516729,0
2023-03-24T17:58:55Z,2023-03-24T17:59:00Z,1.7999005440907153e-05,0.0013228730921767964,0.0013048740867358892,0
2023-03-24T17:58:55Z,2023-03-24T17:59:00Z,1.4521733100771473e-05,0.0013284392138946846,0.001313917480793913,0
2023-03-24T17:58:55Z,2023-03-24T17:59:00Z,9.286758950989571e-06,0.001332159851127786,0.0013228730921767964,0
2023-03-24T17:58:55Z,2023-03-24T17:59:00Z,5.469560461281902e-06,0.0013339087743559665,0.0013284392138946846,0
2023-03-24T17:58:55Z,2023-03-24T17:59:00Z,8.176313042846566e-06,0.0013403361641706325,0.001332159851127786,0
2023-03-24T17:58:55Z,2023-03-24T17:59:00Z,5.503699829291324e-06,0.0013394124741852578,0.0013339087743559665,0
2023-03-24T17:58:55Z,2023-03-24T17:59:00Z,4.166216916456694e-06,0.0013445023810870892,0.0013403361641706325,0
2023-03-24T17:58:55Z,2023-03-24T17:59:00Z,8.945393432770524e-07,0.0013385179348419807,0.0013394124741852578,0
2023-03-24T17:58:55Z,2023-03-24T17:59:00Z,6.736613351474886e-06,0.0013377657677356143,0.0013445023810870892,0
2023-03-24T17:58:55Z,2023-03-24T17:59:00Z,1.0358600436539056e-05,0.0013281593344054417,0.0013385179348419807,0
2023-03-24T17:58:55Z,2023-03-24T17:59:00Z,1.3605670179082886e-05,0.0013241600975565314,0.0013377657677356143,0
2023-03-24T17:58:55Z,2023-03-24T17:59:00Z,4.06344685896249e-08,0.001328118699936852,0.0013281593344054417,0
2023-03-24T17:58:55Z,2023-03-24T17:59:00Z,5.035718343947282e-07,0.0013246636693909262,0.0013241600975565314,0
2023-03-24T17:58:55Z,2023-03-24T17:59:00Z,3.62390851538154e-06,0.0013244947914214705,0.001328118699936852,0
2023-03-24T17:58:55Z,2023-03-24T17:59:00Z,4.030252717595467e-06,0.0013286939221085216,0.0013246636693909262,0
2023-03-24T17:58:55Z,2023-03-24T17:59:00Z,2.5005711195074873e-06,0.001326995362540978,0.0013244947914214705,0
2023-03-24T17:58:55Z,2023-03-24T17:59:00Z,1.2089064848409044e-06,0.0013274850156236807,0.0013286939221085216,0
2023-03-24T17:58:55Z,2023-03-24T17:59:00Z,2.354823785471246e-06,0.0013293501863264493,0.001326995362540978,0
2023-03-24T17:58:55Z,2023-03-24T17:59:00Z,6.965740316545749e-07,0.0013267884415920262,0.0013274850156236807,0
2023-03-24T17:58:55Z,2023-03-24T17:59:00Z,7.951566694352867e-07,0.0013301453429958845,0.0013293501863264493,0
2023-03-24T17:58:55Z,2023-03-24T17:59:00Z,2.6170055960426236e-06,0.0013294054471880688,0.0013267884415920262,0
2023-03-24T17:58:55Z,2023-03-24T17:59:00Z,5.785320885752553e-06,0.001324360022110132,0.0013301453429958845,0
2023-03-24T17:58:55Z,2023-03-24T17:59:00Z,1.6904389320280318e-06,0.0013277150082560407,0.0013294054471880688,0
2023-03-24T17:58:55Z,2023-03-24T17:59:00Z,3.4489206977700564e-06,0.001327808942807902,0.001324360022110132,0
2023-03-24T17:58:55Z,2023-03-24T17:59:00Z,1.6906410810269609e-06,0.0013294056493370677,0.0013277150082560407,0
2023-03-24T17:58:55Z,2023-03-24T17:59:00Z,2.625235202256349e-06,0.0013251837076056457,0.001327808942807902,0
2023-03-24T17:58:55Z,2023-03-24T17:59:00Z,1.3853960190506834e-06,0.001328020253318017,0.0013294056493370677,0
2023-03-24T17:58:55Z,2023-03-24T17:59:00Z,6.755674470350663e-06,0.0013319393820759964,0.0013251837076056457,0
2023-03-24T17:58:55Z,2023-03-24T17:59:00Z,1.0024076325181822e-06,0.0013290226609505352,0.001328020253318017,0
2023-03-24T17:58:55Z,2023-03-24T17:59:00Z,5.48558502823978e-06,0.0013264537970477566,0.0013319393820759964,0
2023-03-24T17:58:55Z,2023-03-24T17:59:00Z,2.632984860538633e-06,0.0013316556458110738,0.0013290226609505352,0
2023-03-24T17:58:55Z,2023-03-24T17:59:00Z,1.2863311558251314e-05,0.001339317108606008,0.0013264537970477566,0
2023-03-24T17:58:55Z,2023-03-24T17:59:00Z,1.1243505220055435e-05,0.0013428991510311293,0.0013316556458110738,0
2023-03-24T17:58:55Z,2023-03-24T17:59:00Z,1.1201000940542745e-05,0.0013505181095465506,0.001339317108606008,0
2023-03-24T17:58:55Z,2023-03-24T17:59:00Z,7.458401869442355e-06,0.0013503575529005716,0.0013428991510311293,0
2023-03-24T17:58:55Z,2023-03-24T17:59:00Z,6.8271371444039546e-06,0.0013436909724021467,0.0013505181095465506,0
2023-03-24T17:58:55Z,2023-03-24T17:59:00Z,1.1034449084173538e-05,0.001339323103816398,0.0013503575529005716,0
2023-03-24T17:58:55Z,2023-03-24T17:59:00Z,4.386817909395697e-06,0.001339304154492751,0.0013436909724021467,0
2023-03-24T17:58:55Z,2023-03-24T17:59:00Z,1.8700173137261439e-06,0.0013411931211301242,0.001339323103816398,0
2023-03-24T17:58:55Z,2023-03-24T17:59:00Z,5.295600744386307e-06,0.0013445997552371373,0.001339304154492751,0
2023-03-24T17:58:55Z,2023-03-24T17:59:00Z,2.440554325686302e-07,0.0013409490656975556,0.0013411931211301242,0
2023-03-24T17:58:55Z,2023-03-24T17:59:00Z,5.905434867621139e-06,0.0013386943203695162,0.0013445997552371373,0
2023-03-24T17:58:55Z,2023-03-24T17:59:00Z,1.3712555049856696e-06,0.00133957781019257,0.0013409490656975556,0
2023-03-24T17:58:55Z,2023-03-24T17:59:00Z,1.1423028212316803e-05,0.001350117348581833,0.0013386943203695162,0
2023-03-24T17:58:55Z,2023-03-24T17:59:00Z,9.460828913822328e-06,0.0013490386391063923,0.00133957781019257,0
2023-03-24T17:58:55Z,2023-03-24T17:59:00Z,3.9910006484134616e-06,0.0013541083492302464,0.001350117348581833,0
2023-03-24T17:58:55Z,2023-03-24T17:59:00Z,2.822894699892279e-06,0.0013518615338062845,0.0013490386391063923,0
2023-03-24T17:58:55Z,2023-03-24T17:59:00Z,2.2744258083590846e-07,0.0013538809066494105,0.0013541083492302464,0
2023-03-24T17:58:55Z,2023-03-24T17:59:00Z,6.094030053869007e-06,0.0013457675037524155,0.0013518615338062845,0
2023-03-24T17:58:55Z,2023-03-24T17:59:00Z,1.0787345315911231e-05,0.0013430935613334993,0.0013538809066494105,0
2023-03-24T17:58:55Z,2023-03-24T17:59:00Z,3.818515184446803e-06,0.0013419489885679687,0.0013457675037524155,0
2023-03-24T17:58:55Z,2023-03-24T17:59:00Z,3.087004263909246e-06,0.0013461805655974085,0.0013430935613334993,0
2023-03-24T17:58:55Z,2023-03-24T17:59:00Z,1.0728799736349406e-06,0.0013408761085943338,0.0013419489885679687,0
2023-03-24T17:58:55Z,2023-03-24T17:59:00Z,1.590422242515573e-06,0.001347770987839924,0.0013461805655974085,0
2023-03-24T17:58:55Z,2023-03-24T17:59:00Z,2.5922478425180386e-06,0.0013434683564368518,0.0013408761085943338,0
2023-03-24T17:58:55Z,2023-03-24T17:59:00Z,5.786709759567337e-06,0.0013419842780803568,0.001347770987839924,0
2023-03-24T17:58:55Z,2023-03-24T17:59:00Z,1.5564955824394489e-06,0.0013419118608544124,0.0013434683564368518,0
2023-03-24T17:58:55Z,2023-03-24T17:59:00Z,9.277385614295947e-06,0.0013327068924660608,0.0013419842780803568,0
2023-03-24T17:58:55Z,2023-03-24T17:59:00Z,4.584947831323596e-06,0.0013373269130230888,0.0013419118608544124,0
2023-03-24T17:58:55Z,2023-03-24T17:59:00Z,1.8179264729084686e-06,0.0013345248189389693,0.0013327068924660608,0
2023-03-24T17:58:55Z,2023-03-24T17:59:00Z,3.1404880919576935e-06,0.001334186424931131,0.0013373269130230888,0
2023-03-24T17:58:55Z,2023-03-24T17:59:00Z,4.379395786194718e-06,0.0013301454231527746,0.0013345248189389693,0
2023-03-24T17:58:55Z,2023-03-24T17:59:00Z,1.0199216628196516e-05,0.0013239872083029346,0.001334186424931131,0
2023-03-24T17:58:55Z,2023-03-24T17:59:00Z,5.443917172812465e-06,0.001324701505979962,0.0013301454231527746,0
2023-03-24T17:58:55Z,2023-03-24T17:59:00Z,2.6541775139147464e-06,0.0013213330307890198,0.0013239872083029346,0
2023-03-24T17:58:55Z,2023-03-24T17:59:00Z,1.1078557898280827e-05,0.0013136229480816813,0.001324701505979962,0
2023-03-24T17:58:55Z,2023-03-24T17:59:00Z,9.236236811679564e-06,0.0013120967939773403,0.0013213330307890198,0
2023-03-24T17:58:55Z,2023-03-24T17:59:00Z,3.6926027108083632e-06,0.001309930345370873,0.0013136229480816813,0
2023-03-24T17:58:55Z,2023-03-24T17:59:00Z,4.173879101336542e-06,0.0013162706730786768,0.0013120967939773403,0
2023-03-24T17:58:55Z,2023-03-24T17:59:00Z,5.941594998647333e-07,0.0013093361858710082,0.001309930345370873,0
2023-03-24T17:58:55Z,2023-03-24T17:59:00Z,1.5601687682880545e-05,0.0013006689853957963,0.0013162706730786768,0
2023-03-24T17:58:55Z,2023-03-24T17:59:00Z,5.503906131190065e-06,0.0013038322797398181,0.0013093361858710082,0
2023-03-24T17:58:55Z,2023-03-24T17:59:00Z,2.966842285460425e-06,0.0013036358276812567,0.0013006689853957963,0
2023-03-24T17:58:55Z,2023-03-24T17:59:00Z,6.1661057363258855e-06,0.001309998385476144,0.0013038322797398181,1
2023-03-24T17:58:55Z,2023-03-24T17:59:00Z,7.709405635646658e-06,0.0013113452333169033,0.0013036358276812567,1
2023-03-24T17:58:55Z,2023-03-24T17:59:00Z,2.1054181336573313e-06,0.0013078929673424867,0.001309998385476144,1
2023-03-24T17:58:55Z,2023-03-24T17:59:00Z,2.1576127105700244e-06,0.0013135028460274734,0.0013113452333169033,1
2023-03-24T17:58:55Z,2023-03-24T17:59:00Z,1.794151383700121e-06,0.0013096871187261868,0.0013078929673424867,1
2023-03-24T17:58:55Z,2023-03-24T17:59:00Z,2.3430907791399842e-06,0.0013111597552483334,0.0013135028460274734,1
2023-03-24T17:58:55Z,2023-03-24T17:59:00Z,3.074271477908775e-06,0.001306612847248278,0.0013096871187261868,1
2023-03-24T17:58:55Z,2023-03-24T17:59:00Z,6.153754764855928e-06,0.0013050060004834775,0.0013111597552483334,1
2023-03-24T17:58:55Z,2023-03-24T17:59:00Z,1.3236194576417715e-06,0.0013079364667059198,0.001306612847248278,1
2023-03-24T17:58:55Z,2023-03-24T17:59:00Z,2.3657512978824628e-06,0.00130737175178136,0.0013050060004834775,1
2023-03-24T17:58:55Z,2023-03-24T17:59:00Z,7.721672770227579e-07,0.001307164299428897,0.0013079364667059198,1
2023-03-24T17:58:55Z,2023-03-24T17:59:00Z,8.445837166430083e-07,0.001306527168064717,0.00130737175178136,1
2023-03-24T17:58:55Z,2023-03-24T17:59:00Z,5.854311857159036e-06,0.001301309987571738,0.001307164299428897,1
2023-03-24T17:58:55Z,2023-03-24T17:59:00Z,5.819216407589121e-06,0.0013007079516571278,0.001306527168064717,1
2023-03-24T17:58:55Z,2023-03-24T17:59:00Z,6.993763328365854e-06,0.0012943162242433721,0.001301309987571738,1
2023-03-24T17:58:55Z,2023-03-24T17:59:00Z,1.5126680535623152e-05,0.0012855812711215046,0.0013007079516571278,1
2023-03-24T17:58:55Z,2023-03-24T17:59:00Z,1.8243728503705746e-05,0.0012760724957396664,0.0012943162242433721,1
2023-03-24T17:58:55Z,2023-03-24T17:59:00Z,1.1865291286742132e-05,0.0012737159798347625,0.0012855812711215046,1
2023-03-24T17:58:55Z,2023-03-24T17:59:00Z,4.942079115035454e-06,0.001271130416624631,0.0012760724957396664,1
2023-03-24T17:58:55Z,2023-03-24T17:59:00Z,5.722854836171789e-06,0.0012679931249985907,0.0012737159798347625,1
2023-03-24T17:58:55Z,2023-03-24T17:59:00Z,9.739005472618597e-06,0.0012613914111520123,0.001271130416624631,1
2023-03-24T17:58:55Z,2023-03-24T17:59:00Z,1.6075484934122315e-05,0.0012519176400644684,0.0012679931249985907,1
2023-03-24T17:58:55Z,2023-03-24T17:59:00Z,1.3826419070861982e-05,0.0012475649920811504,0.0012613914111520123,1
2023-03-24T17:58:55Z,2023-03-24T17:59:00Z,1.5377844084899428e-05,0.001236539795979569,0.0012519176400644684,1
2023-03-24T17:58:55Z,2023-03-24T17:59:00Z,1.2394462035497742e-05,0.0012351705300456526,0.0012475649920811504,1
2023-03-24T17:58:55Z,2023-03-24T17:59:00Z,7.4962638078554e-06,0.0012290435321717136,0.001236539795979569,1
2023-03-24T17:58:55Z,2023-03-24T17:59:00Z,2.0473599361833838e-05,0.0012146969306838188,0.0012351705300456526,1
2023-03-24T17:58:55Z,2023-03-24T17:59:00Z,2.1844036869777877e-05,0.0012071994953019357,0.0012290435321717136,1
2023-03-24T17:58:55Z,2023-03-24T17:59:00Z,1.576570630483021e-05,0.0011989312243789886,0.0012146969306838188,1
2023-03-24T17:58:55Z,2023-03-24T17:59:00Z,2.0322388473524534e-05,0.0011868771068284112,0.0012071994953019357,1
2023-03-24T17:58:55Z,2023-03-24T17:59:00Z,2.212308045333733e-05,0.0011768081439256512,0.0011989312243789886,1
2023-03-24T17:58:55Z,2023-03-24T17:59:00Z,2.4481466406307698e-05,0.0011623956404221035,0.0011868771068284112,1
2023-03-24T17:58:55Z,2023-03-24T17:59:00Z,2.1126004202994507e-05,0.0011556821397226567,0.0011768081439256512,1
2023-03-24T17:58:55Z,2023-03-24T17:59:00Z,1.2391165855236497e-05,0.001150004474566867,0.0011623956404221035,1
2023-03-24T17:58:55Z,2023-03-24T17:59:00Z,1.0744369504752131e-05,0.0011664265092274089,0.0011556821397226567,1
2023-03-24T17:58:55Z,2023-03-24T17:59:00Z,2.4182384688495014e-05,0.001174186859255362,0.001150004474566867,1
2023-03-24T17:58:55Z,2023-03-24T17:59:00Z,1.3411828801086854e-05,0.0011798383380284957,0.0011664265092274089,1
2023-03-24T17:58:55Z,2023-03-24T17:59:00Z,5.762195004093036e-06,0.001179949054259455,0.001174186859255362,1
2023-03-24T17:58:55Z,2023-03-24T17:59:00Z,4.092997585042378e-06,0.001183931335613538,0.0011798383380284957,1
2023-03-24T17:58:55Z,2023-03-24T17:59:00Z,7.270029934247982e-07,0.0011806760572528798,0.001179949054259455,1
2023-03-24T17:58:55Z,2023-03-24T17:59:00Z,2.374299484063933e-06,0.001186305635097602,0.001183931335613538,1
2023-03-24T17:58:55Z,2023-03-24T17:59:00Z,1.186524417199253e-05,0.0011925413014248723,0.0011806760572528798,1
2023-03-24T17:58:55Z,2023-03-24T17:59:00Z,7.165416869701034e-06,0.001193471051967303,0.001186305635097602,1
2023-03-24T17:58:55Z,2023-03-24T17:59:00Z,8.144809787180313e-07,0.0011933557824035904,0.0011925413014248723,1
2023-03-24T17:58:55Z,2023-03-24T17:59:00Z,6.720597353520371e-06,0.0011867504546137827,0.001193471051967303,1
2023-03-24T17:58:55Z,2023-03-24T17:59:00Z,3.449121466107992e-06,0.0011899066609374824,0.0011933557824035904,1
2023-03-24T17:58:55Z,2023-03-24T17:59:00Z,4.990010046175986e-06,0.0011917404646599587,0.0011867504546137827,1
2023-03-24T17:58:55Z,2023-03-24T17:59:00Z,8.03011906272584e-06,0.0011979367800002082,0.0011899066609374824,1
2023-03-24T17:58:55Z,2023-03-24T17:59:00Z,1.6941314312966197e-06,0.001190046333228662,0.0011917404646599587,1
2023-03-24T17:58:55Z,2023-03-24T17:59:00Z,9.631908326059079e-06,0.0011883048716741491,0.0011979367800002082,1
2023-03-24T17:58:55Z,2023-03-24T17:59:00Z,7.99921997117264e-06,0.0011820471132574894,0.001190046333228662,1
2023-03-24T17:58:55Z,2023-03-24T17:59:00Z,6.3543836143521715e-06,0.001181950488059797,0.0011883048716741491,1
2023-03-24T17:58:55Z,2023-03-24T17:59:00Z,3.2966548568962115e-06,0.0011853437681143856,0.0011820471132574894,1
2023-03-24T17:58:55Z,2023-03-24T17:59:00Z,5.94467024167631e-07,0.0011825449550839646,0.001181950488059797,1
2023-03-24T17:58:55Z,2023-03-24T17:59:00Z,2.6769023087369094e-06,0.0011826668658056487,0.0011853437681143856,1
2023-03-24T17:58:55Z,2023-03-24T17:59:00Z,1.8103471051199131e-06,0.0011807346079788447,0.0011825449550839646,1
2023-03-24T17:58:55Z,2023-03-24T17:59:00Z,1.0737909433484495e-06,0.0011837406567489972,0.0011826668658056487,1
2023-03-24T17:58:55Z,2023-03-24T17:59:00Z,4.825481659908974e-06,0.0011759091263189357,0.0011807346079788447,1
2023-03-24T17:58:55Z,2023-03-24T17:59:00Z,9.108365215392076e-06,0.001174632291533605,0.0011837406567489972,1
2023-03-24T17:58:55Z,2023-03-24T17:59:00Z,3.9996225589008887e-07,0.0011755091640630456,0.0011759091263189357,1
2023-03-24T17:58:55Z,2023-03-24T17:59:00Z,4.16769783130491e-06,0.0011704645937023002,0.001174632291533605,1
2023-03-24T17:58:55Z,2023-03-24T17:59:00Z,1.1403538858232882e-05,0.0011641056252048127,0.0011755091640630456,1
2023-03-24T17:58:55Z,2023-03-24T17:59:00Z,6.417411413374386e-06,0.0011640471822889258,0.0011704645937023002,1
2023-03-24T17:58:55Z,2023-03-24T17:59:00Z,2.3693855447709175e-06,0.0011664750107495837,0.0011641056252048127,1
2023-03-24T17:58:55Z,2023-03-24T17:59:00Z,1.3849379008057383e-06,0.0011654321201897315,0.0011640471822889258,1
2023-03-24T17:58:55Z,2023-03-24T17:59:00Z,4.844812343309532e-06,0.0011616301984062741,0.0011664750107495837,1
2023-03-24T17:58:55Z,2023-03-24T17:59:00Z,6.491701684765592e-06,0.001158940418504966,0.0011654321201897315,1
2023-03-24T17:58:55Z,2023-03-24T17:59:00Z,6.747627393179599e-06,0.0011548825710130945,0.0011616301984062741,1
2023-03-24T17:58:55Z,2023-03-24T17:59:00Z,9.381663475360518e-06,0.0011495587550296054,0.001158940418504966,1
2023-03-24T17:58:55Z,2023-03-24T17:59:00Z,7.674914260187354e-06,0.0011472076567529072,0.0011548825710130945,1
2023-03-24T17:58:55Z,2023-03-24T17:59:00Z,5.509863326588716e-06,0.0011440488917030167,0.0011495587550296054,1
2023-03-24T17:58:55Z,2023-03-24T17:59:00Z,1.0408455056454269e-06,0.0011461668112472618,0.0011472076567529072,1
2023-03-24T17:58:55Z,2023-03-24T17:59:00Z,1.1085278684257183e-06,0.001142940363834591,0.0011440488917030167,1
2023-03-24T17:58:55Z,2023-03-24T17:59:00Z,1.6275087381856148e-06,0.0011445393025090761,0.0011461668112472618,1
2023-03-24T17:58:55Z,2023-03-24T17:59:00Z,1.7540340848209816e-06,0.001144694397919412,0.001142940363834591,1
2023-03-24T17:58:55Z,2023-03-24T17:59:00Z,2.188132412777547e-06,0.0011423511700962986,0.0011445393025090761,1
2023-03-24T17:58:55Z,2023-03-24T17:59:00Z,1.2193531759860073e-05,0.001132500866159552,0.001144694397919412,1
2023-03-24T17:58:55Z,2023-03-24T17:59:00Z,2.858516286607894e-05,0.0011137660072302197,0.0011423511700962986,1
2023-03-24T17:58:55Z,2023-03-24T17:59:00Z,2.5651622181728463e-05,0.0011068492439778234,0.001132500866159552,1
2023-03-24T17:58:55Z,2023-03-24T17:59:00Z,1.1012006313730269e-05,0.0011027540009164894,0.0011137660072302197,1
2023-03-24T17:58:55Z,2023-03-24T17:59:00Z,8.903397557747132e-06,0.0010979458464200763,0.0011068492439778234,1
2023-03-24T17:58:55Z,2023-03-24T17:59:00Z,2.8872775594941018e-05,0.0010738812253215484,0.0011027540009164894,1
2023-03-24T17:58:55Z,2023-03-24T17:59:00Z,1.3576885005200804e-05,0.0010843689614148755,0.0010979458464200763,1
2023-03-24T17:58:55Z,2023-03-24T17:59:00Z,1.7108544875611047e-05,0.0010909897701971594,0.0010738812253215484,1
2023-03-24T17:58:55Z,2023-03-24T17:59:00Z,2.0324917146989597e-05,0.001104693878561865,0.0010843689614148755,0
2023-03-24T17:58:55Z,2023-03-24T17:59:00Z,2.541570964726585e-05,0.0011164054798444253,0.0010909897701971594,0
2023-03-24T17:58:55Z,2023-03-24T17:59:00Z,3.3796316028441914e-05,0.001138490194590307,0.001104693878561865,0
2023-03-24T17:58:55Z,2023-03-24T17:59:00Z,3.4301803374343865e-05,0.0011507072832187691,0.0011164054798444253,0
2023-03-24T17:58:55Z,2023-03-24T17:59:00Z,2.583849684256929e-05,0.0011643286914328763,0.001138490194590307,0
2023-03-24T17:58:55Z,2023-03-24T17:59:00Z,2.8453026326822348e-05,0.0011791603095455915,0.0011507072832187691,0
2023-03-24T17:58:55Z,2023-03-24T17:59:00Z,2.3598545421960526e-05,0.0011879272368548368,0.0011643286914328763,0
2023-03-24T17:58:55Z,2023-03-24T17:59:00Z,2.094320134910432e-05,0.0012001035108946958,0.0011791603095455915,0
2023-03-24T17:58:55Z,2023-03-24T17:59:00Z,2.0337299559956097e-05,0.001208264536414793,0.0011879272368548368,0
2023-03-24T17:58:55Z,2023-03-24T17:59:00Z,2.1635209966820073e-05,0.0012217387208615159,0.0012001035108946958,0
2023-03-24T17:58:55Z,2023-03-24T17:59:00Z,1.882302103374902e-05,0.001227087557448542,0.001208264536414793,0
2023-03-24T17:58:55Z,2023-03-24T17:59:00Z,2.112571735820223e-05,0.001242864438219718,0.0012217387208615159,0
2023-03-24T17:58:55Z,2023-03-24T17:59:00Z,1.7121597415577228e-05,0.0012442091548641192,0.001227087557448542,0
2023-03-24T17:58:55Z,2023-03-24T17:59:00Z,1.6135582365291428e-05,0.0012590000205850095,0.001242864438219718,0
2023-03-24T17:58:55Z,2023-03-24T17:59:00Z,1.6686449028301e-05,0.0012608956038924202,0.0012442091548641192,0
2023-03-24T17:58:55Z,2023-03-24T17:59:00Z,1.2517754078843072e-05,0.0012715177746638526,0.0012590000205850095,0
2023-03-24T17:58:55Z,2023-03-24T17:59:00Z,1.7475792999451997e-05,0.0012783713968918722,0.0012608956038924202,0
2023-03-24T17:58:55Z,2023-03-24T17:59:00Z,2.0906453696580094e-05,0.0012924242283604327,0.0012715177746638526,0
2023-03-24T17:58:55Z,2023-03-24T17:59:00Z,2.1276759342949607e-05,0.0012996481562348218,0.0012783713968918722,0
2023-03-24T17:58:55Z,2023-03-24T17:59:00Z,1.4377168566417214e-05,0.00130680139692685,0.0012924242283604327,0
2023-03-24T17:58:55Z,2023-03-24T17:59:00Z,1.2918674739235405e-05,0.0013125668309740572,0.0012996481562348218,0
2023-03-24T17:58:55Z,2023-03-24T17:59:00Z,9.332390941658303e-06,0.0013161337878685082,0.00130680139692685,0
2023-03-24T17:58:55Z,2023-03-24T17:59:00Z,7.891467036868485e-06,0.0013204582980109257,0.0013125668309740572,0
2023-03-24T17:58:55Z,2023-03-24T17:59:00Z,4.44712267828125e-06,0.0013205809105467895,0.0013161337878685082,0
2023-03-24T17:58:55Z,2023-03-24T17:59:00Z,1.3748203545730026e-05,0.0013067100944651956,0.0013204582980109257,0
2023-03-24T17:58:55Z,2023-03-24T17:59:00Z,1.025126178765272e-05,0.0013103296487591367,0.0013205809105467895,0
2023-03-24T17:58:55Z,2023-03-24T17:59:00Z,1.295188269457865e-07,0.0013068396132921414,0.0013067100944651956,0
2023-03-24T17:58:55Z,2023-03-24T17:59:00Z,4.041314044717298e-06,0.0013062883347144194,0.0013103296487591367,0
2023-03-24T17:58:55Z,2023-03-24T17:59:00Z,4.0725115028890195e-06,0.0013027671017892524,0.0013068396132921414,0
2023-03-24T17:58:55Z,2023-03-24T17:59:00Z,5.162140212577838e-06,0.0013114504749269973,0.0013062883347144194,0
2023-03-24T17:58:55Z,2023-03-24T17:59:00Z,2.387425755217068e-06,0.0013051545275444695,0.0013027671017892524,0
2023-03-24T17:58:55Z,2023-03-24T17:59:00Z,9.435620110475251e-06,0.001302014854816522,0.0013114504749269973,0
2023-03-24T17:58:55Z,2023-03-24T17:59:00Z,7.522740405852121e-06,0.0012976317871386174,0.0013051545275444695,0
2023-03-24T17:58:55Z,2023-03-24T17:59:00Z,2.0794768016058063e-05,0.001281220086800464,0.001302014854816522,0
2023-03-24T17:58:55Z,2023-03-24T17:59:00Z,2.3047967425152355e-05,0.001274583819713465,0.0012976317871386174,0
2023-03-24T17:58:55Z,2023-03-24T17:59:00Z,7.031831781941509e-06,0.0012741882550185225,0.001281220086800464,0
2023-03-24T17:58:55Z,2023-03-24T17:59:00Z,2.015185789643395e-06,0.0012725686339238216,0.001274583819713465,0
2023-03-24T17:58:55Z,2023-03-24T17:59:00Z,2.902924372478674e-06,0.0012770911793910011,0.0012741882550185225,0
2023-03-24T17:58:55Z,2023-03-24T17:59:00Z,6.716039212236249e-07,0.001271897030002598,0.0012725686339238216,0
2023-03-24T17:58:55Z,2023-03-24T17:59:00Z,1.0112058230547609e-05,0.0012669791211604535,0.0012770911793910011,0
2023-03-24T17:58:55Z,2023-03-24T17:59:00Z,8.523443872060932e-06,0.001263373586130537,0.001271897030002598,0
2023-03-24T17:58:55Z,2023-03-24T17:59:00Z,3.0173483365608916e-06,0.0012639617728238926,0.0012669791211604535,0
2023-03-24T17:58:55Z,2023-03-24T17:59:00Z,2.9291901974871394e-06,0.0012663027763280242,0.001263373586130537,0
2023-03-24T17:58:55Z,2023-03-24T17:59:00Z,3.3021773063377467e-06,0.0012672639501302304,0.0012639617728238926,0
2023-03-24T17:58:55Z,2023-03-24T17:59:00Z,5.967358639259301e-06,0.0012722701349672835,0.0012663027763280242,0
2023-03-24T17:58:55Z,2023-03-24T17:59:00Z,1.0487490284147045e-05,0.0012777514404143774,0.0012672639501302304,0
2023-03-24T17:58:55Z,2023-03-24T17:59:00Z,1.2877303938523769e-06,0.0012735578653611359,0.0012722701349672835,0
2023-03-24T17:58:55Z,2023-03-24T17:59:00Z,3.995544517944967e-06,0.0012737558958964325,0.0012777514404143774,0
2023-03-24T17:58:55Z,2023-03-24T17:59:00Z,3.186376220897175e-06,0.001276744241582033,0.0012735578653611359,0
2023-03-24T17:58:55Z,2023-03-24T17:59:00Z,1.182793286667221e-06,0.0012749386891830997,0.0012737558958964325,0
2023-03-24T17:58:55Z,2023-03-24T17:59:00Z,2.882990970874211e-06,0.0012796272325529072,0.001276744241582033,0
2023-03-24T17:58:55Z,2023-03-24T17:59:00Z,6.149998450509552e-06,0.0012810886876336092,0.0012749386891830997,0
2023-03-24T17:58:55Z,2023-03-24T17:59:00Z,3.954163524570427e-06,0.0012835813960774777,0.0012796272325529072,0
2023-03-24T17:58:55Z,2023-03-24T17:59:00Z,3.4646723378194307e-06,0.0012776240152957898,0.0012810886876336092,0
2023-03-24T17:58:55Z,2023-03-24T17:59:00Z,2.7706285546003247e-06,0.001286352024632078,0.0012835813960774777,0
2023-03-24T17:58:55Z,2023-03-24T17:59:00Z,2.8699828193156935e-06,0.0012804939981151055,0.0012776240152957898,0
2023-03-24T17:58:55Z,2023-03-24T17:59:00Z,1.1021007193254837e-05,0.0012753310174388232,0.001286352024632078,0
2023-03-24T17:58:55Z,2023-03-24T17:59:00Z,8.032161674530148e-06,0.0012724618364405753,0.0012804939981151055,0
2023-03-24T17:58:55Z,2023-03-24T17:59:00Z,9.093848514363104e-06,0.00126623716892446,0.0012753310174388232,0
2023-03-24T17:58:55Z,2023-03-24T17:59:00Z,1.84062921518768e-06,0.0012706212072253877,0.0012724618364405753,0
2023-03-24T17:58:55Z,2023-03-24T17:59:00Z,1.5446582118719887e-05,0.00128168375104318,0.00126623716892446,0
2023-03-24T17:58:55Z,2023-03-24T17:59:00Z,1.2218898377862374e-05,0.00128284010560325,0.0012706212072253877,0
2023-03-24T17:58:55Z,2023-03-24T17:59:00Z,4.907967902626712e-06,0.0012767757831405532,0.00128168375104318,0
2023-03-24T17:58:55Z,2023-03-24T17:59:00Z,1.119278886722386e-05,0.0012716473167360262,0.00128284010560325,0
2023-03-24T17:58:55Z,2023-03-24T17:59:00Z,6.661504222322352e-06,0.0012701142789182309,0.0012767757831405532,0
2023-03-24T17:58:55Z,2023-03-24T17:59:00Z,3.30141587946654e-07,0.0012713171751480795,0.0012716473167360262,0
2023-03-24T17:58:55Z,2023-03-24T17:59:00Z,6.281837326125878e-07,0.0012707424626508435,0.0012701142789182309,0
2023-03-24T17:58:55Z,2023-03-24T17:59:00Z,3.7633698659641883e-06,0.0012750805450140437,0.0012713171751480795,0
2023-03-24T17:58:55Z,2023-03-24T17:59:00Z,3.252988488370613e-06,0.0012674894741624729,0.0012707424626508435,0
2023-03-24T17:58:55Z,2023-03-24T17:59:00Z,4.135782255322747e-06,0.001270944762758721,0.0012750805450140437,0
2023-03-24T17:58:55Z,2023-03-24T17:59:00Z,4.435448750339955e-06,0.0012719249229128128,0.0012674894741624729,0
2023-03-24T17:58:55Z,2023-03-24T17:59:00Z,5.213808566242829e-06,0.0012761585713249638,0.001270944762758721,0
2023-03-24T17:58:55Z,2023-03-24T17:59:00Z,3.971129859151393e-06,0.0012758960527719642,0.0012719249229128128,0
2023-03-24T17:58:55Z,2023-03-24T17:59:00Z,5.7904662361708565e-06,0.001270368105088793,0.0012761585713249638,0
2023-03-24T17:58:55Z,2023-03-24T17:59:00Z,7.835680643367062e-06,0.0012680603721285971,0.0012758960527719642,0
2023-03-24T17:58:55Z,2023-03-24T17:59:00Z,5.8104574725537355e-06,0.0012645576476162392,0.001270368105088793,0
2023-03-24T17:58:55Z,2023-03-24T17:59:00Z,8.742912191341944e-07,0.0012689346633477313,0.0012680603721285971,0
2023-03-24T17:58:55Z,2023-03-24T17:59:00Z,5.415723444431248e-06,0.0012699733710606704,0.0012645576476162392,0
2023-03-24T17:58:55Z,2023-03-24T17:59:00Z,1.6155023300221463e-08,0.0012689185083244311,0.0012689346633477313,0
2023-03-24T17:58:55Z,2023-03-24T17:59:00Z,5.851419368822514e-06,0.001264121951691848,0.0012699733710606704,0
2023-03-24T17:58:55Z,2023-03-24T17:59:00Z,1.7696469511133302e-06,0.0012671488613733178,0.0012689185083244311,0
2023-03-24T17:58:55Z,2023-03-24T17:59:00Z,4.740145354619222e-06,0.0012688620970464672,0.001264121951691848,0
2023-03-24T17:58:55Z,2023-03-24T17:59:00Z,6.276096060654811e-06,0.0012734249574339726,0.0012671488613733178,0
2023-03-24T17:58:55Z,2023-03-24T17:59:00Z,1.3235111074906547e-06,0.0012701856081539578,0.0012688620970464672,0
2023-03-24T17:58:55Z,2023-03-24T17:59:00Z,9.168728469517934e-06,0.0012642562289644547,0.0012734249574339726,0
2023-03-24T17:58:55Z,2023-03-24T17:59:00Z,1.3086586881200365e-05,0.0012570990212727574,0.0012701856081539578,0
2023-03-24T17:58:55Z,2023-03-24T17:59:00Z,1.0901455349519385e-05,0.0012533547736149353,0.0012642562289644547,0
2023-03-24T17:58:55Z,2023-03-24T17:59:00Z,5.093955171799796e-06,0.0012520050661009577,0.0012570990212727574,0
2023-03-24T17:58:55Z,2023-03-24T17:59:00Z,7.438133369251643e-06,0.0012459166402456836,0.0012533547736149353,0
2023-03-24T17:58:55Z,2023-03-24T17:59:00Z,3.432304337983895e-06,0.0012554373704389415,0.0012520050661009577,0
2023-03-24T17:58:55Z,2023-03-24T17:59:00Z,5.866563189671535e-06,0.0012517832034353552,0.0012459166402456836,0
2023-03-24T17:58:55Z,2023-03-24T17:59:00Z,2.3941004116162685e-06,0.0012530432700273253,0.0012554373704389415,0
2023-03-24T17:58:55Z,2023-03-24T17:59:00Z,6.509177982202789e-07,0.0012524341212335754,0.0012517832034353552,0
2023-03-24T17:58:55Z,2023-03-24T17:59:00Z,3.5056357998554735e-06,0.0012495376342274698,0.0012530432700273253,0
2023-03-24T17:58:55Z,2023-03-24T17:59:00Z,2.4034337330986963e-06,0.0012500306875004768,0.0012524341212335754,0
2023-03-24T17:58:55Z,2023-03-24T17:59:00Z,1.8861177544604677e-06,0.0012476515164730093,0.0012495376342274698,0
2023-03-24T17:58:55Z,2023-03-24T17:59:00Z,7.703205452272996e-06,0.0012423274820482038,0.0012500306875004768,0
2023-03-24T17:58:55Z,2023-03-24T17:59:00Z,9.152029213413057e-06,0.0012384994872595963,0.0012476515164730093,0
2023-03-24T17:58:55Z,2023-03-24T17:59:00Z,5.562350476396791e-06,0.001236765131571807,0.0012423274820482038,0
2023-03-24T17:58:55Z,2023-03-24T17:59:00Z,4.612428725911735e-07,0.001238038244387005,0.0012384994872595963,0
2023-03-24T17:58:55Z,2023-03-24T17:59:00Z,8.13226835453683e-06,0.0012448973999263438,0.001236765131571807,0
2023-03-24T17:58:55Z,2023-03-24T17:59:00Z,8.621198688300944e-06,0.001246659443075306,0.001238038244387005,0
2023-03-24T17:58:55Z,2023-03-24T17:59:00Z,4.36085752885838e-07,0.0012453334856792296,0.0012448973999263438,0
2023-03-24T17:58:55Z,2023-03-24T17:59:00Z,1.038113801890084e-06,0.001245621329273416,0.001246659443075306,0
2023-03-24T17:58:55Z,2023-03-24T17:59:00Z,2.259973260372583e-06,0.001243073512418857,0.0012453334856792296,0
2023-03-24T17:58:55Z,2023-03-24T17:59:00Z,1.045084737800626e-06,0.0012445762445356153,0.001245621329273416,0
2023-03-24T17:58:55Z,2023-03-24T17:59:00Z,6.704530043803508e-06,0.0012497780424626606,0.001243073512418857,0
2023-03-24T17:58:55Z,2023-03-24T17:59:00Z,2.2280500101960234e-06,0.0012468042945458114,0.0012445762445356153,0
2023-03-24T17:58:55Z,2023-03-24T17:59:00Z,4.383669847503151e-06,0.0012541617123101637,0.0012497780424626606,0
2023-03-24T17:58:55Z,2023-03-24T17:59:00Z,4.844401591755235e-06,0.0012516486961375666,0.0012468042945458114,0
2023-03-24T17:58:55Z,2023-03-24T17:59:00Z,8.05843357577188e-06,0.0012461032787343918,0.0012541617123101637,0
2023-03-24T17:58:55Z,2023-03-24T17:59:00Z,4.551185930559134e-06,0.0012470975102070075,0.0012516486961375666,0
2023-03-24T17:58:55Z,2023-03-24T17:59:00Z,4.2339085869747255e-06,0.001241869370147417,0.0012461032787343918,0
2023-03-24T17:58:55Z,2023-03-24T17:59:00Z,1.1073656382936184e-05,0.0012360238538240713,0.0012470975102070075,0
2023-03-24T17:58:55Z,2023-03-24T17:59:00Z,6.812598187457388e-06,0.0012350567719599597,0.001241869370147417,0
2023-03-24T17:58:55Z,2023-03-24T17:59:00Z,4.646957708112978e-06,0.0012313768961159583,0.0012360238538240713,0
2023-03-24T17:58:55Z,2023-03-24T17:59:00Z,2.3014353862050793e-06,0.0012327553365737546,0.0012350567719599597,0
2023-03-24T17:58:55Z,2023-03-24T17:59:00Z,4.009274708042035e-06,0.0012273676214079163,0.0012313768961159583,0
2023-03-24T17:58:55Z,2023-03-24T17:59:00Z,6.943473635953731e-06,0.001225811862937801,0.0012327553365737546,0
2023-03-24T17:58:55Z,2023-03-24T17:59:00Z,2.5877362045657014e-06,0.0012247798852033506,0.0012273676214079163,0
2023-03-24T17:58:55Z,2023-03-24T17:59:00Z,5.353298754623729e-06,0.0012204585641831772,0.001225811862937801,0
2023-03-24T17:58:55Z,2023-03-24T17:59:00Z,5.161348874923146e-06,0.0012299412340782737,0.0012247798852033506,0
2023-03-24T17:58:55Z,2023-03-24T17:59:00Z,8.409980242204702e-06,0.0012288685444253819,0.0012204585641831772,0
2023-03-24T17:58:55Z,2023-03-24T17:59:00Z,3.7365694816309664e-07,0.0012303148910264368,0.0012299412340782737,0
2023-03-24T17:58:55Z,2023-03-24T17:59:00Z,2.3809071699734327e-07,0.0012286304537083845,0.0012288685444253819,0
2023-03-24T17:58:55Z,2023-03-24T17:59:00Z,8.007827582440273e-06,0.0012223070634439965,0.0012303148910264368,0
2023-03-24T17:58:55Z,2023-03-24T17:59:00Z,1.3334609082577605e-05,0.001215295844625807,0.0012286304537083845,0
2023-03-24T17:58:55Z,2023-03-24T17:59:00Z,6.756610158970781e-06,0.0012155504532850258,0.0012223070634439965,0
2023-03-24T17:58:55Z,2023-03-24T17:59:00Z,2.025571251901368e-06,0.0012132702733739056,0.001215295844625807,0
2023-03-24T17:58:55Z,2023-03-24T17:59:00Z,4.18780509206366e-06,0.0012197382583770894,0.0012155504532850258,0
2023-03-24T17:58:55Z,2023-03-24T17:59:00Z,5.426321953361539e-06,0.001218696595327267,0.0012132702733739056,0
2023-03-24T17:58:55Z,2023-03-24T17:59:00Z,2.841838357343137e-06,0.0012168964200197463,0.0012197382583770894,0
2023-03-24T17:58:55Z,2023-03-24T17:59:00Z,2.3541885403502005e-06,0.001216342406786917,0.001218696595327267,0
2023-03-24T17:58:55Z,2023-03-24T17:59:00Z,8.156398408845893e-06,0.0012250528184285922,0.0012168964200197463,0
2023-03-24T17:58:55Z,2023-03-24T17:59:00Z,1.0895074106207414e-05,0.0012272374808931243,0.001216342406786917,0
2023-03-24T17:58:55Z,2023-03-24T17:59:00Z,4.315609951413991e-06,0.0012293684283800062,0.0012250528184285922,0
2023-03-24T17:58:55Z,2023-03-24T17:59:00Z,3.6400598640189737e-06,0.0012235974210291053,0.0012272374808931243,0
2023-03-24T17:58:55Z,2023-03-24T17:59:00Z,7.678238909546555e-06,0.0012216901894704596,0.0012293684283800062,0
2023-03-24T17:58:55Z,2023-03-24T17:59:00Z,1.9794810046317845e-06,0.0012216179400244736,0.0012235974210291053,0
2023-03-24T17:58:55Z,2023-03-24T17:59:00Z,2.084130829824258e-06,0.0012196060586406353,0.0012216901894704596,0
2023-03-24T17:58:55Z,2023-03-24T17:59:00Z,5.31026597186705e-07,0.0012210869134272868,0.0012216179400244736,0
2023-03-24T17:58:55Z,2023-03-24T17:59:00Z,2.8138983748156755e-06,0.001222419957015451,0.0012196060586406353,0
2023-03-24T17:58:55Z,2023-03-24T17:59:00Z,9.127390196246241e-07,0.0012219996524469115,0.0012210869134272868,0
2023-03-24T17:58:55Z,2023-03-24T17:59:00Z,7.113811782994122e-06,0.0012295337687984451,0.001222419957015451,0
2023-03-24T17:58:55Z,2023-03-24T17:59:00Z,7.718080292184668e-06,0.0012142815721547268,0.0012219996524469115,0
2023-03-24T17:58:55Z,2023-03-24T17:59:00Z,1.9066673369895308e-05,0.0012104670954285498,0.0012295337687984451,0
2023-03-24T17:58:55Z,2023-03-24T17:59:00Z,7.4976519247006105e-06,0.0012067839202300262,0.0012142815721547268,0
2023-03-24T17:58:55Z,2023-03-24T17:59:00Z,4.474064278557925e-06,0.001205993031149992,0.0012104670954285498,0
2023-03-24T17:58:55Z,2023-03-24T17:59:00Z,3.6769139428207125e-06,0.001210460834172847,0.0012067839202300262,0
2023-03-24T17:58:55Z,2023-03-24T17:59:00Z,9.543301106512648e-06,0.0012155363322565046,0.001205993031149992,0
2023-03-24T17:58:55Z,2023-03-24T17:59:00Z,4.584939534235536e-06,0.0012150457737070824,0.001210460834172847,0
2023-03-24T17:58:55Z,2023-03-24T17:59:00Z,1.986128705487719e-06,0.0012175224609619923,0.0012155363322565046,0
2023-03-24T17:58:55Z,2023-03-24T17:59:00Z,5.472441766351003e-06,0.0012205182154734334,0.0012150457737070824,0
2023-03-24T17:58:55Z,2023-03-24T17:59:00Z,8.945682668853525e-07,0.001216627892695107,0.0012175224609619923,0
2023-03-24T17:58:55Z,2023-03-24T17:59:00Z,4.57920952541763e-06,0.0012159390059480158,0.0012205182154734334,0
2023-03-24T17:58:55Z,2023-03-24T17:59:00Z,4.682884762993765e-06,0.0012119450079321132,0.001216627892695107,0
2023-03-24T17:58:55Z,2023-03-24T17:59:00Z,3.1844879249060334e-06,0.0012191234938729219,0.0012159390059480158,0
2023-03-24T17:58:55Z,2023-03-24T17:59:00Z,7.664410682210136e-06,0.0012196094186143233,0.0012119450079321132,0
2023-03-24T17:58:55Z,2023-03-24T17:59:00Z,2.19021999093693e-06,0.001216933273881985,0.0012191234938729219,0
2023-03-24T17:58:55Z,2023-03-24T17:59:00Z,4.104154809832922e-06,0.0012155052638044904,0.0012196094186143233,0
2023-03-24T17:58:55Z,2023-03-24T17:59:00Z,1.8714209792307195e-07,0.0012167461317840618,0.001216933273881985,0
2023-03-24T17:58:55Z,2023-03-24T17:59:00Z,4.847100133140809e-06,0.0012203523639376312,0.0012155052638044904,0
2023-03-24T17:58:55Z,2023-03-24T17:59:00Z,9.756428326328486e-06,0.0012265025601103903,0.0012167461317840618,0
2023-03-24T17:58:55Z,2023-03-24T17:59:00Z,5.390976599432915e-06,0.001225743340537064,0.0012203523639376312,0
2023-03-24T17:58:55Z,2023-03-24T17:59:00Z,6.892389196808124e-07,0.0012258133211907095,0.0012265025601103903,0
2023-03-24T17:58:55Z,2023-03-24T17:59:00Z,3.167739704398962e-06,0.001228911080241463,0.001225743340537064,0
2023-03-24T17:58:55Z,2023-03-24T17:59:00Z,2.7182186637577516e-07,0.0012260851430570853,0.0012258133211907095,0
2023-03-24T17:58:55Z,2023-03-24T17:59:00Z,1.0801978362110463e-07,0.001228803060457842,0.001228911080241463,0
2023-03-24T17:58:55Z,2023-03-24T17:59:00Z,1.8293632466669704e-06,0.0012279145063037523,0.0012260851430570853,0
2023-03-24T17:58:55Z,2023-03-24T17:59:00Z,8.103888840752926e-07,0.0012296134493419173,0.001228803060457842,0
2023-03-24T17:58:55Z,2023-03-24T17:59:00Z,3.232220678781386e-06,0.0012311467269825337,0.0012279145063037523,0
2023-03-24T17:58:55Z,2023-03-24T17:59:00Z,2.1490422371065084e-06,0.0012274644071048107,0.0012296134493419173,0
2023-03-24T17:58:55Z,2023-03-24T17:59:00Z,1.1678749658621847e-06,0.0012299788520166715,0.0012311467269825337,0
2023-03-24T17:58:55Z,2023-03-24T17:59:00Z,3.7136941285669314e-06,0.0012311781012333777,0.0012274644071048107,0
2023-03-24T17:58:55Z,2023-03-24T17:59:00Z,6.755870707634247e-07,0.001229303264945908,0.0012299788520166715,0
2023-03-24T17:58:55Z,2023-03-24T17:59:00Z,2.4718476925636966e-06,0.001228706253540814,0.0012311781012333777,0
2023-03-24T17:58:55Z,2023-03-24T17:59:00Z,5.8671015392766646e-06,0.0012234361634066314,0.001229303264945908,0
2023-03-24T17:58:55Z,2023-03-24T17:59:00Z,5.622670390240982e-06,0.001223083583150573,0.001228706253540814,0
2023-03-24T17:58:55Z,2023-03-24T17:59:00Z,2.919664783738139e-07,0.0012237281298850052,0.0012234361634066314,0
2023-03-24T17:58:55Z,2023-03-24T17:59:00Z,2.9611424151069436e-06,0.001220122440735466,0.001223083583150573,0
2023-03-24T17:58:55Z,2023-03-24T17:59:00Z,6.674641937110155e-07,0.0012230606656912942,0.0012237281298850052,0
2023-03-24T17:58:55Z,2023-03-24T17:59:00Z,2.955589878966434e-06,0.0012230780306144325,0.001220122440735466,0
2023-03-24T17:58:55Z,2023-03-24T17:59:00Z,1.026348692019811e-06,0.0012220343169992744,0.0012230606656912942,0
2023-03-24T17:58:55Z,2023-03-24T17:59:00Z,3.3414357750579868e-06,0.0012264194663894905,0.0012230780306144325,0
2023-03-24T17:58:55Z,2023-03-24T17:59:00Z,8.56732311091922e-06,0.0012306016401101936,0.0012220343169992744,0
2023-03-24T17:58:55Z,2023-03-24T17:59:00Z,3.5427145427921643e-06,0.0012299621809322826,0.0012264194663894905,0
2023-03-24T17:58:55Z,2023-03-24T17:59:00Z,6.544964251363689e-06,0.0012371466043615573,0.0012306016401101936,0
2023-03-24T17:58:55Z,2023-03-24T17:59:00Z,6.077305979682512e-06,0.0012360394869119651,0.0012299621809322826,0
2023-03-24T17:58:55Z,2023-03-24T17:59:00Z,7.721688637000101e-06,0.0012294249157245572,0.0012371466043615573,0
2023-03-24T17:58:55Z,2023-03-24T17:59:00Z,2.9369514287908276e-06,0.0012331025354831743,0.0012360394869119651,0
2023-03-24T17:58:55Z,2023-03-24T17:59:00Z,5.0487474603541464e-06,0.0012344736631849113,0.0012294249157245572,0
2023-03-24T17:58:55Z,2023-03-24T17:59:00Z,1.911093206133623e-06,0.001235013628689308,0.0012331025354831743,0
2023-03-24T17:58:55Z,2023-03-24T17:59:00Z,3.7414867093358423e-06,0.0012382151498942472,0.0012344736631849113,0
2023-03-24T17:58:55Z,2023-03-24T17:59:00Z,3.508282004275774e-06,0.0012385219106935837,0.001235013628689308,0
2023-03-24T17:58:55Z,2023-03-24T17:59:00Z,2.154361243567049e-07,0.0012384305860186039,0.0012382151498942472,0
2023-03-24T17:58:55Z,2023-03-24T17:59:00Z,4.71367931145013e-06,0.0012432355900050338,0.0012385219106935837,0
2023-03-24T17:58:55Z,2023-03-24T17:59:00Z,1.0098305428169786e-05,0.0012485288914467737,0.0012384305860186039,0
2023-03-24T17:58:55Z,2023-03-24T17:59:00Z,6.2233098012940725e-06,0.001249458899806328,0.0012432355900050338,0
2023-03-24T17:58:55Z,2023-03-24T17:59:00Z,2.124032590915476e-06,0.0012506529240376891,0.0012485288914467737,0
2023-03-24T17:58:55Z,2023-03-24T17:59:00Z,4.659886501953182e-06,0.001254118786308281,0.001249458899806328,0
2023-03-24T17:58:55Z,2023-03-24T17:59:00Z,8.541833228142663e-06,0.0012591947572658318,0.0012506529240376891,0
2023-03-24T17:58:55Z,2023-03-24T17:59:00Z,4.888980461045453e-06,0.0012590077667693266,0.001254118786308281,0
2023-03-24T17:58:55Z,2023-03-24T17:59:00Z,9.614972000596134e-07,0.0012582332600657722,0.0012591947572658318,0
2023-03-24T17:58:55Z,2023-03-24T17:59:00Z,1.8654198726570249e-06,0.0012608731866419836,0.0012590077667693266,0
2023-03-24T17:58:55Z,2023-03-24T17:59:00Z,1.0565045458490411e-05,0.0012476682146072818,0.0012582332600657722,0
2023-03-24T17:58:55Z,2023-03-24T17:59:00Z,1.2897126242123087e-05,0.0012479760603998605,0.0012608731866419836,0
2023-03-24T17:58:55Z,2023-03-24T17:59:00Z,5.981932703737983e-06,0.0012416862819035438,0.0012476682146072818,0
2023-03-24T17:58:55Z,2023-03-24T17:59:00Z,4.947348263148292e-06,0.0012430287121367122,0.0012479760603998605,0
2023-03-24T17:58:55Z,2023-03-24T17:59:00Z,4.0192235864792633e-07,0.0012420882042621917,0.0012416862819035438,0
2023-03-24T17:58:55Z,2023-03-24T17:59:00Z,7.6232178855269e-07,0.0012437910339252649,0.0012430287121367122,0
2023-03-24T17:58:55Z,2023-03-24T17:59:00Z,7.697128244605559e-07,0.0012413184914377312,0.0012420882042621917,0
2023-03-24T17:58:55Z,2023-03-24T17:59:00Z,4.27504909809211e-06,0.0012395159848271728,0.0012437910339252649,0
2023-03-24T17:58:55Z,2023-03-24T17:59:00Z,1.0977591245601211e-05,0.0012522960826833324,0.0012413184914377312,0
2023-03-24T17:58:55Z,2023-03-24T17:59:00Z,2.541853098194215e-05,0.001264934515809115,0.0012395159848271728,0
2023-03-24T17:58:55Z,2023-03-24T17:59:00Z,1.6209913281632713e-05,0.001268505995964965,0.0012522960826833324,0
2023-03-24T17:58:55Z,2023-03-24T17:59:00Z,2.007950555048786e-06,0.0012669424663641637,0.001264934515809115,0
2023-03-24T17:58:55Z,2023-03-24T17:59:00Z,4.204783935669908e-06,0.0012643012120292952,0.001268505995964965,0
2023-03-24T17:58:55Z,2023-03-24T17:59:00Z,3.825999603502455e-06,0.0012707684659676662,0.0012669424663641637,0
2023-03-24T17:58:55Z,2023-03-24T17:59:00Z,1.568078012608885e-05,0.001279981992155384,0.0012643012120292952,0
2023-03-24T17:58:55Z,2023-03-24T17:59:00Z,1.8511391492130732e-05,0.001289279857459797,0.0012707684659676662,0
2023-03-24T17:58:55Z,2023-03-24T17:59:00Z,6.979787562632353e-06,0.0012869617797180164,0.001279981992155384,0
2023-03-24T17:58:55Z,2023-03-24T17:59:00Z,7.396856835394962e-07,0.0012900195431433364,0.001289279857459797,0
2023-03-24T17:58:55Z,2023-03-24T17:59:00Z,1.6079660402875187e-07,0.0012871225763220451,0.0012869617797180164,0
2023-03-24T17:58:55Z,2023-03-24T17:59:00Z,4.541570347347092e-06,0.0012945611134906835,0.0012900195431433364,0
2023-03-24T17:58:55Z,2023-03-24T17:59:00Z,1.0910641779821387e-05,0.0012980332181018665,0.0012871225763220451,0
2023-03-24T17:58:55Z,2023-03-24T17:59:00Z,1.0935669334800153e-05,0.0013054967828254836,0.0012945611134906835,0
2023-03-24T17:58:55Z,2023-03-24T17:59:00Z,3.5060256927479678e-06,0.0013015392437946145,0.0012980332181018665,0
2023-03-24T17:58:55Z,2023-03-24T17:59:00Z,2.2958824079290924e-08,0.0013054738240014044,0.0013054967828254836,0
2023-03-24T17:58:55Z,2023-03-24T17:59:00Z,5.046458003754367e-06,0.0012964927857908601,0.0013015392437946145,0
2023-03-24T17:58:55Z,2023-03-24T17:59:00Z,1.1199303389183065e-05,0.0012942745206122213,0.0013054738240014044,0
2023-03-24T17:58:55Z,2023-03-24T17:59:00Z,1.3920928960263913e-06,0.0012978848786868865,0.0012964927857908601,0
2023-03-24T17:58:55Z,2023-03-24T17:59:00Z,5.2698722762725e-06,0.0012995443928884938,0.0012942745206122213,0
2023-03-24T17:58:55Z,2023-03-24T17:59:00Z,4.898176794582588e-06,0.001302783055481469,0.0012978848786868865,0
2023-03-24T17:58:55Z,2023-03-24T17:59:00Z,7.044100111188107e-06,0.001306588492999682,0.0012995443928884938,0
2023-03-24T17:58:55Z,2023-03-24T17:59:00Z,3.85217197456625e-06,0.0013066352274560353,0.001302783055481469,0
2023-03-24T17:58:55Z,2023-03-24T17:59:00Z,4.071393067232865e-06,0.0013106598860669148,0.001306588492999682,0
2023-03-24T17:58:55Z,2023-03-24T17:59:00Z,4.3411380420380237e-07,0.0013070693412602391,0.0013066352274560353,0
2023-03-24T17:58:55Z,2023-03-24T17:59:00Z,9.557939163278495e-06,0.0013011019469036363,0.0013106598860669148,0
2023-03-24T17:58:55Z,2023-03-24T17:59:00Z,5.475710089543166e-06,0.001301593631170696,0.0013070693412602391,0
2023-03-24T17:58:55Z,2023-03-24T17:59:00Z,5.192302379522897e-06,0.0013062942492831592,0.0013011019469036363,0
2023-03-24T17:58:55Z,2023-03-24T17:59:00Z,1.3818568412492932e-05,0.001315412199583189,0.001301593631170696,0
2023-03-24T17:58:55Z,2023-03-24T17:59:00Z,2.4339159549462575e-06,0.0013087281652381054,0.0013062942492831592,0
2023-03-24T17:58:55Z,2023-03-24T17:59:00Z,1.4156544905332856e-05,0.001301255654677856,0.001315412199583189,0
2023-03-24T17:58:55Z,2023-03-24T17:59:00Z,1.187276167474759e-05,0.0012968554035633578,0.0013087281652381054,0
2023-03-24T17:58:55Z,2023-03-24T17:59:00Z,1.1497136346289146e-05,0.0013127527910241452,0.001301255654677856,0
2023-03-24T17:58:55Z,2023-03-24T17:59:00Z,2.271347617632813e-05,0.001319568879739686,0.0012968554035633578,0
2023-03-24T17:58:55Z,2023-03-24T17:59:00Z,1.2322089385197318e-05,0.0013250748804093425,0.0013127527910241452,0
2023-03-24T17:58:55Z,2023-03-24T17:59:00Z,1.0760206605059299e-05,0.0013303290863447453,0.001319568879739686,0
2023-03-24T17:58:55Z,2023-03-24T17:59:00Z,1.70027451659525e-05,0.001342077625575295,0.0013250748804093425,0
2023-03-24T17:58:55Z,2023-03-24T17:59:00Z,2.026398913113894e-05,0.0013505930754758842,0.0013303290863447453,0
2023-03-24T17:58:55Z,2023-03-24T17:59:00Z,8.357610597141494e-06,0.0013504352361724365,0.001342077625575295,0
2023-03-24T17:58:55Z,2023-03-24T17:59:00Z,1.809980681746065e-06,0.0013524030561576303,0.0013505930754758842,0
2023-03-24T17:58:55Z,2023-03-24T17:59:00Z,2.5126743685376617e-06,0.0013529479105409742,0.0013504352361724365,0
2023-03-24T17:58:55Z,2023-03-24T17:59:00Z,4.621188145320296e-06,0.0013570242443029506,0.0013524030561576303,0
2023-03-24T17:58:55Z,2023-03-24T17:59:00Z,3.5221585469324707e-06,0.0013564700690879066,0.0013529479105409742,0
2023-03-24T17:58:55Z,2023-03-24T17:59:00Z,7.802105871987071e-06,0.0013492221384309635,0.0013570242443029506,0
2023-03-24T17:58:55Z,2023-03-24T17:59:00Z,1.2707601966567995e-05,0.0013437624671213387,0.0013564700690879066,0
2023-03-24T17:58:55Z,2023-03-24T17:59:00Z,1.4637113266602764e-05,0.0013345850251643607,0.0013492221384309635,0
2023-03-24T17:58:55Z,2023-03-24T17:59:00Z,2.3782968350193187e-05,0.0013199794987711455,0.0013437624671213387,0
2023-03-24T17:58:55Z,2023-03-24T17:59:00Z,3.410713389032224e-05,0.0013004778912740385,0.0013345850251643607,0
2023-03-24T17:58:55Z,2023-03-24T17:59:00Z,2.421048240811019e-05,0.0012957690163630353,0.0013199794987711455,0
2023-03-24T17:58:55Z,2023-03-24T17:59:00Z,4.544313807370269e-06,0.0013050222050814088,0.0013004778912740385,0
2023-03-24T17:58:55Z,2023-03-24T17:59:00Z,9.393539870086254e-06,0.0013051625562331215,0.0012957690163630353,0
2023-03-24T17:58:55Z,2023-03-24T17:59:00Z,4.005535404522651e-06,0.001301016669676886,0.0013050222050814088,0
2023-03-24T17:58:55Z,2023-03-24T17:59:00Z,2.4513532377397253e-06,0.0013027112029953818,0.0013051625562331215,0
2023-03-24T17:58:55Z,2023-03-24T17:59:00Z,6.289478361034629e-06,0.0012947271913158515,0.001301016669676886,0
2023-03-24T17:58:55Z,2023-03-24T17:59:00Z,7.4741895439349535e-06,0.0012952370134514469,0.0013027112029953818,0
2023-03-24T17:58:55Z,2023-03-24T17:59:00Z,1.0125977625602802e-05,0.0013048531689414543,0.0012947271913158515,0
2023-03-24T17:58:55Z,2023-03-24T17:59:00Z,1.9711202046277443e-05,0.0013149482154977243,0.0012952370134514469,0
2023-03-24T17:58:55Z,2023-03-24T17:59:00Z,1.183315285431378e-05,0.001316686321795768,0.0013048531689414543,0
2023-03-24T17:58:55Z,2023-03-24T17:59:00Z,5.579865555680429e-06,0.0013093683499420439,0.0013149482154977243,0
2023-03-24T17:58:55Z,2023-03-24T17:59:00Z,6.007419781980591e-06,0.0013106789020137875,0.001316686321795768,0
2023-03-24T17:58:55Z,2023-03-24T17:59:00Z,4.480411884847475e-06,0.0013138487618268913,0.0013093683499420439,0
2023-03-24T17:58:55Z,2023-03-24T17:59:00Z,2.041681547428238e-06,0.0013127205835612157,0.0013106789020137875,0
2023-03-24T17:58:55Z,2023-03-24T17:59:00Z,9.514844194155733e-06,0.0013043339176327356,0.0013138487618268913,0
2023-03-24T17:58:55Z,2023-03-24T17:59:00Z,1.3503656427582859e-05,0.0012992169271336328,0.0013127205835612157,0
2023-03-24T17:58:55Z,2023-03-24T17:59:00Z,8.20315468877549e-06,0.0012961307629439601,0.0013043339176327356,0
2023-03-24T17:58:55Z,2023-03-24T17:59:00Z,3.141401478336161e-07,0.0012995310672814665,0.0012992169271336328,0
2023-03-24T17:58:55Z,2023-03-24T17:59:00Z,4.199879885876268e-06,0.0013003306428298364,0.0012961307629439601,0
2023-03-24T17:58:55Z,2023-03-24T17:59:00Z,5.416912138798795e-06,0.0012941141551426677,0.0012995310672814665,0
2023-03-24T17:58:55Z,2023-03-24T17:59:00Z,8.455676951625059e-06,0.0012918749658782113,0.0013003306428298364,0
2023-03-24T17:58:55Z,2023-03-24T17:59:00Z,7.329592005371087e-06,0.0012867845631372966,0.0012941141551426677,0
2023-03-24T17:58:55Z,2023-03-24T17:59:00Z,8.21965491747123e-06,0.00128365531096074,0.0012918749658782113,0
2023-03-24T17:58:55Z,2023-03-24T17:59:00Z,3.7328511272056043e-06,0.001283051712010091,0.0012867845631372966,0
2023-03-24T17:58:55Z,2023-03-24T17:59:00Z,2.688972906249743e-06,0.0012863442838669898,0.00128365531096074,0
2023-03-24T17:58:55Z,2023-03-24T17:59:00Z,5.812596243057102e-06,0.0012772391157670339,0.001283051712010091,0
2023-03-24T17:58:55Z,2023-03-24T17:59:00Z,1.5488996347344172e-05,0.0012708552875196457,0.0012863442838669898,0
2023-03-24T17:58:55Z,2023-03-24T17:59:00Z,9.199755178498394e-06,0.0012680393605885355,0.0012772391157670339,0
2023-03-24T17:58:55Z,2023-03-24T17:59:00Z,6.955689090791268e-07,0.0012701597186105665,0.0012708552875196457,0
2023-03-24T17:58:55Z,2023-03-24T17:59:00Z,9.023853854732075e-07,0.0012689417459740087,0.0012680393605885355,0
2023-03-24T17:58:55Z,2023-03-24T17:59:00Z,6.601598234521559e-06,0.001263558120376045,0.0012701597186105665,0
2023-03-24T17:58:55Z,2023-03-24T17:59:00Z,1.1885899025942991e-05,0.0012570558469480657,0.0012689417459740087,0
2023-03-24T17:58:55Z,2023-03-24T17:59:00Z,1.2704237556961833e-05,0.0012508538828190831,0.001263558120376045,0
2023-03-24T17:58:55Z,2023-03-24T17:59:00Z,8.357588234504144e-06,0.0012486982587135616,0.0012570558469480657,0
2023-03-24T17:58:55Z,2023-03-24T17:59:00Z,9.524734815961888e-06,0.0012413291480031213,0.0012508538828190831,0
2023-03-24T17:58:55Z,2023-03-24T17:59:00Z,7.244891717073446e-06,0.001241453366996488,0.0012486982587135616,0
2023-03-24T17:58:55Z,2023-03-24T17:59:00Z,7.0062926387115965e-06,0.0012343228553644097,0.0012413291480031213,0
2023-03-24T17:58:55Z,2023-03-24T17:59:00Z,5.159090882214104e-06,0.001236294276114274,0.001241453366996488,0
2023-03-24T17:58:55Z,2023-03-24T17:59:00Z,6.87108607133201e-06,0.0012411939414357417,0.0012343228553644097,0
2023-03-24T17:58:55Z,2023-03-24T17:59:00Z,1.065487148683205e-05,0.001246949147601106,0.001236294276114274,0
2023-03-24T17:58:55Z,2023-03-24T17:59:00Z,1.0861683074343863e-05,0.0012520556245100855,0.0012411939414357417,0
2023-03-24T17:58:55Z,2023-03-24T17:59:00Z,1.797201055647171e-05,0.0012649211581575778,0.001246949147601106,0
2023-03-24T17:58:55Z,2023-03-24T17:59:00Z,2.5978969983265002e-05,0.0012780345944933505,0.0012520556245100855,0
2023-03-24T17:58:55Z,2023-03-24T17:59:00Z,2.016134317147679e-05,0.0012850825013290545,0.0012649211581575778,0
2023-03-24T17:58:55Z,2023-03-24T17:59:00Z,1.3374789297012106e-05,0.0012914093837903626,0.0012780345944933505,0
2023-03-24T17:58:55Z,2023-03-24T17:59:00Z,1.1264419755340708e-05,0.0012963469210843953,0.0012850825013290545,0
2023-03-24T17:58:55Z,2023-03-24T17:59:00Z,1.7516807109585952e-05,0.0013089261908999486,0.0012914093837903626,0
2023-03-24T17:58:55Z,2023-03-24T17:59:00Z,1.593815068710717e-05,0.0013122850717715024,0.0012963469210843953,0
2023-03-24T17:58:55Z,2023-03-24T17:59:00Z,4.572296247095644e-06,0.0013134984871470442,0.0013089261908999486,0
2023-03-24T17:58:55Z,2023-03-24T17:59:00Z,5.860116917078993e-06,0.0013181451886885814,0.0013122850717715024,0
2023-03-24T17:58:55Z,2023-03-24T17:59:00Z,6.502723970587933e-06,0.0013200012111176322,0.0013134984871470442,0
2023-03-24T17:58:55Z,2023-03-24T17:59:00Z,1.8561566371500318e-06,0.0013200013453257315,0.0013181451886885814,0
2023-03-24T17:58:55Z,2023-03-24T17:59:00Z,9.45367969419934e-07,0.0013190558431482122,0.0013200012111176322,0
2023-03-24T17:58:55Z,2023-03-24T17:59:00Z,1.0286414359772598e-05,0.0013097149309659589,0.0013200013453257315,0
2023-03-24T17:58:55Z,2023-03-24T17:59:00Z,1.222633654662385e-05,0.0013068295066015884,0.0013190558431482122,0
2023-03-24T17:58:55Z,2023-03-24T17:59:00Z,7.425609511467479e-06,0.0013022893214544914,0.0013097149309659589,0
2023-03-24T17:58:55Z,2023-03-24T17:59:00Z,4.806791890888361e-07,0.0013063488274124996,0.0013068295066015884,0
2023-03-24T17:58:55Z,2023-03-24T17:59:00Z,1.5053027343339296e-05,0.0013173423487978307,0.0013022893214544914,0
2023-03-24T17:58:55Z,2023-03-24T17:59:00Z,1.0155738154895254e-05,0.0013165045655673948,0.0013063488274124996,0
2023-03-24T17:58:55Z,2023-03-24T17:59:00Z,1.8340212202118227e-07,0.0013175257509198519,0.0013173423487978307,0
2023-03-24T17:58:55Z,2023-03-24T17:59:00Z,8.844969316466975e-07,0.0013156200686357481,0.0013165045655673948,0
2023-03-24T17:58:55Z,2023-03-24T17:59:00Z,2.9009865985835537e-06,0.0013146247643212683,0.0013175257509198519,0
2023-03-24T17:58:55Z,2023-03-24T17:59:00Z,4.132684633220999e-06,0.0013197527532689691,0.0013156200686357481,0
2023-03-24T17:58:55Z,2023-03-24T17:59:00Z,6.749881646698694e-07,0.0013152997524859382,0.0013146247643212683,0
2023-03-24T17:58:55Z,2023-03-24T17:59:00Z,1.0088275277268972e-05,0.0013096644779917001,0.0013197527532689691,0
2023-03-24T17:58:55Z,2023-03-24T17:59:00Z,1.5457392191630054e-05,0.0012998423602943081,0.0013152997524859382,0
2023-03-24T17:58:55Z,2023-03-24T17:59:00Z,1.0492802818231565e-05,0.0012991716751734686,0.0013096644779917001,0
2023-03-24T17:58:55Z,2023-03-24T17:59:00Z,2.289998540406981e-06,0.001302132358834715,0.0012998423602943081,0
2023-03-24T17:58:55Z,2023-03-24T17:59:00Z,7.581855120150031e-06,0.0013067535302936186,0.0012991716751734686,0
2023-03-24T17:58:55Z,2023-03-24T17:59:00Z,1.1558288344295543e-05,0.0013136906471790106,0.001302132358834715,0
2023-03-24T17:58:55Z,2023-03-24T17:59:00Z,4.73926166419782e-07,0.0013072274564600384,0.0013067535302936186,0
2023-03-24T17:58:55Z,2023-03-24T17:59:00Z,2.4465475440163358e-05,0.0012892251717388473,0.0013136906471790106,0
2023-03-24T17:58:55Z,2023-03-24T17:59:00Z,1.5016421154371651e-05,0.0012922110353056667,0.0013072274564600384,0
2023-03-24T17:58:55Z,2023-03-24T17:59:00Z,6.853764383329226e-06,0.0012960789361221765,0.0012892251717388473,0
2023-03-24T17:58:55Z,2023-03-24T17:59:00Z,1.5150214805177784e-06,0.0012937260567861845,0.0012922110353056667,0
2023-03-24T17:58:55Z,2023-03-24T17:59:00Z,1.1905777339897084e-05,0.0012841731587822794,0.0012960789361221765,0
2023-03-24T17:58:55Z,2023-03-24T17:59:00Z,1.0690687612731559e-05,0.001283035369173453,0.0012937260567861845,0
2023-03-24T17:58:55Z,2023-03-24T17:59:00Z,1.759750677737923e-05,0.0012665756520049002,0.0012841731587822794,0
2023-03-24T17:58:55Z,2023-03-24T17:59:00Z,1.727149288754167e-05,0.0012657638762859113,0.001283035369173453,0
2023-03-24T17:58:55Z,2023-03-24T17:59:00Z,1.327938255077008e-05,0.0012532962694541301,0.0012665756520049002,0
2023-03-24T17:58:55Z,2023-03-24T17:59:00Z,2.0751724098671273e-05,0.00124501215218724,0.0012657638762859113,0
2023-03-24T17:58:55Z,2023-03-24T17:59:00Z,1.4075307620620278e-05,0.0012392209618335098,0.0012532962694541301,0
2023-03-24T17:58:55Z,2023-03-24T17:59:00Z,6.5395632907290155e-06,0.001238472588896511,0.00124501215218724,0
2023-03-24T17:58:55Z,2023-03-24T17:59:00Z,1.308924122732976e-07,0.0012390900694212365,0.0012392209618335098,0
2023-03-24T17:58:55Z,2023-03-24T17:59:00Z,1.7401392996151035e-06,0.001240212728196126,0.001238472588896511,0
2023-03-24T17:58:55Z,2023-03-24T17:59:00Z,7.672616347640694e-06,0.0012467626857688772,0.0012390900694212365,0
2023-03-24T17:58:55Z,2023-03-24T17:59:00Z,8.464384234768262e-06,0.0012486771124308944,0.001240212728196126,0
2023-03-24T17:58:55Z,2023-03-24T17:59:00Z,9.937651561672898e-07,0.00124576892061271,0.0012467626857688772,0
2023-03-24T17:58:55Z,2023-03-24T17:59:00Z,7.714495397393491e-06,0.0012409626170335009,0.0012486771124308944,0
2023-03-24T17:58:55Z,2023-03-24T17:59:00Z,1.9350258163911265e-06,0.0012438338947963188,0.00124576892061271,0
2023-03-24T17:58:55Z,2023-03-24T17:59:00Z,1.654228652207216e-06,0.001242616845685708,0.0012409626170335009,0
2023-03-24T17:58:55Z,2023-03-24T17:59:00Z,5.727149452783992e-06,0.0012381067453435348,0.0012438338947963188,0
2023-03-24T17:58:55Z,2023-03-24T17:59:00Z,2.1171531409038685e-06,0.0012404996925448042,0.001242616845685708,0
2023-03-24T17:58:55Z,2023-03-24T17:59:00Z,2.006285752942285e-06,0.0012361004595905925,0.0012381067453435348,0
2023-03-24T17:58:55Z,2023-03-24T17:59:00Z,1.0655476143975199e-05,0.001229844216400829,0.0012404996925448042,0
2023-03-24T17:58:55Z,2023-03-24T17:59:00Z,1.0645480453546621e-05,0.001225454979137046,0.0012361004595905925,0
2023-03-24T17:58:55Z,2023-03-24T17:59:00Z,4.373773597644501e-06,0.0012254704428031845,0.001229844216400829,0
2023-03-24T17:58:55Z,2023-03-24T17:59:00Z,4.009598884797787e-06,0.0012294645780218437,0.001225454979137046,0
2023-03-24T17:58:55Z,2023-03-24T17:59:00Z,7.595060556532876e-06,0.0012330655033597174,0.0012254704428031845,0
2023-03-24T17:58:55Z,2023-03-24T17:59:00Z,8.665026100564133e-07,0.0012285980754117873,0.0012294645780218437,0
2023-03-24T17:58:55Z,2023-03-24T17:59:00Z,6.087082489709397e-06,0.001226978420870008,0.0012330655033597174,0
2023-03-24T17:58:55Z,2023-03-24T17:59:00Z,2.4799927864668607e-07,0.001228846074690434,0.0012285980754117873,0
2023-03-24T17:58:55Z,2023-03-24T17:59:00Z,1.1842458506687017e-05,0.001238820879376695,0.001226978420870008,0
2023-03-24T17:58:55Z,2023-03-24T17:59:00Z,7.664786059650638e-06,0.0012365108607500846,0.001228846074690434,0
2023-03-24T17:58:55Z,2023-03-24T17:59:00Z,2.6945790623292536e-06,0.0012361263003143658,0.001238820879376695,0
2023-03-24T17:58:55Z,2023-03-24T17:59:00Z,4.891263874821656e-06,0.0012414021246249063,0.0012365108607500846,0
2023-03-24T17:58:55Z,2023-03-24T17:59:00Z,2.8840532252775736e-06,0.0012390103535396433,0.0012361263003143658,0
2023-03-24T17:58:55Z,2023-03-24T17:59:00Z,4.957759928623379e-06,0.0012463598845535297,0.0012414021246249063,0
2023-03-24T17:58:55Z,2023-03-24T17:59:00Z,6.06623011394059e-06,0.001245076583653584,0.0012390103535396433,0
2023-03-24T17:58:55Z,2023-03-24T17:59:00Z,5.1677523029403614e-06,0.0012411921322505893,0.0012463598845535297,0
2023-03-24T17:58:55Z,2023-03-24T17:59:00Z,6.26249326668828e-06,0.0012388140903868956,0.001245076583653584,0
2023-03-24T17:58:55Z,2023-03-24T17:59:00Z,7.85202494218702e-06,0.0012490441571927763,0.0012411921322505893,0
2023-03-24T17:58:55Z,2023-03-24T17:59:00Z,5.465735227148114e-06,0.0012442798256140438,0.0012388140903868956,1
2023-03-24T17:58:55Z,2023-03-24T17:59:00Z,9.148606719649836e-07,0.0012499590178647413,0.0012490441571927763,1
2023-03-24T17:58:55Z,2023-03-24T17:59:00Z,1.1233040460953414e-05,0.0012555128660749972,0.0012442798256140438,1
2023-03-24T17:58:55Z,2023-03-24T17:59:00Z,1.1037618118705725e-05,0.001260996635983447,0.0012499590178647413,1
2023-03-24T17:58:55Z,2023-03-24T17:59:00Z,6.625245445968358e-06,0.0012621381115209655,0.0012555128660749972,1
2023-03-24T17:58:55Z,2023-03-24T17:59:00Z,9.264385776943957e-06,0.001270261021760391,0.001260996635983447,1
2023-03-24T17:58:55Z,2023-03-24T17:59:00Z,6.893736286077033e-06,0.0012690318478070426,0.0012621381115209655,1
2023-03-24T17:58:55Z,2023-03-24T17:59:00Z,7.058781432240421e-06,0.0012773198031926314,0.001270261021760391,1
2023-03-24T17:58:55Z,2023-03-24T17:59:00Z,7.648561037690337e-06,0.001276680408844733,0.0012690318478070426,1
2023-03-24T17:58:55Z,2023-03-24T17:59:00Z,3.0306837465739027e-06,0.0012742891194460575,0.0012773198031926314,1
2023-03-24T17:58:55Z,2023-03-24T17:59:00Z,8.689157089957454e-06,0.0012679912517547754,0.001276680408844733,1
2023-03-24T17:58:55Z,2023-03-24T17:59:00Z,5.94973232821705e-06,0.0012683393871178404,0.0012742891194460575,1
2023-03-24T17:58:55Z,2023-03-24T17:59:00Z,9.90091234992713e-06,0.0012778921641047026,0.0012679912517547754,0
2023-03-24T17:58:55Z,2023-03-24T17:59:00Z,3.863165234451989e-06,0.0012722025523522924,0.0012683393871178404,0
2023-03-24T17:58:55Z,2023-03-24T17:59:00Z,2.0584172536757157e-06,0.0012758337468510269,0.0012778921641047026,0
2023-03-24T17:58:55Z,2023-03-24T17:59:00Z,7.020321161856817e-06,0.0012792228735141492,0.0012722025523522924,0
2023-03-24T17:58:55Z,2023-03-24T17:59:00Z,3.8055401002535377e-06,0.0012796392869512804,0.0012758337468510269,0
2023-03-24T17:58:55Z,2023-03-24T17:59:00Z,5.732569581923122e-06,0.0012849554430960724,0.0012792228735141492,0
2023-03-24T17:58:55Z,2023-03-24T17:59:00Z,5.505846943269473e-06,0.0012851451338945499,0.0012796392869512804,0
2023-03-24T17:58:55Z,2023-03-24T17:59:00Z,1.3044872632926672e-05,0.001298000315728999,0.0012849554430960724,0
2023-03-24T17:58:55Z,2023-03-24T17:59:00Z,1.2844669854402769e-05,0.0012979898037489526,0.0012851451338945499,0
2023-03-24T17:58:55Z,2023-03-24T17:59:00Z,6.250503424534877e-07,0.0012973752653865456,0.001298000315728999,0
2023-03-24T17:58:55Z,2023-03-24T17:59:00Z,6.926287634387209e-07,0.0012986824325123914,0.0012979898037489526,0
2023-03-24T17:58:55Z,2023-03-24T17:59:00Z,2.1212653741446447e-06,0.0012994965307606902,0.0012973752653865456,0
2023-03-24T17:58:55Z,2023-03-24T17:59:00Z,1.3164176924566982e-06,0.0012973660148199347,0.0012986824325123914,0
2023-03-24T17:58:55Z,2023-03-24T17:59:00Z,2.1823020530421788e-07,0.0012997147609659944,0.0012994965307606902,0
2023-03-24T17:58:55Z,2023-03-24T17:59:00Z,7.1992925643360895e-06,0.0013045653073842707,0.0012973660148199347,0
2023-03-24T17:58:55Z,2023-03-24T17:59:00Z,5.6077861873935365e-06,0.001305322547153388,0.0012997147609659944,0
2023-03-24T17:58:55Z,2023-03-24T17:59:00Z,5.073090498993035e-06,0.0013096383978832638,0.0013045653073842707,0
2023-03-24T17:58:55Z,2023-03-24T17:59:00Z,3.239816993589467e-08,0.001305290148983452,0.001305322547153388,0
2023-03-24T17:58:55Z,2023-03-24T17:59:00Z,2.5517014429904394e-07,0.0013098935680275628,0.0013096383978832638,0
2023-03-24T17:58:55Z,2023-03-24T17:59:00Z,4.602606248920674e-06,0.0013098927552323727,0.001305290148983452,0
2023-03-24T17:58:55Z,2023-03-24T17:59:00Z,3.535533759733067e-06,0.0013063580342678298,0.0013098935680275628,0
2023-03-24T17:58:55Z,2023-03-24T17:59:00Z,2.4432543681898993e-06,0.0013074495008641828,0.0013098927552323727,0
2023-03-24T17:58:55Z,2023-03-24T17:59:00Z,1.0992825302642232e-06,0.0013052587517375655,0.0013063580342678298,0
2023-03-24T17:58:55Z,2023-03-24T17:59:00Z,4.728458476075531e-06,0.0013027210423881073,0.0013074495008641828,0
2023-03-24T17:58:55Z,2023-03-24T17:59:00Z,6.8094201128980104e-06,0.0012984493316246675,0.0013052587517375655,0
2023-03-24T17:58:55Z,2023-03-24T17:59:00Z,1.2608121366234227e-05,0.001290112921021873,0.0013027210423881073,0
2023-03-24T17:58:55Z,2023-03-24T17:59:00Z,1.4383855181562474e-05,0.001284065476443105,0.0012984493316246675,0
2023-03-24T17:58:55Z,2023-03-24T17:59:00Z,1.2677190833204925e-05,0.0012774357301886682,0.001290112921021873,0
2023-03-24T17:58:55Z,2023-03-24T17:59:00Z,1.0959922626496525e-06,0.0012829694841804554,0.001284065476443105,0
2023-03-24T17:58:55Z,2023-03-24T17:59:00Z,6.673777931497874e-06,0.001284109508120166,0.0012774357301886682,0
2023-03-24T17:58:55Z,2023-03-24T17:59:00Z,5.120459045000747e-07,0.0012824574382759553,0.0012829694841804554,0
2023-03-24T17:58:55Z,2023-03-24T17:59:00Z,1.2975790819317289e-05,0.0012711337173008487,0.001284109508120166,0
2023-03-24T17:58:55Z,2023-03-24T17:59:00Z,1.1817308680533295e-05,0.001270640129595422,0.0012824574382759553,0
2023-03-24T17:58:55Z,2023-03-24T17:59:00Z,1.182720890591021e-05,0.001282960926206759,0.0012711337173008487,0
2023-03-24T17:58:55Z,2023-03-24T17:59:00Z,1.4857859111185902e-05,0.001285497988706608,0.001270640129595422,0
2023-03-24T17:58:55Z,2023-03-24T17:59:00Z,3.342461251599777e-06,0.0012863033874583587,0.001282960926206759,0
2023-03-24T17:58:55Z,2023-03-24T17:59:00Z,7.07571170515146e-07,0.0012847904175360928,0.001285497988706608,0
2023-03-24T17:58:55Z,2023-03-24T17:59:00Z,1.167191133398006e-06,0.0012851361963249607,0.0012863033874583587,0
2023-03-24T17:58:55Z,2023-03-24T17:59:00Z,1.1879581804695796e-06,0.0012836024593556232,0.0012847904175360928,0
2023-03-24T17:58:55Z,2023-03-24T17:59:00Z,1.1062533618473678e-05,0.0012961987299434344,0.0012851361963249607,0
2023-03-24T17:58:55Z,2023-03-24T17:59:00Z,2.0273189341031908e-05,0.0013038756486966551,0.0012836024593556232,0
2023-03-24T17:58:55Z,2023-03-24T17:59:00Z,9.591890603422807e-06,0.0013057906205468572,0.0012961987299434344,0
2023-03-24T17:58:55Z,2023-03-24T17:59:00Z,1.6196927762924e-05,0.0013200725764595791,0.0013038756486966551,0
2023-03-24T17:58:55Z,2023-03-24T17:59:00Z,1.2607944801378826e-05,0.001318398565348236,0.0013057906205468572,0
2023-03-24T17:58:55Z,2023-03-24T17:59:00Z,1.4554407314236115e-06,0.0013215280171910027,0.0013200725764595791,0
2023-03-24T17:58:55Z,2023-03-24T17:59:00Z,6.4670208959273674e-06,0.0013119315444523087,0.001318398565348236,0
2023-03-24T17:58:55Z,2023-03-24T17:59:00Z,1.748256523240871e-05,0.001304045451958594,0.0013215280171910027,0
2023-03-24T17:58:55Z,2023-03-24T17:59:00Z,1.0124821865386104e-05,0.0013018067225869226,0.0013119315444523087,0
2023-03-24T17:58:55Z,2023-03-24T17:59:00Z,9.818742616987848e-08,0.001304143639384764,0.001304045451958594,0
2023-03-24T17:58:55Z,2023-03-24T17:59:00Z,2.5149760967298207e-06,0.0013043216986836524,0.0013018067225869226,0
2023-03-24T17:58:55Z,2023-03-24T17:59:00Z,4.437755986410989e-06,0.0013085813953711749,0.001304143639384764,0
2023-03-24T17:58:55Z,2023-03-24T17:59:00Z,6.661352033559241e-06,0.0013109830507172116,0.0013043216986836524,0
2023-03-24T17:58:55Z,2023-03-24T17:59:00Z,4.292619581325189e-06,0.0013128740149525,0.0013085813953711749,0
2023-03-24T17:58:55Z,2023-03-24T17:59:00Z,2.620617895904634e-06,0.001308362432821307,0.0013109830507172116,0
2023-03-24T17:58:55Z,2023-03-24T17:59:00Z,1.4614975742896236e-06,0.0013143355125267897,0.0013128740149525,0
2023-03-24T17:58:55Z,2023-03-24T17:59:00Z,1.2066734319255822e-06,0.0013071557593893814,0.001308362432821307,0
2023-03-24T17:58:55Z,2023-03-24T17:59:00Z,1.0999593437872662e-05,0.001303335919088917,0.0013143355125267897,0
2023-03-24T17:58:55Z,2023-03-24T17:59:00Z,1.5670110776336635e-06,0.001308722770467015,0.0013071557593893814,0
2023-03-24T17:58:55Z,2023-03-24T17:59:00Z,1.1531581118186729e-05,0.0013148675002071038,0.001303335919088917,0
2023-03-24T17:58:55Z,2023-03-24T17:59:00Z,6.288923961099814e-06,0.0013150116944281149,0.001308722770467015,0
2023-03-24T17:58:55Z,2023-03-24T17:59:00Z,7.154810535809578e-07,0.0013155829812606847,0.0013148675002071038,0
2023-03-24T17:58:55Z,2023-03-24T17:59:00Z,1.455508288305163e-05,0.0013004566115450633,0.0013150116944281149,0
2023-03-24T17:58:55Z,2023-03-24T17:59:00Z,1.3847129220242137e-05,0.0013017358520404426,0.0013155829812606847,0
2023-03-24T17:58:55Z,2023-03-24T17:59:00Z,6.026851303250237e-07,0.0013010592966753883,0.0013004566115450633,0
2023-03-24T17:58:55Z,2023-03-24T17:59:00Z,6.444661152007255e-06,0.0012952911908884353,0.0013017358520404426,0
2023-03-24T17:58:55Z,2023-03-24T17:59:00Z,2.323222480012316e-06,0.0013033825191554006,0.0013010592966753883,0
2023-03-24T17:58:55Z,2023-03-24T17:59:00Z,1.071206850437466e-05,0.00130600325939281,0.0012952911908884353,0
2023-03-24T17:58:55Z,2023-03-24T17:59:00Z,2.4975070738702653e-06,0.0013058800262292709,0.0013033825191554006,0
2023-03-24T17:58:55Z,2023-03-24T17:59:00Z,9.44192797128077e-06,0.0012965613314215292,0.00130600325939281,0
2023-03-24T17:58:55Z,2023-03-24T17:59:00Z,2.1897185528884462e-05,0.0012839828407003864,0.0013058800262292709,0
2023-03-24T17:58:55Z,2023-03-24T17:59:00Z,3.6168443051493547e-06,0.0012929444871163799,0.0012965613314215292,0
2023-03-24T17:58:55Z,2023-03-24T17:59:00Z,1.6006360380255635e-05,0.001299989201080642,0.0012839828407003864,1
2023-03-24T17:58:55Z,2023-03-24T17:59:00Z,1.6682260399308087e-05,0.001309626747515688,0.0012929444871163799,1
2023-03-24T17:58:55Z,2023-03-24T17:59:00Z,6.345710215588211e-06,0.0013063349112962302,0.001299989201080642,1
2023-03-24T17:58:55Z,2023-03-24T17:59:00Z,1.4519800313687447e-06,0.0013110787275470567,0.001309626747515688,1
2023-03-24T17:58:55Z,2023-03-24T17:59:00Z,7.45420164064369e-06,0.0012988807096555866,0.0013063349112962302,1
2023-03-24T17:58:55Z,2023-03-24T17:59:00Z,1.536777981272098e-05,0.0012957109477343357,0.0013110787275470567,1
2023-03-24T17:58:55Z,2023-03-24T17:59:00Z,5.986681000570747e-06,0.0012928940286550158,0.0012988807096555866,1
2023-03-24T17:58:55Z,2023-03-24T17:59:00Z,8.972644957462323e-06,0.0012867383027768734,0.0012957109477343357,1
2023-03-24T17:58:55Z,2023-03-24T17:59:00Z,1.2260391260868371e-05,0.0012806336373941474,0.0012928940286550158,1
2023-03-24T17:58:55Z,2023-03-24T17:59:00Z,1.3480890905886132e-05,0.0012732574118709873,0.0012867383027768734,1
2023-03-24T17:58:55Z,2023-03-24T17:59:00Z,1.0090939880242136e-05,0.0012705426975139053,0.0012806336373941474,1
2023-03-24T17:58:55Z,2023-03-24T17:59:00Z,1.4979165605123182e-05,0.001258278246265864,0.0012732574118709873,1
2023-03-24T17:58:55Z,2023-03-24T17:59:00Z,1.7590005756114822e-05,0.0012529526917577905,0.0012705426975139053,1
2023-03-24T17:58:55Z,2023-03-24T17:59:00Z,1.109563636138961e-05,0.0012471826099044745,0.001258278246265864,1
2023-03-24T17:58:55Z,2023-03-24T17:59:00Z,2.2337473580312864e-05,0.0012306152181774776,0.0012529526917577905,1
2023-03-24T17:58:55Z,2023-03-24T17:59:00Z,3.211282234885757e-05,0.001215069787555617,0.0012471826099044745,1
2023-03-24T17:58:55Z,2023-03-24T17:59:00Z,3.3647038803220983e-05,0.0011969681793742566,0.0012306152181774776,1
2023-03-24T17:58:55Z,2023-03-24T17:59:00Z,4.0480850117088126e-05,0.0011745889374385288,0.001215069787555617,1
2023-03-24T17:58:55Z,2023-03-24T17:59:00Z,3.753358235726286e-05,0.0011594345970169938,0.0011969681793742566,1
2023-03-24T17:58:55Z,2023-03-24T17:59:00Z,3.56991725310831e-05,0.0011388897649074457,0.0011745889374385288,1
2023-03-24T17:58:55Z,2023-03-24T17:59:00Z,4.08085343358228e-05,0.001118626062681171,0.0011594345970169938,1
2023-03-24T17:58:55Z,2023-03-24T17:59:00Z,3.4028759472739655e-05,0.001104861005434706,0.0011388897649074457,1
2023-03-24T17:58:55Z,2023-03-24T17:59:00Z,2.9470707957767036e-05,0.001089155354723404,0.001118626062681171,1
2023-03-24T17:58:55Z,2023-03-24T17:59:00Z,3.3642902443106314e-05,0.0010712181029915997,0.001104861005434706,1
2023-03-24T17:58:55Z,2023-03-24T17:59:00Z,3.3640152655000114e-05,0.0010555152020684038,0.001089155354723404,1
2023-03-24T17:58:55Z,2023-03-24T17:59:00Z,2.7440308551055902e-05,0.0010437777944405438,0.0010712181029915997,1
2023-03-24T17:58:55Z,2023-03-24T17:59:00Z,2.0413166975160636e-05,0.0010351020350932432,0.0010555152020684038,1
2023-03-24T17:58:55Z,2023-03-24T17:59:00Z,1.6024197268577674e-05,0.0010277535971719661,0.0010437777944405438,1
2023-03-24T17:58:55Z,2023-03-24T17:59:00Z,5.775370249694149e-06,0.001029326664843549,0.0010351020350932432,1
2023-03-24T17:58:55Z,2023-03-24T17:59:00Z,8.805573073535208e-06,0.001018948024098431,0.0010277535971719661,1
2023-03-24T17:58:55Z,2023-03-24T17:59:00Z,1.0965837768811505e-05,0.0010183608270747375,0.001029326664843549,1
2023-03-24T17:58:55Z,2023-03-24T17:59:00Z,1.5380951212705992e-06,0.0010174099289771603,0.001018948024098431,1
2023-03-24T17:58:55Z,2023-03-24T17:59:00Z,6.0452626285862916e-06,0.0010123155644461512,0.0010183608270747375,1
2023-03-24T17:58:55Z,2023-03-24T17:59:00Z,9.6476671888647e-06,0.0010077622617882956,0.0010174099289771603,1
2023-03-24T17:58:55Z,2023-03-24T17:59:00Z,7.76330468139322e-06,0.001004552259764758,0.0010123155644461512,1
2023-03-24T17:58:55Z,2023-03-24T17:59:00Z,1.1549684948192803e-05,0.0009962125768401028,0.0010077622617882956,1
2023-03-24T17:58:55Z,2023-03-24T17:59:00Z,1.2724853344134486e-05,0.0009918274064206235,0.001004552259764758,1
2023-03-24T17:58:55Z,2023-03-24T17:59:00Z,6.966958077069246e-06,0.0009892456187630336,0.0009962125768401028,1
2023-03-24T17:58:55Z,2023-03-24T17:59:00Z,2.925640169316676e-05,0.0009625710047274568,0.0009918274064206235,1
2023-03-24T17:58:55Z,2023-03-24T17:59:00Z,3.766699427280417e-05,0.0009515786244902294,0.0009892456187630336,1
2023-03-24T17:58:55Z,2023-03-24T17:59:00Z,1.8681620322628543e-06,0.0009607028426951939,0.0009625710047274568,1
2023-03-24T17:58:55Z,2023-03-24T17:59:00Z,1.798608751767247e-05,0.0009695647120079019,0.0009515786244902294,1
2023-03-24T17:58:55Z,2023-03-24T17:59:00Z,2.0538106343351075e-05,0.000981240949038545,0.0009607028426951939,1
2023-03-24T17:58:55Z,2023-03-24T17:59:00Z,2.940865851512684e-05,0.0009989733705230287,0.0009695647120079019,1
2023-03-24T17:58:55Z,2023-03-24T17:59:00Z,3.089184641960922e-05,0.0010121327954581542,0.000981240949038545,1
2023-03-24T17:58:55Z,2023-03-24T17:59:00Z,2.85978462597823e-05,0.001027571216782811,0.0009989733705230287,1
2023-03-24T17:58:55Z,2023-03-24T17:59:00Z,2.8201607777150707e-05,0.001040334403235305,0.0010121327954581542,1
2023-03-24T17:58:55Z,2023-03-24T17:59:00Z,3.092512061517259e-05,0.0010584963373979836,0.001027571216782811,1
2023-03-24T17:58:55Z,2023-03-24T17:59:00Z,3.346975236484398e-05,0.001073804155600149,0.001040334403235305,1
2023-03-24T17:58:55Z,2023-03-24T17:59:00Z,2.1975612897125012e-05,0.0010804719502951086,0.0010584963373979836,0
2023-03-24T17:58:55Z,2023-03-24T17:59:00Z,1.551778187479586e-05,0.0010893219374749448,0.001073804155600149,0
2023-03-24T17:58:55Z,2023-03-24T17:59:00Z,2.8897257987537967e-05,0.0011093692082826466,0.0010804719502951086,0
2023-03-24T17:58:55Z,2023-03-24T17:59:00Z,2.925643492138197e-05,0.0011185783723963267,0.0010893219374749448,0
2023-03-24T17:58:55Z,2023-03-24T17:59:00Z,3.4368986630162884e-05,0.0011437381949128095,0.0011093692082826466,0
2023-03-24T17:58:55Z,2023-03-24T17:59:00Z,3.8207121653490404e-05,0.0011567854940498171,0.0011185783723963267,0
2023-03-24T17:58:55Z,2023-03-24T17:59:00Z,3.377987012544116e-05,0.0011775180650382506,0.0011437381949128095,0
2023-03-24T17:58:55Z,2023-03-24T17:59:00Z,3.519932614054239e-05,0.0011919848201903595,0.0011567854940498171,0
2023-03-24T17:58:55Z,2023-03-24T17:59:00Z,3.1662041469895236e-05,0.0012091801065081459,0.0011775180650382506,0
2023-03-24T17:58:55Z,2023-03-24T17:59:00Z,3.934007554279718e-05,0.0012313248957331567,0.0011919848201903595,0
2023-03-24T17:58:55Z,2023-03-24T17:59:00Z,3.888340655019756e-05,0.0012480635130583434,0.0012091801065081459,0
2023-03-24T17:58:55Z,2023-03-24T17:59:00Z,3.2039679988553945e-05,0.0012633645757217106,0.0012313248957331567,0
2023-03-24T17:58:55Z,2023-03-24T17:59:00Z,2.1834728777837646e-05,0.001269898241836181,0.0012480635130583434,0
2023-03-24T17:58:55Z,2023-03-24T17:59:00Z,2.3214896805321327e-05,0.001286579472527032,0.0012633645757217106,0
2023-03-24T17:58:55Z,2023-03-24T17:59:00Z,2.9095348738279606e-05,0.0012989935905744607,0.001269898241836181,0
2023-03-24T17:58:55Z,2023-03-24T17:59:00Z,9.052326743427949e-06,0.00129563179927046,0.001286579472527032,0
2023-03-24T17:58:55Z,2023-03-24T17:59:00Z,3.098785959447471e-06,0.0013020923765339081,0.0012989935905744607,0
2023-03-24T17:58:55Z,2023-03-24T17:59:00Z,1.4166486861299241e-05,0.0013097982861317592,0.00129563179927046,0
2023-03-24T17:58:55Z,2023-03-24T17:59:00Z,9.691366943989773e-06,0.001311783743477898,0.0013020923765339081,0
2023-03-24T17:58:55Z,2023-03-24T17:59:00Z,2.986901880255551e-06,0.0013068113842515036,0.0013097982861317592,0
2023-03-24T17:58:55Z,2023-03-24T17:59:00Z,9.272681021927492e-07,0.0013108564753757052,0.001311783743477898,0
2023-03-24T17:58:55Z,2023-03-24T17:59:00Z,2.7801394937019327e-06,0.0013040312447578017,0.0013068113842515036,0
2023-03-24T17:58:55Z,2023-03-24T17:59:00Z,9.916977776275315e-06,0.0013009394975994298,0.0013108564753757052,0
2023-03-24T17:58:55Z,2023-03-24T17:59:00Z,1.287028784415509e-05,0.0012911609569136466,0.0013040312447578017,0
2023-03-24T17:58:55Z,2023-03-24T17:59:00Z,2.0296213164455647e-05,0.0012806432844349742,0.0013009394975994298,0
2023-03-24T17:58:55Z,2023-03-24T17:59:00Z,2.6825039481444442e-05,0.0012643359174322022,0.0012911609569136466,0
2023-03-24T17:58:55Z,2023-03-24T17:59:00Z,3.545743841664481e-05,0.0012451858460183294,0.0012806432844349742,0
2023-03-24T17:58:55Z,2023-03-24T17:59:00Z,1.8936321405454114e-05,0.001245399596026748,0.0012643359174322022,0
2023-03-24T17:58:55Z,2023-03-24T17:59:00Z,2.3961531055740042e-06,0.0012427896929127554,0.0012451858460183294,0
2023-03-24T17:58:55Z,2023-03-24T17:59:00Z,7.969777345901439e-06,0.0012374298186808466,0.001245399596026748,0
2023-03-24T17:58:55Z,2023-03-24T17:59:00Z,4.8328891062185235e-06,0.0012379568038065369,0.0012427896929127554,0
2023-03-24T17:58:55Z,2023-03-24T17:59:00Z,3.4891638863174604e-06,0.0012339406547945291,0.0012374298186808466,0
2023-03-24T17:58:55Z,2023-03-24T17:59:00Z,6.547361502305931e-06,0.001231409442304231,0.0012379568038065369,0
2023-03-24T17:58:55Z,2023-03-24T17:59:00Z,2.969986139091628e-06,0.0012369106409336208,0.0012339406547945291,0
2023-03-24T17:58:55Z,2023-03-24T17:59:00Z,6.556483829532438e-07,0.0012320650906871842,0.001231409442304231,0
2023-03-24T17:58:55Z,2023-03-24T17:59:00Z,4.562470099134805e-06,0.001232348170834486,0.0012369106409336208,0
2023-03-24T17:58:55Z,2023-03-24T17:59:00Z,7.090468024444248e-06,0.0012391555587116284,0.0012320650906871842,0
2023-03-24T17:58:55Z,2023-03-24T17:59:00Z,1.6855773842900865e-05,0.0012492039446773868,0.001232348170834486,0
2023-03-24T17:58:55Z,2023-03-24T17:59:00Z,5.060130287371694e-06,0.0012442156889990001,0.0012391555587116284,0
2023-03-24T17:58:55Z,2023-03-24T17:59:00Z,7.4322608385067514e-06,0.00124177168383888,0.0012492039446773868,0
2023-03-24T17:58:55Z,2023-03-24T17:59:00Z,7.615477507969242e-07,0.001244977236749797,0.0012442156889990001,0
2023-03-24T17:58:55Z,2023-03-24T17:59:00Z,5.674788368362129e-07,0.0012412042050020439,0.00124177168383888,0
2023-03-24T17:58:55Z,2023-03-24T17:59:00Z,6.244837453019776e-06,0.0012387323992967773,0.001244977236749797,0
2023-03-24T17:58:55Z,2023-03-24T17:59:00Z,5.186895687022937e-06,0.0012463911006890668,0.0012412042050020439,0
2023-03-24T17:58:55Z,2023-03-24T17:59:00Z,9.160934091769456e-06,0.0012478933333885467,0.0012387323992967773,0
2023-03-24T17:58:55Z,2023-03-24T17:59:00Z,2.5638180156763776e-06,0.0012438272826733904,0.0012463911006890668,0
2023-03-24T17:58:55Z,2023-03-24T17:59:00Z,3.0588712158596647e-06,0.001244834462172687,0.0012478933333885467,0
2023-03-24T17:58:55Z,2023-03-24T17:59:00Z,1.0907306281713854e-05,0.0012547345889551043,0.0012438272826733904,0
2023-03-24T17:58:55Z,2023-03-24T17:59:00Z,9.274267993636051e-07,0.0012457618889720507,0.001244834462172687,0
2023-03-24T17:58:55Z,2023-03-24T17:59:00Z,9.27230006250875e-06,0.0012454622888925955,0.0012547345889551043,0
2023-03-24T17:58:55Z,2023-03-24T17:59:00Z,3.825738079532874e-06,0.0012495876270515835,0.0012457618889720507,0
2023-03-24T17:58:55Z,2023-03-24T17:59:00Z,4.969348175677159e-06,0.0012504316370682727,0.0012454622888925955,0
2023-03-24T17:58:55Z,2023-03-24T17:59:00Z,9.059781830282002e-06,0.0012586474088818655,0.0012495876270515835,0
2023-03-24T17:58:55Z,2023-03-24T17:59:00Z,2.1463745566176716e-06,0.0012525780116248904,0.0012504316370682727,0
2023-03-24T17:58:55Z,2023-03-24T17:59:00Z,5.384403740058517e-06,0.001253263005141807,0.0012586474088818655,0
2023-03-24T17:58:55Z,2023-03-24T17:59:00Z,3.8068624164495305e-06,0.0012563848740413399,0.0012525780116248904,0
2023-03-24T17:58:55Z,2023-03-24T17:59:00Z,2.959632829154391e-07,0.0012529670418588916,0.001253263005141807,0
2023-03-24T17:58:55Z,2023-03-24T17:59:00Z,1.2505048045065217e-06,0.0012576353788458464,0.0012563848740413399,0
2023-03-24T17:58:55Z,2023-03-24T17:59:00Z,3.2830198054708236e-06,0.0012562500616643624,0.0012529670418588916,0
2023-03-24T17:58:55Z,2023-03-24T17:59:00Z,7.137947103995432e-07,0.0012569215841354469,0.0012576353788458464,0
2023-03-24T17:58:55Z,2023-03-24T17:59:00Z,3.6837148013420164e-06,0.0012525663468630204,0.0012562500616643624,0
2023-03-24T17:58:55Z,2023-03-24T17:59:00Z,8.583742160065549e-07,0.0012560632099194403,0.0012569215841354469,0
2023-03-24T17:58:55Z,2023-03-24T17:59:00Z,3.2210227885955296e-06,0.001255787369651616,0.0012525663468630204,0
2023-03-24T17:58:55Z,2023-03-24T17:59:00Z,3.853278621191716e-06,0.0012522099312982486,0.0012560632099194403,0
2023-03-24T17:58:55Z,2023-03-24T17:59:00Z,4.252235385735154e-06,0.0012515351342658808,0.001255787369651616,0
2023-03-24T17:58:55Z,2023-03-24T17:59:00Z,3.669330461095535e-06,0.001248540600837153,0.0012522099312982486,0
2023-03-24T17:58:55Z,2023-03-24T17:59:00Z,2.067535232423397e-06,0.0012494675990334574,0.0012515351342658808,0
2023-03-24T17:58:55Z,2023-03-24T17:59:00Z,5.0495183128596716e-06,0.0012535901191500127,0.001248540600837153,0
2023-03-24T17:58:55Z,2023-03-24T17:59:00Z,7.357260648112839e-06,0.0012568248596815702,0.0012494675990334574,0
2023-03-24T17:58:55Z,2023-03-24T17:59:00Z,8.436518749937658e-06,0.0012620266378999504,0.0012535901191500127,0
2023-03-24T17:58:55Z,2023-03-24T17:59:00Z,6.426863776866788e-06,0.001263251723458437,0.0012568248596815702,0
2023-03-24T17:58:55Z,2023-03-24T17:59:00Z,8.332094197961715e-07,0.0012611934284801542,0.0012620266378999504,0
2023-03-24T17:58:55Z,2023-03-24T17:59:00Z,4.819028182996609e-06,0.0012680707516414336,0.001263251723458437,0
2023-03-24T17:58:55Z,2023-03-24T17:59:00Z,6.228008361316029e-06,0.0012674214368414702,0.0012611934284801542,0
2023-03-24T17:58:55Z,2023-03-24T17:59:00Z,5.015133002794249e-06,0.0012730858846442279,0.0012680707516414336,0
2023-03-24T17:58:55Z,2023-03-24T17:59:00Z,9.04074269876434e-06,0.0012764621795402346,0.0012674214368414702,0
2023-03-24T17:58:55Z,2023-03-24T17:59:00Z,3.645568111190073e-06,0.001276731452755418,0.0012730858846442279,0
2023-03-24T17:58:55Z,2023-03-24T17:59:00Z,2.8196695060723684e-06,0.001279281849046307,0.0012764621795402346,0
2023-03-24T17:58:55Z,2023-03-24T17:59:00Z,5.209588361524808e-06,0.0012819410411169427,0.001276731452755418,0
2023-03-24T17:58:55Z,2023-03-24T17:59:00Z,7.4703849910519315e-06,0.0012867522340373589,0.001279281849046307,0
2023-03-24T17:58:55Z,2023-03-24T17:59:00Z,1.2279183846095922e-06,0.0012831689595015523,0.0012819410411169427,0
2023-03-24T17:58:55Z,2023-03-24T17:59:00Z,6.744376103847869e-06,0.001280007857933511,0.0012867522340373589,0
2023-03-24T17:58:55Z,2023-03-24T17:59:00Z,2.126949594048874e-06,0.0012810420099075035,0.0012831689595015523,0
2023-03-24T17:58:55Z,2023-03-24T17:59:00Z,2.683177631149008e-06,0.001277324680302362,0.001280007857933511,0
2023-03-24T17:58:55Z,2023-03-24T17:59:00Z,3.2870647262450182e-06,0.0012777549451812584,0.0012810420099075035,0
2023-03-24T17:58:55Z,2023-03-24T17:59:00Z,4.417021948522693e-06,0.0012729076583538393,0.001277324680302362,0
2023-03-24T17:58:55Z,2023-03-24T17:59:00Z,2.4048569637841275e-06,0.0012753500882174743,0.0012777549451812584,0
2023-03-24T17:58:55Z,2023-03-24T17:59:00Z,5.404843124859511e-06,0.0012783125014786988,0.0012729076583538393,0
2023-03-24T17:58:55Z,2023-03-24T17:59:00Z,2.183449234010454e-06,0.0012731666389834639,0.0012753500882174743,0
2023-03-24T17:58:55Z,2023-03-24T17:59:00Z,6.818841614865271e-06,0.0012714936598638336,0.0012783125014786988,0
2023-03-24T17:58:55Z,2023-03-24T17:59:00Z,1.5352630060305739e-07,0.0012730131126828608,0.0012731666389834639,0
2023-03-24T17:58:55Z,2023-03-24T17:59:00Z,2.603254142897809e-06,0.0012740969140067314,0.0012714936598638336,0
2023-03-24T17:58:55Z,2023-03-24T17:59:00Z,1.7459306524919647e-06,0.0012747590433353528,0.0012730131126828608,0
2023-03-24T17:58:55Z,2023-03-24T17:59:00Z,5.638011421960683e-07,0.0012746607151489274,0.0012740969140067314,0
2023-03-24T17:58:55Z,2023-03-24T17:59:00Z,1.9098735855017056e-06,0.001272849169749851,0.0012747590433353528,0
2023-03-24T17:58:55Z,2023-03-24T17:59:00Z,3.7856264133188586e-06,0.0012784463415622463,0.0012746607151489274,0
2023-03-24T17:58:55Z,2023-03-24T17:59:00Z,9.824844277521883e-06,0.001282674014027373,0.001272849169749851,0
2023-03-24T17:58:55Z,2023-03-24T17:59:00Z,2.2634886130962553e-05,0.0013010812276932088,0.0012784463415622463,0
2023-03-24T17:58:55Z,2023-03-24T17:59:00Z,2.8651511310344088e-05,0.001311325525337717,0.001282674014027373,0
2023-03-24T17:58:55Z,2023-03-24T17:59:00Z,1.8424974030828607e-05,0.0013195062017240375,0.0013010812276932088,0
2023-03-24T17:58:55Z,2023-03-24T17:59:00Z,1.0650861050844626e-05,0.0013219763863885617,0.001311325525337717,0
2023-03-24T17:58:55Z,2023-03-24T17:59:00Z,1.1606391981166435e-05,0.0013311125937052039,0.0013195062017240375,0
2023-03-24T17:58:55Z,2023-03-24T17:59:00Z,1.4448182435077483e-05,0.0013364245688236391,0.0013219763863885617,0
2023-03-24T17:58:55Z,2023-03-24T17:59:00Z,1.4013252393553326e-05,0.0013451258460987572,0.0013311125937052039,0
2023-03-24T17:58:55Z,2023-03-24T17:59:00Z,8.45869212649222e-06,0.0013448832609501314,0.0013364245688236391,0
2023-03-24T17:58:55Z,2023-03-24T17:59:00Z,6.505422827313059e-06,0.0013386204232714442,0.0013451258460987572,0
2023-03-24T17:58:55Z,2023-03-24T17:59:00Z,6.580641384412549e-07,0.00134422519681169,0.0013448832609501314,0
2023-03-24T17:58:55Z,2023-03-24T17:59:00Z,1.4354578373092751e-05,0.001352975001644537,0.0013386204232714442,0
2023-03-24T17:58:55Z,2023-03-24T17:59:00Z,2.091766448861286e-05,0.001365142861300303,0.00134422519681169,0
2023-03-24T17:58:55Z,2023-03-24T17:59:00Z,1.0043759912830305e-05,0.0013630187615573672,0.001352975001644537,0
2023-03-24T17:58:55Z,2023-03-24T17:59:00Z,1.7240171122936097e-06,0.0013668668784125966,0.001365142861300303,0
2023-03-24T17:58:55Z,2023-03-24T17:59:00Z,1.2869320787954781e-05,0.001375888082345322,0.0013630187615573672,0
2023-03-24T17:58:55Z,2023-03-24T17:59:00Z,1.375699240333244e-05,0.001380623870815929,0.0013668668784125966,0
2023-03-24T17:58:55Z,2023-03-24T17:59:00Z,1.0152677288032767e-05,0.0013860407596333548,0.001375888082345322,0
2023-03-24T17:58:55Z,2023-03-24T17:59:00Z,1.860303928690821e-06,0.0013787635668872382,0.001380623870815929,0
2023-03-24T17:58:55Z,2023-03-24T17:59:00Z,3.636645928494723e-07,0.0013864044242262042,0.0013860407596333548,0
2023-03-24T17:58:55Z,2023-03-24T17:59:00Z,1.6941237306826017e-05,0.0013957048041940642,0.0013787635668872382,0
2023-03-24T17:58:55Z,2023-03-24T17:59:00Z,8.391423873883213e-06,0.0013947958481000874,0.0013864044242262042,0
2023-03-24T17:58:55Z,2023-03-24T17:59:00Z,7.334047241239249e-06,0.0014030388514353035,0.0013957048041940642,0
2023-03-24T17:58:55Z,2023-03-24T17:59:00Z,1.1062308450580883e-05,0.0014058581565506683,0.0013947958481000874,0
2023-03-24T17:58:55Z,2023-03-24T17:59:00Z,1.7463427445991043e-05,0.0014205022788812945,0.0014030388514353035,0
2023-03-24T17:58:55Z,2023-03-24T17:59:00Z,2.2423102490257314e-05,0.0014282812590409256,0.0014058581565506683,0
2023-03-24T17:58:55Z,2023-03-24T17:59:00Z,1.0947234415347893e-05,0.0014314495132966424,0.0014205022788812945,0
2023-03-24T17:58:55Z,2023-03-24T17:59:00Z,6.334149703129651e-06,0.0014346154087440553,0.0014282812590409256,0
2023-03-24T17:58:55Z,2023-03-24T17:59:00Z,2.1624814028683038e-06,0.0014336119946995107,0.0014314495132966424,0
2023-03-24T17:58:55Z,2023-03-24T17:59:00Z,1.130000184286625e-06,0.001435745408928342,0.0014346154087440553,0
2023-03-24T17:58:55Z,2023-03-24T17:59:00Z,7.965089716937407e-06,0.001441577084416448,0.0014336119946995107,0
2023-03-24T17:58:55Z,2023-03-24T17:59:00Z,3.5311509945568954e-06,0.0014392765599228988,0.001435745408928342,0
2023-03-24T17:58:55Z,2023-03-24T17:59:00Z,8.5719255774211e-06,0.001433005158839027,0.001441577084416448,0
2023-03-24T17:58:55Z,2023-03-24T17:59:00Z,1.1749723500943318e-05,0.0014275268364219555,0.0014392765599228988,0
2023-03-24T17:58:55Z,2023-03-24T17:59:00Z,5.217215995512127e-06,0.0014277879428435149,0.001433005158839027,0
2023-03-24T17:58:55Z,2023-03-24T17:59:00Z,1.1440004988293997e-05,0.0014160868314336615,0.0014275268364219555,0
2023-03-24T17:58:55Z,2023-03-24T17:59:00Z,1.7898373446298107e-05,0.0014098895693972168,0.0014277879428435149,0
2023-03-24T17:58:55Z,2023-03-24T17:59:00Z,1.2930400323095392e-05,0.001403156431110566,0.0014160868314336615,0
2023-03-24T17:58:55Z,2023-03-24T17:59:00Z,2.0069984609211817e-05,0.001389819584788005,0.0014098895693972168,0
2023-03-24T17:58:55Z,2023-03-24T17:59:00Z,1.873603266275281e-05,0.0013844203984478133,0.001403156431110566,0
2023-03-24T17:58:55Z,2023-03-24T17:59:00Z,7.002379393619695e-07,0.001390519822727367,0.001389819584788005,0
2023-03-24T17:58:55Z,2023-03-24T17:59:00Z,9.540872006614642e-07,0.0013853744856484748,0.0013844203984478133,0
2023-03-24T17:58:55Z,2023-03-24T17:59:00Z,9.897969394644232e-06,0.0013806218533327227,0.001390519822727367,0
2023-03-24T17:58:55Z,2023-03-24T17:59:00Z,4.65709010381149e-06,0.0013807173955446633,0.0013853744856484748,0
2023-03-24T17:58:55Z,2023-03-24T17:59:00Z,1.2129081032111189e-06,0.0013818347614359338,0.0013806218533327227,0
2023-03-24T17:58:55Z,2023-03-24T17:59:00Z,8.200352875345138e-07,0.0013798973602571288,0.0013807173955446633,0
2023-03-24T17:58:55Z,2023-03-24T17:59:00Z,1.3164740634421168e-05,0.0013686700208015126,0.0013818347614359338,0
2023-03-24T17:58:55Z,2023-03-24T17:59:00Z,1.5150396239667395e-05,0.0013647469640174614,0.0013798973602571288,0
2023-03-24T17:58:55Z,2023-03-24T17:59:00Z,9.47093549574611e-06,0.0013591990853057665,0.0013686700208015126,0
2023-03-24T17:58:55Z,2023-03-24T17:59:00Z,3.4425384229494396e-06,0.001361304425594512,0.0013647469640174614,0
2023-03-24T17:58:55Z,2023-03-24T17:59:00Z,8.226230124715357e-06,0.0013674253154304819,0.0013591990853057665,0
2023-03-24T17:58:55Z,2023-03-24T17:59:00Z,1.089244208427498e-05,0.001372196867678787,0.001361304425594512,0
2023-03-24T17:58:55Z,2023-03-24T17:59:00Z,1.0388029785121048e-06,0.001368464118408994,0.0013674253154304819,0
2023-03-24T17:58:55Z,2023-03-24T17:59:00Z,4.805112495422786e-06,0.0013673917551833641,0.001372196867678787,0
2023-03-24T17:58:55Z,2023-03-24T17:59:00Z,1.544141513720905e-06,0.001366919976895273,0.001368464118408994,0
2023-03-24T17:58:55Z,2023-03-24T17:59:00Z,1.5191735116238617e-06,0.0013658725816717403,0.0013673917551833641,0
2023-03-24T17:58:55Z,2023-03-24T17:59:00Z,9.028673025170868e-06,0.0013578913038701022,0.001366919976895273,0
2023-03-24T17:58:55Z,2023-03-24T17:59:00Z,8.24505820414944e-06,0.0013576275234675908,0.0013658725816717403,0
2023-03-24T17:58:55Z,2023-03-24T17:59:00Z,8.176847144256367e-06,0.0013497144567258459,0.0013578913038701022,0
2023-03-24T17:58:55Z,2023-03-24T17:59:00Z,1.148889717975804e-05,0.0013461386262878328,0.0013576275234675908,0
2023-03-24T17:58:55Z,2023-03-24T17:59:00Z,8.113660658680237e-06,0.0013416007960671656,0.0013497144567258459,0
2023-03-24T17:58:55Z,2023-03-24T17:59:00Z,4.346483133805222e-08,0.0013460951614564947,0.0013461386262878328,0
2023-03-24T17:58:55Z,2023-03-24T17:59:00Z,3.880004200795036e-06,0.0013454808002679606,0.0013416007960671656,0
2023-03-24T17:58:55Z,2023-03-24T17:59:00Z,7.497395642197362e-07,0.001345345421892275,0.0013460951614564947,0
2023-03-24T17:58:55Z,2023-03-24T17:59:00Z,1.8215510601668396e-06,0.0013473023513281275,0.0013454808002679606,0
2023-03-24T17:58:55Z,2023-03-24T17:59:00Z,1.6507883837902845e-06,0.0013436946335084847,0.001345345421892275,0
2023-03-24T17:58:55Z,2023-03-24T17:59:00Z,3.1973108292572203e-06,0.0013441050404988703,0.0013473023513281275,0
2023-03-24T17:58:55Z,2023-03-24T17:59:00Z,6.838918095470638e-06,0.0013505335516039553,0.0013436946335084847,0
2023-03-24T17:58:55Z,2023-03-24T17:59:00Z,4.463459822038425e-06,0.0013485685003209087,0.0013441050404988703,0
2023-03-24T17:58:55Z,2023-03-24T17:59:00Z,2.3519525948110208e-06,0.0013481815990091443,0.0013505335516039553,0
2023-03-24T17:58:55Z,2023-03-24T17:59:00Z,5.568025320289768e-06,0.0013541365256411985,0.0013485685003209087,0
2023-03-24T17:58:55Z,2023-03-24T17:59:00Z,2.160933826330486e-05,0.0013697909372724492,0.0013481815990091443,0
2023-03-24T17:58:55Z,2023-03-24T17:59:00Z,1.4355062955819344e-05,0.0013684915885970178,0.0013541365256411985,0
2023-03-24T17:58:55Z,2023-03-24T17:59:00Z,1.0568354956415468e-05,0.0013803592922288646,0.0013697909372724492,0
2023-03-24T17:58:55Z,2023-03-24T17:59:00Z,1.5702692148979224e-05,0.001384194280745997,0.0013684915885970178,0
2023-03-24T17:58:55Z,2023-03-24T17:59:00Z,1.9239657504892217e-05,0.0013995989497337569,0.0013803592922288646,0
2023-03-24T17:58:55Z,2023-03-24T17:59:00Z,1.0275678425664516e-05,0.0013944699591716615,0.001384194280745997,0
2023-03-24T17:58:55Z,2023-03-24T17:59:00Z,5.831411925921954e-06,0.001393767537807835,0.0013995989497337569,0
2023-03-24T17:58:55Z,2023-03-24T17:59:00Z,8.243773785793045e-07,0.0013952943365502408,0.0013944699591716615,0
2023-03-24T17:58:55Z,2023-03-24T17:59:00Z,1.6763912709190278e-06,0.0013920911465369159,0.001393767537807835,0
2023-03-24T17:58:55Z,2023-03-24T17:59:00Z,6.92616756432134e-06,0.0013883681689859195,0.0013952943365502408,0
2023-03-24T17:58:55Z,2023-03-24T17:59:00Z,2.8481637132757483e-06,0.0013892429828236401,0.0013920911465369159,0
2023-03-24T17:58:55Z,2023-03-24T17:59:00Z,3.4693737759104813e-06,0.00139183754276183,0.0013883681689859195,0
2023-03-24T17:58:55Z,2023-03-24T17:59:00Z,4.355893981775483e-06,0.0013935988768054156,0.0013892429828236401,0
2023-03-24T17:58:55Z,2023-03-24T17:59:00Z,1.8711992942042639e-06,0.0013937087420560343,0.00139183754276183,0
2023-03-24T17:58:55Z,2023-03-24T17:59:00Z,7.415445813860203e-06,0.0013861834309915554,0.0013935988768054156,0
2023-03-24T17:58:55Z,2023-03-24T17:59:00Z,7.82618903099946e-06,0.0013858825530250348,0.0013937087420560343,0
2023-03-24T17:58:55Z,2023-03-24T17:59:00Z,4.899461867910286e-07,0.0013856934848047644,0.0013861834309915554,0
2023-03-24T17:58:55Z,2023-03-24T17:59:00Z,5.393624420923192e-07,0.0013864219154671271,0.0013858825530250348,0
2023-03-24T17:58:55Z,2023-03-24T17:59:00Z,7.0742464980439075e-06,0.0013786192383067205,0.0013856934848047644,0
2023-03-24T17:58:55Z,2023-03-24T17:59:00Z,6.242353016658927e-06,0.0013801795624504682,0.0013864219154671271,0
2023-03-24T17:58:55Z,2023-03-24T17:59:00Z,6.726689664173294e-06,0.0013853459279708938,0.0013786192383067205,0
2023-03-24T17:58:55Z,2023-03-24T17:59:00Z,2.1263550078300716e-06,0.0013780532074426381,0.0013801795624504682,0
2023-03-24T17:58:55Z,2023-03-24T17:59:00Z,5.745529483927765e-06,0.001379600398486966,0.0013853459279708938,0
2023-03-24T17:58:55Z,2023-03-24T17:59:00Z,1.636763592901538e-06,0.0013764164438497366,0.0013780532074426381,0
2023-03-24T17:58:55Z,2023-03-24T17:59:00Z,6.4496901059695e-06,0.0013731507083809965,0.001379600398486966,0
2023-03-24T17:58:55Z,2023-03-24T17:59:00Z,4.226955069958852e-07,0.0013759937483427407,0.0013764164438497366,0
2023-03-24T17:58:55Z,2023-03-24T17:59:00Z,7.218983542965846e-06,0.0013659317248380307,0.0013731507083809965,0
2023-03-24T17:58:55Z,2023-03-24T17:59:00Z,1.1084007814187846e-05,0.0013649097405285528,0.0013759937483427407,0
2023-03-24T17:58:55Z,2023-03-24T17:59:00Z,5.049195292481214e-06,0.0013608825295455494,0.0013659317248380307,0
2023-03-24T17:58:55Z,2023-03-24T17:59:00Z,5.896513481552009e-06,0.0013708062540101049,0.0013649097405285528,0
2023-03-24T17:58:55Z,2023-03-24T17:59:00Z,1.3203183919890862e-05,0.0013740857134654403,0.0013608825295455494,0
2023-03-24T17:58:55Z,2023-03-24T17:59:00Z,7.882534696729889e-06,0.0013786887887068347,0.0013708062540101049,0
2023-03-24T17:58:55Z,2023-03-24T17:59:00Z,6.846692975398224e-06,0.0013809324064408385,0.0013740857134654403,0
2023-03-24T17:58:55Z,2023-03-24T17:59:00Z,2.5125641773251703e-06,0.0013761762245295096,0.0013786887887068347,0
2023-03-24T17:58:55Z,2023-03-24T17:59:00Z,1.3802494638401027e-05,0.0013671299118024375,0.0013809324064408385,0
2023-03-24T17:58:55Z,2023-03-24T17:59:00Z,1.1886782905603643e-05,0.001364289441623906,0.0013761762245295096,0
2023-03-24T17:58:55Z,2023-03-24T17:59:00Z,3.553471990851891e-06,0.0013635764398115856,0.0013671299118024375,0
2023-03-24T17:58:55Z,2023-03-24T17:59:00Z,5.758282542026039e-06,0.001370047724165932,0.001364289441623906,0
2023-03-24T17:58:55Z,2023-03-24T17:59:00Z,8.745443991776177e-06,0.0013723218838033618,0.0013635764398115856,0
2023-03-24T17:58:55Z,2023-03-24T17:59:00Z,5.855070156183953e-06,0.001375902794322116,0.001370047724165932,0
2023-03-24T17:58:55Z,2023-03-24T17:59:00Z,1.2720667032653857e-06,0.0013710498171000964,0.0013723218838033618,0
2023-03-24T17:58:55Z,2023-03-24T17:59:00Z,9.768124197884675e-06,0.0013661346701242312,0.001375902794322116,0
2023-03-24T17:58:55Z,2023-03-24T17:59:00Z,3.854614564543319e-06,0.001367195202535553,0.0013710498171000964,0
2023-03-24T17:58:55Z,2023-03-24T17:59:00Z,9.327652936100966e-07,0.0013670674354178413,0.0013661346701242312,0
2023-03-24T17:58:55Z,2023-03-24T17:59:00Z,7.533234955370586e-06,0.0013747284374909237,0.001367195202535553,0
2023-03-24T17:58:55Z,2023-03-24T17:59:00Z,1.24096896340041e-06,0.0013683084043812418,0.0013670674354178413,0
2023-03-24T17:58:55Z,2023-03-24T17:59:00Z,1.028778126353747e-05,0.0013644406562273862,0.0013747284374909237,0
2023-03-24T17:58:55Z,2023-03-24T17:59:00Z,3.699360652661618e-07,0.001368678340446508,0.0013683084043812418,0
2023-03-24T17:58:55Z,2023-03-24T17:59:00Z,1.7673797975853315e-05,0.0013821144542032395,0.0013644406562273862,0
2023-03-24T17:58:55Z,2023-03-24T17:59:00Z,2.185650336572931e-05,0.0013905348438122372,0.001368678340446508,0
2023-03-24T17:58:55Z,2023-03-24T17:59:00Z,2.1782023699893098e-05,0.0014038964779031326,0.0013821144542032395,0
2023-03-24T17:58:55Z,2023-03-24T17:59:00Z,1.918124972296459e-05,0.0014097160935352018,0.0013905348438122372,0
2023-03-24T17:58:55Z,2023-03-24T17:59:00Z,9.239688994255174e-06,0.0014131361668973878,0.0014038964779031326,0
2023-03-24T17:58:55Z,2023-03-24T17:59:00Z,1.476638582187731e-05,0.0014244824793570791,0.0014097160935352018,0
2023-03-24T17:58:55Z,2023-03-24T17:59:00Z,2.1229247508023187e-05,0.001434365414405411,0.0014131361668973878,0
2023-03-24T17:58:55Z,2023-03-24T17:59:00Z,1.5701508324334357e-05,0.0014401839876814135,0.0014244824793570791,0
2023-03-24T17:58:55Z,2023-03-24T17:59:00Z,1.1216150597994669e-05,0.0014455815650034056,0.001434365414405411,0
2023-03-24T17:58:55Z,2023-03-24T17:59:00Z,1.2090715589686872e-05,0.0014522747032711004,0.0014401839876814135,0
2023-03-24T17:58:55Z,2023-03-24T17:59:00Z,1.017385948250257e-05,0.0014557554244859082,0.0014455815650034056,0
2023-03-24T17:58:55Z,2023-03-24T17:59:00Z,5.849072248799219e-06,0.0014581237755198996,0.0014522747032711004,0
2023-03-24T17:58:55Z,2023-03-24T17:59:00Z,3.6692166039452648e-06,0.0014594246410898535,0.0014557554244859082,0
2023-03-24T17:58:55Z,2023-03-24T17:59:00Z,6.954604070700783e-06,0.0014650783795906004,0.0014581237755198996,0
2023-03-24T17:58:55Z,2023-03-24T17:59:00Z,1.9531135615386908e-05,0.0014789557767052404,0.0014594246410898535,0
2023-03-24T17:58:55Z,2023-03-24T17:59:00Z,1.1877393820263057e-05,0.0014769557734108634,0.0014650783795906004,0
2023-03-24T17:58:55Z,2023-03-24T17:59:00Z,2.3681300335945572e-06,0.0014765876466716458,0.0014789557767052404,0
2023-03-24T17:58:55Z,2023-03-24T17:59:00Z,1.1474878966170714e-05,0.0014654808944446927,0.0014769557734108634,0
2023-03-24T17:58:55Z,2023-03-24T17:59:00Z,2.0398198339968178e-05,0.0014561894483316776,0.0014765876466716458,0
2023-03-24T17:58:55Z,2023-03-24T17:59:00Z,1.6403896306531936e-05,0.0014490769981381608,0.0014654808944446927,0
2023-03-24T17:58:55Z,2023-03-24T17:59:00Z,5.255051109723458e-06,0.0014509343972219542,0.0014561894483316776,0
2023-03-24T17:58:55Z,2023-03-24T17:59:00Z,7.12352927202827e-06,0.001456200527410189,0.0014490769981381608,0
2023-03-24T17:58:55Z,2023-03-24T17:59:00Z,5.687765524987247e-06,0.0014566221627469414,0.0014509343972219542,0
2023-03-24T17:58:55Z,2023-03-24T17:59:00Z,7.195934798217337e-06,0.0014490045926119717,0.001456200527410189,0
2023-03-24T17:58:55Z,2023-03-24T17:59:00Z,6.7152562801195415e-06,0.001449906906466822,0.0014566221627469414,0
2023-03-24T17:58:55Z,2023-03-24T17:59:00Z,7.285122278668198e-06,0.0014417194703333035,0.0014490045926119717,0
2023-03-24T17:58:55Z,2023-03-24T17:59:00Z,4.326261445812074e-06,0.0014455806450210098,0.001449906906466822,0
2023-03-24T17:58:55Z,2023-03-24T17:59:00Z,2.697621953092399e-06,0.001439021848380211,0.0014417194703333035,0
2023-03-24T17:58:55Z,2023-03-24T17:59:00Z,1.0446634096310508e-05,0.0014351340109246993,0.0014455806450210098,0
2023-03-24T17:58:55Z,2023-03-24T17:59:00Z,4.5302830114059625e-07,0.0014394748766813517,0.001439021848380211,0
2023-03-24T17:58:55Z,2023-03-24T17:59:00Z,7.447880886436112e-07,0.0014343892228360557,0.0014351340109246993,0
2023-03-24T17:58:55Z,2023-03-24T17:59:00Z,7.529778080599993e-06,0.0014319450986007517,0.0014394748766813517,0
2023-03-24T17:58:55Z,2023-03-24T17:59:00Z,3.920251337272314e-06,0.0014304689714987834,0.0014343892228360557,0
2023-03-24T17:58:55Z,2023-03-24T17:59:00Z,2.4099024759798894e-07,0.0014321860888483497,0.0014319450986007517,0
2023-03-24T17:58:55Z,2023-03-24T17:59:00Z,1.5404075241493703e-08,0.0014304843755740249,0.0014304689714987834,0
2023-03-24T17:58:55Z,2023-03-24T17:59:00Z,2.428436391871923e-06,0.0014297576524564778,0.0014321860888483497,0
2023-03-24T17:58:55Z,2023-03-24T17:59:00Z,6.944072813752471e-06,0.0014235403027602724,0.0014304843755740249,0
2023-03-24T17:58:55Z,2023-03-24T17:59:00Z,1.1938258029894943e-05,0.0014178193944265828,0.0014297576524564778,0
2023-03-24T17:58:55Z,2023-03-24T17:59:00Z,3.2365271144152614e-06,0.0014203037756458572,0.0014235403027602724,0
2023-03-24T17:58:55Z,2023-03-24T17:59:00Z,1.0640323146033932e-05,0.001407179071280549,0.0014178193944265828,0
2023-03-24T17:58:55Z,2023-03-24T17:59:00Z,1.264787955312192e-05,0.0014076558960927352,0.0014203037756458572,0
2023-03-24T17:58:55Z,2023-03-24T17:59:00Z,1.0869038992555001e-05,0.001396310032287994,0.001407179071280549,0
2023-03-24T17:58:55Z,2023-03-24T17:59:00Z,1.5113327451307581e-05,0.0013925425686414277,0.0014076558960927352,0
2023-03-24T17:58:55Z,2023-03-24T17:59:00Z,6.786796179687228e-07,0.0013969887119059626,0.001396310032287994,0
2023-03-24T17:58:55Z,2023-03-24T17:59:00Z,5.405757244914336e-06,0.001397948325886342,0.0013925425686414277,0
2023-03-24T17:58:55Z,2023-03-24T17:59:00Z,2.138936618864551e-06,0.0013991276485248272,0.0013969887119059626,0
2023-03-24T17:58:55Z,2023-03-24T17:59:00Z,1.8293427892347811e-06,0.0013961189830971072,0.001397948325886342,0
2023-03-24T17:58:55Z,2023-03-24T17:59:00Z,2.2156751685556853e-06,0.0014013433236933829,0.0013991276485248272,0
2023-03-24T17:58:55Z,2023-03-24T17:59:00Z,1.3687262078228117e-05,0.0014098062451753353,0.0013961189830971072,0
2023-03-24T17:58:55Z,2023-03-24T17:59:00Z,2.8214994855528183e-06,0.0014041648231789357,0.0014013433236933829,0
2023-03-24T17:58:55Z,2023-03-24T17:59:00Z,7.537555777568233e-06,0.0014173438009529036,0.0014098062451753353,0
2023-03-24T17:58:55Z,2023-03-24T17:59:00Z,8.24476302966541e-06,0.001412409586208601,0.0014041648231789357,0
2023-03-24T17:58:55Z,2023-03-24T17:59:00Z,3.1188443563499e-07,0.0014170319165172686,0.0014173438009529036,0
2023-03-24T17:58:55Z,2023-03-24T17:59:00Z,1.5468414322468947e-05,0.00142787800053107,0.001412409586208601,0
2023-03-24T17:58:55Z,2023-03-24T17:59:00Z,1.4446096088127029e-05,0.0014314780126053956,0.0014170319165172686,0
2023-03-24T17:58:55Z,2023-03-24T17:59:00Z,4.142494311619362e-06,0.0014320204948426894,0.00142787800053107,0
2023-03-24T17:58:55Z,2023-03-24T17:59:00Z,9.630305113827922e-07,0.0014324410431167784,0.0014314780126053956,0
2023-03-24T17:58:55Z,2023-03-24T17:59:00Z,1.9851301050900338e-06,0.0014300353647375994,0.0014320204948426894,0
2023-03-24T17:58:55Z,2023-03-24T17:59:00Z,9.371801784469752e-06,0.0014230692413323086,0.0014324410431167784,0
2023-03-24T17:58:55Z,2023-03-24T17:59:00Z,7.573337854430932e-06,0.0014224620268831684,0.0014300353647375994,0
2023-03-24T17:58:55Z,2023-03-24T17:59:00Z,1.369504256948091e-05,0.0014367642839017895,0.0014230692413323086,0
2023-03-24T17:58:55Z,2023-03-24T17:59:00Z,1.5218696917054884e-05,0.0014376807238002233,0.0014224620268831684,0
2023-03-24T17:58:55Z,2023-03-24T17:59:00Z,2.0089891191936264e-06,0.001434755294782596,0.0014367642839017895,0
2023-03-24T17:58:55Z,2023-03-24T17:59:00Z,5.776289675273874e-06,0.0014434570134754972,0.0014376807238002233,0
2023-03-24T17:58:55Z,2023-03-24T17:59:00Z,1.1671970176705456e-05,0.0014464272649593014,0.001434755294782596,0
2023-03-24T17:58:55Z,2023-03-24T17:59:00Z,1.037549960339378e-06,0.0014444945634358366,0.0014434570134754972,0
2023-03-24T17:58:55Z,2023-03-24T17:59:00Z,1.464629352635827e-06,0.0014478918943119372,0.0014464272649593014,0
2023-03-24T17:58:55Z,2023-03-24T17:59:00Z,6.145752333036516e-06,0.001450640315768873,0.0014444945634358366,0
2023-03-24T17:58:55Z,2023-03-24T17:59:00Z,2.165264633814147e-06,0.001445726629678123,0.0014478918943119372,0
2023-03-24T17:58:55Z,2023-03-24T17:59:00Z,5.8314152271453975e-06,0.0014564717309960185,0.001450640315768873,0
2023-03-24T17:58:55Z,2023-03-24T17:59:00Z,1.2320831963807e-05,0.00145804746164193,0.001445726629678123,0
2023-03-24T17:58:55Z,2023-03-24T17:59:00Z,3.407848456111551e-06,0.00145987957945213,0.0014564717309960185,0
2023-03-24T17:58:55Z,2023-03-24T17:59:00Z,2.4825499903538724e-06,0.001460530011632284,0.00145804746164193,0
2023-03-24T17:58:55Z,2023-03-24T17:59:00Z,1.7931918661632986e-06,0.0014616727713182933,0.00145987957945213,0
2023-03-24T17:58:55Z,2023-03-24T17:59:00Z,2.446023930467549e-06,0.0014580839877018164,0.001460530011632284,0
2023-03-24T17:58:55Z,2023-03-24T17:59:00Z,3.4630410116584694e-06,0.0014582097303066349,0.0014616727713182933,0
2023-03-24T17:58:55Z,2023-03-24T17:59:00Z,1.8279445721824418e-06,0.0014599119322739988,0.0014580839877018164,0
2023-03-24T17:58:55Z,2023-03-24T17:59:00Z,9.074894728289262e-06,0.0014672846250349241,0.0014582097303066349,0
2023-03-24T17:58:55Z,2023-03-24T17:59:00Z,1.4468865128142638e-05,0.0014743807974021415,0.0014599119322739988,0
2023-03-24T17:58:55Z,2023-03-24T17:59:00Z,1.0147925517334927e-05,0.001477432550552259,0.0014672846250349241,0
2023-03-24T17:58:55Z,2023-03-24T17:59:00Z,3.6456804645931297e-06,0.0014707351169375483,0.0014743807974021415,0
2023-03-24T17:58:55Z,2023-03-24T17:59:00Z,3.65620979693752e-06,0.0014737763407553215,0.001477432550552259,0
2023-03-24T17:58:55Z,2023-03-24T17:59:00Z,3.347398441187494e-07,0.0014704003770934296,0.0014707351169375483,0
2023-03-24T17:58:55Z,2023-03-24T17:59:00Z,6.1023357776593835e-06,0.0014676740049776621,0.0014737763407553215,0
2023-03-24T17:58:55Z,2023-03-24T17:59:00Z,2.802211925945642e-06,0.001467598165167484,0.0014704003770934296,0
2023-03-24T17:58:55Z,2023-03-24T17:59:00Z,9.368929286329361e-08,0.0014677676942705254,0.0014676740049776621,0
2023-03-24T17:58:55Z,2023-03-24T17:59:00Z,1.961111177058465e-05,0.0014479870533968993,0.001467598165167484,0
2023-03-24T17:58:55Z,2023-03-24T17:59:00Z,1.794495398614723e-05,0.0014498227402843782,0.0014677676942705254,0
2023-03-24T17:58:55Z,2023-03-24T17:59:00Z,7.127553452697518e-06,0.0014408594999442018,0.0014479870533968993,0
2023-03-24T17:58:55Z,2023-03-24T17:59:00Z,1.3776755525729068e-05,0.0014360459847586491,0.0014498227402843782,0
2023-03-24T17:58:55Z,2023-03-24T17:59:00Z,5.8451955864706126e-08,0.001440801047988337,0.0014408594999442018,0
2023-03-24T17:58:55Z,2023-03-24T17:59:00Z,5.208540300733876e-07,0.0014355251307285757,0.0014360459847586491,0
2023-03-24T17:58:55Z,2023-03-24T17:59:00Z,5.934356367694443e-06,0.0014348666916206426,0.001440801047988337,0
2023-03-24T17:58:55Z,2023-03-24T17:59:00Z,6.052404610456998e-06,0.0014415775353390327,0.0014355251307285757,0
2023-03-24T17:58:55Z,2023-03-24T17:59:00Z,6.894919994342337e-06,0.001441761611614985,0.0014348666916206426,0
2023-03-24T17:58:55Z,2023-03-24T17:59:00Z,7.529216822232737e-06,0.0014491067521612655,0.0014415775353390327,0
2023-03-24T17:58:55Z,2023-03-24T17:59:00Z,7.0170308612460715e-06,0.001448778642476231,0.001441761611614985,0
2023-03-24T17:58:55Z,2023-03-24T17:59:00Z,8.32297023458631e-06,0.0014407837819266792,0.0014491067521612655,0
2023-03-24T17:58:55Z,2023-03-24T17:59:00Z,4.295183335764185e-06,0.0014444834591404668,0.001448778642476231,0
2023-03-24T17:58:55Z,2023-03-24T17:59:00Z,1.5244487567364932e-05,0.001456028269494044,0.0014407837819266792,0
2023-03-24T17:58:55Z,2023-03-24T17:59:00Z,2.6877711373860663e-06,0.001447171230277853,0.0014444834591404668,0
2023-03-24T17:58:55Z,2023-03-24T17:59:00Z,9.638248714917983e-06,0.0014463900207791261,0.001456028269494044,0
2023-03-24T17:58:55Z,2023-03-24T17:59:00Z,4.098384465277445e-07,0.0014475810687243807,0.001447171230277853,0
2023-03-24T17:58:55Z,2023-03-24T17:59:00Z,8.626945137107326e-06,0.0014550169659162334,0.0014463900207791261,0
2023-03-24T17:58:55Z,2023-03-24T17:59:00Z,1.1856591050231954e-05,0.0014594376597746126,0.0014475810687243807,0
2023-03-24T17:58:55Z,2023-03-24T17:59:00Z,1.0148027876115667e-05,0.0014651649937923491,0.0014550169659162334,0
2023-03-24T17:58:55Z,2023-03-24T17:59:00Z,6.967261582643434e-06,0.001466404921357256,0.0014594376597746126,0
2023-03-24T17:58:55Z,2023-03-24T17:59:00Z,1.557217389671706e-06,0.0014667222111820208,0.0014651649937923491,0
2023-03-24T17:58:55Z,2023-03-24T17:59:00Z,6.756749584280837e-06,0.0014596481717729752,0.001466404921357256,0
2023-03-24T17:58:55Z,2023-03-24T17:59:00Z,1.0333300901135128e-05,0.0014563889102808857,0.0014667222111820208,0
2023-03-24T17:58:55Z,2023-03-24T17:59:00Z,3.012302029359792e-06,0.0014566358697436154,0.0014596481717729752,0
2023-03-24T17:58:55Z,2023-03-24T17:59:00Z,8.496893459493653e-06,0.001447892016821392,0.0014563889102808857,0
2023-03-24T17:58:55Z,2023-03-24T17:59:00Z,4.3708389852103666e-06,0.001452265030758405,0.0014566358697436154,0
2023-03-24T17:58:55Z,2023-03-24T17:59:00Z,2.0489266280823617e-06,0.0014499409434494744,0.001447892016821392,0
2023-03-24T17:58:55Z,2023-03-24T17:59:00Z,3.1229972122270074e-06,0.001449142033546178,0.001452265030758405,0
2023-03-24T17:58:55Z,2023-03-24T17:59:00Z,3.575002820058659e-06,0.0014463659406294157,0.0014499409434494744,0
2023-03-24T17:58:55Z,2023-03-24T17:59:00Z,2.707918777125574e-06,0.0014518499523233036,0.001449142033546178,0
2023-03-24T17:58:55Z,2023-03-24T17:59:00Z,3.015553207916851e-06,0.0014493814938373326,0.0014463659406294157,0
2023-03-24T17:58:55Z,2023-03-24T17:59:00Z,6.305276654833226e-06,0.0014581552289781368,0.0014518499523233036,0
2023-03-24T17:58:55Z,2023-03-24T17:59:00Z,5.8121029520694e-06,0.001455193596789402,0.0014493814938373326,0
2023-03-24T17:58:55Z,2023-03-24T17:59:00Z,6.799385749053401e-06,0.0014513558432290834,0.0014581552289781368,0
2023-03-24T17:58:55Z,2023-03-24T17:59:00Z,4.02939242336183e-06,0.0014511642043660402,0.001455193596789402,0
2023-03-24T17:58:55Z,2023-03-24T17:59:00Z,6.1447792347511885e-06,0.0014575006224638346,0.0014513558432290834,0
2023-03-24T17:58:55Z,2023-03-24T17:59:00Z,9.172095490452134e-06,0.0014603362998564923,0.0014511642043660402,0
2023-03-24T17:58:55Z,2023-03-24T17:59:00Z,1.1317302197433364e-05,0.001468817924661268,0.0014575006224638346,0
2023-03-24T17:58:55Z,2023-03-24T17:59:00Z,1.0630517199697537e-05,0.0014709668170561898,0.0014603362998564923,0
2023-03-24T17:58:55Z,2023-03-24T17:59:00Z,9.838986665346508e-06,0.0014589789379959215,0.001468817924661268,0
2023-03-24T17:58:55Z,2023-03-24T17:59:00Z,1.671973743587224e-05,0.0014542470796203176,0.0014709668170561898,0
2023-03-24T17:58:55Z,2023-03-24T17:59:00Z,2.979836272041592e-06,0.00145599910172388,0.0014589789379959215,0
2023-03-24T17:58:55Z,2023-03-24T17:59:00Z,9.234650463166511e-06,0.001445012429157151,0.0014542470796203176,0
2023-03-24T17:58:55Z,2023-03-24T17:59:00Z,8.820195864249177e-06,0.0014471789058596307,0.00145599910172388,0
2023-03-24T17:58:55Z,2023-03-24T17:59:00Z,1.1339603647848471e-05,0.0014336728255093026,0.001445012429157151,0
2023-03-24T17:58:55Z,2023-03-24T17:59:00Z,2.3682093190921906e-05,0.0014234968126687088,0.0014471789058596307,1
2023-03-24T17:58:55Z,2023-03-24T17:59:00Z,5.872026629268534e-06,0.001427800798880034,0.0014336728255093026,1
2023-03-24T17:58:55Z,2023-03-24T17:59:00Z,1.1242765999670227e-06,0.0014223725360687418,0.0014234968126687088,1
2023-03-24T17:58:55Z,2023-03-24T17:59:00Z,1.7386843544719846e-05,0.0014104139553353142,0.001427800798880034,1
2023-03-24T17:58:55Z,2023-03-24T17:59:00Z,9.93194665480264e-06,0.0014124405894139391,0.0014223725360687418,1
2023-03-24T17:58:55Z,2023-03-24T17:59:00Z,3.4934964043345507e-06,0.0014069204589309797,0.0014104139553353142,1
2023-03-24T17:58:55Z,2023-03-24T17:59:00Z,6.229262230794978e-06,0.0014186698516447341,0.0014124405894139391,1
2023-03-24T17:58:55Z,2023-03-24T17:59:00Z,1.0532349513391265e-05,0.001417452808444371,0.0014069204589309797,1
2023-03-24T17:58:55Z,2023-03-24T17:59:00Z,3.5197601207627785e-06,0.001422189611765497,0.0014186698516447341,1
2023-03-24T17:58:55Z,2023-03-24T17:59:00Z,1.2091940248733354e-05,0.0014295447486931043,0.001417452808444371,1
2023-03-24T17:58:55Z,2023-03-24T17:59:00Z,8.207050267489049e-06,0.001430396662032986,0.001422189611765497,1
2023-03-24T17:58:55Z,2023-03-24T17:59:00Z,2.226215885007274e-06,0.0014317709645781116,0.0014295447486931043,1
2023-03-24T17:58:55Z,2023-03-24T17:59:00Z,1.0007813189104623e-05,0.0014404044752220906,0.001430396662032986,1
2023-03-24T17:58:55Z,2023-03-24T17:59:00Z,1.5801510841373292e-06,0.001433351115662249,0.0014317709645781116,1
2023-03-24T17:58:55Z,2023-03-24T17:59:00Z,6.698482697343978e-06,0.0014337059925247466,0.0014404044752220906,1
2023-03-24T17:58:55Z,2023-03-24T17:59:00Z,9.014088535831341e-07,0.001434252524515832,0.001433351115662249,1
2023-03-24T17:58:55Z,2023-03-24T17:59:00Z,5.5978591821681e-07,0.0014331462066065298,0.0014337059925247466,1
2023-03-24T17:58:55Z,2023-03-24T17:59:00Z,5.872938803098927e-06,0.001440125463318931,0.001434252524515832,1
2023-03-24T17:58:55Z,2023-03-24T17:59:00Z,7.615708383817846e-06,0.0014407619149903476,0.0014331462066065298,1
2023-03-24T17:58:55Z,2023-03-24T17:59:00Z,4.972860750893527e-06,0.0014351526025680374,0.001440125463318931,1
2023-03-24T17:58:55Z,2023-03-24T17:59:00Z,7.254634978638187e-06,0.0014335072800117094,0.0014407619149903476,1
2023-03-24T17:58:55Z,2023-03-24T17:59:00Z,7.710690601040945e-06,0.0014274419119669965,0.0014351526025680374,1
2023-03-24T17:58:55Z,2023-03-24T17:59:00Z,1.2589317605942764e-05,0.0014209179624057667,0.0014335072800117094,1
2023-03-24T17:58:55Z,2023-03-24T17:59:00Z,8.39603561864858e-07,0.0014282815155288613,0.0014274419119669965,1
2023-03-24T17:58:55Z,2023-03-24T17:59:00Z,1.3334530362914656e-05,0.0014342524927686813,0.0014209179624057667,0
2023-03-24T17:58:55Z,2023-03-24T17:59:00Z,2.0468547346642668e-05,0.001448750062875504,0.0014282815155288613,0
2023-03-24T17:58:55Z,2023-03-24T17:59:00Z,2.1496098197992244e-05,0.0014557485909666736,0.0014342524927686813,0
2023-03-24T17:58:55Z,2023-03-24T17:59:00Z,5.2965494520065826e-06,0.0014540466123275106,0.001448750062875504,0
2023-03-24T17:58:55Z,2023-03-24T17:59:00Z,4.892627372555646e-06,0.001450855963594118,0.0014557485909666736,0
2023-03-24T17:58:55Z,2023-03-24T17:59:00Z,1.4144051222646573e-06,0.001452632207205246,0.0014540466123275106,0
2023-03-24T17:58:55Z,2023-03-24T17:59:00Z,6.084898250539438e-06,0.0014569408618446574,0.001450855963594118,0
2023-03-24T17:58:55Z,2023-03-24T17:59:00Z,6.770956361639097e-06,0.0014458612508436068,0.001452632207205246,0
2023-03-24T17:58:55Z,2023-03-24T17:59:00Z,1.527277842513228e-05,0.001441668083419525,0.0014569408618446574,0
2023-03-24T17:58:55Z,2023-03-24T17:59:00Z,1.1836829875861267e-05,0.0014340244209677456,0.0014458612508436068,0
2023-03-24T17:58:55Z,2023-03-24T17:59:00Z,1.3078137338181977e-05,0.0014285899460813431,0.001441668083419525,0
2023-03-24T17:58:55Z,2023-03-24T17:59:00Z,7.236729628206685e-07,0.001433300748004925,0.0014340244209677456,0
2023-03-24T17:58:55Z,2023-03-24T17:59:00Z,1.7927066358145588e-06,0.0014267972394455286,0.0014285899460813431,0
2023-03-24T17:58:55Z,2023-03-24T17:59:00Z,8.20851836308336e-06,0.0014250922296418415,0.001433300748004925,1
2023-03-24T17:58:55Z,2023-03-24T17:59:00Z,6.183473416946587e-07,0.001426178892103834,0.0014267972394455286,1
2023-03-24T17:58:55Z,2023-03-24T17:59:00Z,1.1358936368465779e-06,0.001423956336004995,0.0014250922296418415,1
2023-03-24T17:58:55Z,2023-03-24T17:59:00Z,4.4376901047811935e-06,0.0014217412019990527,0.001426178892103834,1
2023-03-24T17:58:55Z,2023-03-24T17:59:00Z,7.2210038229488654e-06,0.001416735332182046,0.001423956336004995,1
2023-03-24T17:58:55Z,2023-03-24T17:59:00Z,9.185004096462631e-06,0.00141255619790259,0.0014217412019990527,1
2023-03-24T17:58:55Z,2023-03-24T17:59:00Z,7.178820384555256e-06,0.0014095565117974908,0.001416735332182046,1
2023-03-24T17:58:55Z,2023-03-24T17:59:00Z,1.072929693767921e-05,0.0014018269009649109,0.00141255619790259,1
2023-03-24T17:58:55Z,2023-03-24T17:59:00Z,1.036345161084984e-05,0.001399193060186641,0.0014095565117974908,1
2023-03-24T17:58:55Z,2023-03-24T17:59:00Z,1.6617473782534926e-07,0.0014016607262270855,0.0014018269009649109,1
2023-03-24T17:58:55Z,2023-03-24T17:59:00Z,3.04933807436774e-07,0.0013988881263792042,0.001399193060186641,1
2023-03-24T17:58:55Z,2023-03-24T17:59:00Z,5.0751983403324406e-06,0.001396585527886753,0.0014016607262270855,1
2023-03-24T17:58:55Z,2023-03-24T17:59:00Z,9.729566103269935e-06,0.0013891585602759343,0.0013988881263792042,1
2023-03-24T17:58:55Z,2023-03-24T17:59:00Z,4.88711469220156e-06,0.0013916984131945515,0.001396585527886753,1
2023-03-24T17:58:55Z,2023-03-24T17:59:00Z,2.1826781042219145e-05,0.0014109853413181534,0.0013891585602759343,1
2023-03-24T17:58:55Z,2023-03-24T17:59:00Z,2.501913054375011e-05,0.0014167175437383016,0.0013916984131945515,1
2023-03-24T17:58:55Z,2023-03-24T17:59:00Z,5.9028254167984e-06,0.0014168881667349518,0.0014109853413181534,1
2023-03-24T17:58:55Z,2023-03-24T17:59:00Z,1.414139210526022e-05,0.0014308589358435618,0.0014167175437383016,1
2023-03-24T17:58:55Z,2023-03-24T17:59:00Z,3.0240991820272567e-05,0.0014471291585552244,0.0014168881667349518,1
2023-03-24T17:58:55Z,2023-03-24T17:59:00Z,2.718692500902316e-05,0.001458045860852585,0.0014308589358435618,1
2023-03-24T17:58:55Z,2023-03-24T17:59:00Z,2.8741084055562303e-05,0.0014758702426107867,0.0014471291585552244,1
2023-03-24T17:58:55Z,2023-03-24T17:59:00Z,2.912282275320901e-05,0.001487168683605794,0.001458045860852585,1
2023-03-24T17:58:55Z,2023-03-24T17:59:00Z,1.8958473930506077e-05,0.0014948287165412928,0.0014758702426107867,1
2023-03-24T17:58:55Z,2023-03-24T17:59:00Z,3.7958214731776893e-07,0.0014875482657531118,0.001487168683605794,1
2023-03-24T17:58:55Z,2023-03-24T17:59:00Z,1.599765299620205e-05,0.0014788310635450907,0.0014948287165412928,1
2023-03-24T17:58:55Z,2023-03-24T17:59:00Z,2.0301764641549426e-05,0.0014672465011115624,0.0014875482657531118,1
2023-03-24T17:58:55Z,2023-03-24T17:59:00Z,3.5541720629916895e-06,0.001475276891482099,0.0014788310635450907,1
2023-03-24T17:58:55Z,2023-03-24T17:59:00Z,1.0776451707447806e-05,0.0014780229528190102,0.0014672465011115624,1
2023-03-24T17:58:55Z,2023-03-24T17:59:00Z,2.7370888652858416e-06,0.0014725398026168132,0.001475276891482099,1
2023-03-24T17:58:55Z,2023-03-24T17:59:00Z,4.060146324070006e-06,0.0014820830991430802,0.0014780229528190102,1
2023-03-24T17:58:55Z,2023-03-24T17:59:00Z,1.366944327543156e-05,0.0014862092458922448,0.0014725398026168132,1
2023-03-24T17:58:55Z,2023-03-24T17:59:00Z,1.7508828569981353e-05,0.0014995919277130615,0.0014820830991430802,1
2023-03-24T17:58:55Z,2023-03-24T17:59:00Z,2.3185921600677936e-05,0.0015093951674929227,0.0014862092458922448,1
2023-03-24T17:58:55Z,2023-03-24T17:59:00Z,1.3761277094654018e-05,0.0015133532048077155,0.0014995919277130615,1
2023-03-24T17:58:55Z,2023-03-24T17:59:00Z,3.6370973018342526e-06,0.001513032264794757,0.0015093951674929227,1
2023-03-24T17:58:55Z,2023-03-24T17:59:00Z,5.062410821550511e-07,0.0015138594458898706,0.0015133532048077155,1
2023-03-24T17:58:55Z,2023-03-24T17:59:00Z,3.821919995431388e-06,0.0015092103447993256,0.001513032264794757,1
2023-03-24T17:58:55Z,2023-03-24T17:59:00Z,1.2254963734569966e-05,0.0015016044821553006,0.0015138594458898706,1
2023-03-24T17:58:55Z,2023-03-24T17:59:00Z,1.0405555971408024e-05,0.0014988047888279175,0.0015092103447993256,1
2023-03-24T17:58:55Z,2023-03-24T17:59:00Z,9.4070572933399e-06,0.0014921974248619607,0.0015016044821553006,1
2023-03-24T17:58:55Z,2023-03-24T17:59:00Z,1.570988497040949e-06,0.0014972338003308766,0.0014988047888279175,1
2023-03-24T17:58:55Z,2023-03-24T17:59:00Z,2.0449943715578414e-06,0.0014942424192335186,0.0014921974248619607,1
2023-03-24T17:58:55Z,2023-03-24T17:59:00Z,1.5113954197427644e-05,0.001482119846133449,0.0014972338003308766,1
2023-03-24T17:58:55Z,2023-03-24T17:59:00Z,2.4333001152222278e-05,0.0014699094180812963,0.0014942424192335186,1
2023-03-24T17:58:55Z,2023-03-24T17:59:00Z,1.3708262504089075e-05,0.0014684115836293599,0.001482119846133449,1
2023-03-24T17:58:55Z,2023-03-24T17:59:00Z,9.07274867353587e-06,0.0014608366694077604,0.0014699094180812963,1
2023-03-24T17:58:55Z,2023-03-24T17:59:00Z,1.2847969559688904e-05,0.001455563614069671,0.0014684115836293599,1
2023-03-24T17:58:55Z,2023-03-24T17:59:00Z,1.990545032108334e-05,0.001440931219086677,0.0014608366694077604,1
2023-03-24T17:58:55Z,2023-03-24T17:59:00Z,1.2472811953739404e-05,0.0014430908021159316,0.001455563614069671,1
2023-03-24T17:58:55Z,2023-03-24T17:59:00Z,5.871960500910102e-06,0.0014468031795875872,0.001440931219086677,1
2023-03-24T17:58:55Z,2023-03-24T17:59:00Z,8.853010058703726e-06,0.0014342377920572278,0.0014430908021159316,1
2023-03-24T17:58:55Z,2023-03-24T17:59:00Z,1.3142962060076193e-05,0.001433660217527511,0.0014468031795875872,1
2023-03-24T17:58:55Z,2023-03-24T17:59:00Z,1.2997157328340728e-06,0.0014329380763243938,0.0014342377920572278,1
2023-03-24T17:58:55Z,2023-03-24T17:59:00Z,7.763922604338454e-06,0.0014258962949231725,0.001433660217527511,1
2023-03-24T17:58:55Z,2023-03-24T17:59:00Z,1.4666736016977601e-05,0.0014182713403074162,0.0014329380763243938,1
2023-03-24T17:58:55Z,2023-03-24T17:59:00Z,7.722235461106713e-06,0.0014181740594620658,0.0014258962949231725,1
2023-03-24T17:58:55Z,2023-03-24T17:59:00Z,2.038394419576206e-07,0.0014180675008654586,0.0014182713403074162,1
2023-03-24T17:58:55Z,2023-03-24T17:59:00Z,3.4507929040799613e-06,0.0014147232665579859,0.0014181740594620658,1
2023-03-24T17:58:55Z,2023-03-24T17:59:00Z,1.3219843083957109e-05,0.0014048476577815014,0.0014180675008654586,1
2023-03-24T17:58:55Z,2023-03-24T17:59:00Z,2.3850810664742105e-06,0.0014123381854915117,0.0014147232665579859,1
2023-03-24T17:58:55Z,2023-03-24T17:59:00Z,2.1370729247017096e-05,0.0014262183870285185,0.0014048476577815014,1
2023-03-24T17:58:55Z,2023-03-24T17:59:00Z,6.019103411176226e-06,0.0014183572889026879,0.0014123381854915117,1
2023-03-24T17:58:55Z,2023-03-24T17:59:00Z,4.912601008920511e-06,0.001421305786019598,0.0014262183870285185,1
2023-03-24T17:58:55Z,2023-03-24T17:59:00Z,4.827817916980021e-07,0.0014178745071109899,0.0014183572889026879,1
2023-03-24T17:58:55Z,2023-03-24T17:59:00Z,2.9726809197090295e-06,0.001418333105099889,0.001421305786019598,1
2023-03-24T17:58:55Z,2023-03-24T17:59:00Z,9.08822805709207e-06,0.0014087862790538978,0.0014178745071109899,1
2023-03-24T17:58:55Z,2023-03-24T17:59:00Z,6.8417523222997784e-06,0.0014114913527775892,0.001418333105099889,1
2023-03-24T17:58:55Z,2023-03-24T17:59:00Z,2.267489363084801e-06,0.0014110537684169826,0.0014087862790538978,1
2023-03-24T17:58:55Z,2023-03-24T17:59:00Z,1.8789715671657745e-06,0.0014096123812104234,0.0014114913527775892,1
2023-03-24T17:58:55Z,2023-03-24T17:59:00Z,8.151390268681166e-06,0.0014029023781483014,0.0014110537684169826,1
2023-03-24T17:58:55Z,2023-03-24T17:59:00Z,1.0887125452624206e-05,0.0013987252557577992,0.0014096123812104234,1
2023-03-24T17:58:55Z,2023-03-24T17:59:00Z,1.678786242316206e-05,0.0013861145157251394,0.0014029023781483014,1
2023-03-24T17:58:55Z,2023-03-24T17:59:00Z,1.373160036369182e-05,0.0013849936553941074,0.0013987252557577992,1
2023-03-24T17:58:55Z,2023-03-24T17:59:00Z,6.341832825261431e-06,0.0013924563485504008,0.0013861145157251394,1
2023-03-24T17:58:55Z,2023-03-24T17:59:00Z,9.16076975482718e-06,0.0013941544251489346,0.0013849936553941074,1
2023-03-24T17:58:55Z,2023-03-24T17:59:00Z,3.1589495745618437e-06,0.0013956152981249627,0.0013924563485504008,1
2023-03-24T17:58:55Z,2023-03-24T17:59:00Z,2.7793413642407568e-06,0.0013969337665131754,0.0013941544251489346,1
2023-03-24T17:58:55Z,2023-03-24T17:59:00Z,8.764467071205578e-06,0.0014043797651961682,0.0013956152981249627,1
2023-03-24T17:58:55Z,2023-03-24T17:59:00Z,9.597756270590717e-06,0.001406531522783766,0.0013969337665131754,1
2023-03-24T17:58:55Z,2023-03-24T17:59:00Z,1.3510689591801411e-05,0.0014178904547879696,0.0014043797651961682,1
2023-03-24T17:58:55Z,2023-03-24T17:59:00Z,1.7422632529807188e-05,0.0014239541553135733,0.001406531522783766,1
2023-03-24T17:58:55Z,2023-03-24T17:59:00Z,5.113256718448315e-06,0.001423003711506418,0.0014178904547879696,1
2023-03-24T17:58:55Z,2023-03-24T17:59:00Z,1.3769782541391343e-05,0.0014377239378549646,0.0014239541553135733,1
2023-03-24T17:58:55Z,2023-03-24T17:59:00Z,2.4868300908667713e-05,0.0014478720124150857,0.001423003711506418,1
2023-03-24T17:58:55Z,2023-03-24T17:59:00Z,1.3288639946750511e-05,0.0014510125778017151,0.0014377239378549646,0
2023-03-24T17:58:55Z,2023-03-24T17:59:00Z,2.238626738728733e-06,0.001445633385676357,0.0014478720124150857,0
2023-03-24T17:58:55Z,2023-03-24T17:59:00Z,4.636177308737707e-06,0.0014556487551104528,0.0014510125778017151,0
2023-03-24T17:58:55Z,2023-03-24T17:59:00Z,1.8454930672636176e-05,0.0014640883163489931,0.001445633385676357,0
2023-03-24T17:58:55Z,2023-03-24T17:59:00Z,1.640702923308402e-05,0.0014720557843435368,0.0014556487551104528,0
2023-03-24T17:58:55Z,2023-03-24T17:59:00Z,1.3341350388611619e-05,0.0014774296667376047,0.0014640883163489931,0
2023-03-24T17:58:55Z,2023-03-24T17:59:00Z,4.0798164906165856e-06,0.0014761356008341534,0.0014720557843435368,0
2023-03-24T17:58:55Z,2023-03-24T17:59:00Z,1.2735413153824784e-06,0.0014787032080529872,0.0014774296667376047,0
2023-03-24T17:58:55Z,2023-03-24T17:59:00Z,4.09592008589134e-06,0.001472039680748262,0.0014761356008341534,0
2023-03-24T17:58:55Z,2023-03-24T17:59:00Z,6.419502160975692e-06,0.0014722837058920115,0.0014787032080529872,0
2023-03-24T17:58:55Z,2023-03-24T17:59:00Z,9.047679453396199e-07,0.0014729444486936017,0.001472039680748262,0
2023-03-24T17:58:55Z,2023-03-24T17:59:00Z,5.288477604136572e-06,0.001477572183496148,0.0014722837058920115,0
2023-03-24T17:58:55Z,2023-03-24T17:59:00Z,6.040772941872958e-07,0.0014723403713994144,0.0014729444486936017,0
2023-03-24T17:58:55Z,2023-03-24T17:59:00Z,1.5904358026669037e-05,0.001461667825469479,0.001477572183496148,0
2023-03-24T17:58:55Z,2023-03-24T17:59:00Z,8.657371803545439e-06,0.001463682999595869,0.0014723403713994144,0
2023-03-24T17:58:55Z,2023-03-24T17:59:00Z,3.6237409530147802e-06,0.0014580440845164643,0.001461667825469479,0
2023-03-24T17:58:55Z,2023-03-24T17:59:00Z,7.151890935153289e-06,0.0014565311086607157,0.001463682999595869,0
2023-03-24T17:58:55Z,2023-03-24T17:59:00Z,3.7158996744541314e-06,0.0014543281848420101,0.0014580440845164643,0
2023-03-24T17:58:55Z,2023-03-24T17:59:00Z,3.891460869205436e-06,0.0014526396477915102,0.0014565311086607157,0
2023-03-24T17:58:55Z,2023-03-24T17:59:00Z,3.8225938764042e-05,0.0014161022460779681,0.0014543281848420101,0
2023-03-24T17:58:55Z,2023-03-24T17:59:00Z,4.088503178230319e-05,0.001411754616009207,0.0014526396477915102,0
2023-03-24T17:58:55Z,2023-03-24T17:59:00Z,7.8016117762618e-06,0.0014083006343017063,0.0014161022460779681,0
2023-03-24T17:58:55Z,2023-03-24T17:59:00Z,4.498107615788158e-06,0.001407256508393419,0.001411754616009207,0
2023-03-24T17:58:55Z,2023-03-24T17:59:00Z,1.1367836497344023e-06,0.001407163850651972,0.0014083006343017063,0
2023-03-24T17:58:55Z,2023-03-24T17:59:00Z,3.1728095469354175e-06,0.0014040836988464835,0.001407256508393419,0
2023-03-24T17:58:55Z,2023-03-24T17:59:00Z,2.2999934544461675e-05,0.0013841639161075103,0.001407163850651972,0
2023-03-24T17:58:55Z,2023-03-24T17:59:00Z,2.7896231878913116e-05,0.0013761874669675704,0.0014040836988464835,0
2023-03-24T17:58:55Z,2023-03-24T17:59:00Z,1.3887338193596362e-05,0.001370276577913914,0.0013841639161075103,0
2023-03-24T17:58:55Z,2023-03-24T17:59:00Z,1.5835840949957958e-05,0.0013603516260176124,0.0013761874669675704,0
2023-03-24T17:58:55Z,2023-03-24T17:59:00Z,1.2133899375794217e-05,0.0013581426785381197,0.001370276577913914,0
2023-03-24T17:58:55Z,2023-03-24T17:59:00Z,7.012062094599461e-06,0.001353339563923013,0.0013603516260176124,0
2023-03-24T17:58:55Z,2023-03-24T17:59:00Z,1.5697564940375794e-05,0.001342445113597744,0.0013581426785381197,0
2023-03-24T17:58:55Z,2023-03-24T17:59:00Z,1.221248734569651e-05,0.0013411270765773164,0.001353339563923013,0
2023-03-24T17:58:55Z,2023-03-24T17:59:00Z,1.0776534635333719e-05,0.0013316685789624102,0.001342445113597744,0
2023-03-24T17:58:55Z,2023-03-24T17:59:00Z,1.509470647254106e-05,0.0013260323701047754,0.0013411270765773164,0
2023-03-24T17:58:55Z,2023-03-24T17:59:00Z,5.489975096979521e-06,0.0013261786038654307,0.0013316685789624102,0
2023-03-24T17:58:55Z,2023-03-24T17:59:00Z,4.426995630418254e-06,0.0013304593657351936,0.0013260323701047754,0
2023-03-24T17:58:55Z,2023-03-24T17:59:00Z,1.3701380375845049e-06,0.0013275487419030152,0.0013261786038654307,0
2023-03-24T17:58:55Z,2023-03-24T17:59:00Z,8.142435243238197e-06,0.0013223169304919554,0.0013304593657351936,0
2023-03-24T17:58:55Z,2023-03-24T17:59:00Z,9.261908048806278e-07,0.0013266225510981345,0.0013275487419030152,0
2023-03-24T17:58:55Z,2023-03-24T17:59:00Z,4.7021771296272465e-06,0.0013270191076215827,0.0013223169304919554,0
2023-03-24T17:58:55Z,2023-03-24T17:59:00Z,9.299673614576384e-07,0.001325692583736677,0.0013266225510981345,0
2023-03-24T17:58:55Z,2023-03-24T17:59:00Z,4.4389800458555055e-07,0.0013265752096169971,0.0013270191076215827,0
2023-03-24T17:58:55Z,2023-03-24T17:59:00Z,5.3167810072740455e-06,0.001331009364743951,0.001325692583736677,0
2023-03-24T17:58:55Z,2023-03-24T17:59:00Z,9.286011612581182e-06,0.0013358612212295783,0.0013265752096169971,0
2023-03-24T17:58:55Z,2023-03-24T17:59:00Z,1.3069943417447563e-06,0.0013297023704022062,0.001331009364743951,0
2023-03-24T17:58:55Z,2023-03-24T17:59:00Z,3.7662378441181976e-06,0.0013320949833854601,0.0013358612212295783,0
2023-03-24T17:58:55Z,2023-03-24T17:59:00Z,5.9277657713234944e-06,0.0013356301361735297,0.0013297023704022062,0
2023-03-24T17:58:55Z,2023-03-24T17:59:00Z,4.0424268549479805e-06,0.001336137410240408,0.0013320949833854601,0
2023-03-24T17:58:55Z,2023-03-24T17:59:00Z,9.163899352234144e-06,0.0013447940355257638,0.0013356301361735297,0
2023-03-24T17:58:55Z,2023-03-24T17:59:00Z,1.0124313134569516e-05,0.0013462617233749776,0.001336137410240408,0
2023-03-24T17:58:55Z,2023-03-24T17:59:00Z,4.611605063427598e-06,0.0013494056405891914,0.0013447940355257638,0
2023-03-24T17:58:55Z,2023-03-24T17:59:00Z,2.5829003431065978e-06,0.001343678823031871,0.0013462617233749776,0
2023-03-24T17:58:55Z,2023-03-24T17:59:00Z,9.527067501637369e-06,0.001339878573087554,0.0013494056405891914,0
2023-03-24T17:58:55Z,2023-03-24T17:59:00Z,2.3937630580469268e-06,0.001341285059973824,0.001343678823031871,0
2023-03-24T17:58:55Z,2023-03-24T17:59:00Z,3.579316995038027e-05,0.0013756717430379343,0.001339878573087554,0
2023-03-24T17:58:55Z,2023-03-24T17:59:00Z,4.077851146149099e-05,0.001382063571435315,0.001341285059973824,0
2023-03-24T17:58:55Z,2023-03-24T17:59:00Z,1.044212733252543e-05,0.0013861138703704597,0.0013756717430379343,0
2023-03-24T17:58:55Z,2023-03-24T17:59:00Z,3.3320747876779914e-06,0.001385395646222993,0.001382063571435315,0
2023-03-24T17:58:55Z,2023-03-24T17:59:00Z,1.6191655665847605e-06,0.0013877330359370445,0.0013861138703704597,0
2023-03-24T17:58:55Z,2023-03-24T17:59:00Z,7.850510108388907e-07,0.0013846105952121542,0.001385395646222993,0
2023-03-24T17:58:55Z,2023-03-24T17:59:00Z,2.504393169439241e-06,0.0013902374291064837,0.0013877330359370445,0
2023-03-24T17:58:55Z,2023-03-24T17:59:00Z,8.31415395573373e-07,0.0013837791798165808,0.0013846105952121542,0
2023-03-24T17:58:55Z,2023-03-24T17:59:00Z,1.0295502450952381e-05,0.0013799419266555314,0.0013902374291064837,0
2023-03-24T17:58:55Z,2023-03-24T17:59:00Z,3.883475666161288e-06,0.0013798957041504195,0.0013837791798165808,0
2023-03-24T17:58:55Z,2023-03-24T17:59:00Z,3.201588303053393e-06,0.0013831435149585848,0.0013799419266555314,0
2023-03-24T17:58:55Z,2023-03-24T17:59:00Z,1.0705486400965471e-05,0.001390601190551385,0.0013798957041504195,0
2023-03-24T17:58:55Z,2023-03-24T17:59:00Z,1.2853111534985627e-05,0.0013959966264935704,0.0013831435149585848,0
2023-03-24T17:58:55Z,2023-03-24T17:59:00Z,7.338576963553719e-06,0.0013979397675149387,0.001390601190551385,0
2023-03-24T17:58:55Z,2023-03-24T17:59:00Z,9.345864094316078e-07,0.001396931212903002,0.0013959966264935704,0
2023-03-24T17:58:55Z,2023-03-24T17:59:00Z,1.0531371635443812e-05,0.001387408395879495,0.0013979397675149387,0
2023-03-24T17:58:55Z,2023-03-24T17:59:00Z,1.0702795156489501e-05,0.0013862284177465125,0.001396931212903002,0
2023-03-24T17:58:55Z,2023-03-24T17:59:00Z,9.125661615871482e-06,0.0013782827342636234,0.001387408395879495,0
2023-03-24T17:58:55Z,2023-03-24T17:59:00Z,8.753232186913809e-06,0.0013774751855595987,0.0013862284177465125,0
2023-03-24T17:58:55Z,2023-03-24T17:59:00Z,1.906438008988107e-06,0.0013763762962546353,0.0013782827342636234,0
2023-03-24T17:58:55Z,2023-03-24T17:59:00Z,1.5913880973412705e-05,0.001361561304586186,0.0013774751855595987,0
2023-03-24T17:58:55Z,2023-03-24T17:59:00Z,2.156846660791292e-05,0.0013548078296467224,0.0013763762962546353,0
2023-03-24T17:58:55Z,2023-03-24T17:59:00Z,1.0076039076966845e-05,0.0013514852655092191,0.001361561304586186,0
2023-03-24T17:58:55Z,2023-03-24T17:59:00Z,1.071907484403111e-05,0.0013440887548026913,0.0013548078296467224,0
2023-03-24T17:58:55Z,2023-03-24T17:59:00Z,1.4754159467403327e-05,0.0013367311060418158,0.0013514852655092191,0
2023-03-24T17:58:55Z,2023-03-24T17:59:00Z,1.6458837414144115e-05,0.0013276299173885472,0.0013440887548026913,0
2023-03-24T17:58:55Z,2023-03-24T17:59:00Z,6.843670290709956e-06,0.0013298874357511059,0.0013367311060418158,0
2023-03-24T17:58:55Z,2023-03-24T17:59:00Z,4.151081355343016e-06,0.0013317809987438902,0.0013276299173885472,0
2023-03-24T17:58:55Z,2023-03-24T17:59:00Z,1.1789519464607944e-06,0.0013310663876975666,0.0013298874357511059,0
2023-03-24T17:58:55Z,2023-03-24T17:59:00Z,3.8185805857585565e-06,0.0013279624181581316,0.0013317809987438902,0
2023-03-24T17:58:55Z,2023-03-24T17:59:00Z,1.1557479797918123e-05,0.0013195089078996485,0.0013310663876975666,0
2023-03-24T17:58:55Z,2023-03-24T17:59:00Z,1.675969590703803e-05,0.0013112027222510936,0.0013279624181581316,0
2023-03-24T17:58:55Z,2023-03-24T17:59:00Z,8.512581778544626e-06,0.001310996326121104,0.0013195089078996485,0
2023-03-24T17:58:55Z,2023-03-24T17:59:00Z,6.022340440291034e-07,0.0013118049562951227,0.0013112027222510936,0
2023-03-24T17:58:55Z,2023-03-24T17:59:00Z,7.2526312380446e-08,0.0013109237998087235,0.001310996326121104,0
2023-03-24T17:58:55Z,2023-03-24T17:59:00Z,6.0198068241314965e-06,0.0013057851494709912,0.0013118049562951227,0
2023-03-24T17:58:55Z,2023-03-24T17:59:00Z,1.1116110364029581e-05,0.0012998076894446939,0.0013109237998087235,0
2023-03-24T17:58:55Z,2023-03-24T17:59:00Z,6.081600232103182e-06,0.001299703549238888,0.0013057851494709912,0
2023-03-24T17:58:55Z,2023-03-24T17:59:00Z,7.781868907829042e-07,0.0013005858763354768,0.0012998076894446939,0
2023-03-24T17:58:55Z,2023-03-24T17:59:00Z,2.738693632608341e-06,0.0013024422428714964,0.001299703549238888,0
2023-03-24T17:58:55Z,2023-03-24T17:59:00Z,1.968162474246275e-06,0.001302554038809723,0.0013005858763354768,0
2023-03-24T17:58:55Z,2023-03-24T17:59:00Z,4.0809258740810185e-06,0.0013065231687455774,0.0013024422428714964,0
2023-03-24T17:58:55Z,2023-03-24T17:59:00Z,2.1848139254276172e-07,0.0013027725202022658,0.001302554038809723,0
2023-03-24T17:58:55Z,2023-03-24T17:59:00Z,8.716067773046916e-06,0.0012978071009725305,0.0013065231687455774,0
2023-03-24T17:58:55Z,2023-03-24T17:59:00Z,3.2869780642067956e-06,0.001299485542138059,0.0013027725202022658,0
2023-03-24T17:58:55Z,2023-03-24T17:59:00Z,1.1426218206710657e-05,0.0013092333191792411,0.0012978071009725305,0
2023-03-24T17:58:55Z,2023-03-24T17:59:00Z,1.2181567110775221e-05,0.0013116671092488342,0.001299485542138059,0
2023-03-24T17:58:55Z,2023-03-24T17:59:00Z,4.577373853107726e-06,0.0013138106930323488,0.0013092333191792411,0
2023-03-24T17:58:55Z,2023-03-24T17:59:00Z,3.3210900017973874e-06,0.0013149881992506316,0.0013116671092488342,0
2023-03-24T17:58:55Z,2023-03-24T17:59:00Z,1.0312345150332095e-05,0.001324123038182681,0.0013138106930323488,0
2023-03-24T17:58:55Z,2023-03-24T17:59:00Z,8.282524750820785e-06,0.0013232707240014524,0.0013149881992506316,0
2023-03-24T17:58:55Z,2023-03-24T17:59:00Z,3.0600373046212395e-06,0.0013210630008780597,0.001324123038182681,0
2023-03-24T17:58:55Z,2023-03-24T17:59:00Z,1.07116545497183e-05,0.0013125590694517341,0.0013232707240014524,0
2023-03-24T17:58:55Z,2023-03-24T17:59:00Z,1.1701063671483696e-06,0.0013198928945109113,0.0013210630008780597,0
2023-03-24T17:58:55Z,2023-03-24T17:59:00Z,2.463480513627725e-05,0.0013371938745880114,0.0013125590694517341,0
2023-03-24T17:58:55Z,2023-03-24T17:59:00Z,1.7360007465265287e-05,0.0013372529019761766,0.0013198928945109113,0
2023-03-24T17:58:55Z,2023-03-24T17:59:00Z,2.0635936521171128e-06,0.0013392574682401285,0.0013371938745880114,0
2023-03-24T17:58:55Z,2023-03-24T17:59:00Z,2.638508382280186e-06,0.0013398914103584568,0.0013372529019761766,0
2023-03-24T17:58:55Z,2023-03-24T17:59:00Z,2.9236540425073808e-06,0.0013421811222826359,0.0013392574682401285,0
2023-03-24T17:58:55Z,2023-03-24T17:59:00Z,7.170394980000449e-07,0.0013406084498564569,0.0013398914103584568,0
2023-03-24T17:58:55Z,2023-03-24T17:59:00Z,7.873600203068057e-06,0.001350054722485704,0.0013421811222826359,0
2023-03-24T17:58:55Z,2023-03-24T17:59:00Z,2.037643860181926e-05,0.0013609848884582761,0.0013406084498564569,0
2023-03-24T17:58:55Z,2023-03-24T17:59:00Z,1.6181470443515185e-05,0.001366236192929219,0.001350054722485704,0
2023-03-24T17:58:55Z,2023-03-24T17:59:00Z,1.3736391450389985e-05,0.001374721279908666,0.0013609848884582761,0
2023-03-24T17:58:55Z,2023-03-24T17:59:00Z,1.469857505430913e-05,0.0013809347679835282,0.001366236192929219,0
2023-03-24T17:58:55Z,2023-03-24T17:59:00Z,7.500660262131122e-06,0.0013822219401707972,0.001374721279908666,0
2023-03-24T17:58:55Z,2023-03-24T17:59:00Z,1.6500965893667154e-05,0.0013974357338771954,0.0013809347679835282,0
2023-03-24T17:58:55Z,2023-03-24T17:59:00Z,2.4679545975511436e-05,0.0014069014861463087,0.0013822219401707972,0
2023-03-24T17:58:55Z,2023-03-24T17:59:00Z,1.8544705086916266e-05,0.0014159804389641116,0.0013974357338771954,0
2023-03-24T17:58:55Z,2023-03-24T17:59:00Z,1.857535805298554e-05,0.0014254768441992942,0.0014069014861463087,0
2023-03-24T17:58:55Z,2023-03-24T17:59:00Z,8.143612531143164e-06,0.0014241240514952548,0.0014159804389641116,0
2023-03-24T17:58:55Z,2023-03-24T17:59:00Z,6.150540363770779e-06,0.001431627384563065,0.0014254768441992942,0
2023-03-24T17:58:55Z,2023-03-24T17:59:00Z,1.0193327434230475e-05,0.0014343173789294853,0.0014241240514952548,0
2023-03-24T17:58:55Z,2023-03-24T17:59:00Z,9.163168102287265e-06,0.0014407905526653522,0.001431627384563065,0
2023-03-24T17:58:55Z,2023-03-24T17:59:00Z,1.293178946714952e-07,0.0014344466968241568,0.0014343173789294853,0
2023-03-24T17:58:55Z,2023-03-24T17:59:00Z,1.2205868117316039e-05,0.0014285846845480362,0.0014407905526653522,0
2023-03-24T17:58:55Z,2023-03-24T17:59:00Z,2.182709347326589e-05,0.0014126196033508909,0.0014344466968241568,0
2023-03-24T17:58:55Z,2023-03-24T17:59:00Z,2.4726394943620864e-05,0.0014038582896044153,0.0014285846845480362,0
2023-03-24T17:58:55Z,2023-03-24T17:59:00Z,1.8477125511549538e-05,0.0013941424778393414,0.0014126196033508909,0
2023-03-24T17:58:55Z,2023-03-24T17:59:00Z,1.0403641543945763e-05,0.0013934546480604696,0.0014038582896044153,0
2023-03-24T17:58:55Z,2023-03-24T17:59:00Z,6.289286512107476e-07,0.001394771406490552,0.0013941424778393414,0
2023-03-24T17:58:55Z,2023-03-24T17:59:00Z,1.4563496811997347e-06,0.0013949109977416693,0.0013934546480604696,0
2023-03-24T17:58:55Z,2023-03-24T17:59:00Z,4.943127875539459e-06,0.0013898282786150126,0.001394771406490552,0
2023-03-24T17:58:55Z,2023-03-24T17:59:00Z,4.6939826714009064e-07,0.0013944415994745292,0.0013949109977416693,0
2023-03-24T17:58:55Z,2023-03-24T17:59:00Z,6.100763225813481e-06,0.0013959290418408261,0.0013898282786150126,0
2023-03-24T17:58:55Z,2023-03-24T17:59:00Z,8.196105310102897e-07,0.0013952612100055395,0.0013944415994745292,0
2023-03-24T17:58:55Z,2023-03-24T17:59:00Z,1.8118961679436732e-06,0.0013977409380087698,0.0013959290418408261,0
2023-03-24T17:58:55Z,2023-03-24T17:59:00Z,4.734130532852484e-06,0.001399995340538392,0.0013952612100055395,0
2023-03-24T17:58:55Z,2023-03-24T17:59:00Z,3.0116042989067338e-06,0.001394729333709863,0.0013977409380087698,0
2023-03-24T17:58:55Z,2023-03-24T17:59:00Z,1.2166205574321975e-05,0.00138782913496407,0.001399995340538392,0
2023-03-24T17:58:55Z,2023-03-24T17:59:00Z,2.242762330157658e-05,0.0013723017104082865,0.001394729333709863,0
2023-03-24T17:58:55Z,2023-03-24T17:59:00Z,1.497369039751709e-05,0.001372855444566553,0.00138782913496407,0
2023-03-24T17:58:55Z,2023-03-24T17:59:00Z,3.7895765095364263e-07,0.0013719227527573328,0.0013723017104082865,0
2023-03-24T17:58:55Z,2023-03-24T17:59:00Z,1.0610945999640475e-06,0.0013717943499665889,0.001372855444566553,0
2023-03-24T17:58:55Z,2023-03-24T17:59:00Z,5.667185739819357e-06,0.0013775899384971522,0.0013719227527573328,0
2023-03-24T17:58:55Z,2023-03-24T17:59:00Z,4.114480349073826e-06,0.0013759088303156627,0.0013717943499665889,0
2023-03-24T17:58:55Z,2023-03-24T17:59:00Z,3.872605300717568e-06,0.0013814625437978698,0.0013775899384971522,0
2023-03-24T17:58:55Z,2023-03-24T17:59:00Z,8.491536799330908e-06,0.0013844003671149936,0.0013759088303156627,0
2023-03-24T17:58:55Z,2023-03-24T17:59:00Z,1.2379855803473956e-05,0.0013938423996013437,0.0013814625437978698,0
2023-03-24T17:58:55Z,2023-03-24T17:59:00Z,1.3048247466536291e-05,0.00139744861458153,0.0013844003671149936,0
2023-03-24T17:58:55Z,2023-03-24T17:59:00Z,5.340946961482915e-06,0.0013991833465628266,0.0013938423996013437,0
2023-03-24T17:58:55Z,2023-03-24T17:59:00Z,2.137462204617824e-06,0.0013995860767861477,0.00139744861458153,0
2023-03-24T17:58:55Z,2023-03-24T17:59:00Z,3.4155879397109075e-06,0.0013957677586231157,0.0013991833465628266,0
2023-03-24T17:58:55Z,2023-03-24T17:59:00Z,9.298306552212683e-06,0.001390287770233935,0.0013995860767861477,0
2023-03-24T17:58:55Z,2023-03-24T17:59:00Z,9.954080145666531e-06,0.0013858136784774492,0.0013957677586231157,0
2023-03-24T17:58:55Z,2023-03-24T17:59:00Z,9.06880798329365e-06,0.0013812189622506414,0.001390287770233935,0
2023-03-24T17:58:55Z,2023-03-24T17:59:00Z,3.6124958311266504e-06,0.0013822011826463225,0.0013858136784774492,0
2023-03-24T17:58:55Z,2023-03-24T17:59:00Z,1.0268740502589278e-06,0.0013801920882003825,0.0013812189622506414,0
2023-03-24T17:58:55Z,2023-03-24T17:59:00Z,1.1587374339714577e-05,0.001370613808306608,0.0013822011826463225,0
2023-03-24T17:58:55Z,2023-03-24T17:59:00Z,2.162925091925001e-05,0.0013585628372811325,0.0013801920882003825,0
2023-03-24T17:58:55Z,2023-03-24T17:59:00Z,1.1455963444799476e-05,0.0013591578448618085,0.001370613808306608,0
2023-03-24T17:58:55Z,2023-03-24T17:59:00Z,4.234585498167839e-06,0.0013543282517829646,0.0013585628372811325,0
2023-03-24T17:58:55Z,2023-03-24T17:59:00Z,1.0068157257227652e-05,0.0013490896876045808,0.0013591578448618085,0
2023-03-24T17:58:55Z,2023-03-24T17:59:00Z,1.747262178114408e-05,0.0013368556300018205,0.0013543282517829646,0
2023-03-24T17:58:55Z,2023-03-24T17:59:00Z,7.364061015464754e-06,0.001341725626589116,0.0013490896876045808,0
2023-03-24T17:58:55Z,2023-03-24T17:59:00Z,1.1849027766169112e-05,0.0013487046577679896,0.0013368556300018205,0
2023-03-24T17:58:55Z,2023-03-24T17:59:00Z,7.298712562778514e-06,0.0013490243391518946,0.001341725626589116,0
2023-03-24T17:58:55Z,2023-03-24T17:59:00Z,6.228704643689584e-06,0.0013549333624116792,0.0013487046577679896,0
2023-03-24T17:58:55Z,2023-03-24T17:59:00Z,1.430263488654427e-05,0.0013633269740384389,0.0013490243391518946,0
2023-03-24T17:58:55Z,2023-03-24T17:59:00Z,2.2236081240697893e-05,0.0013771694436523771,0.0013549333624116792,0
2023-03-24T17:58:55Z,2023-03-24T17:59:00Z,1.219926216904305e-05,0.001375526236207482,0.0013633269740384389,0
2023-03-24T17:58:55Z,2023-03-24T17:59:00Z,2.3008842692043025e-06,0.0013748685593831728,0.0013771694436523771,0
2023-03-24T17:58:55Z,2023-03-24T17:59:00Z,5.958862239964242e-06,0.0013695673739675177,0.001375526236207482,0
2023-03-24T17:58:55Z,2023-03-24T17:59:00Z,1.2507943638870962e-05,0.0013623606157443019,0.0013748685593831728,0
2023-03-24T17:58:55Z,2023-03-24T17:59:00Z,1.3197965928179187e-05,0.0013563694080393385,0.0013695673739675177,0
2023-03-24T17:58:55Z,2023-03-24T17:59:00Z,9.615848472245081e-06,0.0013527447672720568,0.0013623606157443019,0
2023-03-24T17:58:55Z,2023-03-24T17:59:00Z,5.808521540707047e-06,0.0013505608864986314,0.0013563694080393385,0
2023-03-24T17:58:55Z,2023-03-24T17:59:00Z,3.1317963542151772e-06,0.0013496129709178416,0.0013527447672720568,0
2023-03-24T17:58:55Z,2023-03-24T17:59:00Z,1.104266291439629e-05,0.0013395182235842352,0.0013505608864986314,0
2023-03-24T17:58:55Z,2023-03-24T17:59:00Z,8.31632218353676e-06,0.0013412966487343048,0.0013496129709178416,0
2023-03-24T17:58:55Z,2023-03-24T17:59:00Z,5.139756820271091e-06,0.0013446579804045062,0.0013395182235842352,0
2023-03-24T17:58:55Z,2023-03-24T17:59:00Z,9.482418716595794e-06,0.0013507790674509006,0.0013412966487343048,0
2023-03-24T17:58:55Z,2023-03-24T17:59:00Z,6.393512508144584e-06,0.0013510514929126508,0.0013446579804045062,0
2023-03-24T17:58:55Z,2023-03-24T17:59:00Z,6.534614579022536e-06,0.001344244452871878,0.0013507790674509006,0
2023-03-24T17:58:55Z,2023-03-24T17:59:00Z,7.970464355697496e-06,0.0013430810285569533,0.0013510514929126508,0
2023-03-24T17:58:55Z,2023-03-24T17:59:00Z,4.3984275343834055e-06,0.0013486428804062615,0.001344244452871878,0
2023-03-24T17:58:55Z,2023-03-24T17:59:00Z,7.509390694650838e-06,0.0013505904192516042,0.0013430810285569533,0
2023-03-24T17:58:55Z,2023-03-24T17:59:00Z,2.991231698853177e-06,0.0013516341121051147,0.0013486428804062615,0
2023-03-24T17:58:55Z,2023-03-24T17:59:00Z,3.499778895345914e-06,0.0013470906403562583,0.0013505904192516042,0
2023-03-24T17:58:55Z,2023-03-24T17:59:00Z,1.0756035844816485e-05,0.0013408780762602982,0.0013516341121051147,0
2023-03-24T17:58:55Z,2023-03-24T17:59:00Z,5.8031691952344e-06,0.0013412874711610239,0.0013470906403562583,0
2023-03-24T17:58:55Z,2023-03-24T17:59:00Z,4.698719920578041e-06,0.0013361793563397202,0.0013408780762602982,0
2023-03-24T17:58:55Z,2023-03-24T17:59:00Z,5.285896883230933e-06,0.001336001574277793,0.0013412874711610239,0
2023-03-24T17:58:55Z,2023-03-24T17:59:00Z,1.2763108387097311e-06,0.0013349030455010104,0.0013361793563397202,0
2023-03-24T17:58:55Z,2023-03-24T17:59:00Z,5.110835423469779e-06,0.0013411124097012627,0.001336001574277793,0
2023-03-24T17:58:55Z,2023-03-24T17:59:00Z,6.8337565412646736e-06,0.001341736802042275,0.0013349030455010104,0
2023-03-24T17:58:55Z,2023-03-24T17:59:00Z,1.0877171130297281e-05,0.0013302352385709654,0.0013411124097012627,0
2023-03-24T17:58:55Z,2023-03-24T17:59:00Z,9.657977475120531e-06,0.0013320788245671546,0.001341736802042275,0
2023-03-24T17:58:55Z,2023-03-24T17:59:00Z,1.7311451789160225e-06,0.0013319663837498814,0.0013302352385709654,0
2023-03-24T17:58:55Z,2023-03-24T17:59:00Z,5.99724768516577e-06,0.0013380760722523203,0.0013320788245671546,0
2023-03-24T17:58:55Z,2023-03-24T17:59:00Z,2.143935376026007e-06,0.0013298224483738554,0.0013319663837498814,0
2023-03-24T17:58:55Z,2023-03-24T17:59:00Z,2.055244733272432e-06,0.001336020827519048,0.0013380760722523203,0
2023-03-24T17:58:55Z,2023-03-24T17:59:00Z,5.8903801716232804e-06,0.0013357128285454787,0.0013298224483738554,0
2023-03-24T17:58:55Z,2023-03-24T17:59:00Z,6.571650108596217e-06,0.0013294491774104517,0.001336020827519048,0
2023-03-24T17:58:55Z,2023-03-24T17:59:00Z,6.706509513444226e-06,0.0013290063190320345,0.0013357128285454787,0
2023-03-24T17:58:55Z,2023-03-24T17:59:00Z,8.049154066286845e-06,0.0013214000233441648,0.0013294491774104517,0
2023-03-24T17:58:55Z,2023-03-24T17:59:00Z,8.268043800140241e-06,0.0013207382752318943,0.0013290063190320345,0
2023-03-24T17:58:55Z,2023-03-24T17:59:00Z,1.7501484996589826e-06,0.0013231501718438238,0.0013214000233441648,0
2023-03-24T17:58:55Z,2023-03-24T17:59:00Z,1.085133743527404e-05,0.0013315896126671683,0.0013207382752318943,0
2023-03-24T17:58:55Z,2023-03-24T17:59:00Z,1.1793606817780663e-05,0.0013349437786616045,0.0013231501718438238,0
2023-03-24T17:58:55Z,2023-03-24T17:59:00Z,1.1700381857363126e-05,0.0013432899945245314,0.0013315896126671683,0
2023-03-24T17:58:55Z,2023-03-24T17:59:00Z,6.860962261764653e-06,0.0013418047409233691,0.0013349437786616045,0
2023-03-24T17:58:55Z,2023-03-24T17:59:00Z,1.7082780413629414e-06,0.0013449982725658944,0.0013432899945245314,0
2023-03-24T17:58:55Z,2023-03-24T17:59:00Z,9.716138837964454e-07,0.0013427763548071656,0.0013418047409233691,0
2023-03-24T17:58:55Z,2023-03-24T17:59:00Z,2.7813703985433112e-06,0.0013477796429644377,0.0013449982725658944,0
2023-03-24T17:58:55Z,2023-03-24T17:59:00Z,2.882192142132558e-06,0.0013456585469492981,0.0013427763548071656,0
2023-03-24T17:58:55Z,2023-03-24T17:59:00Z,1.3725319994831653e-05,0.001334054322969606,0.0013477796429644377,0
2023-03-24T17:58:55Z,2023-03-24T17:59:00Z,1.2538298855483635e-05,0.0013331202480938145,0.0013456585469492981,0
2023-03-24T17:58:55Z,2023-03-24T17:59:00Z,2.087220056815227e-06,0.0013361415430264212,0.001334054322969606,0
2023-03-24T17:58:55Z,2023-03-24T17:59:00Z,1.816076287016171e-06,0.0013349363243808307,0.0013331202480938145,0
2023-03-24T17:58:55Z,2023-03-24T17:59:00Z,2.9742591806517556e-06,0.001339115802207073,0.0013361415430264212,0
2023-03-24T17:58:55Z,2023-03-24T17:59:00Z,2.25602854988724e-06,0.001337192352930718,0.0013349363243808307,0
2023-03-24T17:58:55Z,2023-03-24T17:59:00Z,2.6732816904412836e-06,0.0013364425205166317,0.001339115802207073,0
2023-03-24T17:58:55Z,2023-03-24T17:59:00Z,6.5784810054745225e-06,0.0013306138719252434,0.001337192352930718,0
2023-03-24T17:58:55Z,2023-03-24T17:59:00Z,5.599132489698478e-06,0.0013308433880269332,0.0013364425205166317,0
2023-03-24T17:58:55Z,2023-03-24T17:59:00Z,1.2440469384691335e-05,0.0013430543413099347,0.0013306138719252434,0
2023-03-24T17:58:55Z,2023-03-24T17:59:00Z,1.9294763970330135e-05,0.0013501381519972634,0.0013308433880269332,0
2023-03-24T17:58:55Z,2023-03-24T17:59:00Z,6.906564900375925e-06,0.0013499609062103107,0.0013430543413099347,0
2023-03-24T17:58:55Z,2023-03-24T17:59:00Z,3.540845926783276e-06,0.0013536789979240467,0.0013501381519972634,0
2023-03-24T17:58:55Z,2023-03-24T17:59:00Z,5.913599143123321e-06,0.001355874505353434,0.0013499609062103107,0
2023-03-24T17:58:55Z,2023-03-24T17:59:00Z,2.3026618810974894e-06,0.0013559816598051441,0.0013536789979240467,0
2023-03-24T17:58:55Z,2023-03-24T17:59:00Z,5.7593928024070665e-06,0.001361633898155841,0.001355874505353434,0
2023-03-24T17:58:55Z,2023-03-24T17:59:00Z,1.215177296186136e-06,0.0013571968371013303,0.0013559816598051441,0
2023-03-24T17:58:55Z,2023-03-24T17:59:00Z,9.414257482965845e-06,0.0013522196406728752,0.001361633898155841,0
2023-03-24T17:58:55Z,2023-03-24T17:59:00Z,2.6478792299489823e-07,0.0013569320491783354,0.0013571968371013303,0
2023-03-24T17:58:55Z,2023-03-24T17:59:00Z,6.748107500054428e-06,0.0013589677481729296,0.0013522196406728752,0
2023-03-24T17:58:55Z,2023-03-24T17:59:00Z,4.5995120936737684e-06,0.0013615315612720091,0.0013569320491783354,0
2023-03-24T17:58:55Z,2023-03-24T17:59:00Z,6.308464919280816e-06,0.0013652762130922104,0.0013589677481729296,0
2023-03-24T17:58:55Z,2023-03-24T17:59:00Z,2.325679541784892e-06,0.001363857240813794,0.0013615315612720091,0
2023-03-24T17:58:55Z,2023-03-24T17:59:00Z,3.2431230697943687e-07,0.0013656005253991899,0.0013652762130922104,0
2023-03-24T17:58:55Z,2023-03-24T17:59:00Z,1.96633197295233e-06,0.0013658235727867464,0.001363857240813794,0
2023-03-24T17:58:55Z,2023-03-24T17:59:00Z,4.365117377570869e-06,0.0013699656427767608,0.0013656005253991899,0
2023-03-24T17:58:55Z,2023-03-24T17:59:00Z,1.8384334278486163e-06,0.001367662006214595,0.0013658235727867464,0
2023-03-24T17:58:55Z,2023-03-24T17:59:00Z,4.106116038377289e-06,0.001374071758815138,0.0013699656427767608,0
2023-03-24T17:58:55Z,2023-03-24T17:59:00Z,6.161477636643098e-07,0.0013682781539782593,0.001367662006214595,0
2023-03-24T17:58:55Z,2023-03-24T17:59:00Z,2.569658911032082e-06,0.0013766414177261701,0.001374071758815138,0
2023-03-24T17:58:55Z,2023-03-24T17:59:00Z,1.0910218248751796e-05,0.001379188372227011,0.0013682781539782593,0
2023-03-24T17:58:55Z,2023-03-24T17:59:00Z,5.271878267155451e-06,0.0013713695394590147,0.0013766414177261701,0
2023-03-24T17:58:55Z,2023-03-24T17:59:00Z,9.463576468695398e-06,0.0013697247957583157,0.001379188372227011,0
2023-03-24T17:58:55Z,2023-03-24T17:59:00Z,2.367548794070598e-07,0.0013716062943384217,0.0013713695394590147,0
2023-03-24T17:58:55Z,2023-03-24T17:59:00Z,2.4955990288017503e-06,0.001367229196729514,0.0013697247957583157,0
2023-03-24T17:58:55Z,2023-03-24T17:59:00Z,6.403153172436634e-06,0.001365203141165985,0.0013716062943384217,0
2023-03-24T17:58:55Z,2023-03-24T17:59:00Z,1.1053648802264102e-05,0.001378282845531778,0.001367229196729514,0
2023-03-24T17:58:55Z,2023-03-24T17:59:00Z,1.3510990997436453e-05,0.0013787141321634216,0.001365203141165985,0
2023-03-24T17:58:55Z,2023-03-24T17:59:00Z,5.910379763685589e-06,0.0013841932252954636,0.001378282845531778,0
2023-03-24T17:58:55Z,2023-03-24T17:59:00Z,5.137122818958673e-06,0.0013838512549823802,0.0013787141321634216,0
2023-03-24T17:58:55Z,2023-03-24T17:59:00Z,1.9733178254965553e-06,0.0013861665431209602,0.0013841932252954636,0
2023-03-24T17:58:55Z,2023-03-24T17:59:00Z,4.658522501754152e-06,0.0013885097774841344,0.0013838512549823802,0
2023-03-24T17:58:55Z,2023-03-24T17:59:00Z,1.8251352782100785e-06,0.0013843414078427501,0.0013861665431209602,0
2023-03-24T17:58:55Z,2023-03-24T17:59:00Z,3.988971778256731e-06,0.0013845208057058776,0.0013885097774841344,0
2023-03-24T17:58:55Z,2023-03-24T17:59:00Z,8.200252977490826e-06,0.001392541660820241,0.0013843414078427501,0
2023-03-24T17:58:55Z,2023-03-24T17:59:00Z,1.149149002451725e-05,0.001396012295730395,0.0013845208057058776,0
2023-03-24T17:58:55Z,2023-03-24T17:59:00Z,5.528404172377944e-06,0.0013980700649926189,0.001392541660820241,0
2023-03-24T17:58:55Z,2023-03-24T17:59:00Z,5.971167266496024e-06,0.001401983462996891,0.001396012295730395,0
2023-03-24T17:58:55Z,2023-03-24T17:59:00Z,7.252060572108653e-06,0.0014053221255647275,0.0013980700649926189,0
2023-03-24T17:58:55Z,2023-03-24T17:59:00Z,1.0469562167770381e-05,0.0014124530251646613,0.001401983462996891,0
2023-03-24T17:58:55Z,2023-03-24T17:59:00Z,9.122801623640377e-06,0.001414444927188368,0.0014053221255647275,0
2023-03-24T17:58:55Z,2023-03-24T17:59:00Z,1.1383232437830494e-05,0.0014238362576024918,0.0014124530251646613,0
2023-03-24T17:58:55Z,2023-03-24T17:59:00Z,1.2081751809313096e-05,0.001426526678997681,0.001414444927188368,0
2023-03-24T17:58:55Z,2023-03-24T17:59:00Z,8.947550039870023e-06,0.0014327838076423618,0.0014238362576024918,0
2023-03-24T17:58:55Z,2023-03-24T17:59:00Z,8.145418338182005e-06,0.001434672097335863,0.001426526678997681,0
2023-03-24T17:58:55Z,2023-03-24T17:59:00Z,2.68614982012875e-06,0.001430097657822233,0.0014327838076423618,1
2023-03-24T17:58:55Z,2023-03-24T17:59:00Z,6.518634060996044e-07,0.0014340202339297634,0.001434672097335863,1
2023-03-24T17:58:55Z,2023-03-24T17:59:00Z,4.44406009841641e-06,0.0014345417179206495,0.001430097657822233,1
2023-03-24T17:58:55Z,2023-03-24T17:59:00Z,7.3971482670411384e-06,0.0014414173821968045,0.0014340202339297634,1
2023-03-24T17:58:55Z,2023-03-24T17:59:00Z,9.062282209532655e-06,0.0014436040001301821,0.0014345417179206495,1
2023-03-24T17:58:55Z,2023-03-24T17:59:00Z,1.0083727688471687e-05,0.0014515011098852762,0.0014414173821968045,1
2023-03-24T17:58:55Z,2023-03-24T17:59:00Z,7.942622122340554e-06,0.0014515466222525227,0.0014436040001301821,1
2023-03-24T17:58:55Z,2023-03-24T17:59:00Z,2.8829899969204376e-06,0.0014486181198883558,0.0014515011098852762,1
2023-03-24T17:58:55Z,2023-03-24T17:59:00Z,1.2549015153628072e-06,0.0014528015237678855,0.0014515466222525227,1
2023-03-24T17:58:55Z,2023-03-24T17:59:00Z,9.736727591836162e-06,0.001458354847480192,0.0014486181198883558,1
2023-03-24T17:58:55Z,2023-03-24T17:59:00Z,8.569865903040614e-06,0.001461371389670926,0.0014528015237678855,1
2023-03-24T17:58:55Z,2023-03-24T17:59:00Z,9.052480950066076e-08,0.0014582643226706913,0.001458354847480192,1
2023-03-24T17:58:55Z,2023-03-24T17:59:00Z,3.872649505208331e-06,0.0014574987401657178,0.001461371389670926,1
2023-03-24T17:58:55Z,2023-03-24T17:59:00Z,2.7225015301250797e-06,0.0014555418211405662,0.0014582643226706913,1
2023-03-24T17:58:55Z,2023-03-24T17:59:00Z,2.5039520364176365e-06,0.0014549947881293001,0.0014574987401657178,1
2023-03-24T17:58:55Z,2023-03-24T17:59:00Z,7.911076614748602e-06,0.0014476307445258176,0.0014555418211405662,1
2023-03-24T17:58:55Z,2023-03-24T17:59:00Z,1.0120344345371625e-05,0.0014448744437839285,0.0014549947881293001,1
2023-03-24T17:58:55Z,2023-03-24T17:59:00Z,1.99566763892209e-06,0.0014456350768868955,0.0014476307445258176,1
2023-03-24T17:58:55Z,2023-03-24T17:59:00Z,2.211403881827948e-06,0.0014470858476657565,0.0014448744437839285,1
2023-03-24T17:58:55Z,2023-03-24T17:59:00Z,4.23880102994067e-06,0.0014413962758569549,0.0014456350768868955,1
2023-03-24T17:58:55Z,2023-03-24T17:59:00Z,6.651661538414639e-06,0.0014404341861273418,0.0014470858476657565,1
2023-03-24T17:58:55Z,2023-03-24T17:59:00Z,9.74955618348065e-07,0.0014404213202386068,0.0014413962758569549,1
2023-03-24T17:58:55Z,2023-03-24T17:59:00Z,6.003522586133089e-06,0.0014344306635412087,0.0014404341861273418,1
2023-03-24T17:58:55Z,2023-03-24T17:59:00Z,3.070282787360785e-07,0.0014407283485173429,0.0014404213202386068,1
2023-03-24T17:58:55Z,2023-03-24T17:59:00Z,1.0616634062765367e-05,0.001445047297603974,0.0014344306635412087,1
2023-03-24T17:58:55Z,2023-03-24T17:59:00Z,2.5622931071076025e-06,0.0014381660554102353,0.0014407283485173429,1
2023-03-24T17:58:55Z,2023-03-24T17:59:00Z,4.4841892736888645e-06,0.0014405631083302852,0.001445047297603974,1
2023-03-24T17:58:55Z,2023-03-24T17:59:00Z,5.668046747982344e-06,0.001432498008662253,0.0014381660554102353,1
2023-03-24T17:58:55Z,2023-03-24T17:59:00Z,7.986898894544493e-06,0.0014325762094357407,0.0014405631083302852,1
2023-03-24T17:58:55Z,2023-03-24T17:59:00Z,7.31074328425463e-06,0.0014251872653779983,0.001432498008662253,1
2023-03-24T17:58:55Z,2023-03-24T17:59:00Z,1.4361590482934745e-06,0.0014311400503874473,0.0014325762094357407,1
2023-03-24T17:58:55Z,2023-03-24T17:59:00Z,1.1293610657405395e-05,0.0014364808760354037,0.0014251872653779983,1
2023-03-24T17:58:55Z,2023-03-24T17:59:00Z,1.8034018377716338e-05,0.0014491740687651636,0.0014311400503874473,1
2023-03-24T17:58:55Z,2023-03-24T17:59:00Z,1.444423787567658e-05,0.0014509251139110803,0.0014364808760354037,1
2023-03-24T17:58:55Z,2023-03-24T17:59:00Z,7.479915025409515e-06,0.001441694153739754,0.0014491740687651636,1
2023-03-24T17:58:55Z,2023-03-24T17:59:00Z,7.828441414723655e-06,0.0014430966724963566,0.0014509251139110803,1
2023-03-24T17:58:55Z,2023-03-24T17:59:00Z,6.384528877033217e-07,0.0014423326066274574,0.001441694153739754,1
2023-03-24T17:58:55Z,2023-03-24T17:59:00Z,2.3883746970957027e-06,0.001440708297799261,0.0014430966724963566,1
2023-03-24T17:58:55Z,2023-03-24T17:59:00Z,7.3752870855983525e-06,0.001434957319541859,0.0014423326066274574,1
2023-03-24T17:58:55Z,2023-03-24T17:59:00Z,1.4904095229331844e-06,0.0014392178882763277,0.001440708297799261,1
2023-03-24T17:58:55Z,2023-03-24T17:59:00Z,5.865162856667902e-06,0.001440822482398527,0.001434957319541859,1
2023-03-24T17:58:55Z,2023-03-24T17:59:00Z,8.758786667608862e-08,0.0014393054761430038,0.0014392178882763277,1
2023-03-24T17:58:55Z,2023-03-24T17:59:00Z,7.902227279789125e-06,0.0014329202551187378,0.001440822482398527,1
2023-03-24T17:58:55Z,2023-03-24T17:59:00Z,1.045880937191831e-05,0.0014288466667710855,0.0014393054761430038,1
2023-03-24T17:58:55Z,2023-03-24T17:59:00Z,1.1303066047213756e-05,0.001421617189071524,0.0014329202551187378,1
2023-03-24T17:58:55Z,2023-03-24T17:59:00Z,1.101260252955069e-05,0.0014178340642415348,0.0014288466667710855,1
2023-03-24T17:58:55Z,2023-03-24T17:59:00Z,5.767437849038548e-06,0.0014158497512224855,0.001421617189071524,1
2023-03-24T17:58:55Z,2023-03-24T17:59:00Z,4.447739526201432e-06,0.0014133863247153334,0.0014178340642415348,1
2023-03-24T17:58:55Z,2023-03-24T17:59:00Z,7.895082280892553e-06,0.001407954668941593,0.0014158497512224855,1
2023-03-24T17:58:55Z,2023-03-24T17:59:00Z,9.371326682668969e-07,0.0014143234573836003,0.0014133863247153334,1
2023-03-24T17:58:55Z,2023-03-24T17:59:00Z,8.332500166210533e-06,0.0014162871691078035,0.001407954668941593,1
2023-03-24T17:58:55Z,2023-03-24T17:59:00Z,1.7775560185661569e-06,0.0014161010134021664,0.0014143234573836003,1
2023-03-24T17:58:55Z,2023-03-24T17:59:00Z,3.65063823984141e-06,0.001412636530867962,0.0014162871691078035,1
2023-03-24T17:58:55Z,2023-03-24T17:59:00Z,1.1155436432206019e-06,0.0014149854697589458,0.0014161010134021664,1
2023-03-24T17:58:55Z,2023-03-24T17:59:00Z,3.649642880605838e-06,0.0014089868879873563,0.001412636530867962,1
2023-03-24T17:58:55Z,2023-03-24T17:59:00Z,1.2699230507405828e-06,0.0014137155467082052,0.0014149854697589458,1
2023-03-24T17:58:55Z,2023-03-24T17:59:00Z,5.894225766649077e-06,0.0014148811137540053,0.0014089868879873563,1
2023-03-24T17:58:55Z,2023-03-24T17:59:00Z,4.705894836700862e-06,0.0014184214415449061,0.0014137155467082052,1
2023-03-24T17:58:55Z,2023-03-24T17:59:00Z,1.0716066474515803e-05,0.0014255971802285211,0.0014148811137540053,1
2023-03-24T17:58:55Z,2023-03-24T17:59:00Z,2.346831647749223e-06,0.0014207682731926553,0.0014184214415449061,1
2023-03-24T17:58:55Z,2023-03-24T17:59:00Z,1.4527198222948762e-05,0.0014110699820055724,0.0014255971802285211,1
2023-03-24T17:58:55Z,2023-03-24T17:59:00Z,1.2460514723379966e-05,0.0014083077584692754,0.0014207682731926553,1
2023-03-24T17:58:55Z,2023-03-24T17:59:00Z,4.388781416340623e-06,0.0014066812005892318,0.0014110699820055724,1
2023-03-24T17:58:55Z,2023-03-24T17:59:00Z,6.004351645589375e-06,0.001402303406823686,0.0014083077584692754,1
2023-03-24T17:58:55Z,2023-03-24T17:59:00Z,1.620727663222913e-05,0.0013904739239570026,0.0014066812005892318,1
2023-03-24T17:58:55Z,2023-03-24T17:59:00Z,1.2939453398048495e-05,0.0013893639534256375,0.001402303406823686,1
2023-03-24T17:58:55Z,2023-03-24T17:59:00Z,9.32967191777617e-06,0.0013811442520392265,0.0013904739239570026,1
2023-03-24T17:58:55Z,2023-03-24T17:59:00Z,1.688509028427757e-05,0.00137247886314136,0.0013893639534256375,1
2023-03-24T17:58:55Z,2023-03-24T17:59:00Z,7.809702335967493e-06,0.001373334549703259,0.0013811442520392265,1
2023-03-24T17:58:55Z,2023-03-24T17:59:00Z,4.047703280516367e-06,0.0013765265664218763,0.00137247886314136,1
2023-03-24T17:58:55Z,2023-03-24T17:59:00Z,5.5815303921223115e-06,0.0013789160800953813,0.001373334549703259,1
2023-03-24T17:58:55Z,2023-03-24T17:59:00Z,4.182339877678229e-07,0.0013769448004096441,0.0013765265664218763,1
2023-03-24T17:58:55Z,2023-03-24T17:59:00Z,1.3859425035543833e-06,0.001377530137591827,0.0013789160800953813,1
2023-03-24T17:58:55Z,2023-03-24T17:59:00Z,4.255231795200973e-06,0.0013726895686144431,0.0013769448004096441,1
2023-03-24T17:58:55Z,2023-03-24T17:59:00Z,2.494609406339431e-06,0.0013750355281854875,0.001377530137591827,1
2023-03-24T17:58:55Z,2023-03-24T17:59:00Z,3.834924508512149e-06,0.0013765244931229553,0.0013726895686144431,1
2023-03-24T17:58:55Z,2023-03-24T17:59:00Z,6.382281042087695e-07,0.0013743973000812787,0.0013750355281854875,1
2023-03-24T17:58:55Z,2023-03-24T17:59:00Z,5.479445060139207e-06,0.001371045048062816,0.0013765244931229553,1
2023-03-24T17:58:55Z,2023-03-24T17:59:00Z,3.8749649088158904e-06,0.0013782722649900946,0.0013743973000812787,1
2023-03-24T17:58:55Z,2023-03-24T17:59:00Z,4.6749023769802975e-06,0.0013757199504397964,0.001371045048062816,1
2023-03-24T17:58:55Z,2023-03-24T17:59:00Z,3.036277165575311e-06,0.00138130854215567,0.0013782722649900946,1
2023-03-24T17:58:55Z,2023-03-24T17:59:00Z,8.376374196426492e-06,0.0013840963246362229,0.0013757199504397964,1
2023-03-24T17:58:55Z,2023-03-24T17:59:00Z,4.06891756836252e-06,0.0013772396245873074,0.00138130854215567,1
2023-03-24T17:58:55Z,2023-03-24T17:59:00Z,3.4755590715305693e-06,0.0013806207655646923,0.0013840963246362229,1
2023-03-24T17:58:55Z,2023-03-24T17:59:00Z,1.00983051442541e-06,0.001376229794072882,0.0013772396245873074,1
2023-03-24T17:58:55Z,2023-03-24T17:59:00Z,8.71681868036241e-06,0.00137190394688433,0.0013806207655646923,1
2023-03-24T17:58:55Z,2023-03-24T17:59:00Z,8.635017420086967e-06,0.001367594776652795,0.001376229794072882,1
2023-03-24T17:58:55Z,2023-03-24T17:59:00Z,7.895491919131681e-06,0.0013640084549651982,0.00137190394688433,1
2023-03-24T17:58:55Z,2023-03-24T17:59:00Z,1.1666055092054203e-05,0.0013559287215607408,0.001367594776652795,1
2023-03-24T17:58:55Z,2023-03-24T17:59:00Z,1.7613651406438863e-05,0.0013463948035587594,0.0013640084549651982,1
2023-03-24T17:58:55Z,2023-03-24T17:59:00Z,1.8336867446515533e-05,0.0013375918541142253,0.0013559287215607408,1
2023-03-24T17:58:55Z,2023-03-24T17:59:00Z,1.1367796299653794e-05,0.0013350270072591056,0.0013463948035587594,1
2023-03-24T17:58:55Z,2023-03-24T17:59:00Z,3.305931794974834e-07,0.0013372612609347278,0.0013375918541142253,1
2023-03-24T17:58:55Z,2023-03-24T17:59:00Z,8.753278096763732e-06,0.0013262737291623418,0.0013350270072591056,1
2023-03-24T17:58:55Z,2023-03-24T17:59:00Z,1.395579338242742e-05,0.0013233054675523004,0.0013372612609347278,1
2023-03-24T17:58:55Z,2023-03-24T17:59:00Z,1.7624265020469917e-06,0.0013245113026602948,0.0013262737291623418,1
2023-03-24T17:58:55Z,2023-03-24T17:59:00Z,7.239441193389144e-07,0.0013240294116716393,0.0013233054675523004,1
2023-03-24T17:58:55Z,2023-03-24T17:59:00Z,3.971878222771815e-06,0.001320539424437523,0.0013245113026602948,1
2023-03-24T17:58:55Z,2023-03-24T17:59:00Z,1.2784461405332837e-05,0.0013112449502663064,0.0013240294116716393,1
2023-03-24T17:58:55Z,2023-03-24T17:59:00Z,8.91290753116049e-06,0.0013116265169063625,0.001320539424437523,1
2023-03-24T17:58:55Z,2023-03-24T17:59:00Z,1.034950414240685e-05,0.0013215944544087133,0.0013112449502663064,1
2023-03-24T17:58:55Z,2023-03-24T17:59:00Z,1.0386171167046064e-06,0.001310587899789658,0.0013116265169063625,1
2023-03-24T17:58:55Z,2023-03-24T17:59:00Z,1.7554017501918238e-05,0.001304040436906795,0.0013215944544087133,1
2023-03-24T17:58:55Z,2023-03-24T17:59:00Z,5.07565286075309e-06,0.0013055122469289048,0.001310587899789658,1
2023-03-24T17:58:55Z,2023-03-24T17:59:00Z,4.2265631143394156e-08,0.0013040827025379384,0.001304040436906795,1
2023-03-24T17:58:55Z,2023-03-24T17:59:00Z,1.8800739232602021e-06,0.0013036321730056446,0.0013055122469289048,1
2023-03-24T17:58:55Z,2023-03-24T17:59:00Z,5.870256267042793e-06,0.0012982124462708956,0.0013040827025379384,1
2023-03-24T17:58:55Z,2023-03-24T17:59:00Z,8.170850857203323e-06,0.0012954613221484413,0.0013036321730056446,1
2023-03-24T17:58:55Z,2023-03-24T17:59:00Z,4.647722726578438e-06,0.001302860168997474,0.0012982124462708956,1
2023-03-24T17:58:55Z,2023-03-24T17:59:00Z,3.921783033578995e-06,0.0012993831051820203,0.0012954613221484413,1
2023-03-24T17:58:55Z,2023-03-24T17:59:00Z,2.2354639145768466e-06,0.0013006247050828972,0.001302860168997474,1
2023-03-24T17:58:55Z,2023-03-24T17:59:00Z,3.2520402174958125e-06,0.0013026351453995161,0.0012993831051820203,1
2023-03-24T17:58:55Z,2023-03-24T17:59:00Z,1.4037968403648234e-06,0.0012992209082425324,0.0013006247050828972,1
2023-03-24T17:58:55Z,2023-03-24T17:59:00Z,3.987359766047249e-06,0.0012986477856334689,0.0013026351453995161,1
2023-03-24T17:58:55Z,2023-03-24T17:59:00Z,2.710060066973049e-06,0.0012965108481755594,0.0012992209082425324,1
2023-03-24T17:58:55Z,2023-03-24T17:59:00Z,4.107925907422937e-06,0.001294539859726046,0.0012986477856334689,1
2023-03-24T17:58:55Z,2023-03-24T17:59:00Z,2.61836139058046e-06,0.001293892486784979,0.0012965108481755594,1
2023-03-24T17:58:55Z,2023-03-24T17:59:00Z,4.754344561352583e-06,0.0012897855151646933,0.001294539859726046,1
2023-03-24T17:58:55Z,2023-03-24T17:59:00Z,2.5172475949972965e-06,0.0012964097343799762,0.001293892486784979,1
2023-03-24T17:58:55Z,2023-03-24T17:59:00Z,7.905265562754837e-06,0.0012976907807274482,0.0012897855151646933,1
2023-03-24T17:58:55Z,2023-03-24T17:59:00Z,5.194150382848133e-07,0.0012958903193416914,0.0012964097343799762,1
2023-03-24T17:58:55Z,2023-03-24T17:59:00Z,3.728132450800045e-08,0.0012977280620519562,0.0012976907807274482,1
2023-03-24T17:58:55Z,2023-03-24T17:59:00Z,1.9068413890954185e-07,0.0012956996352027818,0.0012958903193416914,1
2023-03-24T17:58:55Z,2023-03-24T17:59:00Z,4.6380966090833146e-06,0.0012930899654428729,0.0012977280620519562,1
2023-03-24T17:58:55Z,2023-03-24T17:59:00Z,6.426206182172595e-06,0.0012892734290206093,0.0012956996352027818,1
2023-03-24T17:58:55Z,2023-03-24T17:59:00Z,2.756009202612873e-06,0.0012958459746454857,0.0012930899654428729,1
2023-03-24T17:58:55Z,2023-03-24T17:59:00Z,9.107204374067535e-06,0.0012983806333946768,0.0012892734290206093,1
2023-03-24T17:58:55Z,2023-03-24T17:59:00Z,3.945467583531346e-07,0.0012954514278871326,0.0012958459746454857,1
2023-03-24T17:58:55Z,2023-03-24T17:59:00Z,9.387580438328718e-06,0.001288993052956348,0.0012983806333946768,1
2023-03-24T17:58:55Z,2023-03-24T17:59:00Z,1.0973986910273832e-05,0.0012844774409768588,0.0012954514278871326,1
2023-03-24T17:58:55Z,2023-03-24T17:59:00Z,1.5767209557086175e-05,0.001273225843399262,0.001288993052956348,1
2023-03-24T17:58:55Z,2023-03-24T17:59:00Z,9.23033231488941e-06,0.0012752471086619694,0.0012844774409768588,1
2023-03-24T17:58:55Z,2023-03-24T17:59:00Z,7.371932653130447e-07,0.001273963036664575,0.001273225843399262,1
2023-03-24T17:58:55Z,2023-03-24T17:59:00Z,2.9828474542516366e-06,0.0012722642612077177,0.0012752471086619694,1
2023-03-24T17:58:55Z,2023-03-24T17:59:00Z,5.934041152201195e-06,0.0012680289955123737,0.001273963036664575,1
2023-03-24T17:58:55Z,2023-03-24T17:59:00Z,1.396520359842144e-05,0.0012582990576092963,0.0012722642612077177,1
2023-03-24T17:58:55Z,2023-03-24T17:59:00Z,1.2744541675664038e-05,0.0012552844538367097,0.0012680289955123737,1
2023-03-24T17:58:55Z,2023-03-24T17:59:00Z,4.776907299570065e-06,0.0012535221503097262,0.0012582990576092963,1
2023-03-24T17:58:55Z,2023-03-24T17:59:00Z,8.84298798366906e-06,0.0012464414658530406,0.0012552844538367097,1
2023-03-24T17:58:55Z,2023-03-24T17:59:00Z,8.947012638072481e-06,0.0012445751376716537,0.0012535221503097262,1
2023-03-24T17:58:55Z,2023-03-24T17:59:00Z,3.5979682132117937e-06,0.0012428434976398289,0.0012464414658530406,1
2023-03-24T17:58:55Z,2023-03-24T17:59:00Z,1.7519280229773976e-06,0.0012463270656946311,0.0012445751376716537,1
2023-03-24T17:58:55Z,2023-03-24T17:59:00Z,8.61962210517756e-06,0.0012514631197450064,0.0012428434976398289,1
2023-03-24T17:58:55Z,2023-03-24T17:59:00Z,6.6592726357952384e-06,0.0012529863383304264,0.0012463270656946311,1
2023-03-24T17:58:55Z,2023-03-24T17:59:00Z,6.588622380533909e-06,0.0012448744973644725,0.0012514631197450064,1
2023-03-24T17:58:55Z,2023-03-24T17:59:00Z,5.131043202779044e-06,0.0012581173815332054,0.0012529863383304264,1
2023-03-24T17:58:55Z,2023-03-24T17:59:00Z,5.106000322882944e-06,0.0012499804976873554,0.0012448744973644725,1
2023-03-24T17:58:55Z,2023-03-24T17:59:00Z,1.018862198107662e-05,0.0012479287595521288,0.0012581173815332054,1
2023-03-24T17:58:55Z,2023-03-24T17:59:00Z,1.1995738287415899e-05,0.0012379847593999395,0.0012499804976873554,1
2023-03-24T17:58:55Z,2023-03-24T17:59:00Z,1.9915192069911315e-05,0.0012280135674822175,0.0012479287595521288,1
2023-03-24T17:58:55Z,2023-03-24T17:59:00Z,8.164691976015291e-06,0.0012298200674239243,0.0012379847593999395,1
2023-03-24T17:58:55Z,2023-03-24T17:59:00Z,1.2675721095769437e-05,0.001215337846386448,0.0012280135674822175,1
2023-03-24T17:58:55Z,2023-03-24T17:59:00Z,2.0264726922545684e-05,0.0012095553405013786,0.0012298200674239243,1
2023-03-24T17:58:55Z,2023-03-24T17:59:00Z,6.405609736735186e-06,0.0012089322366497129,0.001215337846386448,1
2023-03-24T17:58:55Z,2023-03-24T17:59:00Z,8.855445427144708e-07,0.001208669795958664,0.0012095553405013786,1
2023-03-24T17:58:55Z,2023-03-24T17:59:00Z,5.470256782529742e-07,0.0012094792623279658,0.0012089322366497129,1
2023-03-24T17:58:55Z,2023-03-24T17:59:00Z,6.153846569221253e-06,0.0012025159493894429,0.001208669795958664,1
2023-03-24T17:58:55Z,2023-03-24T17:59:00Z,1.882442374666598e-05,0.0011906548385812999,0.0012094792623279658,1
2023-03-24T17:58:55Z,2023-03-24T17:59:00Z,1.855233499819999e-05,0.0011839636143912429,0.0012025159493894429,1
2023-03-24T17:58:55Z,2023-03-24T17:59:00Z,1.01568020660389e-05,0.001180498036515261,0.0011906548385812999,1
2023-03-24T17:58:55Z,2023-03-24T17:59:00Z,4.241550303715237e-07,0.0011835394593608713,0.0011839636143912429,1
2023-03-24T17:58:55Z,2023-03-24T17:59:00Z,1.0756725783932306e-05,0.0011697413107313287,0.001180498036515261,1
2023-03-24T17:58:55Z,2023-03-24T17:59:00Z,2.0079545143207155e-05,0.0011634599142176642,0.0011835394593608713,1
2023-03-24T17:58:55Z,2023-03-24T17:59:00Z,2.2120737353142992e-05,0.0011476205733781857,0.0011697413107313287,1
2023-03-24T17:58:55Z,2023-03-24T17:59:00Z,2.8955186803457465e-05,0.0011345047274142067,0.0011634599142176642,1
2023-03-24T17:58:55Z,2023-03-24T17:59:00Z,2.264401434449873e-05,0.001124976559033687,0.0011476205733781857,1
2023-03-24T17:58:55Z,2023-03-24T17:59:00Z,2.4546304335557045e-05,0.0011099584230786497,0.0011345047274142067,1
2023-03-24T17:58:55Z,2023-03-24T17:59:00Z,5.099892219175418e-05,0.0010739776368419328,0.001124976559033687,1
2023-03-24T17:58:55Z,2023-03-24T17:59:00Z,7.496684117302673e-05,0.001034991581905623,0.0011099584230786497,1
2023-03-24T17:58:55Z,2023-03-24T17:59:00Z,7.033444623686844e-05,0.0010036431906050643,0.0010739776368419328,1
2023-03-24T17:58:55Z,2023-03-24T17:59:00Z,5.7934982773475384e-05,0.0009770565991321476,0.001034991581905623,1
2023-03-24T17:58:55Z,2023-03-24T17:59:00Z,5.912706293690869e-05,0.0009445161276681556,0.0010036431906050643,1
2023-03-24T17:58:55Z,2023-03-24T17:59:00Z,5.3339199928040064e-05,0.0009237173992041075,0.0009770565991321476,1
2023-03-24T17:58:55Z,2023-03-24T17:59:00Z,1.509010133612953e-05,0.0009294260263320261,0.0009445161276681556,1
2023-03-24T17:58:55Z,2023-03-24T17:59:00Z,1.2431527274722395e-05,0.0009361489264788299,0.0009237173992041075,1
2023-03-24T17:58:55Z,2023-03-24T17:59:00Z,1.4859272332139032e-05,0.0009442852986641651,0.0009294260263320261,1
2023-03-24T17:58:55Z,2023-03-24T17:59:00Z,1.9078091559479463e-05,0.0009552270180383094,0.0009361489264788299,1
2023-03-24T17:58:55Z,2023-03-24T17:59:00Z,1.60319653895797e-05,0.0009603172640537448,0.0009442852986641651,1
2023-03-24T17:58:55Z,2023-03-24T17:59:00Z,1.3738329714870108e-05,0.0009689653477531795,0.0009552270180383094,1
2023-03-24T17:58:55Z,2023-03-24T17:59:00Z,1.9584070538290928e-05,0.0009799013345920358,0.0009603172640537448,0
2023-03-24T17:58:55Z,2023-03-24T17:59:00Z,2.6308581002249735e-05,0.0009952739287554292,0.0009689653477531795,0
2023-03-24T17:58:55Z,2023-03-24T17:59:00Z,2.3459430315913524e-05,0.0010033607649079493,0.0009799013345920358,0
2023-03-24T17:58:55Z,2023-03-24T17:59:00Z,2.1712445017558514e-05,0.0010169863737729877,0.0009952739287554292,0
2023-03-24T17:58:55Z,2023-03-24T17:59:00Z,3.05379876631305e-05,0.0010338987525710798,0.0010033607649079493,0
2023-03-24T17:58:55Z,2023-03-24T17:59:00Z,3.328073614983825e-05,0.001050267109922826,0.0010169863737729877,0
2023-03-24T17:58:55Z,2023-03-24T17:59:00Z,2.1837065993000372e-05,0.0010557358185640802,0.0010338987525710798,0
2023-03-24T17:58:55Z,2023-03-24T17:59:00Z,2.1930619223453195e-05,0.0010721977291462792,0.001050267109922826,0
2023-03-24T17:58:55Z,2023-03-24T17:59:00Z,3.497158760669525e-05,0.0010907074061707754,0.0010557358185640802,0
2023-03-24T17:58:55Z,2023-03-24T17:59:00Z,3.391237650300508e-05,0.0011061101056492842,0.0010721977291462792,0
2023-03-24T17:58:55Z,2023-03-24T17:59:00Z,3.400752075988331e-05,0.0011247149269306587,0.0010907074061707754,0
2023-03-24T17:58:55Z,2023-03-24T17:59:00Z,2.973214001448306e-05,0.0011358422456637673,0.0011061101056492842,0
2023-03-24T17:58:55Z,2023-03-24T17:59:00Z,2.6038941889391497e-05,0.0011507538688200502,0.0011247149269306587,0
2023-03-24T17:58:55Z,2023-03-24T17:59:00Z,3.638906388811502e-05,0.0011722313095518823,0.0011358422456637673,0
2023-03-24T17:58:55Z,2023-03-24T17:59:00Z,3.783411967462854e-05,0.0011885879884946788,0.0011507538688200502,0
2023-03-24T17:58:55Z,2023-03-24T17:59:00Z,3.2665483808009144e-05,0.0012048967933598915,0.0011722313095518823,0
2023-03-24T17:58:55Z,2023-03-24T17:59:00Z,3.427091538062751e-05,0.0012228589038753063,0.0011885879884946788,0
2023-03-24T17:58:55Z,2023-03-24T17:59:00Z,2.8452776516382653e-05,0.0012333495698762741,0.0012048967933598915,0
2023-03-24T17:58:55Z,2023-03-24T17:59:00Z,2.511108480736748e-05,0.0012479699886826737,0.0012228589038753063,0
2023-03-24T17:58:55Z,2023-03-24T17:59:00Z,2.5179822712149014e-05,0.0012585293925884231,0.0012333495698762741,0
2023-03-24T17:58:55Z,2023-03-24T17:59:00Z,2.7491614121916228e-05,0.00127546160280459,0.0012479699886826737,0
2023-03-24T17:58:55Z,2023-03-24T17:59:00Z,2.4433447108099596e-05,0.0012829628396965227,0.0012585293925884231,0
2023-03-24T17:58:55Z,2023-03-24T17:59:00Z,1.702933649286439e-05,0.0012924909392974544,0.00127546160280459,0
2023-03-24T17:58:55Z,2023-03-24T17:59:00Z,1.4622539777268398e-05,0.0012975853794737911,0.0012829628396965227,0
2023-03-24T17:58:55Z,2023-03-24T17:59:00Z,1.860764034463877e-05,0.0013110985796420931,0.0012924909392974544,0
2023-03-24T17:58:55Z,2023-03-24T17:59:00Z,7.161990308876456e-06,0.0013047473697826676,0.0012975853794737911,0
2023-03-24T17:58:55Z,2023-03-24T17:59:00Z,2.3858899913415353e-05,0.0012872396797286778,0.0013110985796420931,0
2023-03-24T17:58:55Z,2023-03-24T17:59:00Z,3.913316267403766e-05,0.00126561420710863,0.0013047473697826676,0
2023-03-24T17:58:55Z,2023-03-24T17:59:00Z,4.823869250959235e-05,0.0012390009872190854,0.0012872396797286778,0
2023-03-24T17:58:55Z,2023-03-24T17:59:00Z,5.0013841797100136e-05,0.0012156003653115298,0.00126561420710863,0
2023-03-24T17:58:55Z,2023-03-24T17:59:00Z,2.2932664654085923e-05,0.0012160683225649995,0.0012390009872190854,0
2023-03-24T17:58:55Z,2023-03-24T17:59:00Z,5.148296867531384e-06,0.0012104520684439984,0.0012156003653115298,0
2023-03-24T17:58:55Z,2023-03-24T17:59:00Z,1.012401811420309e-05,0.0012059443044507964,0.0012160683225649995,0
2023-03-24T17:58:55Z,2023-03-24T17:59:00Z,3.4777738110447487e-06,0.0012069742946329536,0.0012104520684439984,0
2023-03-24T17:58:55Z,2023-03-24T17:59:00Z,7.987993259879825e-07,0.0012067431037767844,0.0012059443044507964,0
2023-03-24T17:58:55Z,2023-03-24T17:59:00Z,3.674402620141605e-07,0.0012066068543709395,0.0012069742946329536,0
2023-03-24T17:58:55Z,2023-03-24T17:59:00Z,1.534818742923369e-07,0.0012068965856510767,0.0012067431037767844,0
2023-03-24T17:58:55Z,2023-03-24T17:59:00Z,9.717613680317733e-07,0.0012056350930029077,0.0012066068543709395,0
2023-03-24T17:58:55Z,2023-03-24T17:59:00Z,1.5470002369230747e-06,0.0012053495854141537,0.0012068965856510767,0
2023-03-24T17:58:55Z,2023-03-24T17:59:00Z,1.8498003618535631e-06,0.0012037852926410542,0.0012056350930029077,0
2023-03-24T17:58:55Z,2023-03-24T17:59:00Z,1.9571261374875214e-06,0.0012033924592766661,0.0012053495854141537,0
2023-03-24T17:58:55Z,2023-03-24T17:59:00Z,6.591278064003916e-06,0.0011971940145770502,0.0012037852926410542,0
2023-03-24T17:58:55Z,2023-03-24T17:59:00Z,2.3780276183875404e-06,0.0012010144316582786,0.0012033924592766661,0
2023-03-24T17:58:55Z,2023-03-24T17:59:00Z,8.910029600620126e-06,0.0012061040441776704,0.0011971940145770502,0
2023-03-24T17:58:55Z,2023-03-24T17:59:00Z,1.1350466148725988e-05,0.0012123648978070046,0.0012010144316582786,0
2023-03-24T17:58:55Z,2023-03-24T17:59:00Z,1.443582263267718e-05,0.0012205398668103475,0.0012061040441776704,0
2023-03-24T17:58:55Z,2023-03-24T17:59:00Z,1.1823273672446682e-05,0.0012241881714794513,0.0012123648978070046,0
2023-03-24T17:58:55Z,2023-03-24T17:59:00Z,5.4015329105777925e-06,0.0012259413997209253,0.0012205398668103475,0
2023-03-24T17:58:55Z,2023-03-24T17:59:00Z,2.003986928275853e-06,0.0012261921584077271,0.0012241881714794513,0
2023-03-24T17:58:55Z,2023-03-24T17:59:00Z,3.932179114884277e-06,0.0012298735788358096,0.0012259413997209253,0
2023-03-24T17:58:55Z,2023-03-24T17:59:00Z,1.9101904603845057e-05,0.0012452940630115722,0.0012261921584077271,0
2023-03-24T17:58:55Z,2023-03-24T17:59:00Z,1.840112145698198e-05,0.0012482747002927916,0.0012298735788358096,0
2023-03-24T17:58:55Z,2023-03-24T17:59:00Z,1.4006893128098823e-06,0.001246694752324382,0.0012452940630115722,0
2023-03-24T17:58:55Z,2023-03-24T17:59:00Z,3.6692900067299833e-06,0.0012519439902995216,0.0012482747002927916,0
2023-03-24T17:58:55Z,2023-03-24T17:59:00Z,9.14471071941517e-07,0.0012457802812524405,0.001246694752324382,0
2023-03-24T17:58:55Z,2023-03-24T17:59:00Z,4.3879928059665715e-06,0.0012563319831054881,0.0012519439902995216,0
2023-03-24T17:58:55Z,2023-03-24T17:59:00Z,5.389970497134654e-06,0.0012511702517495752,0.0012457802812524405,0
2023-03-24T17:58:55Z,2023-03-24T17:59:00Z,4.923373590785688e-06,0.0012612553566962738,0.0012563319831054881,0
2023-03-24T17:58:55Z,2023-03-24T17:59:00Z,1.8162811587381453e-05,0.0012693330633369566,0.0012511702517495752,0
2023-03-24T17:58:55Z,2023-03-24T17:59:00Z,1.4371750352895271e-05,0.001275627107049169,0.0012612553566962738,0
2023-03-24T17:58:55Z,2023-03-24T17:59:00Z,8.782675395810173e-06,0.0012781157387327668,0.0012693330633369566,0
2023-03-24T17:58:55Z,2023-03-24T17:59:00Z,3.0245681815208383e-06,0.00127865167523069,0.001275627107049169,0
2023-03-24T17:58:55Z,2023-03-24T17:59:00Z,1.282352019736947e-06,0.0012793980907525038,0.0012781157387327668,0
2023-03-24T17:58:55Z,2023-03-24T17:59:00Z,5.418618287832914e-06,0.0012840702935185229,0.00127865167523069,0
2023-03-24T17:58:55Z,2023-03-24T17:59:00Z,1.0973808823941476e-05,0.0012903718995764452,0.0012793980907525038,0
2023-03-24T17:58:55Z,2023-03-24T17:59:00Z,1.1825263196745461e-05,0.0012958955567152683,0.0012840702935185229,0
2023-03-24T17:58:55Z,2023-03-24T17:59:00Z,1.939488101874087e-06,0.0012923113876783193,0.0012903718995764452,0
2023-03-24T17:58:55Z,2023-03-24T17:59:00Z,1.775380050455166e-06,0.0012976709367657235,0.0012958955567152683,0
2023-03-24T17:58:55Z,2023-03-24T17:59:00Z,1.4807796227653616e-05,0.001307119183905973,0.0012923113876783193,0
2023-03-24T17:58:55Z,2023-03-24T17:59:00Z,1.0493313449381342e-05,0.0013081642502151048,0.0012976709367657235,0
2023-03-24T17:58:55Z,2023-03-24T17:59:00Z,2.48916827184204e-06,0.001309608352177815,0.001307119183905973,0
2023-03-24T17:58:55Z,2023-03-24T17:59:00Z,3.2515649760363457e-06,0.0013114158151911412,0.0013081642502151048,0
2023-03-24T17:58:55Z,2023-03-24T17:59:00Z,1.1553329255661014e-06,0.001310763685103381,0.001309608352177815,0
2023-03-24T17:58:55Z,2023-03-24T17:59:00Z,7.964819532584435e-06,0.0013193806347237256,0.0013114158151911412,0
2023-03-24T17:58:55Z,2023-03-24T17:59:00Z,3.017253500066765e-06,0.0013137809386034479,0.001310763685103381,0
2023-03-24T17:58:55Z,2023-03-24T17:59:00Z,6.5137779773905e-06,0.001312866856746335,0.0013193806347237256,0
2023-03-24T17:58:55Z,2023-03-24T17:59:00Z,3.9250042909804404e-06,0.0013098559343124674,0.0013137809386034479,0
2023-03-24T17:58:55Z,2023-03-24T17:59:00Z,6.051999672124567e-06,0.0013189188564184597,0.001312866856746335,0
2023-03-24T17:58:55Z,2023-03-24T17:59:00Z,3.515796323187454e-06,0.0013133717306356549,0.0013098559343124674,0
2023-03-24T17:58:55Z,2023-03-24T17:59:00Z,3.6280378345066727e-07,0.001318556052635009,0.0013189188564184597,0
2023-03-24T17:58:55Z,2023-03-24T17:59:00Z,4.279295331692523e-06,0.0013176510259673474,0.0013133717306356549,0
2023-03-24T17:58:55Z,2023-03-24T17:59:00Z,3.006585223320384e-06,0.0013155494674116886,0.001318556052635009,0
2023-03-24T17:58:55Z,2023-03-24T17:59:00Z,6.133157648824947e-06,0.0013115178683185224,0.0013176510259673474,0
2023-03-24T17:58:55Z,2023-03-24T17:59:00Z,9.830579800701325e-06,0.00132538004721239,0.0013155494674116886,0
2023-03-24T17:58:55Z,2023-03-24T17:59:00Z,1.6392597879971065e-05,0.0013279104661984935,0.0013115178683185224,0
2023-03-24T17:58:55Z,2023-03-24T17:59:00Z,1.1031877147661033e-05,0.001336411924360051,0.00132538004721239,0
2023-03-24T17:58:55Z,2023-03-24T17:59:00Z,1.084415817911139e-05,0.001338754624377605,0.0013279104661984935,0
2023-03-24T17:58:55Z,2023-03-24T17:59:00Z,3.869426474747105e-06,0.001340281350834798,0.001336411924360051,0
2023-03-24T17:58:55Z,2023-03-24T17:59:00Z,6.0155260270429445e-06,0.001332739098350562,0.001338754624377605,0
2023-03-24T17:58:55Z,2023-03-24T17:59:00Z,1.284548071220663e-05,0.0013274358701225915,0.001340281350834798,0
2023-03-24T17:58:55Z,2023-03-24T17:59:00Z,3.7677017986448118e-06,0.0013289713965519171,0.001332739098350562,0
2023-03-24T17:58:55Z,2023-03-24T17:59:00Z,3.295568694181754e-06,0.0013241403014284097,0.0013274358701225915,0
2023-03-24T17:58:55Z,2023-03-24T17:59:00Z,8.406580612700578e-06,0.0013205648159392166,0.0013289713965519171,0
2023-03-24T17:58:55Z,2023-03-24T17:59:00Z,7.410081962858604e-06,0.001316730219465551,0.0013241403014284097,0
2023-03-24T17:58:55Z,2023-03-24T17:59:00Z,9.414289859608228e-06,0.0013111505260796083,0.0013205648159392166,0
2023-03-24T17:58:55Z,2023-03-24T17:59:00Z,9.752124504992712e-06,0.0013069780949605584,0.001316730219465551,0
2023-03-24T17:58:55Z,2023-03-24T17:59:00Z,1.3380661839548346e-06,0.0013098124598956535,0.0013111505260796083,0
2023-03-24T17:58:55Z,2023-03-24T17:59:00Z,3.115977304907723e-07,0.0013066664972300676,0.0013069780949605584,0
2023-03-24T17:58:55Z,2023-03-24T17:59:00Z,1.0536732162630662e-05,0.0012992757277330228,0.0013098124598956535,0
2023-03-24T17:58:55Z,2023-03-24T17:59:00Z,7.1460028113485684e-06,0.001299520494418719,0.0013066664972300676,0
2023-03-24T17:58:55Z,2023-03-24T17:59:00Z,1.3348294359942503e-07,0.0012994092106766223,0.0012992757277330228,0
2023-03-24T17:58:55Z,2023-03-24T17:59:00Z,1.696641189348827e-06,0.0012978238532293702,0.001299520494418719,0
2023-03-24T17:58:55Z,2023-03-24T17:59:00Z,4.332201101973302e-06,0.001295077009574649,0.0012994092106766223,0
2023-03-24T17:58:55Z,2023-03-24T17:59:00Z,6.893590470547894e-07,0.001298513212276425,0.0012978238532293702,0
2023-03-24T17:58:55Z,2023-03-24T17:59:00Z,5.623058441210811e-06,0.0012894539511334382,0.001295077009574649,0
2023-03-24T17:58:55Z,2023-03-24T17:59:00Z,1.4569549770596102e-05,0.001283943662505829,0.001298513212276425,0
2023-03-24T17:58:55Z,2023-03-24T17:59:00Z,8.388742270630392e-06,0.0012810652088628078,0.0012894539511334382,0
2023-03-24T17:58:55Z,2023-03-24T17:59:00Z,3.939806174262225e-06,0.0012800038563315667,0.001283943662505829,0
2023-03-24T17:58:55Z,2023-03-24T17:59:00Z,6.057489170525985e-07,0.0012816709577798604,0.0012810652088628078,0
2023-03-24T17:58:55Z,2023-03-24T17:59:00Z,6.373828489975898e-06,0.0012863776848215426,0.0012800038563315667,0
2023-03-24T17:58:55Z,2023-03-24T17:59:00Z,9.426811726621779e-06,0.0012910977695064821,0.0012816709577798604,0
2023-03-24T17:58:55Z,2023-03-24T17:59:00Z,8.706287994689112e-07,0.0012872483136210115,0.0012863776848215426,0
2023-03-24T17:58:55Z,2023-03-24T17:59:00Z,1.0719251872739425e-05,0.0012803785176337427,0.0012910977695064821,0
2023-03-24T17:58:55Z,2023-03-24T17:59:00Z,6.5680116176618925e-06,0.0012806803020033496,0.0012872483136210115,0
2023-03-24T17:58:55Z,2023-03-24T17:59:00Z,3.328629377114152e-06,0.0012837071470108569,0.0012803785176337427,0
2023-03-24T17:58:55Z,2023-03-24T17:59:00Z,1.093706648390598e-06,0.001279586595354959,0.0012806803020033496,0
2023-03-24T17:58:55Z,2023-03-24T17:59:00Z,2.1316712842057908e-06,0.001281575475726651,0.0012837071470108569,0
2023-03-24T17:58:55Z,2023-03-24T17:59:00Z,5.07509862624129e-06,0.0012745114967287177,0.001279586595354959,0
2023-03-24T17:58:55Z,2023-03-24T17:59:00Z,1.1410558995048276e-05,0.0012701649167316028,0.001281575475726651,0
2023-03-24T17:58:55Z,2023-03-24T17:59:00Z,1.5223417075024013e-05,0.0012592880796536937,0.0012745114967287177,0
2023-03-24T17:58:55Z,2023-03-24T17:59:00Z,1.446964603825764e-05,0.0012556952706933452,0.0012701649167316028,0
2023-03-24T17:58:55Z,2023-03-24T17:59:00Z,8.956949347136561e-06,0.0012503311303065571,0.0012592880796536937,0
2023-03-24T17:58:55Z,2023-03-24T17:59:00Z,1.476857733603734e-05,0.0012409266933573078,0.0012556952706933452,0
2023-03-24T17:58:55Z,2023-03-24T17:59:00Z,3.7515013464343907e-06,0.0012465796289601227,0.0012503311303065571,0
2023-03-24T17:58:55Z,2023-03-24T17:59:00Z,2.004296477095156e-06,0.001242930989834403,0.0012409266933573078,0
2023-03-24T17:58:55Z,2023-03-24T17:59:00Z,5.740761405697778e-06,0.0012523203903658205,0.0012465796289601227,0
2023-03-24T17:58:55Z,2023-03-24T17:59:00Z,1.667097505464823e-05,0.0012596019648890512,0.001242930989834403,0
2023-03-24T17:58:55Z,2023-03-24T17:59:00Z,8.49428051861393e-06,0.0012608146708844345,0.0012523203903658205,0
2023-03-24T17:58:55Z,2023-03-24T17:59:00Z,2.412336871348772e-06,0.0012571896280177024,0.0012596019648890512,0
2023-03-24T17:58:55Z,2023-03-24T17:59:00Z,2.314464610977951e-06,0.0012631291354954124,0.0012608146708844345,0
2023-03-24T17:58:55Z,2023-03-24T17:59:00Z,6.753235765114213e-06,0.0012639428637828166,0.0012571896280177024,0
2023-03-24T17:58:55Z,2023-03-24T17:59:00Z,3.306841622926094e-06,0.0012664359771183385,0.0012631291354954124,0
2023-03-24T17:58:55Z,2023-03-24T17:59:00Z,8.316174354581736e-06,0.0012722590381373984,0.0012639428637828166,0
2023-03-24T17:58:55Z,2023-03-24T17:59:00Z,1.1807495923066898e-05,0.0012782434730414054,0.0012664359771183385,0
2023-03-24T17:58:55Z,2023-03-24T17:59:00Z,1.4740483974099577e-05,0.001286999522111498,0.0012722590381373984,0
2023-03-24T17:58:55Z,2023-03-24T17:59:00Z,8.83048354586853e-06,0.001287073956587274,0.0012782434730414054,0
2023-03-24T17:58:55Z,2023-03-24T17:59:00Z,5.940740137575645e-06,0.0012810587819739223,0.001286999522111498,0
2023-03-24T17:58:55Z,2023-03-24T17:59:00Z,4.160693357025888e-07,0.0012866578872515713,0.001287073956587274,0
2023-03-24T17:58:55Z,2023-03-24T17:59:00Z,1.6642286974682605e-06,0.001279394553276454,0.0012810587819739223,0
2023-03-24T17:58:55Z,2023-03-24T17:59:00Z,1.170058510445264e-05,0.0012749573021471187,0.0012866578872515713,0
2023-03-24T17:58:55Z,2023-03-24T17:59:00Z,2.0168989885347398e-06,0.0012814114522649888,0.001279394553276454,0
2023-03-24T17:58:55Z,2023-03-24T17:59:00Z,1.0632513162762286e-05,0.001285589815309881,0.0012749573021471187,0
2023-03-24T17:58:55Z,2023-03-24T17:59:00Z,4.036724464590762e-06,0.0012854481767295796,0.0012814114522649888,0
2023-03-24T17:58:55Z,2023-03-24T17:59:00Z,8.44212392336419e-07,0.0012847456029175446,0.001285589815309881,0
2023-03-24T17:58:55Z,2023-03-24T17:59:00Z,4.205031266904394e-06,0.0012812431454626752,0.0012854481767295796,0
2023-03-24T17:58:55Z,2023-03-24T17:59:00Z,2.3927101711663807e-06,0.0012823528927463782,0.0012847456029175446,0
2023-03-24T17:58:55Z,2023-03-24T17:59:00Z,4.594581864766998e-06,0.0012858377273274422,0.0012812431454626752,0
2023-03-24T17:58:55Z,2023-03-24T17:59:00Z,4.6519536437599276e-08,0.0012823994122828158,0.0012823528927463782,0
2023-03-24T17:58:55Z,2023-03-24T17:59:00Z,9.746595403907748e-07,0.0012848630677870514,0.0012858377273274422,0
2023-03-24T17:58:55Z,2023-03-24T17:59:00Z,8.64299348558948e-06,0.0012910424057684053,0.0012823994122828158,0
2023-03-24T17:58:55Z,2023-03-24T17:59:00Z,3.19887942227203e-06,0.0012816641883647794,0.0012848630677870514,0
2023-03-24T17:58:55Z,2023-03-24T17:59:00Z,9.351450120967516e-06,0.0012816909556474377,0.0012910424057684053,0
2023-03-24T17:58:55Z,2023-03-24T17:59:00Z,1.2693291004411576e-05,0.001294357479369191,0.0012816641883647794,0
2023-03-24T17:58:55Z,2023-03-24T17:59:00Z,1.916251398592422e-05,0.001300853469633362,0.0012816909556474377,0
2023-03-24T17:58:55Z,2023-03-24T17:59:00Z,6.5990759673831365e-06,0.001300956555336574,0.001294357479369191,0
2023-03-24T17:58:55Z,2023-03-24T17:59:00Z,7.3219992982851995e-06,0.0013081754689316472,0.001300853469633362,0